tuw_multi_robot_msgs::RobotGoalsArray @1970-01-01T00:55:33.900000
frame_id: map
        3333,    900000000
robot_84
   -38.04456,     6.651292,            0,            0,            0,    0.8085659,    0.5884057
robot_116
    12.02965,     29.99721,            0,            0,            0,    0.6587115,    0.7523956
robot_74
   -14.03754,    -39.15866,            0,            0,            0,     0.319751,    0.9475016
robot_41
    25.96055,     -1.20738,            0,            0,            0,   -0.6770195,    0.7359651
robot_125
    22.05353,    -9.861247,            0,            0,            0,    0.5105564,    0.8598443
robot_136
    17.94991,     13.53217,            0,            0,            0,    0.8857476,    0.4641672
robot_173
   -34.38586,    -14.01205,            0,            0,            0,   -0.8327294,    0.5536802
robot_67
   -14.28025,    -25.92838,            0,            0,            0,   -0.4540742,    0.8909639
robot_197
   -18.07152,     12.55626,            0,            0,            0,   -0.9626608,    0.2707104
robot_119
    26.09569,      9.91413,            0,            0,            0,   -0.1125343,    0.9936478
robot_82
    37.94579,    -33.76602,            0,            0,            0,   -0.9812498,    0.1927405
robot_77
    29.95226,     7.575109,            0,            0,            0,    0.9976918,   0.06790554
robot_5
   -34.89256,    -29.98661,            0,            0,            0,   -0.9961428,   0.08774691
robot_133
   -6.067091,     19.45583,            0,            0,            0,   -0.9756181,    0.2194751
robot_99
   -2.339955,    -25.93246,            0,            0,            0,   0.03423417,    0.9994138
robot_171
   -33.66998,     22.04968,            0,            0,            0,   -0.4503683,    0.8928429
robot_180
    30.06435,     -38.2054,            0,            0,            0,    0.1946233,    0.9808781
robot_56
   -21.20325,    -37.99993,            0,            0,            0,    0.9895962,     0.143873
robot_3
   -8.292409,     1.978139,            0,            0,            0,    0.6473486,    0.7621941
robot_81
    21.90439,     25.64594,            0,            0,            0,    0.9265368,    0.3762041
robot_167
    39.04309,    -22.01281,            0,            0,            0,    0.5789846,    0.8153385
robot_25
    10.02361,    -17.95589,            0,            0,            0,   -0.1497832,    0.9887189
robot_168
   -32.84302,    -6.005586,            0,            0,            0,    0.7883533,    0.6152228
robot_96
   -9.901329,     14.04274,            0,            0,            0,   -0.2388015,    0.9710684
robot_166
     13.9783,     -30.3203,            0,            0,            0,   -0.8164611,    0.5774004
robot_102
   -6.511992,     13.97272,            0,            0,            0,    0.6359417,    0.7717371
robot_192
    -6.07149,    -13.48901,            0,            0,            0,    0.9997083,   0.02415163
robot_179
   -18.04272,    -24.11866,            0,            0,            0, -0.003701031,    0.9999932
robot_142
   -38.05405,    -33.24454,            0,            0,            0,   -0.9297138,    0.3682828
robot_1
     1.92461,    -8.612014,            0,            0,            0,    0.9635212,    0.2676321
robot_44
     5.90461,     22.65345,            0,            0,            0,    -0.113176,     0.993575
robot_163
   -25.79003,     13.91849,            0,            0,            0,    0.2275741,    0.9737608
robot_79
    29.91884,     37.12542,            0,            0,            0,    0.7116811,    0.7025027
robot_8
   -29.32418,    -1.968962,            0,            0,            0,    0.5541267,    0.8324323
robot_20
    14.03107,     25.98147,            0,            0,            0,    0.7952393,    0.6062956
robot_143
     21.9541,    -7.610358,            0,            0,            0,    0.9474501,    0.3199035
robot_138
    25.93618,     2.845029,            0,            0,            0,   -0.4107124,     0.911765
robot_123
    35.13925,    -5.979073,            0,            0,            0,    0.6773775,    0.7356356
robot_193
    1.847743,    -26.06012,            0,            0,            0,    0.9490687,    0.3150692
robot_187
    18.79793,      2.00896,            0,            0,            0,    -0.121095,    0.9926409
robot_176
    25.85037,     17.71211,            0,            0,            0,    -0.422529,    0.9063494
robot_66
    33.84923,     5.671152,            0,            0,            0,    -0.874418,    0.4851733
robot_63
   -29.90094,     29.84862,            0,            0,            0,   -0.2815829,    0.9595369
robot_31
    -15.2926,    -10.01716,            0,            0,            0,   -0.8448574,    0.5349915
robot_159
   -26.08615,     3.402788,            0,            0,            0,   0.08804617,    0.9961164
robot_160
    18.04356,     34.05633,            0,            0,            0,   -0.2010835,    0.9795741
robot_151
   -25.84229,    -37.86207,            0,            0,            0,     0.984945,    0.1728679
robot_150
    7.391895,     13.97705,            0,            0,            0,    0.5936404,    0.8047305
robot_137
    10.00651,    -22.18866,            0,            0,            0,    0.7893456,    0.6139492
robot_199
   -26.09473,     24.36291,            0,            0,            0,    0.1836605,    0.9829897
robot_54
    22.71994,    -17.98789,            0,            0,            0,   -0.8926935,    0.4506644
robot_117
   -6.265824,     22.05919,            0,            0,            0,    0.9980871,   0.06182427
robot_36
    -26.1459,    -2.233834,            0,            0,            0,    0.6523297,    0.7579353
robot_33
   -34.18328,     26.23088,            0,            0,            0,   -0.6580845,    0.7529441
robot_146
   -2.085084,     24.18266,            0,            0,            0,   -0.4895465,    0.8719772
robot_156
   -38.19286,    -13.90864,            0,            0,            0,    0.5106511,     0.859788
robot_112
    18.70256,    -10.00786,            0,            0,            0,   -0.5487457,    0.8359893
robot_19
    29.72949,    -13.87603,            0,            0,            0,    0.2715348,    0.9624286
robot_141
    1.530818,    -17.99527,            0,            0,            0,    0.7617329,    0.6478912
robot_35
    25.71415,    -37.89304,            0,            0,            0,   -0.9994556,    0.0329935
robot_184
    25.90172,     5.319997,            0,            0,            0,    0.5927222,     0.805407
robot_98
    10.00315,     38.00776,            0,            0,            0,   -0.7998747,     0.600167
robot_100
    21.93952,    -15.30106,            0,            0,            0,    0.7974674,    0.6033621
robot_164
   -36.95932,     29.97543,            0,            0,            0,  -0.05059519,    0.9987192
robot_59
    33.93106,     -16.9403,            0,            0,            0,   -0.9517881,    0.3067562
robot_144
   -37.79986,    -22.09815,            0,            0,            0,   -0.7597275,    0.6502416
robot_101
   -8.940832,     37.96807,            0,            0,            0,   0.09987595,    0.9949999
robot_161
    -37.9714,     -30.0893,            0,            0,            0,   -0.8764429,    0.4815059
robot_149
      33.952,    -24.28218,            0,            0,            0,   -0.3125954,    0.9498864
robot_86
    17.90564,    -32.17822,            0,            0,            0,    -0.572725,    0.8197476
