tuw_multi_robot_msgs::RobotGoalsArray @1970-01-01T01:12:44.700000
frame_id: map
        4364,    700000000
robot_84
   -34.04076,    -4.512648,            0,            0,            0,    -0.974021,    0.2264578
robot_116
    7.315862,     37.97394,            0,            0,            0,    0.5895107,    0.8077606
robot_74
      32.433,     22.02942,            0,            0,            0,    0.4134562,     0.910524
robot_41
    -6.07006,    -32.99513,            0,            0,            0,    0.7544549,    0.6563519
robot_125
     33.5707,     5.962765,            0,            0,            0,   -0.9164222,    0.4002128
robot_136
   -5.797206,     10.03397,            0,            0,            0,    0.9934811,    0.1139967
robot_173
    -9.63813,     33.94921,            0,            0,            0,   -0.9040118,    0.4275075
robot_67
    15.94966,     1.978802,            0,            0,            0,  -0.07285339,    0.9973427
robot_197
      10.359,     -38.0169,            0,            0,            0,    0.9555716,    0.2947591
robot_119
    -23.5774,     37.96744,            0,            0,            0,    0.8920273,    0.4519814
robot_82
   -10.10669,    -29.95392,            0,            0,            0,   -0.6122787,     0.790642
robot_77
    21.95961,    -10.11928,            0,            0,            0,   -0.8757176,    0.4828237
robot_5
   -14.04511,     20.79537,            0,            0,            0,   -0.8352199,    0.5499161
robot_133
   -2.056909,     11.28119,            0,            0,            0,   -0.2841985,    0.9587655
robot_99
   -26.04926,     -11.6583,            0,            0,            0,   -0.1023941,    0.9947439
robot_171
   -27.28521,     38.01133,            0,            0,            0,   -0.5868023,    0.8097303
robot_180
    9.916424,     18.80633,            0,            0,            0,   -0.8551673,    0.5183521
robot_56
    21.96478,     38.82905,            0,            0,            0,  -0.03823648,    0.9992687
robot_3
   -9.884303,    -1.876409,            0,            0,            0,    0.9670826,    0.2544628
robot_81
    29.82852,    -22.00215,            0,            0,            0,    0.6912965,    0.7225712
robot_167
   -6.115338,    -29.68523,            0,            0,            0,   0.01170861,    0.9999315
robot_25
     17.9648,    -23.10177,            0,            0,            0,   -0.7621672,    0.6473802
robot_168
    39.01969,     6.028176,            0,            0,            0,   -0.7350351,    0.6780291
robot_96
    17.91102,     17.97709,            0,            0,            0,   -0.1832438,    0.9830675
robot_166
    5.905404,     -17.9722,            0,            0,            0,     0.920432,    0.3909027
robot_102
   -38.06531,    -28.00877,            0,            0,            0,   -0.1322447,    0.9912171
robot_192
   -21.97977,    -6.293777,            0,            0,            0,    0.8758646,    0.4825569
robot_179
    3.732141,    -14.02211,            0,            0,            0,    0.9136481,    0.4065061
robot_142
   -24.09061,     18.00832,            0,            0,            0,    0.9460238,    0.3240972
robot_1
    10.12352,    -9.970933,            0,            0,            0,   -0.4555525,    0.8902089
robot_44
    9.691304,    -21.97501,            0,            0,            0,   -0.9389643,    0.3440146
robot_163
    17.90449,     30.71423,            0,            0,            0,     -0.35239,    0.9358532
robot_79
    25.81443,     34.01811,            0,            0,            0,  0.003558404,    0.9999937
robot_8
    21.96081,     17.56235,            0,            0,            0,    0.9136322,    0.4065417
robot_20
    30.02264,     18.21592,            0,            0,            0,    0.6391262,    0.7691019
robot_143
   -18.09063,    -4.387151,            0,            0,            0,   -0.9914985,    0.1301177
robot_138
    29.95508,     38.66395,            0,            0,            0,    0.6916828,    0.7222015
robot_123
   -34.01605,     6.060867,            0,            0,            0,   -0.2068669,    0.9783691
robot_193
    9.913922,     5.560662,            0,            0,            0,    0.9875344,    0.1574033
robot_187
   -10.16337,     5.639162,            0,            0,            0,    0.8423461,     0.538937
robot_176
    13.88509,     14.01174,            0,            0,            0,    0.9193175,    0.3935166
robot_66
   -28.59783,     9.999041,            0,            0,            0,   -0.9000031,    0.4358836
robot_63
   -9.931674,    -22.07202,            0,            0,            0,    0.5622122,     0.826993
robot_31
   -34.12598,    -25.77927,            0,            0,            0,   -0.7654385,     0.643509
robot_159
    25.62007,     2.017459,            0,            0,            0,   -0.1953206,    0.9807394
robot_160
   -38.06596,     -30.0186,            0,            0,            0,    0.8758286,    0.4826223
robot_151
    29.98007,    -34.11478,            0,            0,            0,   -0.8566511,    0.5158963
robot_150
    28.08575,    -26.00498,            0,            0,            0,   -0.5148498,    0.8572804
robot_137
   -26.39677,     17.95511,            0,            0,            0,     0.217358,     0.976092
robot_199
    5.921266,     10.65749,            0,            0,            0,   -0.8024867,      0.59667
robot_54
   -1.758785,    -34.00851,            0,            0,            0,   -0.1798145,    0.9837005
robot_117
   -8.612917,    -9.969487,            0,            0,            0,   -0.9994731,   0.03245869
robot_36
    21.45882,    -25.97537,            0,            0,            0,    -0.564877,    0.8251751
robot_33
      5.9007,    -34.46129,            0,            0,            0,    0.4344353,    0.9007031
robot_146
    1.932642,     31.76148,            0,            0,            0,   -0.3138613,    0.9494688
robot_156
   -30.23056,     1.783693,            0,            0,            0,   -0.9163004,    0.4004917
robot_112
    5.976294,    -1.661088,            0,            0,            0,    0.7770811,    0.6294005
robot_19
   -26.05602,      36.0668,            0,            0,            0,   -0.2763896,    0.9610457
robot_141
    21.86235,     -34.2387,            0,            0,            0,    0.4219252,    0.9066306
robot_35
   -14.12871,    -30.26757,            0,            0,            0,   0.07050374,    0.9975115
robot_184
   -1.856101,     6.149941,            0,            0,            0,   -0.5311545,     0.847275
robot_98
    26.01139,     10.31381,            0,            0,            0,    0.7292643,    0.6842321
robot_100
     29.9053,    -37.80109,            0,            0,            0,   -0.9994163,   0.03416104
robot_164
   -30.03839,    -13.52656,            0,            0,            0,    0.7924575,    0.6099271
robot_59
    5.911038,     23.06034,            0,            0,            0,   -0.7993987,    0.6008009
robot_144
    30.21331,    -13.99303,            0,            0,            0,   -0.7943848,    0.6074148
robot_101
    25.98423,     38.33507,            0,            0,            0,    0.8605346,    0.5093921
robot_161
   -22.32823,    -26.01346,            0,            0,            0,    -0.203389,     0.979098
robot_149
    2.196469,     -25.9727,            0,            0,            0,   -0.9997448,   0.02258886
robot_86
    33.93439,     8.657499,            0,            0,            0,    0.9361011,     0.351731
robot_191
    -6.05964,     33.13116,            0,            0,            0,    0.3312943,    0.9435275
robot_126
    30.41121,     22.03081,            0,            0,            0,   -0.3961566,     0.918183
robot_190
    25.93516,     31.05744,            0,            0,            0,     0.323455,    0.9462435
robot_131
   -4.021736,     6.023724,            0,            0,            0,    0.5279094,    0.8493007
robot_154
     7.82455,    -6.010309,            0,            0,            0,   -0.4307738,    0.9024599
robot_9
     14.2937,    -29.91856,            0,            0,            0,    -0.208389,     0.978046
robot_27
   -14.05196,    -9.293419,            0,            0,            0,   0.06561495,     0.997845
robot_34
     21.9547,    -22.47926,            0,            0,            0,    0.8073499,     0.590073
robot_114
    24.30455,     13.98694,            0,            0,            0,   -0.4124786,    0.9109673
robot_51
   -10.00735,     9.639033,            0,            0,            0,    0.5852951,    0.8108203
