tuw_multi_robot_msgs::RobotGoalsArray @1970-01-01T01:38:23.500000
frame_id: map
        5903,    500000000
robot_84
   -26.08538,     28.89317,            0,            0,            0,    0.7124361,     0.701737
robot_116
    9.911972,    -19.52885,            0,            0,            0, -0.001127686,    0.9999994
robot_74
   -26.21835,     37.91678,            0,            0,            0,   -0.5889013,    0.8082049
robot_41
    36.96569,     22.02443,            0,            0,            0,    0.6023805,     0.798209
robot_125
    14.00307,     30.32898,            0,            0,            0,    0.4280658,    0.9037476
robot_136
   -18.09354,    -25.47745,            0,            0,            0,   -0.9912178,    0.1322397
robot_173
    33.45602,     -30.0559,            0,            0,            0,  -0.03604089,    0.9993503
robot_67
    16.35856,     -22.0185,            0,            0,            0,     0.952589,      0.30426
robot_197
    5.560153,     29.94715,            0,            0,            0,     -0.82273,    0.5684324
robot_119
   -30.06923,    -31.90845,            0,            0,            0,    0.4884039,    0.8726177
robot_82
    -11.3192,     34.00428,            0,            0,            0,   -0.8887865,    0.4583215
robot_77
     34.2184,     6.079128,            0,            0,            0,   -0.9550796,    0.2963493
robot_5
    13.81488,      14.1956,            0,            0,            0,    0.8447775,    0.5351177
robot_133
   -26.08336,     23.90956,            0,            0,            0,  -0.03595142,    0.9993535
robot_99
   -27.55577,     33.97175,            0,            0,            0,    0.9971412,   0.07556085
robot_171
     13.9387,    -38.58513,            0,            0,            0,    0.9017408,    0.4322772
robot_180
   -10.25853,    -29.90219,            0,            0,            0,   0.07657176,    0.9970641
robot_56
     2.00215,    -17.92896,            0,            0,            0,    0.8992651,    0.4374039
robot_3
   -22.07831,    -30.80431,            0,            0,            0,    -0.850048,    0.5267053
robot_81
    37.46609,    -18.01752,            0,            0,            0,    0.8863795,    0.4629594
robot_167
   -26.06875,    -4.185618,            0,            0,            0,    0.8661282,    0.4998219
robot_25
     35.7076,    -5.984615,            0,            0,            0,    0.5900606,    0.8073589
robot_168
    10.02015,    -14.27399,            0,            0,            0,    0.9887734,    0.1494228
robot_96
   -14.06202,     7.774239,            0,            0,            0,    0.9034609,    0.4286705
robot_166
   -14.07836,    -17.75159,            0,            0,            0,   -0.3139133,    0.9494516
robot_102
    2.866912,     21.96849,            0,            0,            0,   -0.5319378,    0.8467834
robot_192
    10.00343,    -26.05837,            0,            0,            0,    0.9929117,    0.1188545
robot_179
   -6.008861,     9.820446,            0,            0,            0,   -0.6908255,    0.7230215
robot_142
    14.36634,     6.099902,            0,            0,            0,   -0.9691289,    0.2465548
robot_1
   -13.26312,    -26.03079,            0,            0,            0,  -0.02643966,    0.9996504
robot_44
    21.95925,     19.16257,            0,            0,            0,   -0.9306357,    0.3659471
robot_163
   -10.08551,    -7.844495,            0,            0,            0,   -0.9173821,    0.3980077
robot_79
    33.92328,     20.44342,            0,            0,            0,   -0.7334947,    0.6796952
robot_8
   -1.843384,     18.13433,            0,            0,            0,   -0.1732474,    0.9848783
robot_20
    -36.2149,    -13.97601,            0,            0,            0,    0.8093209,    0.5873667
robot_143
   -26.09574,    -17.98152,            0,            0,            0,    0.1059603,    0.9943704
robot_138
     25.9051,     12.25463,            0,            0,            0,   -0.9765323,    0.2153708
robot_123
    22.17975,    -38.05009,            0,            0,            0,   -0.8225386,    0.5687094
robot_193
   -18.05598,     26.08297,            0,            0,            0,     0.754223,    0.6566184
robot_187
    31.03818,     22.00826,            0,            0,            0,    0.1017382,    0.9948112
robot_176
   -22.07007,     15.02823,            0,            0,            0,   -0.9903332,    0.1387091
robot_66
    36.20198,      34.0252,            0,            0,            0,    0.9456704,    0.3251269
robot_63
    9.963947,     27.20421,            0,            0,            0,    0.4386096,    0.8986777
robot_31
    25.90716,    -11.21425,            0,            0,            0,    0.4253212,    0.9050425
robot_159
    25.94185,      16.9004,            0,            0,            0,    0.6592505,    0.7519234
robot_160
    33.84207,    -38.03438,            0,            0,            0,    -0.507131,     0.861869
robot_151
   -30.08798,     1.884187,            0,            0,            0,    0.9468257,    0.3217469
robot_150
    1.562812,    -22.06583,            0,            0,            0,   -0.5360989,    0.8441552
robot_137
   -9.889642,     25.86123,            0,            0,            0,   -0.8920538,    0.4519292
robot_199
    26.37252,    -1.947199,            0,            0,            0,    0.9732448,    0.2297708
robot_54
    21.43452,    -14.04925,            0,            0,            0,   -0.3413931,    0.9399206
robot_117
    17.90314,      10.0306,            0,            0,            0,   -0.9951147,   0.09872543
robot_36
    -33.9625,    -10.10505,            0,            0,            0,    0.7818958,    0.6234092
robot_33
   -10.31286,     22.02324,            0,            0,            0,    0.6112617,    0.7914285
robot_146
   -5.960334,    -9.920563,            0,            0,            0,    0.6238745,    0.7815245
robot_156
    -29.9948,     25.85071,            0,            0,            0,    0.9460383,     0.324055
robot_112
   -26.07212,    -10.65075,            0,            0,            0, 0.0007436838,    0.9999997
robot_19
   -18.08262,     34.72786,            0,            0,            0,     0.805604,    0.5924543
robot_141
    -14.6694,     21.96824,            0,            0,            0,   -0.6776207,    0.7354116
robot_35
    33.61616,    -1.914924,            0,            0,            0,    0.6130939,      0.79001
robot_184
   -10.23578,    -34.04383,            0,            0,            0,    0.7760166,    0.6307125
robot_98
  -0.8768966,    -10.01351,            0,            0,            0,    0.8794241,    0.4760391
robot_100
   -26.34288,    -29.93069,            0,            0,            0,    0.9276918,    0.3733468
robot_164
   -17.84378,    -30.14004,            0,            0,            0,    0.6592411,    0.7519316
robot_59
    37.91068,    -16.02417,            0,            0,            0,    0.7523985,    0.6587082
robot_144
   -22.05875,     6.279582,            0,            0,            0,    0.6896637,    0.7241298
robot_101
    13.78958,    -13.79387,            0,            0,            0,  -0.03672991,    0.9993252
robot_161
    21.98564,    -29.63703,            0,            0,            0,   0.08293752,    0.9965547
robot_149
    25.95018,    -32.48959,            0,            0,            0,   -0.2713938,    0.9624684
robot_86
    33.89856,     9.898102,            0,            0,            0,   -0.7225898,    0.6912771
robot_191
    -6.03737,     3.297699,            0,            0,            0,   -0.5554926,    0.8315215
robot_126
   -34.02278,      14.3162,            0,            0,            0,   -0.2351828,    0.9719512
robot_190
   -34.17167,    -34.06117,            0,            0,            0,     0.775177,    0.6317441
robot_131
   -26.19818,     25.87851,            0,            0,            0,    0.8474768,    0.5308324
robot_154
    12.07633,     6.000644,            0,            0,            0,    0.6581488,    0.7528878
robot_9
    29.85006,    -29.71157,            0,            0,            0,   -0.9837448,    0.1795723
robot_27
   -37.21911,    -6.001361,            0,            0,            0,   -0.7008272,     0.713331
robot_34
    25.35122,    -13.99603,            0,            0,            0,   -0.5411548,     0.840923
robot_114
   -10.33287,    -26.09352,            0,            0,            0,   -0.9235963,    0.3833664
robot_51
   -2.084109,    -21.13901,            0,            0,            0,    0.1501541,    0.9886626
robot_108
    38.31374,    -25.90034,            0,            0,            0,   -0.9401374,    0.3407956
robot_147
   -2.314496,    -6.005303,            0,            0,            0,    0.6692958,     0.742996
robot_183
    9.113065,     33.99318,            0,            0,            0,   -0.3141102,    0.9493865
robot_48
    9.549125,    -37.97581,            0,            0,            0,   -0.9958696,   0.09079487
robot_60
    33.67411,     1.938496,            0,            0,            0,  -0.08756417,    0.9961589
robot_75
   -38.08878,     33.49231,            0,            0,            0,    0.1356434,    0.9907577
robot_152
   -34.05482,    -3.902821,            0,            0,            0,    0.4782704,    0.8782127
robot_26
    11.69485,     -17.9901,            0,            0,            0,     0.802246,    0.5969936
robot_182
    33.90183,    -14.15801,            0,            0,            0,    0.9660721,    0.2582724
robot_172
    28.35334,      22.0126,            0,            0,            0,   -0.2578229,    0.9661922
robot_43
    28.25091,     6.020527,            0,            0,            0,   -0.9927259,    0.1203965
robot_170
   -30.78375,    -30.01916,            0,            0,            0,    0.8610927,     0.508448
robot_177
    -10.0609,    -14.46164,            0,            0,            0,    0.8086923,    0.5882318
robot_80
   -18.15079,    -2.203223,            0,            0,            0,   -0.7333843,    0.6798143
robot_16
   -14.02511,     26.07856,            0,            0,            0,     0.857161,    0.5150486
robot_13
   -33.45246,     18.00335,            0,            0,            0,     0.893163,    0.4497331
robot_178
    29.65064,     25.93362,            0,            0,            0,   -0.8806958,    0.4736823
robot_88
   -0.965789,     10.01058,            0,            0,            0,   -0.7276627,    0.6859351
robot_194
    9.951412,    -21.91697,            0,            0,            0,   -0.5656554,    0.8246417
robot_29
   -38.03781,     6.216496,            0,            0,            0,   -0.1053343,    0.9944369
robot_92
   -14.23476,       14.006,            0,            0,            0,    -0.204845,    0.9787944
robot_87
    20.84353,     2.006522,            0,            0,            0,    0.3289878,    0.9443342
robot_68
    1.889576,    -25.83701,            0,            0,            0,   -0.2376907,    0.9713409
robot_22
   -30.05917,     31.96204,            0,            0,            0,    0.8202162,    0.5720536
robot_38
     17.4467,     26.01882,            0,            0,            0,   -0.9983395,   0.05760344
robot_2
    37.92809,     19.95081,            0,            0,            0,     0.247763,    0.9688207
robot_110
    17.95207,     35.30064,            0,            0,            0,    0.7301422,    0.6832952
robot_14
    38.04617,    -22.21315,            0,            0,            0,     0.311748,    0.9501648
robot_181
   -18.13983,    -10.15555,            0,            0,            0,    0.1254879,    0.9920951
robot_61
   -34.02804,    -6.091545,            0,            0,            0,    0.9823643,    0.1869768
robot_30
   -18.10028,    -17.97706,            0,            0,            0,   -0.8156697,    0.5785178
robot_122
   -21.96721,    -10.01013,            0,            0,            0,   -0.7564939,    0.6540007
robot_132
   -22.06209,    -21.55516,            0,            0,            0,    0.9739455,    0.2267822
robot_45
     6.00162,    -2.123393,            0,            0,            0,   -0.9812194,    0.1928951
robot_21
    13.70783,     38.01504,            0,            0,            0,    0.9053899,     0.424581
robot_39
   -38.05206,     8.725184,            0,            0,            0,   -0.7977836,    0.6029439
robot_134
   -22.08278,    -15.11166,            0,            0,            0,    0.9366196,    0.3503479
robot_15
    1.969283,     6.213996,            0,            0,            0,   -0.2153855,    0.9765291
robot_145
    17.81234,     13.81788,            0,            0,            0,   -0.3051671,    0.9522988
robot_140
    38.39113,     33.91907,            0,            0,            0,   -0.1263903,    0.9919806
robot_196
    32.95899,     14.02984,            0,            0,            0,   -0.4396895,    0.8981499
robot_188
    37.83196,    -6.123305,            0,            0,            0,   -0.8515262,    0.5243121
robot_4
    35.42938,    -29.97052,            0,            0,            0,  -0.09550887,    0.9954286
robot_155
    8.876485,     30.02516,            0,            0,            0,   -0.8547094,    0.5191068
robot_135
    14.00852,    -26.11085,            0,            0,            0,   -0.4884111,    0.8726137
robot_93
     17.1845,    -17.99385,            0,            0,            0,   -0.1713495,    0.9852103
robot_111
    14.64837,     10.02993,            0,            0,            0,    0.9250349,     0.379882
robot_0
    -22.0785,     22.72267,            0,            0,            0,    0.6934067,    0.7205464
robot_49
    2.112215,       18.112,            0,            0,            0,    0.7419394,     0.670467
robot_113
    -14.0661,    -10.58359,            0,            0,            0,    -0.580977,      0.81392
robot_94
    21.84661,    -1.987718,            0,            0,            0,   -0.6289476,    0.7774477
robot_40
   -17.98403,     21.95635,            0,            0,            0,    0.3297772,    0.9440588
robot_103
    27.63955,    -26.03213,            0,            0,            0,     -0.71767,    0.6963834
robot_6
   -6.165632,     33.91472,            0,            0,            0,    0.9964445,   0.08425124
robot_71
     25.9032,     8.818521,            0,            0,            0,    0.1513823,    0.9884753
robot_17
   -22.55982,    -34.03416,            0,            0,            0,    0.6227391,    0.7824296
robot_120
   -29.36597,     14.02017,            0,            0,            0,     0.168383,    0.9857216
robot_189
    13.19172,     -1.98331,            0,            0,            0,    0.9117063,    0.4108426
robot_148
   -33.73006,     9.947517,            0,            0,            0,   -0.6647698,    0.7470482
robot_186
    1.634196,     33.91089,            0,            0,            0,    0.3892463,    0.9211337
robot_198
   -22.03602,     26.77893,            0,            0,            0,    0.8128053,    0.5825355
robot_107
     13.9123,     33.94701,            0,            0,            0,    0.8996227,    0.4366681
robot_18
    9.993849,    -9.770649,            0,            0,            0,    0.1749394,    0.9845792
robot_23
    8.158204,    -34.00457,            0,            0,            0,    0.9965346,   0.08317873
robot_46
    25.77733,     6.162758,            0,            0,            0,   -0.7302656,    0.6831633
robot_109
   -22.04053,      28.9074,            0,            0,            0,   -0.6889303,    0.7248276
robot_10
    4.755831,     6.026217,            0,            0,            0,    0.9409199,    0.3386293
robot_157
   -29.88802,     17.99306,            0,            0,            0,    0.6182538,    0.7859785
robot_70
    17.90139,     23.56025,            0,            0,            0,   -0.9460377,    0.3240566
robot_55
   -38.10719,    -14.21108,            0,            0,            0,   -0.4529305,    0.8915458
