tuw_multi_robot_msgs::RobotGoalsArray @1970-01-01T00:46:14.700000
frame_id: map
        2774,    700000000
robot_84
   -20.60646,     9.968079,            0,            0,            0,   -0.6296211,    0.7769023
robot_116
   -22.12292,    -38.10529,            0,            0,            0,    0.1104963,    0.9938765
robot_74
   -15.73759,    -9.971349,            0,            0,            0,    0.4489619,    0.8935509
robot_41
   -13.87006,     1.864416,            0,            0,            0,    0.5807015,    0.8141166
robot_125
    17.93511,    -7.321735,            0,            0,            0,    0.3517657,    0.9360881
robot_136
   -18.04224,    -24.30931,            0,            0,            0,   -0.3312643,     0.943538
robot_173
   -26.05471,    -39.22965,            0,            0,            0,   -0.1569546,    0.9876058
robot_67
    19.54337,     26.00234,            0,            0,            0,    0.1407827,    0.9900405
robot_197
   -6.076118,     -8.41204,            0,            0,            0,    0.9558142,    0.2939714
robot_119
    37.86691,    -21.98124,            0,            0,            0,   -0.6505414,    0.7594708
robot_82
    21.44454,    -34.02112,            0,            0,            0,    0.4845981,    0.8747369
robot_77
   -30.09237,     27.89212,            0,            0,            0,    0.8814362,    0.4723032
robot_5
   -5.981879,     5.715861,            0,            0,            0,    0.3449615,    0.9386168
robot_133
   -9.977392,    -22.13409,            0,            0,            0,   -0.8245306,    0.5658174
robot_99
    31.10454,     25.96919,            0,            0,            0,    0.3749805,    0.9270327
robot_171
    37.85328,     10.28078,            0,            0,            0,   -0.4980738,    0.8671346
robot_180
    25.96197,    -3.194134,            0,            0,            0,    0.4310461,    0.9023299
robot_56
   -12.95082,      18.0084,            0,            0,            0,   -0.7974375,    0.6034016
robot_3
    13.88391,     18.01913,            0,            0,            0,     -0.45905,    0.8884104
robot_81
    7.623649,     33.99058,            0,            0,            0,    0.9736161,    0.2281924
robot_167
   -38.42647,    -29.95499,            0,            0,            0,   -0.8227296,    0.5684329
robot_25
    10.55754,    -17.97646,            0,            0,            0,   -0.5286314,    0.8488515
robot_168
   -34.07836,     5.471331,            0,            0,            0,    0.9397137,    0.3419623
robot_96
   -5.201748,     21.97605,            0,            0,            0,     0.754923,    0.6558135
robot_166
    15.65451,    -25.98137,            0,            0,            0,  -0.06719788,    0.9977397
robot_102
   -13.94611,     30.06731,            0,            0,            0,    0.8764904,    0.4814194
robot_192
    5.490063,    -14.07696,            0,            0,            0,    0.9294177,    0.3690294
robot_179
    17.96421,     28.02193,            0,            0,            0,    0.9997963,   0.02018161
robot_142
   -14.03938,    -22.40947,            0,            0,            0,    0.3170384,    0.9484127
robot_1
   -26.27038,     33.87138,            0,            0,            0,    0.8826235,    0.4700805
robot_44
   -29.86749,    -30.09392,            0,            0,            0,    0.3965622,    0.9180078
robot_163
    11.80771,     34.00439,            0,            0,            0,    0.9963601,   0.08524455
robot_79
    25.91389,     23.45821,            0,            0,            0,   -0.4117398,    0.9113014
robot_8
   -26.04255,     18.28689,            0,            0,            0,    -0.800102,    0.5998639
robot_20
   -34.09821,     17.53627,            0,            0,            0,    0.5674958,    0.8233763
robot_143
   -9.728883,    -1.916176,            0,            0,            0,    0.2124374,    0.9771747
robot_138
    21.91556,     21.31799,            0,            0,            0,   -0.8108896,    0.5851992
robot_123
    33.91923,     -16.2416,            0,            0,            0,    0.5653328,    0.8248629
robot_193
   -17.07371,     17.98802,            0,            0,            0,    -0.668785,    0.7434559
robot_187
    16.17856,    -1.966605,            0,            0,            0,   -0.9176861,    0.3973062
robot_176
    33.85622,    -10.22565,            0,            0,            0,    0.3812109,    0.9244881
robot_66
   -14.02903,    -38.17837,            0,            0,            0,    0.1103609,    0.9938916
robot_63
   -22.11218,    -25.98278,            0,            0,            0,    0.2463478,    0.9691815
robot_31
   -14.51452,    -25.91615,            0,            0,            0,    0.7499945,    0.6614441
robot_159
   -27.56819,    -30.02211,            0,            0,            0,    0.9757913,    0.2187036
robot_160
    23.27348,     -38.0128,            0,            0,            0,    0.4752466,    0.8798526
robot_151
    6.284564,    -17.98146,            0,            0,            0,   -0.5851267,    0.8109419
robot_150
    6.161456,     22.10486,            0,            0,            0,   -0.3245002,    0.9458856
robot_137
    33.53686,     34.02973,            0,            0,            0,    0.9970388,   0.07690024
robot_199
   -33.84801,    -13.95182,            0,            0,            0,   -0.9970899,    0.0762353
