tuw_multi_robot_msgs::RobotGoalsArray @1970-01-01T00:12:26.400000
frame_id: map
         746,    400000000
robot_84
   -10.19231,     2.068419,            0,            0,            0,   -0.9423552,    0.3346143
robot_116
    17.93866,    -34.71218,            0,            0,            0,    0.5425241,    0.8400403
robot_74
    30.63623,     2.029098,            0,            0,            0,    0.5365237,    0.8438853
robot_41
    21.90679,     38.27633,            0,            0,            0,    0.9992358,   0.03908704
robot_125
    37.98056,     30.18354,            0,            0,            0,   -0.3391021,    0.9407496
robot_136
    5.913349,     14.68556,            0,            0,            0,     -0.99461,    0.1036871
robot_173
    1.831889,     29.78456,            0,            0,            0,   -0.8556943,    0.5174816
robot_67
   -6.035248,     28.41709,            0,            0,            0,    0.8529105,    0.5220571
robot_197
   -10.15338,    -26.21075,            0,            0,            0,   -0.9035889,    0.4284005
robot_119
   -30.05374,     7.349521,            0,            0,            0,     0.937886,    0.3469435
robot_82
   -14.04635,     21.24707,            0,            0,            0,    0.7173482,    0.6967148
robot_77
    7.935197,     38.01312,            0,            0,            0,   -0.9962566,   0.08644519
robot_5
   -18.09412,     23.25742,            0,            0,            0,   -0.1266986,    0.9919413
robot_133
   -2.069628,    -26.05087,            0,            0,            0,   -0.6023487,    0.7982331
robot_99
   -1.635306,     21.96511,            0,            0,            0,   -0.8047228,    0.5936508
robot_171
   -9.586358,    -2.002653,            0,            0,            0,    0.9276015,    0.3735712
robot_180
    5.048432,     21.99411,            0,            0,            0,   -0.9698278,    0.2437912
robot_56
    -22.0954,     18.05952,            0,            0,            0,   -0.9834841,    0.1809946
robot_3
   -18.06318,   -0.3291387,            0,            0,            0,   -0.9630688,    0.2692556
robot_81
    15.55859,    -37.97805,            0,            0,            0,    0.3035909,    0.9528025
robot_167
    10.31513,    -30.02607,            0,            0,            0,    0.9854502,    0.1699646
robot_25
   -38.09528,    -10.81611,            0,            0,            0,  -0.07789255,    0.9969618
robot_168
   -10.09081,     28.75044,            0,            0,            0,   -0.7527247,    0.6583354
robot_96
   -36.42713,    -6.023239,            0,            0,            0,   -0.8526469,    0.5224876
robot_166
   -25.52585,     5.985215,            0,            0,            0,  -0.05393025,    0.9985447
robot_102
   -29.94659,    -26.01421,            0,            0,            0,   -0.6359929,    0.7716949
robot_192
   -2.090713,    -30.80464,            0,            0,            0,   -0.1144277,    0.9934316
robot_179
   -22.09644,     1.395128,            0,            0,            0,   -0.9961749,   0.08738211
robot_142
     29.7317,    -1.995622,            0,            0,            0,   -0.3491199,    0.9370781
robot_1
     -6.0833,     38.29437,            0,            0,            0,   -0.2637644,    0.9645871
robot_44
    37.66314,    -22.08365,            0,            0,            0,    0.6885074,    0.7252293
robot_163
    1.962788,     23.63238,            0,            0,            0,    0.1597359,    0.9871598
robot_79
   -31.71112,     21.98876,            0,            0,            0,    0.2983357,     0.954461
robot_8
   -5.917991,    -34.01894,            0,            0,            0,   -0.9659089,    0.2588822
robot_20
    21.83741,     -21.8906,            0,            0,            0,    0.9570339,    0.2899762
robot_143
   -9.824283,    -13.94471,            0,            0,            0,    0.5213445,    0.8533463
robot_138
    33.06085,     33.96993,            0,            0,            0,    0.9979615,   0.06381814
robot_123
    1.786895,    -14.10398,            0,            0,            0,    0.8699246,    0.4931848
robot_193
    -30.0405,    -6.702385,            0,            0,            0,    0.7039676,    0.7102321
robot_187
    17.81202,      30.0911,            0,            0,            0,    0.8340529,    0.5516845
