tuw_multi_robot_msgs::RobotGoalsArray @1970-01-01T01:23:11.100000
frame_id: map
        4991,    100000000
robot_84
   -26.04386,    -35.93259,            0,            0,            0,    0.3606147,    0.9327149
robot_116
   -3.844256,     -34.0167,            0,            0,            0,   -0.9780821,    0.2082197
robot_74
   -33.64687,    -18.02022,            0,            0,            0,   -0.7467824,    0.6650685
robot_41
   -11.33578,     34.01533,            0,            0,            0,   -0.9914046,    0.1308315
robot_125
   -6.002484,    -34.17145,            0,            0,            0,    0.7584583,    0.6517216
robot_136
    27.65536,    -13.99098,            0,            0,            0,    0.6761895,    0.7367277
robot_173
    23.84088,     22.02807,            0,            0,            0,   -0.8793412,    0.4761923
robot_67
    29.84392,    -2.294463,            0,            0,            0,    0.6132481,    0.7898903
robot_197
    5.932374,     1.555448,            0,            0,            0,    0.1347153,    0.9908844
robot_119
   -27.57382,    -9.969964,            0,            0,            0,    0.5276574,    0.8494573
