tuw_multi_robot_msgs::RobotGoalsArray @1970-01-01T01:35:22.900000
frame_id: map
        5722,    900000000
robot_84
    10.09853,      25.9074,            0,            0,            0,    0.6328099,    0.7743072
robot_116
    28.56651,    -26.00141,            0,            0,            0,   -0.7876796,    0.6160851
robot_74
    -38.0729,     6.649332,            0,            0,            0,   -0.3021125,    0.9532723
robot_41
    1.915299,     29.77449,            0,            0,            0,     0.677985,    0.7350757
robot_125
   -11.55312,    -34.00589,            0,            0,            0,   -0.8385484,    0.5448272
robot_136
   -37.95925,     13.94807,            0,            0,            0,    0.9848347,    0.1734953
robot_173
    13.75151,    -17.97343,            0,            0,            0,   -0.1992563,    0.9799474
robot_67
    8.243195,     33.99745,            0,            0,            0,    0.2623632,    0.9649692
robot_197
   -14.01831,    -5.648858,            0,            0,            0,     0.991299,    0.1316295
robot_119
   0.1641229,    -34.02484,            0,            0,            0,   -0.7798078,     0.626019
robot_82
     13.8588,     9.982482,            0,            0,            0,   -0.2674694,    0.9635664
robot_77
    33.78008,     30.07228,            0,            0,            0,    0.7769128,    0.6296083
robot_5
    13.84756,    -6.078797,            0,            0,            0,   -0.4182226,    0.9083446
robot_133
   -26.09777,    -4.334073,            0,            0,            0,    0.0564713,    0.9984042
robot_99
   -10.48964,     38.09617,            0,            0,            0,   -0.9978741,   0.06517051
robot_171
   -34.08175,     14.35185,            0,            0,            0,    0.9852171,    0.1713104
robot_180
   -32.73068,     26.01874,            0,            0,            0,    0.8573214,    0.5147816
robot_56
   -14.05593,     14.41916,            0,            0,            0,    0.9999936,  0.003590595
robot_3
    34.51014,     13.98912,            0,            0,            0,    0.9773256,    0.2117421
robot_81
      37.632,    -30.06546,            0,            0,            0,     0.853051,    0.5218275
robot_167
    36.69816,    -25.98901,            0,            0,            0,  0.003789636,    0.9999928
robot_25
    -2.89718,    -5.971442,            0,            0,            0,    0.7523995,    0.6587071
robot_168
    13.95699,     27.72355,            0,            0,            0,   -0.9736754,     0.227939
robot_96
   -34.04624,     37.94093,            0,            0,            0,   -0.1815742,    0.9833772
robot_166
   -18.06359,    -10.04797,            0,            0,            0,    0.6469303,    0.7625491
robot_102
   -28.31051,    -2.005723,            0,            0,            0,    0.1461815,    0.9892578
robot_192
   -22.04541,    -3.512489,            0,            0,            0,    0.6879586,      0.72575
robot_179
    29.45055,     13.93676,            0,            0,            0,   -0.6387451,    0.7694184
robot_142
    1.935914,     11.49352,            0,            0,            0,    0.5046684,    0.8633133
robot_1
   -30.81374,     9.988186,            0,            0,            0,    0.5072393,    0.8618053
robot_44
    1.915531,    -19.87955,            0,            0,            0,    0.7774662,    0.6289248
robot_163
    -6.04114,     -14.9399,            0,            0,            0,   -0.8593132,    0.5114498
robot_79
    12.37078,    -2.012841,            0,            0,            0,   -0.9789436,    0.2041311
robot_8
   -14.25999,    -9.919961,            0,            0,            0,    0.4072547,    0.9133146
robot_20
   -22.18067,    -22.17223,            0,            0,            0,    0.9649541,    0.2624186
robot_143
    26.03683,    -9.918568,            0,            0,            0,   -0.9319718,    0.3625308
robot_138
   -15.26224,    -26.01421,            0,            0,            0,    0.1141025,     0.993469
robot_123
    21.94746,    -18.48978,            0,            0,            0,    0.3871076,    0.9220346
robot_193
   -30.09683,     13.77407,            0,            0,            0,   -0.9424766,    0.3342721
robot_187
    26.50926,    -33.98496,            0,            0,            0,   -0.3626112,    0.9319405
robot_176
    13.79666,     37.99864,            0,            0,            0,    0.7052024,     0.709006
robot_66
    17.92752,   -0.3277234,            0,            0,            0,   -0.6307655,    0.7759735
robot_63
    18.08212,    -10.07584,            0,            0,            0,   -0.4621398,    0.8868071
robot_31
    5.979585,    -22.29876,            0,            0,            0,    0.5797424,    0.8147998
robot_159
   -30.08537,    -5.661549,            0,            0,            0,    -0.980869,    0.1946692
robot_160
    4.020444,    -5.985033,            0,            0,            0,   -0.1265373,    0.9919618
robot_151
   -26.79351,    -18.02807,            0,            0,            0,    0.9671298,    0.2542831
robot_150
   -37.80988,     17.97229,            0,            0,            0,    0.8536722,    0.5208107
robot_137
    -5.72481,     18.06265,            0,            0,            0,   -0.5955132,    0.8033455
robot_199
   -26.22612,     -9.86004,            0,            0,            0,    0.4145781,    0.9100137
robot_54
   -18.07619,    -30.80705,            0,            0,            0,    0.9266186,    0.3760027
robot_117
    5.352066,    -18.00633,            0,            0,            0,   -0.8536559,    0.5208375
robot_36
    -18.0852,      34.0819,            0,            0,            0,    0.7915804,     0.611065
robot_33
   -38.09248,    -12.13771,            0,            0,            0,  -0.05181734,    0.9986566
robot_146
   -30.04065,    0.1446705,            0,            0,            0,    -0.293017,    0.9561072
robot_156
    5.914636,    -8.921512,            0,            0,            0,   -0.7141383,    0.7000047
robot_112
    -6.27475,    -1.918697,            0,            0,            0,   -0.9549802,    0.2966695
robot_19
    22.06712,    -30.01462,            0,            0,            0,   -0.3070202,     0.951703
robot_141
   -6.071986,     10.24541,            0,            0,            0,    0.8189743,    0.5738302
robot_35
   -14.09843,     21.75449,            0,            0,            0,   -0.5725341,    0.8198809
robot_184
    21.79726,     26.17514,            0,            0,            0,   -0.7461506,    0.6657772
robot_98
   -38.05642,    -29.66838,            0,            0,            0,    0.8482447,    0.5296044
robot_100
    32.40771,    -10.02702,            0,            0,            0,   -0.6557291,    0.7549962
robot_164
    -21.8733,    -30.00907,            0,            0,            0,    0.4560676,    0.8899451
robot_59
    39.32323,     21.99036,            0,            0,            0,   -0.9946211,    0.1035806
robot_144
   -25.94286,     9.923198,            0,            0,            0,    0.8462434,    0.5327965
robot_101
   -1.643647,    -25.90774,            0,            0,            0,   0.03576358,    0.9993603
robot_161
    26.14048,    -29.93708,            0,            0,            0,   -0.4263753,    0.9045463
robot_149
   -10.03708,     24.99192,            0,            0,            0,    0.4943396,    0.8692689
robot_86
   -34.09752,   -0.8606871,            0,            0,            0,    0.5385066,    0.8426213
robot_191
   -18.37423,     6.023321,            0,            0,            0,   -0.9589038,    0.2837314
robot_126
    17.93901,    -32.56414,            0,            0,            0,     0.366598,    0.9303794
robot_190
    33.91643,     4.843637,            0,            0,            0,   -0.9589993,    0.2834085
robot_131
     20.7316,    -6.010461,            0,            0,            0,   -0.7835532,    0.6213247
robot_154
    29.82484,     25.97704,            0,            0,            0,   -0.1019847,     0.994786
robot_9
   -18.07604,     19.95296,            0,            0,            0,    0.4005878,    0.9162584
robot_27
    21.95323,   -0.4059289,            0,            0,            0,    0.9998227,   0.01883154
robot_34
   -17.49881,    -14.00335,            0,            0,            0,  -0.05915627,    0.9982487
robot_114
    21.91675,     38.91041,            0,            0,            0,   -0.9663124,    0.2573719
robot_51
   -16.35487,     17.97492,            0,            0,            0,   -0.9765068,    0.2154866
robot_108
    9.672575,     6.060706,            0,            0,            0,   -0.9687674,    0.2479711
robot_147
      17.991,      14.1702,            0,            0,            0,    0.6879136,    0.7257926
robot_183
   -18.05827,     -12.0343,            0,            0,            0,    0.8904502,    0.4550807
robot_48
    21.74011,      9.90707,            0,            0,            0,    0.9990032,   0.04463959
robot_60
    25.03338,    -21.98438,            0,            0,            0,   -0.8157883,    0.5783506
robot_75
    29.90346,     -11.7685,            0,            0,            0,   -0.2502269,    0.9681872
robot_152
    22.71252,     5.969502,            0,            0,            0,    0.9910318,    0.1336264
robot_26
   -18.05677,    -3.151138,            0,            0,            0,   -0.9061962,    0.4228575
robot_182
   -11.47242,    -22.00844,            0,            0,            0,   -0.9140776,    0.4055394
robot_172
   -18.08055,    -38.85578,            0,            0,            0,    0.8867187,    0.4623094
robot_43
    5.960337,       21.796,            0,            0,            0,   -0.2124904,    0.9771631
robot_170
   -34.07712,     34.94967,            0,            0,            0,     0.565192,    0.8249594
robot_177
    21.93231,    -3.280299,            0,            0,            0,    0.7395638,    0.6730864
robot_80
    5.924922,     11.59376,            0,            0,            0,   -0.1898453,     0.981814
robot_16
     17.7999,     37.99846,            0,            0,            0,   -0.9599465,    0.2801833
robot_13
    33.94412,     9.761184,            0,            0,            0,    0.6062756,    0.7952546
robot_178
    33.95685,    -21.15612,            0,            0,            0,    0.8344691,    0.5510547
robot_88
    21.95588,     -38.5702,            0,            0,            0,   -0.5746354,    0.8184095
robot_194
    13.92714,      1.84754,            0,            0,            0,   -0.3573951,    0.9339533
robot_29
    0.471647,    -10.00285,            0,            0,            0,    -0.960699,    0.2775921
robot_92
    8.995677,     21.99086,            0,            0,            0,   -0.1221683,    0.9925094
robot_87
    29.90357,    -1.901495,            0,            0,            0,    0.6571349,     0.753773
robot_68
    32.61786,     33.97236,            0,            0,            0,    0.9978175,   0.06603234
robot_22
   -33.68535,    -17.97575,            0,            0,            0,   -0.9016831,    0.4323976
robot_38
   -18.01135,    -34.02638,            0,            0,            0,    0.9570252,    0.2900046
robot_2
  0.08813595,     6.005462,            0,            0,            0,   -0.7399284,    0.6726856
robot_110
   -14.26275,    -2.027027,            0,            0,            0,   -0.9829924,    0.1836463
robot_14
    9.943653,    -16.86296,            0,            0,            0,   -0.8788319,    0.4771315
robot_181
    -12.5887,     17.98984,            0,            0,            0,   -0.7067248,    0.7074885
robot_61
    1.938371,     16.33967,            0,            0,            0,    0.6114009,     0.791321
robot_30
    32.38852,     13.96896,            0,            0,            0,   -0.8653105,    0.5012362
robot_122
    9.936807,     17.17745,            0,            0,            0,  -0.08468092,    0.9964081
robot_132
   -19.87896,    -22.01017,            0,            0,            0,    0.8985868,    0.4387959
robot_45
   -2.071996,     -19.5902,            0,            0,            0,   -0.4364155,    0.8997453
robot_21
    29.72982,     22.08463,            0,            0,            0,    0.9636217,    0.2672699
robot_39
   -37.11043,     9.970974,            0,            0,            0,    0.3407161,    0.9401662
robot_134
   -6.857443,    -26.00395,            0,            0,            0,   -0.8908951,    0.4542091
robot_15
   -18.30258,     17.95056,            0,            0,            0,   -0.9501367,    0.3118338
robot_145
    18.88707,     25.98158,            0,            0,            0,   -0.6834555,    0.7299922
robot_140
   -22.04659,     18.30457,            0,            0,            0,   -0.9899887,     0.141147
robot_196
    18.36887,    -22.03281,            0,            0,            0,   -0.9802946,    0.1975411
robot_188
      33.962,    -30.71566,            0,            0,            0,   -0.9914418,    0.1305495
robot_4
   -10.30194,       -2.053,            0,            0,            0,   -0.7376758,    0.6751551
robot_155
   -12.37809,     29.97738,            0,            0,            0,   -0.0703247,    0.9975242
robot_135
   -37.95493,    -22.16134,            0,            0,            0,    0.5478132,    0.8366007
robot_93
   -14.06786,      24.9534,            0,            0,            0,   -0.6073287,    0.7944506
robot_111
    17.93573,     9.227687,            0,            0,            0,    0.7576779,    0.6526287
robot_0
   -5.953577,      29.7921,            0,            0,            0,   -0.3224564,    0.9465843
robot_49
   -34.07189,     32.41328,            0,            0,            0,  -0.04621732,    0.9989314
robot_113
   -34.38845,     -33.9469,            0,            0,            0,  0.009337346,    0.9999564
robot_94
   -25.71714,     21.93913,            0,            0,            0,    0.9997528,   0.02223225
robot_40
    13.91327,    -9.492562,            0,            0,            0,   0.09133827,    0.9958199
robot_103
    25.94669,    -5.133029,            0,            0,            0,    0.8184964,    0.5745117
robot_6
    35.56987,     -9.98353,            0,            0,            0,    0.2243731,    0.9745033
robot_71
   -28.60237,    -37.97761,            0,            0,            0,    -0.598478,    0.8011393
robot_17
   -26.36968,    -26.08162,            0,            0,            0,    -0.999978,  0.006628114
robot_120
   -36.22999,    -26.02971,            0,            0,            0,    0.9968042,   0.07988379
robot_189
    9.939566,    -27.69547,            0,            0,            0,    -0.715943,    0.6981588
robot_148
    17.58438,     5.976515,            0,            0,            0,    0.5099347,    0.8602131
robot_186
   -6.190911,    -29.82563,            0,            0,            0,    0.3906571,    0.9205363
