tuw_multi_robot_msgs::RobotGoalsArray @1970-01-01T01:35:04
frame_id: map
        5704,            0
robot_84
    5.903436,     9.608952,            0,            0,            0,   -0.2957886,    0.9552534
robot_116
    21.97506,     10.22422,            0,            0,            0,   -0.9996284,   0.02725911
robot_74
   -22.28933,    -34.15608,            0,            0,            0,  -0.07726304,    0.9970107
robot_41
   -19.06222,    -33.98158,            0,            0,            0,    0.9883473,    0.1522154
robot_125
   -22.60686,     26.02269,            0,            0,            0,   -0.9067226,    0.4217276
robot_136
    17.93738,    -26.89203,            0,            0,            0,   -0.9158799,    0.4014523
robot_173
    25.95279,     -21.4835,            0,            0,            0,    0.5885605,    0.8084532
robot_67
   -30.51867,     5.958063,            0,            0,            0,   -0.8725614,    0.4885044
robot_197
   -34.01943,      30.0949,            0,            0,            0,   -0.1715114,    0.9851821
robot_119
   -29.96412,    -14.16026,            0,            0,            0,     -0.98276,    0.1848858
robot_82
   -18.35228,    -17.93048,            0,            0,            0,    0.1565618,    0.9876682
robot_77
    37.92004,     26.84344,            0,            0,            0,     0.136911,    0.9905833
robot_5
   -14.02229,    -30.29417,            0,            0,            0,    0.9802162,    0.1979296
robot_133
    33.91516,     1.632457,            0,            0,            0,   -0.4032491,    0.9150902
robot_99
    1.954951,     22.50031,            0,            0,            0,    0.6347941,    0.7726814
robot_171
   -26.07865,     27.20698,            0,            0,            0,    0.1778405,    0.9840593
robot_180
   0.8335698,     26.00837,            0,            0,            0,   0.04223062,    0.9991079
robot_56
     38.1097,     5.979663,            0,            0,            0,   -0.9092903,    0.4161624
robot_3
     36.5033,    -33.99742,            0,            0,            0,   -0.9638758,    0.2663522
robot_81
   -28.28301,    -10.01072,            0,            0,            0,   -0.5238428,     0.851815
robot_167
    17.90033,    -3.807009,            0,            0,            0,     0.996313,    0.0857933
robot_25
   -10.44082,    -6.096578,            0,            0,            0,    0.2198323,    0.9755377
robot_168
   -2.045997,     14.29473,            0,            0,            0,   -0.8219194,    0.5696038
robot_96
   -23.58073,    -26.02123,            0,            0,            0,    0.5466161,    0.8373834
robot_166
    21.90454,     12.27203,            0,            0,            0,    -0.418228,    0.9083421
robot_102
    33.95484,    -11.92717,            0,            0,            0,   -0.7540546,    0.6568118
robot_192
    2.076731,    -6.035566,            0,            0,            0,    -0.995492,    0.0948454
robot_179
    18.71537,    -17.99538,            0,            0,            0,     0.293034,     0.956102
robot_142
    33.87851,     29.92384,            0,            0,            0,    0.4639823,    0.8858445
robot_1
    10.09817,     30.04368,            0,            0,            0,    0.9992883,   0.03772201
robot_44
   -10.37402,     30.08113,            0,            0,            0,    0.7687935,    0.6394971
robot_163
   -30.56266,     22.05835,            0,            0,            0,    0.6937108,    0.7202536
robot_79
     -30.389,    -26.09684,            0,            0,            0,    0.9827548,    0.1849132
robot_8
    13.93833,    -34.13277,            0,            0,            0,   -0.4909648,    0.8711794
robot_20
    5.960558,     33.35969,            0,            0,            0,    0.7361359,    0.6768337
robot_143
    5.952105,     20.35611,            0,            0,            0,   -0.6054243,    0.7959029
robot_138
    17.93725,      37.2655,            0,            0,            0,   -0.9304562,    0.3664033
robot_123
    13.51624,       29.991,            0,            0,            0,    0.7490764,    0.6624836
robot_193
      29.889,     10.12175,            0,            0,            0,   -0.9787182,    0.2052091
robot_187
    25.77261,      14.0896,            0,            0,            0,   -0.9745356,    0.2242328
robot_176
    25.98969,     2.024249,            0,            0,            0,    0.8199302,    0.5724635
robot_66
     30.2247,     26.02421,            0,            0,            0,    0.9546978,    0.2975772
robot_63
   -25.82535,    -6.084721,            0,            0,            0,   -0.1857753,    0.9825922
robot_31
     1.91045,    -10.61891,            0,            0,            0,    0.8827044,    0.4699287
robot_159
     21.9916,    -33.91521,            0,            0,            0,   -0.8884761,    0.4589229
robot_160
    33.95029,     36.91912,            0,            0,            0,    0.6859632,    0.7276362
robot_151
   -14.26656,     37.91528,            0,            0,            0,   -0.9291876,    0.3696084
robot_150
   -10.10723,     22.14924,            0,            0,            0,   -0.2758015,    0.9612146
robot_137
    21.91362,      -36.068,            0,            0,            0,    -0.727228,     0.686396
robot_199
    14.18587,    -17.99054,            0,            0,            0,   -0.9118095,    0.4106134
robot_54
   -34.52375,    -10.06228,            0,            0,            0,    0.9084482,    0.4179974
robot_117
    28.10436,    -37.98269,            0,            0,            0,    0.6574557,    0.7534932
robot_36
   -21.97727,    -13.81913,            0,            0,            0,    0.1831309,    0.9830885
robot_33
    37.90819,    -10.60874,            0,            0,            0,    0.9804579,    0.1967289
robot_146
    9.798501,    -13.87139,            0,            0,            0,    0.6766023,    0.7363486
robot_156
    37.91354,     15.62778,            0,            0,            0,    0.0243739,    0.9997029
robot_112
    21.32521,    -14.01161,            0,            0,            0,   -0.7615914,    0.6480576
robot_19
    22.72739,    -26.01357,            0,            0,            0,    0.2378493,    0.9713021
robot_141
   -15.70349,    -38.00541,            0,            0,            0,    0.6317762,    0.7751508
robot_35
   -13.57877,    -22.04003,            0,            0,            0,    -0.371286,    0.9285186
robot_184
    9.754233,     5.834809,            0,            0,            0,    -0.850188,    0.5264792
robot_98
   -29.29903,     13.98003,            0,            0,            0,   -0.9590613,    0.2831985
robot_100
    -6.06096,    -5.388209,            0,            0,            0,     0.996165,   0.08749406
robot_164
    2.011304,    -33.77879,            0,            0,            0,    0.9906875,    0.1361555
robot_59
    2.003728,     10.15935,            0,            0,            0,    -0.495116,    0.8688269
robot_144
    3.937787,     34.02358,            0,            0,            0,   -0.6298205,    0.7767408
robot_101
   -19.25148,    -2.011277,            0,            0,            0,    0.9515456,    0.3075076
robot_161
    25.45062,     26.06628,            0,            0,            0,    0.1549258,    0.9879261
robot_149
    1.833678,      18.2037,            0,            0,            0,    0.1177782,    0.9930399
robot_86
    25.95674,    -13.89901,            0,            0,            0,    0.7538494,    0.6570472
robot_191
    13.64608,     1.942318,            0,            0,            0,   -0.9503334,    0.3112338
robot_126
   -36.79617,      10.0254,            0,            0,            0,    0.4527396,    0.8916428
robot_190
   -18.05172,     19.87855,            0,            0,            0,   -0.8563377,    0.5164162
robot_131
    9.921014,    -18.90759,            0,            0,            0,   -0.4986362,    0.8668113
robot_154
   -34.09719,    -34.49492,            0,            0,            0,    0.6676932,    0.7444366
robot_9
   -22.04139,     15.78908,            0,            0,            0,   -0.8120887,     0.583534
robot_27
    6.088981,    -6.159755,            0,            0,            0,    0.9812975,    0.1924973
robot_34
    1.916661,    -26.37983,            0,            0,            0,   -0.7186524,    0.6953695
robot_114
   -25.99384,     34.22724,            0,            0,            0,   -0.8402558,    0.5421902
robot_51
   -34.06156,    -23.82293,            0,            0,            0,    0.9994685,   0.03259888
robot_108
    37.90924,     23.21689,            0,            0,            0,    0.9950562,   0.09931365
robot_147
    30.70544,     2.032024,            0,            0,            0,   -0.9988808,   0.04729751
robot_183
   -14.03835,    -36.63017,            0,            0,            0,    0.8352307,    0.5498997
robot_48
   -26.03709,     10.81872,            0,            0,            0,   -0.3765971,    0.9263771
robot_60
    5.950417,    -14.24904,            0,            0,            0,   -0.4651885,    0.8852116
robot_75
   -14.08672,    -25.52038,            0,            0,            0,    0.1988985,    0.9800201
robot_152
    -26.5778,    -26.00868,            0,            0,            0,    0.8470378,    0.5315327
robot_26
    2.006994,     30.17041,            0,            0,            0,    0.8919982,     0.452039
robot_182
    33.55813,     21.90404,            0,            0,            0,    -0.940132,    0.3408106
robot_172
    9.966741,    -8.676935,            0,            0,            0,   -0.2255714,    0.9742266
robot_43
   -30.09044,     19.30636,            0,            0,            0,    0.9691386,    0.2465166
robot_170
   -5.624633,    -34.05927,            0,            0,            0,    0.5892243,    0.8079695
robot_177
    13.85572,    -1.825141,            0,            0,            0,    -0.804022,    0.5945995
robot_80
   -10.09489,    -26.25026,            0,            0,            0,   -0.2506159,    0.9680866
robot_16
   -26.13233,    -2.106363,            0,            0,            0,   -0.4871533,    0.8733165
robot_13
    37.95198,     -30.6251,            0,            0,            0,   -0.9921406,    0.1251278
robot_178
    9.931066,    -1.156284,            0,            0,            0,    0.6574859,    0.7534668
robot_88
   -26.03721,    -20.52202,            0,            0,            0,   0.02820582,    0.9996021
robot_194
   -21.98037,     33.89288,            0,            0,            0,   -0.5138366,    0.8578881
robot_29
    12.39376,     21.97783,            0,            0,            0,   -0.7758707,    0.6308919
robot_92
   -11.43723,     9.975512,            0,            0,            0,    0.7998573,    0.6001902
robot_87
    17.58578,    -13.95937,            0,            0,            0,    0.9921741,    0.1248624
robot_68
   -14.15474,     10.09821,            0,            0,            0,    0.7807753,     0.624812
robot_22
   -9.968436,     5.924584,            0,            0,            0,    0.6306399,    0.7760756
robot_38
   -9.830333,    -2.018141,            0,            0,            0,    0.9998649,   0.01643711
robot_2
    9.936356,     12.96373,            0,            0,            0,   -0.6696837,    0.7426465
robot_110
   -5.969013,    -21.81711,            0,            0,            0,    -0.626821,    0.7791633
robot_14
   -14.07465,     22.57432,            0,            0,            0,    0.2755703,    0.9612809
robot_181
   -29.99575,    -34.31963,            0,            0,            0,   -0.9940903,    0.1085567
robot_61
   -1.760363,    -18.04638,            0,            0,            0,     0.950524,    0.3106513
robot_30
   -33.27459,    -14.00737,            0,            0,            0,    0.8411243,    0.5408418
robot_122
    5.933964,    -26.18184,            0,            0,            0,    0.9788992,    0.2043436
robot_132
    14.05076,     6.079559,            0,            0,            0,    0.6942541,      0.71973
robot_45
   -29.99399,     37.87354,            0,            0,            0,   -0.9983819,   0.05686413
robot_21
   -19.19655,    -9.995377,            0,            0,            0,    0.3187542,    0.9478374
robot_39
   -6.322165,    -1.982882,            0,            0,            0,   0.01580674,    0.9998751
robot_134
   -6.072076,    -25.48652,            0,            0,            0,    0.2890657,    0.9573093
robot_15
    29.27758,     38.02287,            0,            0,            0,   -0.9394494,    0.3426877
robot_145
   -1.970353,     21.92824,            0,            0,            0,   -0.9092521,    0.4162458
robot_140
    25.69657,    -37.97525,            0,            0,            0,    0.3219087,    0.9467707
robot_196
    21.90855,    -19.12957,            0,            0,            0,   -0.9987555,   0.04987336
robot_188
   -24.33842,    -38.02713,            0,            0,            0,   -0.9743783,    0.2249156
robot_4
   -18.03944,     11.20558,            0,            0,            0,    0.8886151,    0.4586537
robot_155
    3.916598,     29.99656,            0,            0,            0,    0.7262121,    0.6874708
robot_135
    6.021507,     -30.0651,            0,            0,            0,      0.88775,    0.4603259
robot_93
    25.93182,     20.17171,            0,            0,            0,    0.7608956,    0.6488743
robot_111
    10.21663,     33.98108,            0,            0,            0,     0.625725,    0.7800437
robot_0
    37.03059,     -5.96689,            0,            0,            0,    0.7568653,    0.6535708
robot_49
    1.932936,     20.12961,            0,            0,            0,    0.9791989,    0.2029029
robot_113
   -22.03374,     12.82989,            0,            0,            0,    0.1838764,    0.9829494
robot_94
    17.95203,    -35.60272,            0,            0,            0,   -0.8924195,    0.4512066
robot_40
   -4.309502,     18.02291,            0,            0,            0,   -0.7608212,    0.6489616
robot_103
    37.68418,     30.01892,            0,            0,            0,    0.8723538,    0.4888751
robot_6
   -29.86516,    -6.141443,            0,            0,            0,    0.3398661,    0.9404738
robot_71
   -34.36365,    -25.98694,            0,            0,            0,    0.7354024,    0.6776306
robot_17
   -10.04685,    -11.60957,            0,            0,            0,     0.996606,    0.0823193
robot_120
    29.86108,    -34.03964,            0,            0,            0,    0.3532257,    0.9355381
robot_189
    -24.4122,    -17.98814,            0,            0,            0,   -0.8822713,    0.4707413
robot_148
    29.92839,     13.52777,            0,            0,            0,   -0.8495715,    0.5274734
robot_186
    -38.0369,    -32.32571,            0,            0,            0,      0.97717,    0.2124587
