tuw_multi_robot_msgs::RobotGoalsArray @1970-01-01T00:51:03
frame_id: map
        3063,            0
robot_84
    30.00522,    -18.29671,            0,            0,            0,   -0.9526855,    0.3039579
robot_116
    33.96513,     23.80149,            0,            0,            0,    0.4910256,    0.8711452
robot_74
    21.96684,     32.31234,            0,            0,            0,    0.9908939,    0.1346449
robot_41
    1.304304,     21.97508,            0,            0,            0,      0.96757,    0.2526029
robot_125
   -31.86991,     30.00972,            0,            0,            0,    0.4266439,    0.9044197
robot_136
   -6.090943,    -9.759575,            0,            0,            0,    0.9248746,    0.3802723
robot_173
   -29.99462,    -30.30975,            0,            0,            0,   -0.6576749,    0.7533019
robot_67
    18.39469,     25.99234,            0,            0,            0,    0.6966072,    0.7174527
robot_197
   -5.902845,     -6.18766,            0,            0,            0,   -0.5445905,    0.8387021
robot_119
   -14.07035,     5.137521,            0,            0,            0,     0.928112,    0.3723011
robot_82
    30.50157,     17.99033,            0,            0,            0,    0.5866647,      0.80983
robot_77
   -34.01435,    -33.68329,            0,            0,            0,   -0.4302833,    0.9026939
robot_5
    30.46564,      34.0055,            0,            0,            0,    0.9752019,    0.2213173
robot_133
   -2.051927,    -19.76548,            0,            0,            0,   -0.8417734,     0.539831
robot_99
   -26.60769,     33.98975,            0,            0,            0,   -0.9996623,   0.02598732
robot_171
   -22.03342,    -11.31691,            0,            0,            0,   -0.8452221,    0.5344153
robot_180
    -13.1372,     30.00253,            0,            0,            0,   -0.4490287,    0.8935173
robot_56
    25.92755,     -22.8655,            0,            0,            0,   -0.9858085,    0.1678739
robot_3
   -18.06274,     33.29486,            0,            0,            0,    0.9950839,   0.09903566
robot_81
    10.13637,     37.84831,            0,            0,            0,   -0.7805389,    0.6251072
robot_167
     25.9262,     36.29436,            0,            0,            0,   -0.9804928,    0.1965549
robot_25
    5.986224,     37.90734,            0,            0,            0,    0.9903732,    0.1384227
robot_168
    18.83111,    -1.985567,            0,            0,            0,    0.9095328,    0.4156321
robot_96
   -18.07349,     19.42442,            0,            0,            0,   -0.9867983,    0.1619543
robot_166
   -38.06863,    -9.041729,            0,            0,            0,    0.9693675,    0.2456149
robot_102
   -22.08114,    -20.17863,            0,            0,            0,    0.6155699,    0.7880823
robot_192
   -30.06881,    -26.38151,            0,            0,            0,    0.8631021,    0.5050295
robot_179
   -18.07691,       15.278,            0,            0,            0,    0.8630756,    0.5050747
robot_142
    9.985197,     -25.8396,            0,            0,            0,    0.9648341,    0.2628594
robot_1
    3.576042,    -6.028035,            0,            0,            0,   -0.7369671,    0.6759286
robot_44
   -34.04996,    -14.44187,            0,            0,            0,    0.9245185,    0.3811373
robot_163
    1.906439,     10.54172,            0,            0,            0,   -0.8447979,    0.5350855
robot_79
    5.913662,     25.94456,            0,            0,            0,   0.08520123,    0.9963638
robot_8
     37.8551,    -29.94378,            0,            0,            0,   -0.9803777,    0.1971285
robot_20
    28.51972,     9.996749,            0,            0,            0,   -0.3741648,    0.9273622
robot_143
   -38.15091,    -25.83202,            0,            0,            0,    0.6971388,    0.7169362
robot_138
   -6.172191,     5.860719,            0,            0,            0,  -0.05687368,    0.9983814
robot_123
   -14.22321,     22.04603,            0,            0,            0,   -0.1107144,    0.9938523
robot_193
    -2.04966,    -6.976033,            0,            0,            0,   -0.6521749,    0.7580685
robot_187
    9.964735,     33.45779,            0,            0,            0,   0.05890483,    0.9982636
robot_176
    14.40002,    -21.97454,            0,            0,            0,   -0.8233496,    0.5675346
robot_66
     13.8372,    -25.68107,            0,            0,            0,    0.3557001,    0.9346001
robot_63
    13.94894,     25.42357,            0,            0,            0,    0.9580639,    0.2865545
robot_31
   -6.343592,     25.96497,            0,            0,            0,   -0.9774836,    0.2110112
robot_159
    7.802868,    -33.98545,            0,            0,            0,   -0.9864183,    0.1642526
robot_160
   -26.14806,     1.820374,            0,            0,            0,   -0.5226674,    0.8525366
robot_151
   -7.541925,    -30.00293,            0,            0,            0,    0.8310662,    0.5561735
robot_150
    13.95823,     33.99047,            0,            0,            0,    -0.980538,    0.1963295
robot_137
    -1.42438,    -33.97706,            0,            0,            0,      0.98396,    0.1783895
robot_199
    9.547265,      22.0002,            0,            0,            0,   -0.9019926,    0.4317515
robot_54
   -38.08024,    -12.47089,            0,            0,            0,    0.9608308,    0.2771358
robot_117
    37.67559,      6.09326,            0,            0,            0,   -0.3378682,    0.9411934
robot_36
   -12.83334,     17.99057,            0,            0,            0,   -0.2107114,    0.9775483
robot_33
   -10.08974,     27.20288,            0,            0,            0,    -0.854669,    0.5191732
robot_146
    25.93391,    -18.57666,            0,            0,            0,   0.05108508,    0.9986943
robot_156
    4.362251,     30.01186,            0,            0,            0,    0.3970169,    0.9178113
robot_112
    21.82946,     25.90744,            0,            0,            0,    0.7822689,    0.6229409
robot_19
    1.940109,    -15.03884,            0,            0,            0,    0.8869645,    0.4618376
robot_141
     29.8824,     -10.1746,            0,            0,            0,    0.6861545,    0.7274559
robot_35
   -29.96451,    -22.20564,            0,            0,            0,     0.652751,    0.7575726
