tuw_multi_robot_msgs::RobotGoalsArray @1970-01-01T01:36:20.600000
frame_id: map
        5780,    600000000
robot_84
   -18.06733,     15.06729,            0,            0,            0,   -0.1899061,    0.9818023
robot_116
   -11.06973,    -26.00372,            0,            0,            0,    0.4410776,     0.897469
robot_74
    12.14837,     -30.0182,            0,            0,            0,    0.1422056,    0.9898371
robot_41
   -25.95843,     30.18654,            0,            0,            0,    0.4922352,    0.8704622
robot_125
    2.098576,    -33.90741,            0,            0,            0,    0.2031935,    0.9791386
robot_136
   -29.86467,     1.901756,            0,            0,            0,  -0.04037266,    0.9991847
robot_173
    12.95935,      33.9922,            0,            0,            0,     -0.19966,    0.9798652
robot_67
   -2.120699,    -30.08037,            0,            0,            0,    0.9184979,    0.3954258
robot_197
    33.81547,     29.81082,            0,            0,            0,   -0.9997839,   0.02078864
robot_119
    5.148358,    -33.99864,            0,            0,            0,    0.4621375,    0.8868083
robot_82
    29.92781,     25.07114,            0,            0,            0,    0.9972778,    0.0737354
robot_77
   -34.03144,      5.66624,            0,            0,            0,   -0.7898274,    0.6133292
robot_5
    9.915325,     18.66382,            0,            0,            0,   -0.5655729,    0.8246983
robot_133
    22.00871,      25.9359,            0,            0,            0,   -0.9365968,    0.3504088
robot_99
    -2.03939,    -19.91677,            0,            0,            0,     0.948997,    0.3152851
robot_171
     -37.398,    -25.98171,            0,            0,            0,   -0.5537697,    0.8326699
robot_180
    34.84674,    -13.99164,            0,            0,            0,   -0.7815775,    0.6238081
robot_56
    -27.4339,     37.98702,            0,            0,            0,   -0.5692816,    0.8221426
robot_3
    37.90816,     -19.8083,            0,            0,            0,    0.5308568,    0.8474615
robot_81
     1.52527,    -13.98261,            0,            0,            0,    0.1550448,    0.9879074
robot_167
    -14.3033,      -18.035,            0,            0,            0,    0.8399317,    0.5426922
robot_25
   -30.26641,     37.83914,            0,            0,            0,   -0.9737244,    0.2277296
robot_168
   -14.11839,     14.11557,            0,            0,            0,   -0.4625112,    0.8866134
robot_96
   -14.08801,    -9.052991,            0,            0,            0,   -0.9722015,    0.2341456
robot_166
    9.989606,      1.85993,            0,            0,            0,    0.2537189,     0.967278
robot_102
    29.48925,     -25.9878,            0,            0,            0,  -0.08019918,    0.9967789
robot_192
    17.94709,     34.86578,            0,            0,            0,   -0.3642579,    0.9312981
robot_179
    30.40911,     13.95723,            0,            0,            0,   -0.2457626,      0.96933
robot_142
    21.91489,    -30.23944,            0,            0,            0,    -0.338239,    0.9410602
robot_1
    27.85308,    -38.00715,            0,            0,            0,    -0.639831,    0.7685157
robot_44
      1.8403,     13.81996,            0,            0,            0,    0.9948236,    0.1016172
robot_163
    16.21606,    -2.010732,            0,            0,            0,    0.9662052,     0.257774
robot_79
   -14.04594,    -4.909548,            0,            0,            0,   -0.8063107,    0.5914923
robot_8
   -24.10855,     34.00055,            0,            0,            0,  -0.08363556,    0.9964964
robot_20
   -2.038731,     25.69035,            0,            0,            0,    0.9189458,     0.394384
robot_143
    6.426987,    -30.00531,            0,            0,            0,   -0.4413512,    0.8973344
robot_138
   -34.04177,     38.28396,            0,            0,            0,   -0.7784451,    0.6277126
robot_123
    13.35376,    -14.02335,            0,            0,            0,   -0.9943066,    0.1065567
robot_193
    17.96522,     11.71379,            0,            0,            0,   -0.9999594,  0.009009979
robot_187
    30.02758,     34.22868,            0,            0,            0,   -0.9499687,    0.3123452
robot_176
   -30.96445,    -6.002242,            0,            0,            0,   -0.9997534,   0.02220528
robot_66
    29.91396,    -18.39977,            0,            0,            0,    0.3137096,     0.949519
robot_63
     9.96129,     -27.4608,            0,            0,            0,    -0.470145,    0.8825892
robot_31
    -10.0452,    -7.809953,            0,            0,            0,   -0.6093795,    0.7928787
robot_159
      17.368,     29.97661,            0,            0,            0,   -0.5545167,    0.8321726
robot_160
   -10.06676,     3.613969,            0,            0,            0,   -0.9259936,    0.3775392
robot_151
     18.2595,      18.0126,            0,            0,            0,   0.08841879,    0.9960834
robot_150
   -26.13696,      14.2778,            0,            0,            0,    0.5716936,    0.8204672
robot_137
   -2.064257,     19.07385,            0,            0,            0,   -0.5669204,    0.8237725
robot_199
    31.51136,     1.998397,            0,            0,            0,    0.8494365,    0.5276908
robot_54
    30.00163,     21.64221,            0,            0,            0,     0.980375,    0.1971418
robot_117
   -38.08482,    -10.89306,            0,            0,            0,    0.9197929,    0.3924043
robot_36
    17.91905,    -25.82521,            0,            0,            0,    -0.390025,    0.9208043
robot_33
    9.909921,    -39.40696,            0,            0,            0,   -0.3773286,    0.9260795
robot_146
    27.16117,     13.99795,            0,            0,            0,   -0.8208059,    0.5712072
robot_156
   -6.052104,    -25.93027,            0,            0,            0,    0.9687586,    0.2480054
robot_112
    16.27729,    -22.00472,            0,            0,            0,    0.6504337,     0.759563
robot_19
   -33.83474,     -37.8434,            0,            0,            0,    0.6971409,    0.7169341
robot_141
    37.96605,       11.402,            0,            0,            0,    0.7701128,    0.6379077
robot_35
    9.939366,     10.38746,            0,            0,            0,    0.8290121,    0.5592307
robot_184
   -38.04298,     25.76721,            0,            0,            0,   -0.3260475,    0.9453534
robot_98
    12.60857,     6.006023,            0,            0,            0,    0.5589467,    0.8292036
robot_100
    34.44523,    -21.99002,            0,            0,            0,   -0.5302395,    0.8478479
robot_164
    19.36107,    -13.96861,            0,            0,            0,    0.5062648,    0.8623781
robot_59
    -30.0358,     34.98213,            0,            0,            0,   0.07051198,    0.9975109
robot_144
    34.24288,      -17.901,            0,            0,            0,   -0.3808997,    0.9246164
robot_101
   -6.279735,     22.16585,            0,            0,            0,   -0.5299834,     0.848008
robot_161
    13.91857,     8.920356,            0,            0,            0,   -0.9928679,    0.1192197
robot_149
    35.42044,     9.986044,            0,            0,            0,   -0.8589989,    0.5119775
robot_86
   -31.54212,      17.9879,            0,            0,            0,    0.8103509,    0.5859449
robot_191
   -2.062147,    -9.636375,            0,            0,            0,    0.4131062,    0.9106829
robot_126
    29.94086,     27.42539,            0,            0,            0,   -0.8340647,    0.5516666
robot_190
   -5.616585,    -17.90958,            0,            0,            0,    0.2430669,    0.9700095
robot_131
   -21.60024,     26.01679,            0,            0,            0,    0.2110481,    0.9774757
robot_154
    1.834246,     29.72919,            0,            0,            0,     0.598452,    0.8011586
robot_9
   -2.035791,     9.287126,            0,            0,            0,   -0.8962643,    0.4435204
robot_27
   -30.04511,     32.09795,            0,            0,            0,    0.3126186,    0.9498787
robot_34
   -30.93172,    -37.98713,            0,            0,            0,    0.2435568,    0.9698866
robot_114
   -12.15605,    -21.99433,            0,            0,            0,   -0.3066561,    0.9518204
robot_51
     28.5535,    -14.01082,            0,            0,            0,   -0.6072438,    0.7945156
robot_108
   -36.25321,     29.99603,            0,            0,            0,    0.8542575,    0.5198502
robot_147
   -14.84862,    -1.967135,            0,            0,            0,    0.5348339,    0.8449572
robot_183
   -22.00804,    -17.73695,            0,            0,            0,    0.2834563,    0.9589852
robot_48
    25.79115,    -37.81285,            0,            0,            0,    0.1090103,    0.9940406
robot_60
     2.38927,     17.92942,            0,            0,            0,    0.9658135,    0.2592379
robot_75
   -6.041915,     34.99377,            0,            0,            0,   -0.3471284,    0.9378176
robot_152
     6.09264,     6.013988,            0,            0,            0,    0.9182029,    0.3961104
robot_26
    21.97118,     29.80717,            0,            0,            0,    0.6196381,    0.7848877
robot_182
   -26.07652,     11.32907,            0,            0,            0,    0.9205749,     0.390566
robot_172
   -30.09608,    -24.02908,            0,            0,            0,   -0.9991043,   0.04231555
robot_43
   -21.86362,     1.857071,            0,            0,            0,   -0.8882233,    0.4594121
robot_170
    6.561518,    -26.01822,            0,            0,            0,   -0.9901014,    0.1403542
robot_177
    37.94165,     24.87239,            0,            0,            0,   -0.6604653,    0.7508565
robot_80
     38.0275,     13.84424,            0,            0,            0,    0.8547504,    0.5190392
robot_16
    -29.4464,     5.982361,            0,            0,            0,    0.9764075,    0.2159362
robot_13
     25.5617,    -22.02642,            0,            0,            0,     0.241334,    0.9704421
robot_178
    18.01176,    -38.36592,            0,            0,            0,    0.9871892,    0.1595542
robot_88
   -30.04841,     11.04419,            0,            0,            0,    0.8683771,    0.4959044
robot_194
     27.0012,     18.01712,            0,            0,            0,   -0.9427191,    0.3335875
robot_29
    1.695024,    -26.04422,            0,            0,            0,      0.89019,    0.4555894
robot_92
   -30.04681,   -0.9206833,            0,            0,            0,   -0.9585865,    0.2848017
robot_87
   -10.29126,     21.98193,            0,            0,            0,    0.1762554,    0.9843445
robot_68
    13.05888,    -18.01175,            0,            0,            0,   -0.9967575,   0.08046479
robot_22
    18.10839,    -9.991552,            0,            0,            0,   -0.9999213,   0.01254464
robot_38
   -11.47447,     10.02666,            0,            0,            0,    0.6495049,    0.7603574
robot_2
    13.46399,    -21.97751,            0,            0,            0,   -0.8997785,     0.436347
robot_110
    -19.2615,     1.989773,            0,            0,            0,   -0.4873297,    0.8732181
robot_14
   -13.98942,    -26.17532,            0,            0,            0,    0.4542034,     0.890898
robot_181
    37.91855,     16.44091,            0,            0,            0,    -0.577507,    0.8163858
robot_61
   -32.38541,      33.9988,            0,            0,            0,    0.3456762,    0.9383539
robot_30
   -30.25245,    -30.09626,            0,            0,            0,    0.9707358,    0.2401499
robot_122
     21.9392,     34.17066,            0,            0,            0,    -0.628367,    0.7779171
robot_132
   -10.36812,     33.90846,            0,            0,            0,   0.06341063,    0.9979875
robot_45
   -16.96264,     25.99183,            0,            0,            0,    0.5756829,    0.8176731
robot_21
   -6.089773,    -37.64891,            0,            0,            0,    0.9990565,   0.04342937
robot_39
    30.03098,     5.714914,            0,            0,            0,    0.7728944,    0.6345347
robot_134
    37.93163,    -11.17238,            0,            0,            0,    0.2572086,    0.9663559
robot_15
        1.84,     9.960753,            0,            0,            0,  -0.06364566,    0.9979726
robot_145
   -1.223288,     13.98138,            0,            0,            0,    0.9048438,    0.4257437
robot_140
    7.514271,     26.01595,            0,            0,            0,    0.5449669,    0.8384576
robot_196
    -21.7629,     10.09083,            0,            0,            0,     0.547159,    0.8370287
robot_188
   -29.80123,    -13.90042,            0,            0,            0,    0.3596405,    0.9330909
robot_4
    26.23851,    -18.07779,            0,            0,            0,    0.4692206,     0.883081
robot_155
    7.374562,     22.03358,            0,            0,            0, -0.006028843,    0.9999818
robot_135
   -33.68091,    -18.00465,            0,            0,            0,    0.8512033,    0.5248362
robot_93
   -38.04281,    -7.384485,            0,            0,            0,   -0.9917684,    0.1280451
robot_111
     36.9789,      33.9885,            0,            0,            0,   -0.6253508,    0.7803437
robot_0
    21.51002,    -38.06373,            0,            0,            0,    0.9934152,    0.1145697
robot_49
    1.911588,    -16.54335,            0,            0,            0,    0.8532621,    0.5214824
robot_113
   -5.996934,     10.30456,            0,            0,            0,     0.936749,     0.350002
robot_94
    17.94458,    0.8821839,            0,            0,            0,    0.7724147,    0.6351185
robot_40
    5.644479,    -6.001698,            0,            0,            0,   -0.1276188,    0.9918233
robot_103
   -2.416319,     33.94688,            0,            0,            0,    0.9857061,    0.1684742
robot_6
   -6.062205,    -1.746594,            0,            0,            0,    0.5246623,    0.8513104
robot_71
   -7.684819,    -34.00556,            0,            0,            0,   -0.3973515,    0.9176665
robot_17
    1.923366,     27.14079,            0,            0,            0,   -0.7214562,    0.6924601
robot_120
   -22.08249,    -31.14194,            0,            0,            0,    0.1013822,    0.9948475
robot_189
   -27.26051,     34.02683,            0,            0,            0,    0.9498825,     0.312607
robot_148
   -10.15102,    -22.32516,            0,            0,            0,    -0.997608,   0.06912448
robot_186
   -34.04689,     3.149537,            0,            0,            0,   -0.7249043,    0.6888495
