tuw_multi_robot_msgs::RobotGoalsArray @1970-01-01T01:22:46.800000
frame_id: map
        4966,    800000000
robot_84
   -29.69028,     18.09291,            0,            0,            0,   -0.2390283,    0.9710126
robot_116
    1.929894,     21.53778,            0,            0,            0,    0.8940681,     0.447931
robot_74
    13.98282,     22.27843,            0,            0,            0,   -0.2814468,    0.9595768
robot_41
   -30.94681,    -5.985643,            0,            0,            0,    0.8213753,    0.5703881
robot_125
    -18.0562,     10.69515,            0,            0,            0,     0.665837,    0.7460972
robot_136
    33.94452,     18.19327,            0,            0,            0,   -0.2492623,     0.968436
robot_173
   -6.138165,     30.29615,            0,            0,            0,   -0.9826367,    0.1855401
robot_67
    17.63875,    -22.03026,            0,            0,            0,   -0.4207056,    0.9071972
robot_197
   -22.04764,     38.55513,            0,            0,            0,    0.8069192,    0.5906619
robot_119
   -9.135467,     1.998135,            0,            0,            0,   -0.2183576,    0.9758688
