tuw_multi_robot_msgs::RobotGoalsArray @1970-01-01T01:13:54.300000
frame_id: map
        4434,    300000000
robot_84
     -14.097,     9.223966,            0,            0,            0,   -0.7698301,    0.6382489
robot_116
   -17.49276,    -14.00075,            0,            0,            0,    -0.968542,    0.2488503
robot_74
     29.9111,     14.75107,            0,            0,            0,    0.9784722,    0.2063787
robot_41
   -22.54848,      13.9019,            0,            0,            0,   -0.8531555,    0.5216566
robot_125
    21.92784,    -3.747606,            0,            0,            0,   -0.6254556,    0.7802598
robot_136
   -21.81151,    -10.08791,            0,            0,            0,    0.6063306,    0.7952127
robot_173
    37.88398,     21.97529,            0,            0,            0, -0.009464593,    0.9999552
robot_67
    29.94022,    -3.672005,            0,            0,            0,   -0.5902329,     0.807233
robot_197
    20.57178,     25.97419,            0,            0,            0,   -0.7736946,    0.6335588
robot_119
    25.78098,     33.93055,            0,            0,            0,   -0.5103488,    0.8599675
robot_82
   -26.06724,     5.952824,            0,            0,            0,    0.9299396,    0.3677123
robot_77
    10.05742,    -1.938435,            0,            0,            0,    0.9950233,   0.09964247
robot_5
     28.2319,    -10.00795,            0,            0,            0,    0.9875996,    0.1569935
robot_133
    33.95518,     21.07417,            0,            0,            0,    -0.200853,    0.9796214
robot_99
    13.96552,    -35.99406,            0,            0,            0,    0.5978969,     0.801573
robot_171
    25.91778,    -13.11865,            0,            0,            0,   -0.2952554,    0.9554184
robot_180
    6.086493,     6.141807,            0,            0,            0,   -0.5808469,    0.8140128
robot_56
    26.01678,    -5.772973,            0,            0,            0,   -0.4591317,    0.8883682
robot_3
    13.56576,      25.9978,            0,            0,            0,    -0.831028,    0.5562306
robot_81
   -4.494344,    -18.00422,            0,            0,            0,    0.9970001,   0.07739974
robot_167
   -32.95694,    -17.96973,            0,            0,            0,     0.922789,    0.3853057
robot_25
    8.310706,      29.9701,            0,            0,            0,    0.6560064,    0.7547553
robot_168
     18.0527,     6.055228,            0,            0,            0,    0.9706269,    0.2405898
robot_96
    5.560658,     30.08841,            0,            0,            0,   -0.6398553,    0.7684954
robot_166
   -18.03848,    -25.30014,            0,            0,            0,   -0.9932632,    0.1158803
robot_102
    25.91535,   -0.1187971,            0,            0,            0,     0.947182,    0.3206964
robot_192
   -22.07211,     5.647929,            0,            0,            0,    0.4621309,    0.8868117
robot_179
   -2.139255,     17.85104,            0,            0,            0,  -0.02261771,    0.9997442
robot_142
   -35.97833,    -18.02652,            0,            0,            0,    0.4686122,     0.883404
robot_1
    29.90653,    -30.20335,            0,            0,            0,    0.3317113,     0.943381
robot_44
   -13.99004,    -2.219151,            0,            0,            0,    0.7056013,     0.708609
robot_163
    9.921687,      17.6602,            0,            0,            0,    0.9801523,    0.1982461
robot_79
   -30.13185,     5.964295,            0,            0,            0,    0.0787944,    0.9968909
robot_8
    33.96145,     32.33007,            0,            0,            0,   -0.6205936,    0.7841324
robot_20
    17.95619,    -32.61601,            0,            0,            0,   -0.7376306,    0.6752045
robot_143
   -10.05062,     37.16968,            0,            0,            0,   -0.1407245,    0.9900488
robot_138
  -0.2859966,    -13.97868,            0,            0,            0,   0.08824576,    0.9960987
robot_123
    13.91643,     20.55991,            0,            0,            0,   -0.4635825,    0.8860537
robot_193
   -34.09594,     28.50666,            0,            0,            0,    0.9804055,    0.1969899
robot_187
    13.92976,    -18.59082,            0,            0,            0,   -0.9539809,    0.2998673
robot_176
    5.932899,    -16.38754,            0,            0,            0,    0.4828676,    0.8756934
robot_66
   -26.08066,    -3.398677,            0,            0,            0,    0.9997008,   0.02445901
robot_63
    2.195627,    -26.05101,            0,            0,            0,   -0.9983399,   0.05759698
robot_31
    11.71278,    -22.01809,            0,            0,            0,   -0.7912774,    0.6114573
robot_159
   -21.85244,     34.05849,            0,            0,            0,    0.9999914,  0.004153687
robot_160
    25.04024,     -30.0139,            0,            0,            0,    0.3435062,    0.9391504
robot_151
   -12.33931,    -30.00841,            0,            0,            0,   -0.9137574,    0.4062604
robot_150
    22.01942,    -38.21714,            0,            0,            0,   0.02186717,    0.9997609
robot_137
     13.9308,    -13.30887,            0,            0,            0,   -0.1783964,    0.9839587
robot_199
    37.76855,     30.11326,            0,            0,            0,    0.5451263,    0.8383539
robot_54
    1.859867,      13.7198,            0,            0,            0,    0.7642961,    0.6448655
robot_117
   -10.12984,    -18.01607,            0,            0,            0,     0.999278,   0.03799376
robot_36
    13.85497,    -2.065881,            0,            0,            0,    0.9588997,    0.2837454
robot_33
    38.46663,     -10.0281,            0,            0,            0,   -0.9227025,    0.3855127
robot_146
    -18.0636,     26.30353,            0,            0,            0,   -0.6674517,    0.7446531
robot_156
    14.12568,     10.10464,            0,            0,            0,   -0.4831496,    0.8755378
robot_112
   -6.121067,    -22.16663,            0,            0,            0,   -0.9911334,    0.1328708
robot_19
    5.929265,     22.17629,            0,            0,            0,    0.7394527,    0.6732085
robot_141
    13.94351,     7.726237,            0,            0,            0,   -0.3641724,    0.9313315
robot_35
   -10.18752,     30.19741,            0,            0,            0,    0.5703593,    0.8213953
robot_184
   -10.39654,    -14.07323,            0,            0,            0,   -0.9756169,    0.2194805
robot_98
    20.48438,    -29.99819,            0,            0,            0,   -0.4543932,    0.8908012
robot_100
   -2.069938,    -32.01327,            0,            0,            0,   0.05379631,    0.9985519
robot_164
   -30.03305,    -34.10372,            0,            0,            0,   -0.5850669,    0.8109851
robot_59
   -18.00406,     37.89329,            0,            0,            0,   -0.2534093,    0.9673592
robot_144
     27.0904,    -26.00842,            0,            0,            0,   -0.5655297,    0.8247279
robot_101
   -31.35528,       30.007,            0,            0,            0,   0.09400035,    0.9955722
robot_161
   -33.89183,    -9.932905,            0,            0,            0,   -0.6375643,    0.7703971
robot_149
    25.93421,     9.693531,            0,            0,            0,     0.864932,     0.501889
robot_86
   -29.71092,    -5.925697,            0,            0,            0,    0.9996134,   0.02780501
robot_191
     -32.593,    -5.993946,            0,            0,            0,   -0.9320758,    0.3622633
robot_126
    21.90118,     21.59455,            0,            0,            0,   -0.8010589,    0.5985856
robot_190
    -14.4974,    -33.90663,            0,            0,            0, -0.002193586,    0.9999976
robot_131
    22.41266,    -26.01981,            0,            0,            0,   -0.9047736,     0.425893
robot_154
    19.92123,    -6.009119,            0,            0,            0,    -0.717521,    0.6965369
robot_9
    9.122921,     33.98593,            0,            0,            0,   -0.9092344,    0.4162846
robot_27
    33.95886,    -36.36319,            0,            0,            0,    0.8149783,    0.5794915
robot_34
     5.92188,     20.17649,            0,            0,            0,   -0.2061244,    0.9785258
robot_114
    17.94034,     9.568374,            0,            0,            0,    0.7200026,    0.6939713
robot_51
   -29.52807,    -1.986879,            0,            0,            0,    0.7528664,    0.6581733
