tuw_multi_robot_msgs::RobotGoalsArray @1970-01-01T01:25:50.200000
frame_id: map
        5150,    200000000
robot_84
   -37.10371,    -13.99886,            0,            0,            0,    0.6972128,    0.7168643
robot_116
   -2.722946,     21.98613,            0,            0,            0,   -0.9659087,     0.258883
robot_74
    33.81626,     26.11445,            0,            0,            0,   -0.4123525,    0.9110244
robot_41
   -1.265982,    -14.00841,            0,            0,            0,   -0.1901174,    0.9817614
robot_125
    14.32997,    -2.074519,            0,            0,            0,    0.2907852,    0.9567884
robot_136
    22.34463,    -37.96302,            0,            0,            0,   -0.9830696,    0.1832326
robot_173
    22.85296,     25.98926,            0,            0,            0,  -0.08748974,    0.9961654
robot_67
   -38.53039,      26.0806,            0,            0,            0,   -0.8282754,    0.5603212
robot_197
   -2.560129,     26.07169,            0,            0,            0,    0.9877262,    0.1561954
robot_119
    6.078461,     6.054209,            0,            0,            0,    0.4352395,    0.9003147
