tuw_multi_robot_msgs::RobotGoalsArray @1970-01-01T01:28:11.700000
frame_id: map
        5291,    700000000
robot_84
   -30.14143,     14.33107,            0,            0,            0,   -0.1655724,    0.9861976
robot_116
    5.613162,     14.01784,            0,            0,            0,   -0.2917848,     0.956484
robot_74
    13.77427,     1.768493,            0,            0,            0, -0.001364917,    0.9999991
robot_41
     23.1603,      22.0189,            0,            0,            0,  0.006474809,     0.999979
robot_125
    33.95382,    -15.26216,            0,            0,            0,    0.5837615,    0.8119252
robot_136
   -13.34638,     18.02915,            0,            0,            0,    0.9516126,    0.3073003
robot_173
    26.99046,    -5.968727,            0,            0,            0,    0.9493156,    0.3143246
robot_67
     29.9593,     12.44998,            0,            0,            0,   -0.8340052,    0.5517566
robot_197
   -18.43154,     33.90185,            0,            0,            0,    0.6398172,    0.7685271
robot_119
    5.938369,    -37.23831,            0,            0,            0,   0.07026658,    0.9975282
robot_82
   -25.97817,     22.15837,            0,            0,            0,    0.5143505,    0.8575801
robot_77
   -18.68286,    -17.96941,            0,            0,            0,   -0.5514513,    0.8342071
robot_5
   -12.75729,    -30.00424,            0,            0,            0,    0.9020718,    0.4315859
robot_133
   -18.20267,    -14.07642,            0,            0,            0,   -0.6084979,    0.7935555
robot_99
    1.874063,    -14.27351,            0,            0,            0,    -0.992643,    0.1210783
robot_171
     15.9623,     26.02187,            0,            0,            0,    0.8652137,    0.5014033
robot_180
    8.824469,    -14.01428,            0,            0,            0,   -0.8101568,    0.5862132
robot_56
   -13.64022,     29.98558,            0,            0,            0,    0.9583368,    0.2856406
robot_3
   -11.11319,    -26.01328,            0,            0,            0,   -0.5712864,    0.8207508
robot_81
    30.07094,     -2.01652,            0,            0,            0,    -0.874693,    0.4846773
robot_167
    13.87473,     6.309211,            0,            0,            0,    -0.911743,    0.4107611
robot_25
   -34.09832,    -23.47429,            0,            0,            0,    0.9528062,    0.3035792
robot_168
    10.63015,    -10.02941,            0,            0,            0,   -0.9237307,    0.3830424
robot_96
   -18.04227,     37.17859,            0,            0,            0,    0.6105781,    0.7919561
robot_166
    37.94039,     6.567764,            0,            0,            0,    0.7398873,    0.6727309
robot_102
    36.65026,     14.02017,            0,            0,            0,    0.9756457,    0.2193522
robot_192
   -18.08213,     22.48717,            0,            0,            0,    0.9965485,   0.08301308
robot_179
     33.9518,     5.067933,            0,            0,            0,    0.9937335,    0.1117749
robot_142
    30.39412,     37.94817,            0,            0,            0,   -0.8674733,    0.4974838
robot_1
    -30.4013,    -26.04407,            0,            0,            0,   -0.2171397,    0.9761405
robot_44
    5.793342,     29.80873,            0,            0,            0,    0.3554488,    0.9346958
robot_163
    37.92699,    -14.92249,            0,            0,            0,    0.4589066,    0.8884845
robot_79
    -11.9731,     5.976117,            0,            0,            0,    0.9560037,    0.2933546
robot_8
   -22.08769,     -10.7054,            0,            0,            0,   -0.1680728,    0.9857746
robot_20
   -25.81945,    -33.94185,            0,            0,            0,    0.3957285,    0.9183676
robot_143
    17.15524,    -26.02949,            0,            0,            0,   -0.9167736,    0.3994073
robot_138
   -1.699751,     -13.9664,            0,            0,            0,     0.999597,   0.02838887
robot_123
   -22.87642,    -38.03295,            0,            0,            0,   -0.7802411,    0.6254789
robot_193
    37.91346,    -7.788641,            0,            0,            0,    0.2975559,    0.9547044
robot_187
   -34.07067,     7.735011,            0,            0,            0,    0.6932133,    0.7207325
robot_176
   -14.49166,    -13.96982,            0,            0,            0,   -0.1560256,     0.987753
robot_66
    29.94663,       18.728,            0,            0,            0,    0.9423098,     0.334742
robot_63
   -30.21883,    -2.149804,            0,            0,            0,   -0.1515599,    0.9884481
robot_31
    29.90842,    -20.60988,            0,            0,            0,    0.5663145,    0.8241892
robot_159
    21.95073,     33.00417,            0,            0,            0,    0.5631824,    0.8263326
robot_160
    33.96482,    -6.918234,            0,            0,            0,    0.7086538,    0.7055564
robot_151
   -13.99361,    -6.239926,            0,            0,            0,    0.3205666,     0.947226
robot_150
   -26.36959,    -10.06145,            0,            0,            0,    0.6233062,    0.7819778
robot_137
    35.23827,     21.98662,            0,            0,            0,    0.5677736,    0.8231847
robot_199
   -30.14402,     1.915992,            0,            0,            0,   -0.8572698,    0.5148674
robot_54
   -22.25531,     25.90244,            0,            0,            0,    0.8330335,    0.5532225
robot_117
    1.940045,     5.993225,            0,            0,            0,    0.7522445,     0.658884
robot_36
   -9.670156,    -5.992673,            0,            0,            0,     0.274415,    0.9616114
robot_33
   -34.09491,     24.86625,            0,            0,            0,    0.1748166,     0.984601
robot_146
     9.92457,   -0.6055669,            0,            0,            0,    0.6373061,    0.7706107
robot_156
    19.27292,    -25.96852,            0,            0,            0,   -0.8536993,    0.5207662
robot_112
   -10.37435,     21.96978,            0,            0,            0,   -0.9847269,    0.1741063
robot_19
    39.21719,    -33.96753,            0,            0,            0,   -0.6760621,    0.7368446
robot_141
  -0.3310522,     25.96743,            0,            0,            0,    0.9840222,    0.1780455
robot_35
    21.86456,    -29.84274,            0,            0,            0,   -0.9306569,     0.365893
robot_184
   -33.97122,    -37.75493,            0,            0,            0,   -0.9912085,    0.1323092
robot_98
    10.14223,     38.02453,            0,            0,            0,    0.6917943,    0.7220946
robot_100
    18.02398,     2.180075,            0,            0,            0,   -0.9346528,    0.3555617
robot_164
   -34.09315,     16.50053,            0,            0,            0,    0.9957336,   0.09227438
robot_59
    5.757418,     9.952427,            0,            0,            0,   -0.6244462,    0.7810679
robot_144
   -22.05452,    -15.97901,            0,            0,            0,    0.8306341,    0.5568187
robot_101
   -33.61562,    -1.961644,            0,            0,            0,   -0.5392424,    0.8421506
robot_161
    29.66567,    -9.916754,            0,            0,            0,    0.9984451,   0.05574332
robot_149
    6.898409,    -34.00373,            0,            0,            0,    0.7918176,    0.6107576
robot_86
   -2.384307,     25.94962,            0,            0,            0,   -0.8519386,    0.5236417
robot_191
   -29.37948,    -21.97681,            0,            0,            0,   0.05651249,    0.9984019
robot_126
    21.95278,    -38.85074,            0,            0,            0,   -0.9986869,   0.05122871
robot_190
   -29.99159,    -33.70403,            0,            0,            0,    0.7867761,    0.6172385
robot_131
   -10.05104,    -14.39815,            0,            0,            0,    0.5629179,    0.8265128
robot_154
     32.4994,    -13.97662,            0,            0,            0,    0.3110808,    0.9503835
robot_9
    32.80596,    -9.997847,            0,            0,            0,   -0.9113903,    0.4115432
robot_27
    37.93326,     10.86027,            0,            0,            0,   -0.1160889,    0.9932388
robot_34
    -11.8999,     38.00711,            0,            0,            0,    0.7833235,    0.6216143
robot_114
   -26.04582,    -17.90113,            0,            0,            0,      0.91085,    0.4127374
robot_51
    24.96239,     37.96996,            0,            0,            0,    0.7772804,    0.6291543
robot_108
     10.1039,     25.95477,            0,            0,            0,    0.4503004,    0.8928771
robot_147
    -6.04054,    -6.108624,            0,            0,            0,    -0.938258,    0.3459364
robot_183
    1.288214,    -6.004927,            0,            0,            0,   -0.6698316,     0.742513
robot_48
    17.98777,     -21.7278,            0,            0,            0,    0.3758695,    0.9266726
robot_60
    37.96565,          -27,            0,            0,            0,    0.7615381,    0.6481201
robot_75
    22.11134,     18.09855,            0,            0,            0,    0.1730755,    0.9849086
robot_152
    22.17573,      30.0106,            0,            0,            0,    0.7314625,    0.6818816
robot_26
    28.60165,      33.9985,            0,            0,            0,    0.2257925,    0.9741754
robot_182
   -26.09014,      -5.3678,            0,            0,            0,   -0.9999766,  0.006846814
robot_172
   -6.054731,    -10.16188,            0,            0,            0,   -0.8299564,    0.5578283
robot_43
   -6.072823,    -3.158083,            0,            0,            0,    -0.123181,    0.9923842
robot_170
   -12.05518,    -33.97387,            0,            0,            0,   -0.3480958,    0.9374589
robot_177
   -2.090943,     8.460618,            0,            0,            0,    0.9707063,    0.2402693
robot_80
    12.91007,    -34.03012,            0,            0,            0,    0.8003972,      0.59947
robot_16
   -23.30405,    -33.98667,            0,            0,            0,    -0.999992,  0.004008153
robot_13
    30.31328,    -38.06887,            0,            0,            0,   -0.3398659,    0.9404739
robot_178
   -10.05562,    -1.335572,            0,            0,            0,    0.7815448,    0.6238491
robot_88
    25.88764,    -10.08516,            0,            0,            0,    0.9224356,    0.3861509
robot_194
    9.951683,      22.8177,            0,            0,            0,   -0.4451423,    0.8954598
robot_29
   -37.98086,    -21.96272,            0,            0,            0,    0.8989921,    0.4379648
robot_92
   -26.08935,     26.86188,            0,            0,            0,   -0.9463957,    0.3230096
robot_87
   -10.02216,     6.088705,            0,            0,            0,    0.9024329,    0.4308305
robot_68
    26.14147,    -25.94418,            0,            0,            0,   -0.2217969,    0.9750929
robot_22
    25.52396,    -1.911216,            0,            0,            0,   -0.9640633,    0.2656726
robot_38
   -6.150644,     37.75703,            0,            0,            0,   -0.9958406,   0.09111303
robot_2
    33.91987,    -1.626105,            0,            0,            0,    0.9990126,   0.04442792
robot_110
   -16.01825,    -9.974622,            0,            0,            0,   -0.3295656,    0.9441327
robot_14
   -25.97293,     18.13324,            0,            0,            0,   -0.8159502,    0.5781223
robot_181
    0.269765,    -25.98026,            0,            0,            0,   -0.8097583,    0.5867636
robot_61
    30.99505,    -17.97822,            0,            0,            0,   -0.9549564,    0.2967461
robot_30
    -37.2923,     30.01956,            0,            0,            0,      -0.9837,    0.1798172
robot_122
   -34.97669,    -17.97057,            0,            0,            0,  -0.06839669,    0.9976582
robot_132
   -38.06777,     12.38945,            0,            0,            0,   -0.9380008,    0.3466331
robot_45
   -18.49472,    -1.963049,            0,            0,            0,    0.1436654,    0.9896263
robot_21
    15.06055,    -29.97162,            0,            0,            0,    0.5474548,    0.8368352
robot_39
    9.937471,     17.44449,            0,            0,            0,   0.06689452,    0.9977601
robot_134
    17.99608,     38.03442,            0,            0,            0,    0.3456919,    0.9383481
robot_15
    22.09503,    -26.08328,            0,            0,            0,    0.9298205,    0.3680135
robot_145
   -18.04373,     2.061726,            0,            0,            0,    0.9996736,    0.0255461
robot_140
   -18.05233,     31.78731,            0,            0,            0,   -0.9524903,    0.3045689
