tuw_multi_robot_msgs::RobotGoalsArray @1970-01-01T00:01:27.900000
frame_id: map
           0,            0
robot_84
   -29.85308,    -18.12505,            0,            0,            0,   -0.6380783,    0.7699715
robot_116
    21.20519,    -37.99911,            0,            0,            0,     0.359329,     0.933211
robot_74
    29.91777,     34.94867,            0,            0,            0,    0.5428272,    0.8398444
robot_41
    1.905834,     24.01426,            0,            0,            0,    0.6342877,    0.7730971
robot_125
     33.7768,     17.87346,            0,            0,            0,    0.6744852,    0.7382884
robot_136
    13.92418,    -23.31494,            0,            0,            0,    0.9264654,    0.3763799
robot_173
   -10.04571,    -29.41037,            0,            0,            0,   -0.8163783,    0.5775174
robot_67
    33.95984,    -9.303196,            0,            0,            0,   -0.9951535,   0.09833386
robot_197
   -18.23181,     33.87958,            0,            0,            0,    0.9256203,    0.3784535
robot_119
    25.90615,    -14.37494,            0,            0,            0,  -0.04886273,    0.9988055
robot_82
   -21.99239,    -25.63615,            0,            0,            0,   -0.6996572,    0.7144787
robot_77
   -10.06147,     15.73798,            0,            0,            0,   -0.1550276,    0.9879101
robot_5
    34.89647,     6.007907,            0,            0,            0,   -0.8124955,    0.5829675
robot_133
    37.16264,    -5.977036,            0,            0,            0,   -0.1858404,    0.9825799
robot_99
   -33.59241,     29.98508,            0,            0,            0,   -0.3625674,    0.9319576
robot_171
    5.917289,     31.42769,            0,            0,            0,   -0.9942846,    0.1067625
robot_180
   -21.75944,     -5.90016,            0,            0,            0,   -0.5373355,    0.8433686
robot_56
   -22.48915,     6.056947,            0,            0,            0,    0.6744605,    0.7383109
robot_3
    33.23905,    -6.031353,            0,            0,            0,   -0.3097798,    0.9508083
robot_81
   -26.01844,     10.34876,            0,            0,            0,    0.6837649,    0.7297024
robot_167
    34.08567,    -21.78835,            0,            0,            0,    0.2595329,    0.9657343
robot_25
    26.42828,    -30.02049,            0,            0,            0,    0.9999671,  0.008112495
robot_168
     5.92849,     36.21787,            0,            0,            0,   -0.7775285,    0.6288478
robot_96
   -2.061029,     12.86008,            0,            0,            0,    0.7562463,     0.654287
robot_166
    19.12219,    -14.00268,            0,            0,            0,   -0.9955368,    0.0943745
