tuw_multi_robot_msgs::RobotGoalsArray @1970-01-01T00:17:00.100000
frame_id: map
        1020,    100000000
robot_84
   -18.47769,    -2.036796,            0,            0,            0,    -0.980333,    0.1973504
robot_116
   -6.080889,    -30.80925,            0,            0,            0,   -0.6255198,    0.7802083
robot_74
    5.567851,     17.98729,            0,            0,            0,    0.9920442,    0.1258903
robot_41
     29.5751,    -38.09421,            0,            0,            0,   -0.7650558,    0.6439639
robot_125
   -22.03832,     22.17713,            0,            0,            0,    0.3990424,    0.9169325
robot_136
    19.68267,        5.985,            0,            0,            0,   -0.4234672,    0.9059114
robot_173
      16.467,     2.032663,            0,            0,            0,   -0.6598377,    0.7514081
robot_67
   -17.03506,    -6.002583,            0,            0,            0,    0.9264725,    0.3763624
robot_197
    30.02233,     9.769094,            0,            0,            0,    0.3974904,    0.9176063
robot_119
    25.75079,     9.974216,            0,            0,            0,   -0.6865158,    0.7271149
robot_82
    17.74118,    -18.12001,            0,            0,            0,    0.9496836,     0.313211
robot_77
    37.94195,     33.49763,            0,            0,            0,    0.8645488,    0.5025489
robot_5
   -28.74738,     13.99423,            0,            0,            0,    0.9996369,   0.02694725
robot_133
   -6.952769,     33.98745,            0,            0,            0,    -0.980423,    0.1969027
robot_99
    26.35262,     5.909094,            0,            0,            0,   -0.4300803,    0.9027907
robot_171
    6.158113,    -30.04577,            0,            0,            0,    0.9357738,    0.3526008
robot_180
    39.24163,     9.971242,            0,            0,            0,   -0.9271016,    0.3748102
robot_56
    13.98754,     34.16797,            0,            0,            0,    0.9656081,     0.260002
robot_3
    18.00096,     18.27839,            0,            0,            0,     0.546723,    0.8373135
robot_81
    26.08383,     17.90821,            0,            0,            0,    0.7924116,    0.6099868
robot_167
   -22.11763,     18.07303,            0,            0,            0,   -0.1444363,    0.9895141
robot_25
   -34.11268,    -17.84946,            0,            0,            0,   -0.9060115,     0.423253
robot_168
   -14.07674,    -13.83379,            0,            0,            0,    0.8299085,    0.5578995
robot_96
   -30.06807,     29.90282,            0,            0,            0,   -0.9739435,    0.2267909
robot_166
    -33.9401,     25.83744,            0,            0,            0,   -0.2511946,    0.9679366
robot_102
   -10.49342,    -30.08364,            0,            0,            0,   -0.8345019,     0.551005
robot_192
   -36.46734,    -9.996025,            0,            0,            0,   -0.6972933,    0.7167859
robot_179
   -11.66828,    -18.01203,            0,            0,            0,   -0.2204132,    0.9754066
robot_142
    16.41597,     34.02187,            0,            0,            0,   -0.6458716,    0.7634461
robot_1
    1.935256,     22.93252,            0,            0,            0,   -0.5827038,    0.8126846
robot_44
   -16.30313,     33.98075,            0,            0,            0,   -0.8190758,    0.5736853
robot_163
   -34.21845,    -10.18643,            0,            0,            0,   -0.8856262,    0.4643987
robot_79
   -5.870566,    -22.11588,            0,            0,            0,    0.9970041,   0.07734829
robot_8
   -23.65899,     38.03037,            0,            0,            0,    0.6251783,    0.7804819
robot_20
   -29.84872,    -37.90851,            0,            0,            0,   -0.8501092,    0.5266065
robot_143
    30.36115,     37.97264,            0,            0,            0,    0.9046816,    0.4260882
robot_138
    -10.0719,    -8.636382,            0,            0,            0,   0.06661108,     0.997779
robot_123
   -33.84822,    -6.068463,            0,            0,            0,    0.8589202,    0.5121094
robot_193
   -30.07059,     7.155554,            0,            0,            0,    0.8912213,    0.4535688
robot_187
    25.61667,    -17.94459,            0,            0,            0,   -0.9784142,    0.2066535
