tuw_multi_robot_msgs::RobotGoalsArray @1970-01-01T01:48:21.300000
frame_id: map
        6501,    300000000
robot_84
    12.48936,    -37.99169,            0,            0,            0,   -0.9963504,    0.0853569
robot_116
     -14.171,    -33.86428,            0,            0,            0,    0.5555929,    0.8314545
robot_74
    25.83579,    -30.08704,            0,            0,            0,   -0.4604273,    0.8876974
robot_41
     17.9919,     34.11317,            0,            0,            0,    0.2915662,    0.9565506
robot_125
    10.15062,     38.01541,            0,            0,            0,   -0.8534313,    0.5212053
robot_136
    24.38983,    -5.971003,            0,            0,            0,    0.9994998,   0.03162634
robot_173
   -26.06243,     8.576897,            0,            0,            0,    0.7592713,    0.6507742
robot_67
   -6.034029,     14.87431,            0,            0,            0,    0.6335065,    0.7737374
robot_197
    1.867402,     22.07195,            0,            0,            0,   -0.3534337,    0.9354596
robot_119
    -2.33831,    -21.90258,            0,            0,            0,     0.966499,    0.2566703
robot_82
    9.766986,     -30.0345,            0,            0,            0,   -0.2960639,    0.9551681
robot_77
    30.40063,    -9.953895,            0,            0,            0,    0.7638093,     0.645442
robot_5
    -36.6428,     -9.97916,            0,            0,            0,    0.9987461,   0.05006319
robot_133
   -2.080644,    -25.50304,            0,            0,            0,   -0.8834464,    0.4685322
robot_99
    -14.0231,     33.70653,            0,            0,            0,   -0.9159969,    0.4011854
robot_171
   -18.07066,    -10.52411,            0,            0,            0,    -0.710288,    0.7039112
robot_180
   -26.08914,   -0.9904007,            0,            0,            0,    0.8903231,    0.4553293
robot_56
    13.90506,    -2.672686,            0,            0,            0,    0.8215495,    0.5701372
robot_3
    17.91369,     18.00966,            0,            0,            0,   -0.9665826,    0.2563553
robot_81
    33.41018,    -29.98933,            0,            0,            0,   -0.9986954,   0.05106277
