tuw_multi_robot_msgs::RobotGoalsArray @1970-01-01T01:20:45
frame_id: map
        4845,            0
robot_84
   -18.05389,    -29.88524,            0,            0,            0,   -0.4138473,    0.9103463
robot_116
   -17.82325,    -13.96344,            0,            0,            0,    0.1392471,    0.9902577
robot_74
    25.74441,    -2.095557,            0,            0,            0,    0.9896979,    0.1431711
robot_41
    3.375569,     -6.00401,            0,            0,            0,   -0.5313224,    0.8471697
robot_125
   -6.372359,     10.01501,            0,            0,            0,   -0.3137596,    0.9495024
robot_136
   -13.35292,    -30.01078,            0,            0,            0,    0.9947876,    0.1019688
robot_173
    37.92504,    -17.80991,            0,            0,            0,     0.959615,    0.2813167
robot_67
   -38.05771,      6.02209,            0,            0,            0,   -0.6242026,    0.7812625
robot_197
    22.13984,    -25.95955,            0,            0,            0,    0.2885615,    0.9574614
robot_119
   -2.091301,    -14.22976,            0,            0,            0,    0.6563521,    0.7544548
robot_82
   -14.04977,    -23.38025,            0,            0,            0,   -0.9604089,    0.2785943
robot_77
    13.96671,    -24.63193,            0,            0,            0,    0.7830888,    0.6219099
robot_5
   -18.28195,     1.909383,            0,            0,            0,    0.9563815,    0.2921207
robot_133
    24.66695,     25.98654,            0,            0,            0,    0.9809887,    0.1940649
robot_99
    12.57081,     34.01801,            0,            0,            0,    0.8249187,    0.5652513
robot_171
   -6.435567,     33.92302,            0,            0,            0,   -0.9700695,    0.2428272
robot_180
    -26.0695,    -39.21944,            0,            0,            0,   -0.2229499,    0.9748299
robot_56
     6.10861,     5.856138,            0,            0,            0,      0.99999,  0.004466055
robot_3
     33.9616,    -6.845126,            0,            0,            0,    0.9948643,    0.1012175
robot_81
    26.37003,     29.93355,            0,            0,            0,   -0.2611436,       0.9653
robot_167
     29.9496,    -11.77231,            0,            0,            0,   -0.6562567,    0.7545377
robot_25
    1.960501,    -7.919189,            0,            0,            0,   -0.4968538,    0.8678343
robot_168
    13.92775,     9.790535,            0,            0,            0,   -0.9911041,    0.1330886
robot_96
   -37.67958,     30.07397,            0,            0,            0,  -0.02167769,     0.999765
robot_166
     -21.981,     17.98459,            0,            0,            0,    0.2316495,    0.9727993
robot_102
    4.342892,     30.02325,            0,            0,            0,    0.9281416,    0.3722274
robot_192
    17.93672,    -13.68508,            0,            0,            0,     0.823802,    0.5668777
robot_179
    33.95221,    -3.690523,            0,            0,            0,   -0.8422713,    0.5390539
robot_142
    37.91271,     7.928053,            0,            0,            0,   -0.9906765,    0.1362354
robot_1
    15.63763,     18.00236,            0,            0,            0,    -0.908019,     0.418929
robot_44
   -36.21261,    -33.98333,            0,            0,            0,   0.06061629,    0.9981611
robot_163
    28.69673,    -33.97499,            0,            0,            0,    0.1499987,    0.9886862
robot_79
    30.19985,     -25.9015,            0,            0,            0,    0.9971006,   0.07609421
robot_8
    17.82052,    -5.851043,            0,            0,            0,    0.9684647,    0.2491509
robot_20
    37.91701,    -21.53633,            0,            0,            0,    0.7942691,    0.6075662
robot_143
    25.90924,      4.46667,            0,            0,            0,   -0.8025722,     0.596555
robot_138
   -30.07105,    -14.99433,            0,            0,            0,   -0.6008345,    0.7993734
robot_123
   -26.23246,     34.11136,            0,            0,            0,   -0.6483801,    0.7613168
robot_193
   -19.27325,     33.97213,            0,            0,            0,    0.8526516,    0.5224799
robot_187
   -35.00441,    -14.00787,            0,            0,            0,   -0.9991893,   0.04025835
robot_176
    10.33715,     22.09204,            0,            0,            0,   -0.5623107,     0.826926
robot_66
   -34.07913,    -21.40533,            0,            0,            0,   -0.6254755,    0.7802438
robot_63
   -18.05541,     35.73261,            0,            0,            0,   -0.3155792,    0.9488992
robot_31
   -20.36448,    -18.02781,            0,            0,            0,   -0.5875747,    0.8091699
robot_159
    34.00793,     33.84464,            0,            0,            0,     0.920742,     0.390172
robot_160
   -10.16262,     13.78126,            0,            0,            0,   -0.5218431,    0.8530415
robot_151
   -18.06351,    -38.79378,            0,            0,            0,    -0.457506,    0.8892065
robot_150
   -21.86884,     30.10723,            0,            0,            0,   -0.4821771,    0.8760737
robot_137
   -9.649171,     1.962601,            0,            0,            0,    0.9358098,    0.3525054
robot_199
   -18.09796,     29.18644,            0,            0,            0,    0.9997766,   0.02113781
robot_54
   -14.12948,     25.69209,            0,            0,            0,    0.2396067,      0.97087
robot_117
    29.33087,     25.98031,            0,            0,            0,    0.8800404,    0.4748988
robot_36
     1.17322,     17.98463,            0,            0,            0,   -0.7615702,    0.6480824
robot_33
   -22.17949,    -29.90188,            0,            0,            0,  -0.08593801,    0.9963005
robot_146
    26.05915,      2.01724,            0,            0,            0,   -0.9329976,    0.3598825
robot_156
    33.92997,    -16.74462,            0,            0,            0,   -0.4758481,    0.8795275
robot_112
    5.535939,     26.05361,            0,            0,            0,   -0.9756685,    0.2192507
robot_19
    34.63721,     26.02685,            0,            0,            0,    0.9048595,    0.4257104
robot_141
   -14.10736,     5.853646,            0,            0,            0,  -0.01111515,    0.9999382
robot_35
   -21.99467,     10.11668,            0,            0,            0,  -0.07014732,    0.9975366
robot_184
   -9.705977,    -13.90884,            0,            0,            0,   -0.8756387,    0.4829668
robot_98
    37.87572,     33.89923,            0,            0,            0,   -0.3321414,    0.9432296
robot_100
   -4.360738,    -18.02913,            0,            0,            0,    0.9983692,   0.05708754
robot_164
   -38.34749,    -6.067549,            0,            0,            0,    0.8888366,    0.4582242
robot_59
     31.8741,    -18.01651,            0,            0,            0,    0.8370266,    0.5471622
robot_144
    26.04736,     14.11587,            0,            0,            0,   0.04771186,    0.9988611
robot_101
   -30.04954,     27.35781,            0,            0,            0,    0.9741339,    0.2259717
robot_161
    10.97515,    -38.00149,            0,            0,            0,    0.9201276,    0.3916186
robot_149
   -9.829369,    -37.96303,            0,            0,            0,   -0.9909934,    0.1339111
robot_86
    9.915965,     37.91383,            0,            0,            0,   0.04821849,    0.9988368
robot_191
   -38.29694,     25.89779,            0,            0,            0,    0.9872884,    0.1589389
robot_126
    29.94987,    -31.25148,            0,            0,            0,   -0.9999112,   0.01332841
robot_190
    -8.95623,     33.97025,            0,            0,            0,     0.555565,    0.8314731
robot_131
    26.63901,    -9.976654,            0,            0,            0,     0.347308,    0.9377511
robot_154
   -2.350846,      13.9541,            0,            0,            0,    0.9724086,    0.2332841
robot_9
   -18.07261,     -7.92765,            0,            0,            0,   -0.8275641,    0.5613713
robot_27
    8.347235,    -10.02321,            0,            0,            0,  -0.04778626,    0.9988576
robot_34
   -25.69536,    -34.04754,            0,            0,            0,   -0.6148053,    0.7886789
robot_114
    7.737165,     17.97127,            0,            0,            0,   -0.9983162,   0.05800623
robot_51
    26.12924,    -5.845104,            0,            0,            0,    0.4874243,    0.8731653
robot_108
    25.72334,    -13.99426,            0,            0,            0,    0.9703192,    0.2418277
robot_147
    28.99457,    -18.02545,            0,            0,            0,   -0.9511119,    0.3088463
robot_183
    21.79921,    -18.00802,            0,            0,            0,   -0.8746506,    0.4847539
robot_48
    10.04281,     25.80256,            0,            0,            0,    0.8889092,    0.4580834
robot_60
    17.02817,     9.974657,            0,            0,            0,     0.983696,    0.1798391
robot_75
    18.39711,     33.93082,            0,            0,            0,    0.7943024,    0.6075226
robot_152
   -32.10552,    -14.02563,            0,            0,            0,    0.9629807,    0.2695703
robot_26
   -30.06741,    -24.64171,            0,            0,            0,   -0.1495475,    0.9887545
robot_182
   -10.03429,    -18.53462,            0,            0,            0,  -0.05268853,     0.998611
robot_172
    -36.5565,    -18.00242,            0,            0,            0,   -0.4060293,      0.91386
robot_43
   -32.43557,     1.979105,            0,            0,            0,   -0.4335103,    0.9011486
robot_170
    29.95246,     11.41473,            0,            0,            0,    -0.998267,   0.05884691
robot_177
    5.631742,     -22.0092,            0,            0,            0,   -0.2303049,    0.9731185
robot_80
     14.2925,     13.91108,            0,            0,            0,   -0.9989128,   0.04661827
robot_16
    -15.8598,    -1.982824,            0,            0,            0,    0.9016435,      0.43248
robot_13
    21.92905,     17.12507,            0,            0,            0,    0.9958379,   0.09114256
robot_178
    26.20463,     17.91988,            0,            0,            0,    0.3855159,    0.9227012
robot_88
   -13.85916,     22.09218,            0,            0,            0,   -0.9511455,    0.3087431
robot_194
   -30.06061,    -6.577819,            0,            0,            0,    0.3208689,    0.9471236
robot_29
   -18.06909,     -19.4364,            0,            0,            0,   -0.9020379,    0.4316568
