tuw_multi_robot_msgs::RobotGoalsArray @1970-01-01T01:20:24.500000
frame_id: map
        4824,    500000000
robot_84
   -33.62772,    -18.09774,            0,            0,            0,   -0.4594617,    0.8881976
robot_116
   -18.10846,     38.03678,            0,            0,            0,   -0.9999382,   0.01112147
robot_74
    9.925673,    -17.01697,            0,            0,            0,    0.3733614,     0.927686
robot_41
   -32.27339,     30.00395,            0,            0,            0,    0.9770319,    0.2130932
robot_125
    21.52595,    -13.95678,            0,            0,            0,   -0.5027621,    0.8644248
robot_136
   -10.03398,    -36.76022,            0,            0,            0,   -0.7558755,    0.6547153
robot_173
    25.98398,    -1.858432,            0,            0,            0,    0.8186734,    0.5742594
robot_67
    15.58376,      9.99396,            0,            0,            0,   -0.9695687,    0.2448196
robot_197
    -16.7608,     22.02374,            0,            0,            0,   -0.9775376,    0.2107609
robot_119
     21.6807,      30.0792,            0,            0,            0,   -0.8216002,    0.5700641
robot_82
    -30.0993,    -26.81317,            0,            0,            0,   -0.3202806,    0.9473227
robot_77
    37.95679,    -29.78476,            0,            0,            0,   -0.9240637,    0.3822384
robot_5
   -35.09374,     34.00535,            0,            0,            0,   -0.8857768,    0.4641115
robot_133
   -9.562303,     38.01788,            0,            0,            0,   -0.6770332,    0.7359525
robot_99
   -34.12682,    -30.01781,            0,            0,            0,   -0.2410476,    0.9705133
robot_171
   -39.33987,    -25.97123,            0,            0,            0,   -0.5167741,    0.8561218
robot_180
   0.9973774,     21.98289,            0,            0,            0,   -0.9612899,    0.2755388
robot_56
   -18.09866,    -2.416668,            0,            0,            0,    0.3164658,    0.9486039
robot_3
   -29.46784,     37.97667,            0,            0,            0,    0.9937613,    0.1115275
robot_81
    1.910269,    -14.53711,            0,            0,            0,    0.5845685,    0.8113444
robot_167
   -22.08986,     5.426889,            0,            0,            0,   -0.9937963,    0.1112159
robot_25
   -22.08174,     11.07813,            0,            0,            0,   -0.8332389,    0.5529131
robot_168
   -18.16386,    -6.100306,            0,            0,            0,    0.8504335,    0.5260825
robot_96
    8.894198,    -38.00436,            0,            0,            0,    0.4502038,    0.8929258
robot_166
   -22.06525,     14.82446,            0,            0,            0,    0.7293962,    0.6840915
robot_102
    29.91158,    -20.95591,            0,            0,            0,    -0.999438,   0.03352098
robot_192
    5.945394,     24.70227,            0,            0,            0,   -0.9926207,    0.1212605
robot_179
    7.573659,     -21.9707,            0,            0,            0,    0.8658224,    0.5003514
robot_142
   -10.75105,    -18.01826,            0,            0,            0,     0.876506,    0.4813909
robot_1
   -2.094289,     22.57956,            0,            0,            0,    0.9249686,    0.3800435
robot_44
   -24.03037,    -26.02978,            0,            0,            0,    0.8660773,      0.49991
robot_163
   -8.534162,    -30.02497,            0,            0,            0,    0.2483791,    0.9686629
robot_79
    25.94605,    -31.61529,            0,            0,            0,   -0.1297391,    0.9915482
robot_8
    38.05486,     17.88277,            0,            0,            0,   -0.9898834,    0.1418835
robot_20
     29.9481,    -2.528591,            0,            0,            0,    0.7468401,    0.6650037
robot_143
   -18.04863,    -18.58452,            0,            0,            0,    0.9797544,    0.2002032
robot_138
    25.90098,     7.213773,            0,            0,            0,   -0.9892221,    0.1464228
robot_123
    6.100227,    -25.90902,            0,            0,            0,    0.9501885,    0.3116758
robot_193
   -17.49574,    -37.98242,            0,            0,            0,    0.2612459,    0.9652723
robot_187
    25.90773,       25.777,            0,            0,            0,   -0.9167446,    0.3994738
robot_176
    33.96617,     5.837642,            0,            0,            0,   -0.2840123,    0.9588206
robot_66
    21.92683,    -17.71177,            0,            0,            0,    0.9604293,    0.2785239
robot_63
    16.54971,    -25.96924,            0,            0,            0,   -0.8154282,    0.5788582
robot_31
     21.5054,     6.088539,            0,            0,            0,    0.9753099,    0.2208406
robot_159
   -18.01792,     1.661857,            0,            0,            0,   -0.7254397,    0.6882857
robot_160
    -38.0773,     28.79502,            0,            0,            0,   -0.3345082,    0.9423928
robot_151
    31.71654,     22.01862,            0,            0,            0,    0.9950055,   0.09982038
robot_150
    33.98636,      9.69272,            0,            0,            0,   -0.7903155,       0.6127
robot_137
   -13.94683,     34.09182,            0,            0,            0,   -0.8992978,    0.4373369
robot_199
   -32.23035,    -1.970219,            0,            0,            0,   -0.9787513,    0.2050508
robot_54
   -34.94593,    -14.00033,            0,            0,            0,    0.9973574,   0.07265137
robot_117
    25.72063,      13.9997,            0,            0,            0,  0.002560606,    0.9999967
robot_36
   -14.01466,     18.10928,            0,            0,            0,   -0.9419478,    0.3357593
robot_33
    37.94013,     33.99878,            0,            0,            0,   -0.4976811,    0.8673601
robot_146
    11.55651,     13.97496,            0,            0,            0,   -0.4304564,    0.9026114
robot_156
    15.55535,     13.99794,            0,            0,            0,    0.7991734,    0.6011006
robot_112
    22.09341,     37.93831,            0,            0,            0,    0.8568644,    0.5155418
robot_19
   -38.08238,     -15.6308,            0,            0,            0,   -0.2920514,    0.9564026
robot_141
    25.95261,      10.3973,            0,            0,            0,   -0.9270118,    0.3750321
robot_35
   -35.27196,     -22.0165,            0,            0,            0,   -0.9079542,    0.4190694
robot_184
    13.55366,    -2.067819,            0,            0,            0,   -0.8561266,    0.5167662
robot_98
   -6.051639,    -23.60546,            0,            0,            0,    0.5430115,    0.8397253
robot_100
    37.78665,    -25.98688,            0,            0,            0,   -0.2630915,    0.9647709
robot_164
   -14.18796,    -6.119812,            0,            0,            0,   -0.0996724,    0.9950203
robot_59
   -13.56757,    -38.08305,            0,            0,            0,   -0.9497276,    0.3130775
robot_144
     5.94949,       3.7006,            0,            0,            0,      0.98622,    0.1654393
robot_101
   -18.03787,    -23.76683,            0,            0,            0,    0.8168389,    0.5768659
robot_161
   -13.63508,    -22.02071,            0,            0,            0,    0.8522098,    0.5232002
robot_149
   -16.35625,    -26.02759,            0,            0,            0,    0.9194143,    0.3932904
robot_86
     21.9159,    -9.107491,            0,            0,            0,   -0.9856872,    0.1685843
robot_191
    17.81053,    -37.84738,            0,            0,            0,    0.9701857,    0.2423626
robot_126
   -18.08831,     28.05204,            0,            0,            0,    0.8657657,    0.5004495
robot_190
    8.650459,     37.99631,            0,            0,            0,   -0.9361035,    0.3517245
robot_131
     5.94366,     8.211339,            0,            0,            0,   -0.4834324,    0.8753817
robot_154
    30.31575,    -25.99507,            0,            0,            0,    0.6687064,    0.7435265
robot_9
    9.913156,     29.52219,            0,            0,            0,     0.859619,    0.5109356
robot_27
   -32.90832,     9.976507,            0,            0,            0,    0.9995272,   0.03074673
robot_34
   -3.626493,     5.991272,            0,            0,            0,    0.3108989,     0.950443
robot_114
    5.438571,    -9.924003,            0,            0,            0,     0.448897,    0.8935835
robot_51
    -34.1087,     6.056988,            0,            0,            0,    0.8108748,    0.5852197
robot_108
   -25.94607,    -14.05686,            0,            0,            0,   -0.9606339,    0.2778172
robot_147
    5.932582,    -36.27412,            0,            0,            0,  -0.07130198,    0.9974548
robot_183
    13.90075,    -31.31948,            0,            0,            0,    0.9897962,    0.1424905
robot_48
   -18.01846,    -29.91584,            0,            0,            0,   -0.9983044,   0.05820904
robot_60
   -2.053788,    -6.994617,            0,            0,            0,    0.9659059,    0.2588932
robot_75
    17.71753,     22.04557,            0,            0,            0,   -0.1400317,     0.990147
robot_152
   -37.93239,     14.16318,            0,            0,            0,   -0.6913832,    0.7224883
robot_26
     1.56571,    -17.98854,            0,            0,            0,    0.9982101,     0.059804
robot_182
    37.90306,     20.51703,            0,            0,            0,    0.9715784,    0.2367181
robot_172
    17.57603,      -30.058,            0,            0,            0,    0.9519484,    0.3062583
robot_43
   -36.25814,     22.02901,            0,            0,            0,    0.2026038,    0.9792608
robot_170
   -6.065639,     34.32893,            0,            0,            0,   -0.4722102,     0.881486
robot_177
    25.95229,    -38.58449,            0,            0,            0,   -0.8948201,     0.446427
robot_80
   -26.82103,     1.992051,            0,            0,            0,    0.4871382,    0.8733249
robot_16
    27.80311,    -26.00701,            0,            0,            0,   -0.4474291,    0.8943194
robot_13
    29.91059,     1.252481,            0,            0,            0,    0.9349793,    0.3547024
robot_178
    24.66161,    -21.98649,            0,            0,            0,   -0.2283432,    0.9735807
robot_88
   -14.04546,    -14.92584,            0,            0,            0,    0.9797081,    0.2004298
robot_194
     9.91634,     1.942244,            0,            0,            0,   -0.9951036,   0.09883714
robot_29
   -18.07139,     10.98035,            0,            0,            0,    0.4988815,    0.8666702
