tuw_multi_robot_msgs::RobotGoalsArray @1970-01-01T00:48:20.800000
frame_id: map
        2900,    800000000
robot_84
   -18.06336,     38.78749,            0,            0,            0,    -0.877962,    0.4787303
robot_116
    37.94792,    -25.06823,            0,            0,            0,   -0.7286211,     0.684917
robot_74
   -23.64441,     29.97863,            0,            0,            0,   -0.8370379,    0.5471449
robot_41
    1.996337,    -10.02797,            0,            0,            0,   -0.4566656,    0.8896384
robot_125
    9.825364,     10.09194,            0,            0,            0,    0.8215277,    0.5701687
robot_136
     2.09264,      18.1581,            0,            0,            0,    0.6944207,    0.7195692
robot_173
    33.62654,    -38.07483,            0,            0,            0,    0.3204849,    0.9472536
robot_67
   -2.543739,    -9.927295,            0,            0,            0,   -0.7292557,    0.6842413
robot_197
    37.88203,    -22.25607,            0,            0,            0,    0.2888652,    0.9573698
robot_119
    -10.2584,     5.859601,            0,            0,            0,    0.4744322,     0.880292
robot_82
    18.02172,    -2.144029,            0,            0,            0,    0.9989255,   0.04634419
robot_77
    17.71602,     38.00359,            0,            0,            0,  -0.00839887,    0.9999647
robot_5
    -34.0814,     27.76891,            0,            0,            0,     0.521164,    0.8534565
robot_133
   -28.98819,    -37.98847,            0,            0,            0,   -0.8856948,    0.4642679
robot_99
   -15.76211,    -25.99149,            0,            0,            0,     0.862654,    0.5057944
robot_171
    21.91577,     38.89196,            0,            0,            0,    0.9997814,   0.02090627
robot_180
    6.072452,    -21.91525,            0,            0,            0,    0.8283379,    0.5602289
robot_56
   -26.16031,    -33.85606,            0,            0,            0,   -0.8915941,    0.4528354
robot_3
   -14.20036,     1.830825,            0,            0,            0,    -0.123152,    0.9923878
robot_81
   -14.06722,    -6.553239,            0,            0,            0,  -0.02162135,    0.9997662
robot_167
   -18.04644,     10.40825,            0,            0,            0,   0.08586838,    0.9963065
robot_25
    21.92017,    0.8643762,            0,            0,            0,   -0.4014858,    0.9158652
robot_168
    29.92918,     11.20135,            0,            0,            0,   -0.7360773,    0.6768975
robot_96
    33.92811,     25.16152,            0,            0,            0,    0.4446381,    0.8957103
robot_166
   -29.91716,      17.8943,            0,            0,            0,    0.9849547,    0.1728125
robot_102
    29.95923,     13.30193,            0,            0,            0,    0.9996885,   0.02495728
robot_192
    34.50274,    -26.00245,            0,            0,            0,   0.05417068,    0.9985317
robot_179
   -22.08389,     14.84007,            0,            0,            0,     0.898623,    0.4387218
robot_142
    23.69893,     34.01442,            0,            0,            0,   -0.3669959,    0.9302226
robot_1
    22.06588,     -17.8402,            0,            0,            0,   -0.9002238,    0.4354275
robot_44
    33.44646,     -30.0486,            0,            0,            0,   -0.3629104,     0.931824
robot_163
    9.911586,     31.69592,            0,            0,            0,   -0.8173235,    0.5761791
robot_79
   -34.05015,     12.10973,            0,            0,            0,    0.2615956,    0.9651776
robot_8
     12.6473,      -18.028,            0,            0,            0,    0.9889655,    0.1481462
robot_20
   -14.05974,     36.73831,            0,            0,            0,   -0.6989924,    0.7151291
robot_143
   -34.26119,    -17.86381,            0,            0,            0,   -0.6874122,    0.7262675
robot_138
    -38.0469,    -23.17893,            0,            0,            0,    0.9956141,   0.09355546
robot_123
    17.23445,    -30.01094,            0,            0,            0,    0.7303792,    0.6830419
robot_193
    23.21497,     26.00835,            0,            0,            0,   0.08524709,    0.9963598
robot_187
  -0.6446426,    -18.01059,            0,            0,            0,    0.9455792,    0.3253919
robot_176
    34.34396,     18.05346,            0,            0,            0,   -0.9876013,    0.1569827
robot_66
    37.91168,     11.79335,            0,            0,            0,   -0.4818576,    0.8762495
robot_63
   -30.06001,     34.24752,            0,            0,            0,    -0.722235,    0.6916478
robot_31
    5.901561,     30.05436,            0,            0,            0,    0.3614637,    0.9323862
robot_159
   -26.13795,    -26.13533,            0,            0,            0,   -0.6709403,    0.7415113
robot_160
   -22.46181,    -22.04007,            0,            0,            0,   -0.9472847,    0.3203929
robot_151
   -33.29891,     33.98497,            0,            0,            0,    0.3412161,    0.9399849
robot_150
    13.95771,     30.03013,            0,            0,            0,    0.6540991,    0.7564088
robot_137
   -30.40516,     9.936536,            0,            0,            0,   -0.3682224,    0.9297378
robot_199
    29.95328,     26.00717,            0,            0,            0,   -0.9655195,    0.2603307
