tuw_multi_robot_msgs::RobotGoalsArray @1970-01-01T00:51:46.400000
frame_id: map
        3106,    400000000
robot_84
   -33.92282,     18.02474,            0,            0,            0,   -0.9858617,    0.1675612
robot_116
    16.62203,    -22.00432,            0,            0,            0,    0.6166315,    0.7872519
robot_74
    37.95935,     21.21834,            0,            0,            0,    0.3031712,    0.9529361
robot_41
   -38.09349,    -28.49928,            0,            0,            0,    0.9996034,   0.02816063
robot_125
   -2.301445,     -10.0614,            0,            0,            0,    0.7544619,    0.6563438
robot_136
    13.91856,    -13.92953,            0,            0,            0,    0.9973319,   0.07300123
robot_173
   -20.64513,     1.979669,            0,            0,            0,     0.137256,    0.9905356
robot_67
    21.72094,     33.97496,            0,            0,            0,    -0.679982,    0.7332288
robot_197
    1.953485,     -21.3228,            0,            0,            0,   -0.7237633,    0.6900484
robot_119
    29.94638,     27.64582,            0,            0,            0,     0.990012,    0.1409834
robot_82
   -30.14585,    -21.98184,            0,            0,            0,    0.9250944,    0.3797372
robot_77
   -2.066212,     29.05633,            0,            0,            0,    0.9333293,    0.3590213
robot_5
   -38.08759,     15.70057,            0,            0,            0,   -0.7827593,    0.6223246
robot_133
   -14.25495,    -18.02017,            0,            0,            0,    0.6235246,    0.7818037
robot_99
    25.92993,     8.322292,            0,            0,            0,   -0.3736904,    0.9275535
robot_171
    37.94952,     18.44809,            0,            0,            0,   -0.2939252,    0.9558284
robot_180
    5.932593,     0.557945,            0,            0,            0,    0.8647996,    0.5021172
robot_56
    31.93226,      25.9962,            0,            0,            0,   -0.2485589,    0.9686168
robot_3
   -22.01306,     17.79497,            0,            0,            0,   -0.4843987,    0.8748473
robot_81
     14.0243,     10.35105,            0,            0,            0,    -0.970111,    0.2426618
robot_167
     -18.097,     21.57475,            0,            0,            0,    0.9913469,    0.1312679
robot_25
    22.13455,    -33.96338,            0,            0,            0,   -0.7874301,     0.616404
robot_168
   -29.97285,    -30.13882,            0,            0,            0,   -0.1165674,    0.9931828
robot_96
      5.9413,      -13.927,            0,            0,            0,   -0.9683132,     0.249739
robot_166
   -30.12131,     25.78902,            0,            0,            0,   -0.3190945,    0.9477229
robot_102
   -30.09571,     37.59844,            0,            0,            0,    0.3712166,    0.9285463
robot_192
    37.91595,     31.87988,            0,            0,            0,   -0.4716837,    0.8817678
robot_179
   -30.12472,     6.259208,            0,            0,            0,    0.9596298,    0.2812661
robot_142
    5.948478,     6.352644,            0,            0,            0,    0.8042859,    0.5942426
robot_1
    33.82778,     10.11489,            0,            0,            0,    0.6553465,    0.7553284
robot_44
    37.93835,     8.672886,            0,            0,            0,    -0.653774,    0.7566899
robot_163
    33.91382,      1.54169,            0,            0,            0,   -0.9469679,    0.3213283
robot_79
   -30.05814,    -37.53227,            0,            0,            0,    0.9606532,    0.2777505
robot_8
    25.60037,     38.00127,            0,            0,            0,   -0.9999095,   0.01345403
robot_20
   -34.03645,     16.05866,            0,            0,            0,   -0.9223857,    0.3862701
robot_143
    21.94958,     15.33269,            0,            0,            0,   -0.5019414,    0.8649017
robot_138
   -30.20008,     30.21582,            0,            0,            0,    0.7882205,    0.6153929
robot_123
   -18.00311,    -17.78329,            0,            0,            0,   -0.9946907,    0.1029095
robot_193
   -26.03537,     9.916768,            0,            0,            0,   -0.9836496,    0.1800929
robot_187
     6.43281,    -6.041476,            0,            0,            0,    0.7955256,      0.60592
robot_176
   -2.093893,     24.52804,            0,            0,            0,   -0.6951409,    0.7188735
robot_66
   -2.086932,     12.82964,            0,            0,            0,     0.818934,    0.5738878
robot_63
   -5.609614,    -25.90488,            0,            0,            0,      0.81151,    0.5843385
robot_31
   -13.66442,     21.99086,            0,            0,            0,   -0.6019239,    0.7985535
robot_159
    17.83415,    -14.21138,            0,            0,            0,   -0.8748124,    0.4844618
robot_160
    21.95216,    -9.023451,            0,            0,            0,     0.949155,     0.314809
robot_151
    18.36276,     17.98857,            0,            0,            0,    0.9799949,    0.1990226
robot_150
   -22.04124,     7.109034,            0,            0,            0,   -0.9098214,    0.4150001
robot_137
   -18.38867,    -33.99419,            0,            0,            0,    0.9942382,    0.1071931
robot_199
    37.94923,     13.49142,            0,            0,            0,    0.9907797,    0.1354828
robot_54
    1.983599,     21.64235,            0,            0,            0,   -0.7949046,    0.6067345
robot_117
   -22.04559,    -21.51933,            0,            0,            0,    0.5562184,    0.8310361
robot_36
    38.07974,     25.93425,            0,            0,            0,    0.8873429,    0.4611101
robot_33
   -13.65359,    -25.99967,            0,            0,            0,    0.2035614,    0.9790622
robot_146
   -22.00405,    -2.151929,            0,            0,            0,   -0.5441378,    0.8389959
robot_156
   -18.04292,      38.0475,            0,            0,            0,    0.6235566,    0.7817782
robot_112
    29.84879,    -5.699368,            0,            0,            0,   -0.3205365,    0.9472362
robot_19
    29.93833,   -0.1953119,            0,            0,            0,   -0.3655197,    0.9308036
robot_141
   -15.60303,     -13.9896,            0,            0,            0,   0.05804522,     0.998314
robot_35
    6.109097,    -30.04255,            0,            0,            0,   -0.4486995,    0.8936827
