tuw_multi_robot_msgs::RobotGoalsArray @1970-01-01T01:18:52.400000
frame_id: map
        4732,    400000000
robot_84
   -19.21024,    -5.983702,            0,            0,            0,   -0.8700977,    0.4928793
robot_116
    25.76539,     21.95064,            0,            0,            0,   -0.9681566,    0.2503455
robot_74
   -2.053414,    -15.76195,            0,            0,            0,   -0.2589749,    0.9658841
robot_41
    33.57541,    -29.94263,            0,            0,            0,   -0.9884651,    0.1514491
robot_125
    18.17779,     -2.03066,            0,            0,            0,    0.8910209,    0.4539623
robot_136
   -38.06079,    -28.59721,            0,            0,            0,   -0.5683294,    0.8228011
robot_173
    25.94824,     17.83553,            0,            0,            0,   -0.5998982,    0.8000763
robot_67
   -24.46719,     14.03033,            0,            0,            0,  -0.05024158,    0.9987371
robot_197
    33.96181,    -1.996651,            0,            0,            0,     0.599666,    0.8002504
robot_119
    5.954371,     1.303021,            0,            0,            0,    0.9018536,    0.4320417
