tuw_multi_robot_msgs::RobotGoalsArray @1970-01-01T00:54:51.800000
frame_id: map
        3291,    800000000
robot_84
   -26.08288,    -38.51177,            0,            0,            0,   -0.8222632,    0.5691074
robot_116
    13.92962,    -27.07946,            0,            0,            0,   -0.3242237,    0.9459804
robot_74
    29.94113,    -13.75602,            0,            0,            0,   -0.9048879,    0.4256499
robot_41
    21.92793,     39.28295,            0,            0,            0,    0.7290676,    0.6844417
robot_125
    9.931035,     -29.1661,            0,            0,            0,   -0.7192854,    0.6947147
robot_136
    17.92776,    -12.73137,            0,            0,            0,   -0.6265179,     0.779407
robot_173
     2.14672,    -13.96922,            0,            0,            0,   -0.9798938,    0.1995199
robot_67
   -1.774411,    -18.08173,            0,            0,            0,  0.007347933,     0.999973
robot_197
   -25.41923,     29.98568,            0,            0,            0,    0.2636546,    0.9646172
robot_119
   -22.07914,     32.93003,            0,            0,            0,    0.9959411,   0.09000699
robot_82
   -34.36306,    -17.97225,            0,            0,            0,    0.9715267,    0.2369303
robot_77
   -3.619591,     34.00913,            0,            0,            0,    0.1278548,    0.9917929
robot_5
     29.4739,    -25.98789,            0,            0,            0,   -0.2373364,    0.9714275
robot_133
   -26.39399,    -18.05448,            0,            0,            0,   -0.5332921,    0.8459312
robot_99
     5.92171,     31.06121,            0,            0,            0,    0.9872873,    0.1589459
robot_171
    37.98407,    -22.09171,            0,            0,            0,    0.9514551,    0.3077877
robot_180
    31.60161,    -34.01499,            0,            0,            0,   -0.8518011,    0.5238654
robot_56
    2.795315,    -25.97452,            0,            0,            0,    0.2972998,    0.9547842
robot_3
    38.09399,    -14.06797,            0,            0,            0,    -0.623567,    0.7817699
robot_81
   -22.76663,     25.99846,            0,            0,            0,    0.3190419,    0.9477406
robot_167
   -38.51139,      18.0723,            0,            0,            0,   -0.9953431,   0.09639578
robot_25
    25.55778,     18.07571,            0,            0,            0,   -0.7756051,    0.6312184
robot_168
   -22.12094,     10.04302,            0,            0,            0,   -0.7270264,    0.6866095
robot_96
    18.01127,    -29.92114,            0,            0,            0,    0.2872299,    0.9578617
robot_166
   -30.09759,     35.21655,            0,            0,            0,     0.902695,     0.430281
robot_102
    5.958296,     -20.8761,            0,            0,            0,   -0.6486053,     0.761125
robot_192
   -14.06325,      18.2854,            0,            0,            0,   -0.5557129,    0.8313743
robot_179
    30.65559,      29.9763,            0,            0,            0,   -0.9469354,     0.321424
robot_142
   -6.780972,     2.033043,            0,            0,            0,    0.3864291,    0.9223191
robot_1
    26.35892,     33.99616,            0,            0,            0,   -0.5179026,    0.8554396
robot_44
    20.85797,     17.99167,            0,            0,            0,   -0.9615964,    0.2744676
robot_163
    23.50107,    -17.98259,            0,            0,            0,    0.5133559,    0.8581758
robot_79
    -26.0982,     26.47021,            0,            0,            0,  -0.09513018,    0.9954648
robot_8
     21.9306,    -5.750513,            0,            0,            0,    0.2035203,    0.9790707
robot_20
   -18.03715,      3.28454,            0,            0,            0,     0.654169,    0.7563484
robot_143
    37.86286,     22.13811,            0,            0,            0,   -0.2310514,    0.9729416
robot_138
     5.92411,    -32.23044,            0,            0,            0,   -0.9329105,    0.3601083
robot_123
   -10.00382,      30.3516,            0,            0,            0,  -0.04866585,    0.9988151
robot_193
   -17.01599,    -18.00704,            0,            0,            0,   -0.9620087,    0.2730188
robot_187
    35.91521,     6.028062,            0,            0,            0,   -0.4455941,    0.8952351
robot_176
    9.935142,    -20.18248,            0,            0,            0,   -0.7252135,     0.688524
robot_66
   -22.04835,     -33.4651,            0,            0,            0,    0.1405615,     0.990072
robot_63
    34.30693,    -5.968494,            0,            0,            0,   -0.9658436,    0.2591256
robot_31
   -22.55719,    -9.938217,            0,            0,            0,   -0.9827917,    0.1847174
robot_159
   -6.050681,     11.18405,            0,            0,            0,     0.926023,     0.377467
robot_160
   -18.06884,    -22.77672,            0,            0,            0,   -0.5475879,    0.8367482
robot_151
     9.92763,     14.47131,            0,            0,            0,   -0.8826598,    0.4700124
robot_150
   -29.95554,    -33.80592,            0,            0,            0,   -0.9496302,    0.3133727
robot_137
    1.923689,     32.15373,            0,            0,            0,    0.1792862,     0.983797
robot_199
   -26.05294,     15.66559,            0,            0,            0,    0.1307801,    0.9914114
robot_54
    34.03121,     6.189849,            0,            0,            0,    0.9994212,   0.03401818
robot_117
   -34.09207,    -30.72097,            0,            0,            0,    0.6974783,    0.7166059
robot_36
   -21.92547,     6.111351,            0,            0,            0,   0.04014857,    0.9991937
robot_33
   0.6924616,    -17.98427,            0,            0,            0,   -0.3249025,    0.9457475
robot_146
    38.21799,     25.95245,            0,            0,            0,   -0.9830643,    0.1832608
robot_156
    19.96636,    -37.99481,            0,            0,            0,   -0.8500043,    0.5267757
robot_112
    21.96372,    -26.28336,            0,            0,            0,     0.889699,    0.4565476
robot_19
    2.263353,     29.95978,            0,            0,            0,    0.9766723,    0.2147354
robot_141
    31.29251,    -9.994805,            0,            0,            0,   -0.3363212,    0.9417474
robot_35
    9.939042,      23.4891,            0,            0,            0,    0.7908631,     0.611993
robot_184
   -26.04636,    -20.18466,            0,            0,            0,    0.9986361,   0.05221068
robot_98
   -22.07095,     0.407976,            0,            0,            0,    -0.789225,    0.6141041
robot_100
    29.93115,     15.74986,            0,            0,            0,    0.8629606,    0.5052711
robot_164
    17.84333,     34.11937,            0,            0,            0,   -0.6145817,    0.7888532
robot_59
     25.9026,     20.57941,            0,            0,            0,   0.01868037,    0.9998255
robot_144
    31.96641,     9.972029,            0,            0,            0,   -0.9290584,    0.3699331
robot_101
    22.07865,    -13.95526,            0,            0,            0,    0.9946601,    0.1032049
robot_161
   -18.09973,    -34.74896,            0,            0,            0,   0.03613367,     0.999347
robot_149
    -30.3276,    -30.03953,            0,            0,            0,    0.8826417,    0.4700464
robot_86
    15.72429,    -29.97313,            0,            0,            0,     0.224084,    0.9745698
