tuw_multi_robot_msgs::RobotGoalsArray @1970-01-01T00:13:56
frame_id: map
         836,            0
robot_84
   -34.07092,    -32.06813,            0,            0,            0,    0.6225463,    0.7825829
robot_116
    38.21324,     6.063572,            0,            0,            0,    0.9548059,      0.29723
robot_74
   -14.03351,    -3.709591,            0,            0,            0,    0.9813031,    0.1924688
robot_41
    17.78122,     -21.8805,            0,            0,            0,   -0.7122775,     0.701898
robot_125
    33.52492,    -25.96891,            0,            0,            0,   -0.9999761,    0.0069175
robot_136
    17.45826,    -5.921561,            0,            0,            0,    -0.701784,    0.7123898
robot_173
    1.960873,    -31.24618,            0,            0,            0,   -0.5368202,    0.8436967
robot_67
    17.12971,    -34.02662,            0,            0,            0,   -0.9928434,    0.1194234
robot_197
    29.98623,    -18.35339,            0,            0,            0,    0.4433481,    0.8963495
robot_119
    37.95132,     30.33432,            0,            0,            0,    0.6571903,    0.7537247
robot_82
   -22.05355,      8.57237,            0,            0,            0,    0.7313689,     0.681982
robot_77
    25.94238,    -6.134174,            0,            0,            0,  -0.05565874,    0.9984499
robot_5
   -34.61385,    -21.96852,            0,            0,            0,    0.8207194,    0.5713314
robot_133
    1.735889,     17.89148,            0,            0,            0,    0.7056478,    0.7085628
robot_99
   -25.77934,     6.088843,            0,            0,            0,    0.5589894,    0.8291748
robot_171
    29.91298,    -7.502751,            0,            0,            0,   -0.2988994,    0.9542846
robot_180
   -38.30499,     33.98806,            0,            0,            0,    -0.278594,     0.960409
robot_56
    13.68489,    -14.05384,            0,            0,            0,    0.8582192,    0.5132834
robot_3
    5.435939,     13.97919,            0,            0,            0,    -0.987219,    0.1593695
robot_81
    21.90186,     8.320755,            0,            0,            0,   -0.7452415,    0.6667946
robot_167
    26.01873,     1.942249,            0,            0,            0,    0.9529535,    0.3031166
robot_25
   -25.97377,     13.96514,            0,            0,            0,    -0.542506,    0.8400519
robot_168
   -30.03262,    -5.980011,            0,            0,            0,    0.5915438,    0.8062728
robot_96
    5.823827,    -10.21406,            0,            0,            0,    -0.790356,    0.6126479
robot_166
    33.98062,      29.8383,            0,            0,            0,    0.9850193,    0.1724439
robot_102
   -14.07188,     13.28442,            0,            0,            0,   -0.8776653,     0.479274
robot_192
   -30.06964,     6.791979,            0,            0,            0,   -0.5252276,    0.8509618
robot_179
   -7.741901,    -22.01615,            0,            0,            0,   -0.0735644,    0.9972905
robot_142
   -18.13647,    -29.95714,            0,            0,            0,   -0.7791138,    0.6268825
robot_1
    -34.0543,     38.20437,            0,            0,            0,    0.1742595,    0.9846998
robot_44
    -19.7999,     17.99649,            0,            0,            0,    0.4540324,    0.8909852
robot_163
   -2.088732,    -10.38342,            0,            0,            0,    0.4884705,    0.8725804
robot_79
    25.78508,     21.83247,            0,            0,            0,   -0.7109354,    0.7032573
robot_8
   -21.94078,     -10.0044,            0,            0,            0,   0.02369995,    0.9997191
robot_20
   -33.80353,     18.07138,            0,            0,            0,    0.5451514,    0.8383376
robot_143
    25.91503,    -11.42873,            0,            0,            0,   -0.6515414,    0.7586131
robot_138
   -13.82496,     26.02526,            0,            0,            0,    0.3986484,    0.9171039
robot_123
    5.872068,    -5.892151,            0,            0,            0,   -0.9885559,     0.150855
robot_193
   -7.068909,     1.977771,            0,            0,            0,    0.9946342,    0.1034549
robot_187
    37.92901,    -15.21728,            0,            0,            0,   -0.9815997,    0.1909506
