tuw_multi_robot_msgs::RobotGoalsArray @1970-01-01T01:13:32.900000
frame_id: map
        4412,    900000000
robot_84
   -38.04245,     -32.1999,            0,            0,            0,    0.4496097,    0.8932251
robot_116
   -21.88067,     -2.16194,            0,            0,            0,    0.6500251,    0.7599127
robot_74
   -18.08139,     -20.8495,            0,            0,            0,   -0.7812681,    0.6241956
robot_41
    17.11878,     17.99176,            0,            0,            0,  -0.04425196,    0.9990204
robot_125
   -27.90395,     5.983345,            0,            0,            0,    0.3185944,    0.9478911
robot_136
    25.91094,    -18.91156,            0,            0,            0,      0.93668,    0.3501865
robot_173
   -10.04301,     14.84897,            0,            0,            0,   -0.4074949,    0.9132075
robot_67
     29.4257,     17.98957,            0,            0,            0,   -0.8153836,    0.5789211
robot_197
   -10.06951,    -29.15708,            0,            0,            0,    0.5443689,    0.8388459
robot_119
    9.941529,    -35.07465,            0,            0,            0,   0.06660742,    0.9977793
robot_82
     1.93071,    -7.794227,            0,            0,            0,   -0.5480399,    0.8364522
robot_77
     29.8216,        37.95,            0,            0,            0,    0.9980001,   0.06321247
robot_5
    5.927764,     20.53454,            0,            0,            0,    0.9841985,    0.1770689
robot_133
   -32.21306,    -26.02284,            0,            0,            0,   -0.9970146,   0.07721312
robot_99
     37.9662,    -8.651048,            0,            0,            0,    0.5912909,    0.8064583
robot_171
    13.94613,    -2.335407,            0,            0,            0,    0.4156626,    0.9095189
robot_180
   -18.09602,     17.57286,            0,            0,            0,     0.942193,    0.3350706
robot_56
     37.9766,    -25.82462,            0,            0,            0,    0.9949135,    0.1007334
robot_3
   -1.895817,    -21.90022,            0,            0,            0,   -0.3307284,     0.943726
robot_81
    5.144336,     14.02463,            0,            0,            0,   -0.9972586,   0.07399512
robot_167
    5.971351,    -33.64004,            0,            0,            0,    0.2041878,    0.9789317
robot_25
   -2.070104,    -28.24705,            0,            0,            0,      0.55685,     0.830613
robot_168
   -30.09422,    -20.25825,            0,            0,            0,    0.4839707,    0.8750842
robot_96
    13.96001,    -28.96762,            0,            0,            0,   -0.3260328,    0.9453585
robot_166
   -30.16357,     6.127926,            0,            0,            0,    0.3077193,    0.9514772
robot_102
    21.74713,    -6.046322,            0,            0,            0,   -0.3150064,    0.9490896
robot_192
    6.125874,    -10.03158,            0,            0,            0,   -0.7622476,    0.6472855
robot_179
    10.78035,    -5.996792,            0,            0,            0,  -0.02719753,    0.9996301
robot_142
    2.369382,     14.04583,            0,            0,            0,  -0.03147922,    0.9995044
robot_1
    37.76704,      29.9514,            0,            0,            0,    -0.412868,    0.9107909
robot_44
   -19.63917,    -2.017001,            0,            0,            0,   -0.1740686,    0.9847335
robot_163
    2.960785,      -25.969,            0,            0,            0,   -0.2453046,    0.9694461
robot_79
    18.03539,    -25.97367,            0,            0,            0,    0.9934429,    0.1143297
robot_8
    12.66189,     29.97734,            0,            0,            0,   -0.7166441,     0.697439
robot_20
   -15.70043,     -10.0097,            0,            0,            0,    0.9932501,    0.1159924
robot_143
   -26.08816,    -6.874751,            0,            0,            0,    0.9861944,    0.1655917
robot_138
    21.75057,     17.98742,            0,            0,            0,   -0.2943869,    0.9556863
robot_123
    29.45316,    -26.04874,            0,            0,            0,    -0.618388,     0.785873
robot_193
    33.85412,     17.66298,            0,            0,            0,    0.9959905,   0.08945949
robot_187
    -13.9973,     21.92139,            0,            0,            0,    0.7014627,    0.7127061
robot_176
   -18.06091,    -3.121633,            0,            0,            0,    0.8382025,    0.5453591
robot_66
    26.25049,     26.09248,            0,            0,            0,      0.63368,    0.7735953
robot_63
   -18.04335,     10.63075,            0,            0,            0,   -0.7374082,    0.6754474
robot_31
   -12.05161,     30.01195,            0,            0,            0,    0.9614288,    0.2750538
robot_159
    17.92023,    -13.04865,            0,            0,            0,    0.6698645,    0.7424833
robot_160
    5.920112,    -23.21728,            0,            0,            0,    0.9955642,   0.09408415
robot_151
    33.95999,     14.21799,            0,            0,            0,    0.4890844,    0.8722365
robot_150
   -34.04822,     6.394649,            0,            0,            0,    0.1809715,    0.9834883
robot_137
   -18.50486,    -14.09837,            0,            0,            0,    -0.995312,   0.09671633
robot_199
   -22.08557,     31.30576,            0,            0,            0,    0.1961978,    0.9805643
robot_54
   -25.95555,    -9.981401,            0,            0,            0,    0.7383691,    0.6743968
robot_117
   -15.54175,     33.99282,            0,            0,            0,   -0.1700814,      0.98543
robot_36
    9.221111,      33.9874,            0,            0,            0,    0.5675338,    0.8233501
robot_33
    9.776089,    -21.80302,            0,            0,            0,   -0.5560334,      0.83116
robot_146
    17.95959,     7.329464,            0,            0,            0,    0.7213792,    0.6925403
robot_156
   -30.26736,     2.031295,            0,            0,            0,    0.9858288,    0.1677545
robot_112
   -26.14096,     17.84029,            0,            0,            0,   -0.3110329,    0.9503991
robot_19
    21.92065,    -26.10966,            0,            0,            0,   -0.7485821,    0.6630421
robot_141
    29.87217,    -10.32498,            0,            0,            0,   -0.8135389,    0.5815104
robot_35
    -22.4073,    -17.91775,            0,            0,            0,   -0.8159032,    0.5781885
robot_184
     22.4736,     22.00317,            0,            0,            0,   -0.9761895,    0.2169196
robot_98
   -8.850142,    -18.02715,            0,            0,            0,    0.9253187,    0.3791903
robot_100
    17.59824,     37.99716,            0,            0,            0,   -0.3855427,      0.92269
robot_164
   -29.64836,    -10.07613,            0,            0,            0,    0.5732518,    0.8193792
robot_59
    5.945444,     27.34235,            0,            0,            0,   -0.2725341,    0.9621461
robot_144
   -26.18911,     30.10071,            0,            0,            0,    0.3498621,    0.9368012
robot_101
   -11.94631,    -21.98495,            0,            0,            0,   -0.7373974,    0.6754591
robot_161
   -37.65224,    -30.03017,            0,            0,            0,  -0.06303652,    0.9980112
robot_149
   -9.137246,    -21.98637,            0,            0,            0,   0.01324497,    0.9999123
robot_86
     7.25823,    -37.99517,            0,            0,            0,   -0.9572764,    0.2891747
robot_191
   -32.80378,    -18.00159,            0,            0,            0,   -0.9660106,    0.2585026
robot_126
   -18.07208,    0.2961498,            0,            0,            0,    0.2410513,    0.9705124
robot_190
    17.90998,    -4.773871,            0,            0,            0,   -0.9198154,    0.3923514
robot_131
   -22.03425,     8.503227,            0,            0,            0,   -0.2523843,    0.9676271
robot_154
    9.765209,     6.004602,            0,            0,            0,   -0.2582811,    0.9660698
robot_9
   -39.53314,     25.98445,            0,            0,            0,    0.9584907,    0.2851238
robot_27
    26.32059,     -22.0594,            0,            0,            0,    0.9493482,     0.314226
robot_34
   -38.25255,    -13.99755,            0,            0,            0,    0.9683284,    0.2496801
robot_114
    21.91298,    -19.44109,            0,            0,            0,   -0.1971843,    0.9803664
robot_51
     2.50151,     30.02896,            0,            0,            0,   -0.4548552,    0.8905654
