tuw_multi_robot_msgs::RobotGoalsArray @1970-01-01T00:54:33.900000
frame_id: map
        3273,    900000000
robot_84
   -10.99758,    -30.01627,            0,            0,            0,    0.2158379,    0.9764292
robot_116
    18.01068,    -2.057118,            0,            0,            0,    0.1184897,    0.9929553
robot_74
     13.9607,      17.4797,            0,            0,            0,    0.9357405,    0.3526894
robot_41
    21.53508,    -18.08309,            0,            0,            0,   -0.6674149,    0.7446861
robot_125
   -35.53339,     18.01001,            0,            0,            0,    0.9582961,    0.2857772
robot_136
   -12.23607,     2.026882,            0,            0,            0,    0.4665982,    0.8844694
robot_173
    23.09373,     6.003189,            0,            0,            0,    0.9994345,   0.03362538
robot_67
    33.96618,    -37.32335,            0,            0,            0,    0.7939761,     0.607949
robot_197
     18.6944,     10.00002,            0,            0,            0,    0.8247095,    0.5655565
robot_119
   -18.84303,    -6.005526,            0,            0,            0,   -0.9034664,    0.4286588
robot_82
    20.12725,    -13.99877,            0,            0,            0,   -0.7868055,    0.6172011
robot_77
   -37.38723,     34.01741,            0,            0,            0,      0.95194,    0.3062847
robot_5
    9.960775,    -14.31648,            0,            0,            0,   -0.9356913,    0.3528198
robot_133
   -17.94307,     14.10989,            0,            0,            0,    0.2434502,    0.9699134
robot_99
   -6.369268,     17.98309,            0,            0,            0,   -0.9237648,    0.3829603
robot_171
    14.61095,     9.998789,            0,            0,            0,      -0.5173,    0.8558041
robot_180
   -10.04349,     25.07298,            0,            0,            0,   -0.7870752,     0.616857
robot_56
   -17.01631,      17.9935,            0,            0,            0,   -0.3799424,    0.9250102
robot_3
    26.98475,    -9.967017,            0,            0,            0,    0.4273015,    0.9041092
robot_81
    9.949732,    -21.13453,            0,            0,            0,    0.5188315,    0.8548766
robot_167
    31.20218,    -29.98267,            0,            0,            0,   -0.9763983,    0.2159777
robot_25
    31.71182,      34.0015,            0,            0,            0,   -0.6354844,    0.7721137
robot_168
   -29.81753,     10.01779,            0,            0,            0,    0.9849347,    0.1729264
robot_96
   -6.090403,    -21.97107,            0,            0,            0,    0.9648847,    0.2626737
robot_166
    -14.4891,     2.064721,            0,            0,            0,    0.8390923,    0.5439891
robot_102
   -27.63532,    -5.981474,            0,            0,            0,    0.6987311,    0.7153844
robot_192
    25.13336,    -1.998744,            0,            0,            0,   -0.2717664,    0.9623633
robot_179
   -26.02954,     33.66605,            0,            0,            0,    0.5848366,    0.8111511
robot_142
    9.330186,    -18.00902,            0,            0,            0,    -0.956285,    0.2924362
robot_1
    10.69276,    -1.982208,            0,            0,            0,   -0.9238344,    0.3827924
robot_44
   -22.01407,     6.336237,            0,            0,            0,   -0.9991896,   0.04025013
robot_163
    1.829988,    -6.073543,            0,            0,            0,    0.7968387,    0.6041921
robot_79
    14.43206,    -30.09309,            0,            0,            0,   -0.6062722,    0.7952572
robot_8
   -7.066926,    -14.02751,            0,            0,            0,   -0.1736025,    0.9848158
robot_20
   -32.85939,     6.010754,            0,            0,            0,   -0.6598295,    0.7514154
robot_143
   -10.03929,     4.237485,            0,            0,            0,   -0.9880743,    0.1539777
robot_138
   -34.07783,    -24.20224,            0,            0,            0,    0.2068103,    0.9783811
robot_123
    33.84543,    -25.79121,            0,            0,            0,   -0.9887312,    0.1497019
robot_193
    13.91856,     32.35661,            0,            0,            0,    0.9392219,    0.3433107
robot_187
    5.914906,     28.42161,            0,            0,            0,   -0.9776317,    0.2103243
robot_176
   -30.07719,     -11.8451,            0,            0,            0,    0.9651114,    0.2618396
robot_66
    11.92661,     33.97309,            0,            0,            0,    0.8357467,    0.5491152
robot_63
    22.41771,     29.97785,            0,            0,            0,   0.08093973,     0.996719
robot_31
    26.36672,    -33.98501,            0,            0,            0,   0.03643405,    0.9993361
robot_159
   -11.01984,    -38.03073,            0,            0,            0,    0.1182205,    0.9929874
robot_160
    24.37749,     14.03084,            0,            0,            0,   -0.3774296,    0.9260383
robot_151
    29.46738,    -13.97924,            0,            0,            0,   -0.9970697,   0.07649804
robot_150
    -16.6008,    -17.96763,            0,            0,            0,   -0.9888164,    0.1491382
robot_137
   -24.89151,    -9.992391,            0,            0,            0,    0.9337292,    0.3579802
robot_199
   -13.71321,    -5.995447,            0,            0,            0,    0.2555708,    0.9667903
robot_54
    1.933072,    -15.94087,            0,            0,            0,    -0.825886,    0.5638371
robot_117
   -25.22508,     21.97369,            0,            0,            0,   -0.2042286,    0.9789232
robot_36
    1.926666,     12.60216,            0,            0,            0,    0.9930838,    0.1174076
robot_33
   -18.05646,    -21.92804,            0,            0,            0,   -0.3169477,     0.948443
robot_146
    22.12741,    -13.89933,            0,            0,            0,    0.9971073,   0.07600667
robot_156
   -34.06275,    -34.56472,            0,            0,            0,    0.2129057,    0.9770728
robot_112
    21.91622,     38.43673,            0,            0,            0,    0.9999995, 0.0009671268
robot_19
   -34.03755,     25.84967,            0,            0,            0,  -0.02249566,    0.9997469
robot_141
   -2.045755,    -19.86275,            0,            0,            0,   -0.7169251,    0.6971502
robot_35
   -13.76097,    -26.06141,            0,            0,            0,    0.9951633,   0.09823451
robot_184
    25.95592,     34.72347,            0,            0,            0,    0.3622895,    0.9320656
robot_98
   -18.66592,    -18.02068,            0,            0,            0,    0.9944925,    0.1048081
robot_100
    38.05402,    -10.12743,            0,            0,            0,   0.01765516,    0.9998441
robot_164
   -14.05104,     32.40045,            0,            0,            0,     0.902188,     0.431343
robot_59
    20.64028,      5.97213,            0,            0,            0,   -0.3563302,    0.9343601
robot_144
    7.144014,     21.96776,            0,            0,            0,    0.1848546,    0.9827659
robot_101
   -14.04072,    -9.551175,            0,            0,            0,      0.45067,    0.8926906
robot_161
    -22.4785,    -2.055846,            0,            0,            0,     0.942488,    0.3342399
robot_149
    13.96583,     12.21747,            0,            0,            0,    0.6156409,    0.7880268
robot_86
    13.96414,    -8.850381,            0,            0,            0,    0.7721307,    0.6354638
