tuw_multi_robot_msgs::RobotGoalsArray @1970-01-01T01:27:22.900000
frame_id: map
        5242,    900000000
robot_84
   -24.32211,    -30.00373,            0,            0,            0,   -0.8302226,     0.557432
robot_116
   -14.08684,     22.89522,            0,            0,            0,    0.9994542,    0.0330347
robot_74
   -12.32634,     6.009431,            0,            0,            0,   -0.7727261,    0.6347396
robot_41
    13.45509,    -1.997152,            0,            0,            0,   -0.8256524,    0.5641792
robot_125
   -31.23708,    -25.97124,            0,            0,            0,   -0.4821553,    0.8760858
robot_136
   -14.20489,     -10.0714,            0,            0,            0,   -0.9982821,   0.05859037
robot_173
   -6.103617,     34.25013,            0,            0,            0,    0.8492485,    0.5279934
robot_67
    29.96561,    -39.38202,            0,            0,            0,   -0.9594954,    0.2817242
robot_197
   -9.624532,    -25.92377,            0,            0,            0,    -0.989798,     0.142478
robot_119
    25.93891,     34.17471,            0,            0,            0,   -0.3231959,    0.9463321
robot_82
    13.96492,    -30.43398,            0,            0,            0,   -0.9850144,    0.1724722
robot_77
   -20.13356,     14.01278,            0,            0,            0,    0.4545304,    0.8907312
robot_5
   -18.09944,      6.00068,            0,            0,            0,   -0.9233387,    0.3839865
robot_133
   -10.14796,     38.31098,            0,            0,            0,    0.9568024,    0.2907391
robot_99
    9.959599,     16.69329,            0,            0,            0,    0.1588656,    0.9873002
robot_171
   -36.50945,     29.99613,            0,            0,            0,    0.9694311,    0.2453638
robot_180
    25.96227,     26.09412,            0,            0,            0,   -0.9945006,    0.1047311
robot_56
    13.93098,     9.758266,            0,            0,            0,    0.5652453,    0.8249229
robot_3
     13.9666,    -7.502084,            0,            0,            0,     0.177504,    0.9841201
robot_81
    32.61697,     -5.96737,            0,            0,            0,    0.5401879,    0.8415444
robot_167
   -25.98881,     5.733249,            0,            0,            0,   -0.3859778,     0.922508
robot_25
    23.98132,    -6.007162,            0,            0,            0,    0.1121323,    0.9936933
robot_168
    21.53141,     21.90917,            0,            0,            0,    0.9598209,    0.2806132
robot_96
    -22.0776,    -25.16485,            0,            0,            0,   -0.9335171,    0.3585329
robot_166
   -26.07476,     15.51333,            0,            0,            0,   -0.2860648,    0.9582103
robot_102
    6.088526,    -1.859678,            0,            0,            0,    0.1741282,     0.984723
robot_192
   -38.06605,     16.85427,            0,            0,            0,   -0.2214378,    0.9751745
robot_179
   -17.96684,     10.11973,            0,            0,            0,    0.8724656,    0.4886756
robot_142
    17.84401,    -9.896396,            0,            0,            0,    0.7435507,    0.6686796
robot_1
   -30.09765,    -18.71097,            0,            0,            0,    0.8188819,     0.573962
robot_44
   -25.94392,    -9.920892,            0,            0,            0,   -0.6407829,    0.7677221
robot_163
  -0.7584949,    -13.97299,            0,            0,            0,    0.9273135,    0.3742856
robot_79
    -34.0467,    -27.16055,            0,            0,            0,    -0.586231,    0.8101439
robot_8
    14.13438,     38.14866,            0,            0,            0,   -0.6756597,    0.7372136
robot_20
   -13.62923,    -2.076315,            0,            0,            0,    0.3963739,    0.9180892
robot_143
     10.5172,     37.98269,            0,            0,            0, -0.005994746,     0.999982
robot_138
   -18.15363,    -18.28642,            0,            0,            0,    0.9031057,    0.4294183
robot_123
   -16.93498,    -38.01567,            0,            0,            0,    0.9691897,    0.2463156
robot_193
   -34.21078,     6.077634,            0,            0,            0,   -0.4862466,    0.8738216
robot_187
    6.253192,     29.90881,            0,            0,            0,   -0.8115606,    0.5842682
robot_176
   -13.98474,    -13.65539,            0,            0,            0,    0.6453839,    0.7638583
robot_66
   -18.05804,      25.6737,            0,            0,            0,    0.9282273,    0.3720136
robot_63
    22.07935,     17.93885,            0,            0,            0,  -0.06690601,    0.9977593
robot_31
    37.90249,    -27.50209,            0,            0,            0,    0.9966623,    0.0816352
robot_159
   -22.02624,    -9.669291,            0,            0,            0,   -0.6844638,    0.7290468
robot_160
    35.04273,     33.99711,            0,            0,            0,   -0.2804645,    0.9598644
robot_151
     17.9493,     25.00301,            0,            0,            0,   -0.8599215,    0.5104263
robot_150
    5.466103,     10.04968,            0,            0,            0,   -0.1008981,    0.9948968
robot_137
   -7.112625,     26.00372,            0,            0,            0,   -0.8226716,    0.5685168
robot_199
    37.57406,    -29.94918,            0,            0,            0,   -0.1774764,    0.9841251
robot_54
    22.07024,    -2.048394,            0,            0,            0,    0.7599582,     0.649972
robot_117
    26.74278,    -25.98263,            0,            0,            0,    0.9932559,    0.1159425
robot_36
    -30.0563,     6.598905,            0,            0,            0,    0.3416425,      0.93983
robot_33
    33.96189,     32.31107,            0,            0,            0,    0.9959478,   0.08993357
robot_146
    -34.0603,     16.84508,            0,            0,            0,    0.6993953,    0.7147351
robot_156
    23.20895,     2.012181,            0,            0,            0,    0.1535323,    0.9881436
robot_112
   -11.84915,     2.007202,            0,            0,            0,   -0.9828075,    0.1846331
robot_19
   -18.06182,     29.07888,            0,            0,            0,    0.7163545,    0.6977365
robot_141
    7.958749,    -13.98038,            0,            0,            0,    0.9998472,   0.01748067
robot_35
    37.85037,     13.75581,            0,            0,            0,    0.9875249,    0.1574629
robot_184
   -18.03231,    -2.170232,            0,            0,            0,    0.2334891,    0.9723594
robot_98
   -17.88018,    -5.979048,            0,            0,            0,   -0.9997966,   0.02016725
robot_100
    25.90443,    0.7751994,            0,            0,            0,   -0.9936683,    0.1123532
robot_164
    9.693912,     26.01036,            0,            0,            0,    0.9991101,   0.04217781
robot_59
    30.23935,    -10.02398,            0,            0,            0,    -0.153699,    0.9881177
robot_144
    7.731526,    -9.980549,            0,            0,            0,   0.09262211,    0.9957013
robot_101
   -33.52483,    -2.009687,            0,            0,            0,    0.6662956,    0.7456877
robot_161
   -21.98878,      21.9407,            0,            0,            0,    0.9395114,    0.3425175
robot_149
   -1.922688,      21.8564,            0,            0,            0,    0.9902666,    0.1391838
robot_86
    33.92218,     13.31092,            0,            0,            0,    -0.495299,    0.8687225
robot_191
   -38.07886,    -12.12517,            0,            0,            0,    0.9953898,   0.09591258
robot_126
    1.962489,     25.01325,            0,            0,            0,    0.9920044,    0.1262032
robot_190
    34.73503,    -34.00058,            0,            0,            0,   -0.8185379,    0.5744525
robot_131
    13.93122,    -35.30388,            0,            0,            0,    0.7439591,    0.6682251
robot_154
   -26.22503,     34.23214,            0,            0,            0,    0.1564333,    0.9876885
robot_9
     9.52191,     14.09399,            0,            0,            0,    0.9976313,    0.0687876
robot_27
    5.935871,    -14.58495,            0,            0,            0,   -0.9813176,    0.1923949
robot_34
    21.58303,    -17.92627,            0,            0,            0,    0.7151428,    0.6989784
robot_114
    28.11767,     13.99943,            0,            0,            0,   -0.5154441,    0.8569232
robot_51
   -30.04535,     10.83402,            0,            0,            0,   -0.8281886,    0.5604495
robot_108
    -37.4529,    -13.98218,            0,            0,            0,    0.7517206,    0.6594817
robot_147
   -18.09152,    -15.76885,            0,            0,            0,   -0.7258631,    0.6878392
robot_183
   -2.190429,    -9.848774,            0,            0,            0,   -0.9214716,    0.3884457
robot_48
    5.930615,     5.076152,            0,            0,            0,    -0.997248,   0.07413796
robot_60
    6.150398,     26.01083,            0,            0,            0,   -0.2974231,    0.9547458
robot_75
   -22.01191,      -2.3048,            0,            0,            0,   -0.6683579,    0.7438398
robot_152
   -10.04113,    -9.848875,            0,            0,            0,   -0.3534321,    0.9354602
robot_26
    4.054905,    -18.02138,            0,            0,            0,    -0.616362,     0.787463
robot_182
     1.95351,    -12.78359,            0,            0,            0,  -0.07349837,    0.9972953
robot_172
    6.509228,    -22.00298,            0,            0,            0,   -0.0507777,      0.99871
robot_43
    21.91737,    -27.73667,            0,            0,            0,    0.9972964,   0.07348431
robot_170
   -27.98544,     10.00327,            0,            0,            0,    0.8288396,    0.5594862
robot_177
   -34.06565,     8.751922,            0,            0,            0,    0.7010637,    0.7130987
robot_80
   -14.09528,     28.69825,            0,            0,            0,     0.915466,    0.4023953
robot_16
    2.986136,     18.02733,            0,            0,            0,    0.9659941,     0.258564
robot_13
    5.965084,    -6.338788,            0,            0,            0,    0.7372438,    0.6756268
robot_178
   0.8333918,     33.98163,            0,            0,            0,    0.2791179,    0.9602568
robot_88
    31.42986,    -26.02731,            0,            0,            0,   -0.8704581,    0.4922426
robot_194
    21.85677,    -10.18019,            0,            0,            0,   -0.2804494,    0.9598688
robot_29
    25.72604,     17.87096,            0,            0,            0,     0.118236,    0.9929855
robot_92
   -18.38349,    -25.98367,            0,            0,            0,   -0.8420796,    0.5393533
robot_87
    26.34882,     10.06698,            0,            0,            0,     0.365347,    0.9308714
robot_68
    -34.0508,    -24.88648,            0,            0,            0,    0.9980881,   0.06180742
robot_22
   -2.041592,    -29.48835,            0,            0,            0,    0.8224374,    0.5688557
robot_38
    13.90463,    -32.75753,            0,            0,            0,   -0.3271813,    0.9449616
robot_2
   -14.07019,    -23.76473,            0,            0,            0,   -0.7886354,    0.6148612
robot_110
    17.90543,      27.2776,            0,            0,            0,   -0.9397029,    0.3419919
robot_14
   -32.71288,    -10.02337,            0,            0,            0,     0.474605,    0.8801989
robot_181
    21.10645,     -37.9917,            0,            0,            0,    0.8724551,    0.4886943
robot_61
    21.90738,     36.32823,            0,            0,            0,    0.9998999,   0.01415224
robot_30
   -22.03604,    -30.00674,            0,            0,            0,   -0.2410437,    0.9705143
robot_122
    29.90816,    -13.19912,            0,            0,            0,    0.8936074,    0.4488495
robot_132
   -27.93144,    -14.01722,            0,            0,            0,   -0.6278208,    0.7783579
robot_45
    21.95013,    -23.19832,            0,            0,            0,   0.02414209,    0.9997085
robot_21
   -6.101973,    -38.13151,            0,            0,            0,   -0.6171377,    0.7868552
robot_39
   -1.659315,    -26.00002,            0,            0,            0,   -0.1295648,     0.991571
robot_134
   -18.09255,     -31.1752,            0,            0,            0,   -0.7336945,    0.6794795
robot_15
    31.95761,    -33.99253,            0,            0,            0,    0.9130146,     0.407927
robot_145
    1.962227,     14.55865,            0,            0,            0,    0.5109188,     0.859629
robot_140
    13.70401,    -37.94873,            0,            0,            0,    -0.918955,    0.3943623
