tuw_multi_robot_msgs::RobotGoalsArray @1970-01-01T01:35:49.800000
frame_id: map
        5749,    800000000
robot_84
   -26.41043,      29.9258,            0,            0,            0,     0.754624,    0.6561575
robot_116
   -37.96536,     21.81202,            0,            0,            0,   -0.5176688,    0.8555811
robot_74
    37.89457,    -9.881918,            0,            0,            0,    0.5172578,    0.8558296
robot_41
    29.91962,     19.38543,            0,            0,            0,    0.9771671,    0.2124724
robot_125
    37.91997,    -23.19474,            0,            0,            0,    0.7698162,    0.6382656
robot_136
     33.9609,    -1.446663,            0,            0,            0,   0.09502666,    0.9954747
robot_173
    12.07857,     25.97432,            0,            0,            0,   -0.7762448,    0.6304316
robot_67
   -10.28599,    -13.97121,            0,            0,            0,    0.8853726,    0.4648821
robot_197
    9.924449,     7.964978,            0,            0,            0,   -0.3577673,    0.9338108
robot_119
    28.89852,    -38.00122,            0,            0,            0,     0.788844,    0.6145935
robot_82
    28.36433,    -21.97332,            0,            0,            0,   -0.1394715,    0.9902261
robot_77
    35.03613,    -21.97632,            0,            0,            0,   -0.9959492,   0.08991788
robot_5
    33.89243,     29.99525,            0,            0,            0,    0.3654571,    0.9308282
robot_133
   -32.90438,     25.97951,            0,            0,            0,    0.5972588,    0.8020485
robot_99
    13.93781,     19.20165,            0,            0,            0,    0.2790469,    0.9602775
robot_171
   -30.00131,    -10.02553,            0,            0,            0,   -0.9622369,    0.2722133
robot_180
   -27.11247,     25.99203,            0,            0,            0,   -0.9987677,   0.04962844
robot_56
   -14.03887,    -19.23998,            0,            0,            0,     0.747534,    0.6642236
robot_3
    29.24408,      21.9743,            0,            0,            0,   0.08094984,    0.9967182
robot_81
    13.84319,    -18.09537,            0,            0,            0,   -0.4709612,    0.8821539
robot_167
    6.163514,     21.85914,            0,            0,            0,    0.8464547,    0.5324607
robot_25
    33.82408,    -37.97957,            0,            0,            0,    0.9056402,     0.424047
robot_168
    37.84443,    -13.92497,            0,            0,            0,   -0.8350299,    0.5502046
robot_96
   -5.620609,     10.01537,            0,            0,            0,   -0.9877692,    0.1559232
robot_166
    17.96461,    -9.401826,            0,            0,            0,   0.07403051,     0.997256
robot_102
     29.9334,    -2.043492,            0,            0,            0,   -0.9258233,    0.3779567
robot_192
    6.555307,    -17.99719,            0,            0,            0,   -0.8966595,    0.4427208
robot_179
    18.37791,    -22.08049,            0,            0,            0,    0.8503177,    0.5262697
robot_142
   -29.96432,     25.98797,            0,            0,            0,   -0.9690459,    0.2468808
robot_1
   -32.27388,    -18.02641,            0,            0,            0,   -0.9743619,    0.2249864
robot_44
    25.94678,      25.0622,            0,            0,            0,    0.6782461,    0.7348349
robot_163
    5.986047,     9.645471,            0,            0,            0,    0.9182031,    0.3961099
robot_79
   -34.03401,     36.04909,            0,            0,            0,   -0.6875744,    0.7261139
robot_8
    29.94356,    -4.142522,            0,            0,            0,    0.6743744,    0.7383896
robot_20
   -14.12099,     17.96289,            0,            0,            0,   -0.4705029,    0.8823984
robot_143
    2.913465,     17.96999,            0,            0,            0,   -0.8065887,    0.5911131
robot_138
   -10.03631,    -20.85189,            0,            0,            0,  -0.06042519,    0.9981727
robot_123
   -14.05025,    -26.90203,            0,            0,            0,   -0.7450668,    0.6669899
robot_193
    25.91438,     33.63337,            0,            0,            0,   -0.9860915,    0.1662035
robot_187
    9.528687,     26.07881,            0,            0,            0,     0.961302,    0.2754968
robot_176
   -21.94347,    -6.144117,            0,            0,            0,   -0.4909053,    0.8712129
robot_66
    21.85281,     1.892272,            0,            0,            0,   -0.4548989,    0.8905431
robot_63
    21.92139,     29.93751,            0,            0,            0,    -0.636874,    0.7709679
robot_31
   -30.43353,     33.93295,            0,            0,            0,    0.7079698,    0.7062428
robot_159
   -30.04698,     12.37418,            0,            0,            0,    0.2030366,    0.9791711
robot_160
    8.129734,    -25.99779,            0,            0,            0,    0.4876067,    0.8730634
robot_151
    5.954206,    -8.473376,            0,            0,            0,    0.4219024,    0.9066413
robot_150
   -30.03689,    -33.12956,            0,            0,            0,     0.765976,    0.6428691
robot_137
    30.29567,      26.0283,            0,            0,            0,    -0.447105,    0.8944815
robot_199
    -8.64717,    -17.96878,            0,            0,            0,   -0.7420363,    0.6703597
robot_54
     13.5388,     10.05044,            0,            0,            0,    0.5334744,    0.8458162
robot_117
    5.717722,     33.97658,            0,            0,            0,   0.05248886,    0.9986215
robot_36
    36.04001,     26.01336,            0,            0,            0,   -0.5725483,     0.819871
robot_33
    21.72925,     13.94302,            0,            0,            0,    0.9295845,    0.3686091
robot_146
    -6.03082,     5.724488,            0,            0,            0,   -0.3223149,    0.9466325
robot_156
    37.94892,     17.35326,            0,            0,            0,     0.929575,    0.3686331
robot_112
   -9.025626,     5.967521,            0,            0,            0,    0.5139832,    0.8578002
robot_19
    17.77761,     10.19992,            0,            0,            0,    0.9246589,    0.3807965
robot_141
    33.93185,     14.92064,            0,            0,            0,    0.3642412,    0.9313047
robot_35
    5.926232,     30.93337,            0,            0,            0,   -0.2199429,    0.9755127
robot_184
   -26.03357,     8.874169,            0,            0,            0,    0.1625109,    0.9867067
robot_98
     6.10123,    -34.15154,            0,            0,            0,    0.9095782,    0.4155328
robot_100
   -2.095426,     -30.5277,            0,            0,            0,   -0.9226627,    0.3856081
robot_164
   -34.11901,     6.084619,            0,            0,            0,    0.8249811,    0.5651604
robot_59
    25.92677,    -18.20438,            0,            0,            0,   -0.1119739,    0.9937111
robot_144
    25.94913,    -11.24847,            0,            0,            0,   -0.9782175,    0.2075824
robot_101
     33.9097,    -19.28737,            0,            0,            0,    0.7235813,    0.6902392
robot_161
   -28.23898,     33.96832,            0,            0,            0,   -0.1237453,     0.992314
robot_149
    5.868014,    -29.73929,            0,            0,            0,   -0.4625552,    0.8865905
robot_86
   -13.74557,     38.05951,            0,            0,            0,   -0.2540361,    0.9671947
robot_191
   -10.05568,    -37.98423,            0,            0,            0,   -0.7974906,    0.6033313
robot_126
   -26.05975,    -10.38874,            0,            0,            0,   -0.8727131,    0.4882334
robot_190
   -2.077729,    -25.79315,            0,            0,            0,    0.6566209,    0.7542208
robot_131
    -28.2778,    -5.967951,            0,            0,            0,    0.1331693,    0.9910933
robot_154
    17.63838,     6.069726,            0,            0,            0,   -0.9783591,     0.206914
robot_9
    13.61948,    -25.92721,            0,            0,            0,   -0.1391236,     0.990275
robot_27
    9.926991,     11.57196,            0,            0,            0,   -0.5880706,    0.8088096
robot_34
     25.7841,    -25.89183,            0,            0,            0,    0.7057494,    0.7084616
robot_114
    26.41856,     14.03051,            0,            0,            0,    0.8738823,    0.4861376
robot_51
    9.790727,    -30.08958,            0,            0,            0,    -0.999981,  0.006156855
robot_108
   -17.45582,    -9.993026,            0,            0,            0,   -0.9988777,   0.04736392
robot_147
    30.42334,    -34.05939,            0,            0,            0,    0.1283109,     0.991734
robot_183
   -6.038855,    -16.28477,            0,            0,            0,   -0.9144227,    0.4047605
robot_48
    5.937923,     7.641717,            0,            0,            0,   -0.2521339,    0.9676924
robot_60
    12.35944,     5.972827,            0,            0,            0,    0.8794988,    0.4759011
robot_75
   -21.94376,    -22.12781,            0,            0,            0,    0.6596198,    0.7515994
robot_152
   -26.06551,     -23.9386,            0,            0,            0,   -0.5376918,    0.8431414
robot_26
    9.648924,    -34.09024,            0,            0,            0,   -0.7494707,    0.6620376
robot_182
   -22.05257,    -2.220608,            0,            0,            0,    -0.668526,    0.7436888
robot_172
    -12.7998,    -30.02305,            0,            0,            0,    0.8924811,    0.4510848
robot_43
    11.59971,       22.007,            0,            0,            0,     0.912762,    0.4084917
robot_170
    17.95925,     36.25908,            0,            0,            0,   -0.8431433,    0.5376889
robot_177
   -38.08177,     10.39102,            0,            0,            0,    0.6707478,    0.7416855
robot_80
   -14.05717,     33.73054,            0,            0,            0,    -0.824781,    0.5654522
robot_16
    20.79348,    -1.968591,            0,            0,            0,    0.9475142,    0.3197137
robot_13
    23.57379,    -1.994706,            0,            0,            0,     0.992651,    0.1210124
robot_178
    5.909958,    -4.270019,            0,            0,            0,    0.9735062,    0.2286605
robot_88
    17.74344,     17.99012,            0,            0,            0,    0.6130658,    0.7900318
robot_194
    30.28866,    -22.07807,            0,            0,            0,    0.8646351,    0.5024004
robot_29
    22.00322,      37.9639,            0,            0,            0,   -0.9502704,    0.3114261
robot_92
   -13.91385,    -37.86182,            0,            0,            0,   -0.5087977,    0.8608861
robot_87
     22.2005,     33.94258,            0,            0,            0,    -0.842194,    0.5391746
robot_68
    17.90088,    -6.803184,            0,            0,            0,   -0.1320703,    0.9912404
robot_22
    5.951812,    -36.74089,            0,            0,            0,    0.6084293,    0.7936081
robot_38
   -38.06182,     19.42065,            0,            0,            0,    0.6550112,    0.7556191
robot_2
    13.96343,    -32.70287,            0,            0,            0,   0.06792934,    0.9976901
robot_110
    37.90903,     20.59665,            0,            0,            0,   -0.9300805,    0.3673557
robot_14
   -5.927047,    -13.88948,            0,            0,            0,    0.9974778,   0.07097855
robot_181
    2.001437,     13.93811,            0,            0,            0,   -0.7342841,    0.6788423
robot_61
   -22.07137,    -14.38924,            0,            0,            0,   0.05802781,     0.998315
robot_30
     13.8559,    -22.18372,            0,            0,            0,    0.9614052,    0.2751364
robot_122
   -14.91824,      6.01493,            0,            0,            0,    0.6325533,    0.7745168
robot_132
    14.27394,    -37.94838,            0,            0,            0,    -0.989252,    0.1462206
robot_45
   -14.07884,    -22.83769,            0,            0,            0,   -0.6784837,    0.7346154
robot_21
    17.94588,     12.17489,            0,            0,            0,    0.1890929,    0.9819592
robot_39
    24.93478,     -30.0072,            0,            0,            0,    0.8838366,    0.4677957
robot_134
    33.93483,    -12.79233,            0,            0,            0,    0.4411289,    0.8974437
robot_15
    25.93332,     2.327173,            0,            0,            0,   -0.9890368,    0.1476689
robot_145
   -6.901823,    -22.01183,            0,            0,            0,    0.9627517,     0.270387
robot_140
    35.45025,     6.006725,            0,            0,            0,    0.9549188,    0.2968672
robot_196
   -10.19895,     18.01695,            0,            0,            0,   -0.8759162,    0.4824632
robot_188
   -25.97461,     18.11747,            0,            0,            0,    0.3676781,    0.9299531
robot_4
    6.072695,     -14.0706,            0,            0,            0,   -0.8714257,    0.4905276
robot_155
    33.82639,     10.14599,            0,            0,            0,   -0.3756408,    0.9267653
robot_135
    30.03253,     -18.0047,            0,            0,            0,   -0.9241358,    0.3820643
robot_93
   -10.09806,     33.38899,            0,            0,            0,  -0.06768458,    0.9977068
robot_111
   -34.06242,    0.6933614,            0,            0,            0,   0.02485221,    0.9996911
robot_0
    25.92061,     11.57425,            0,            0,            0,    0.9034403,     0.428714
robot_49
    14.98083,     5.979642,            0,            0,            0,   -0.5058137,    0.8626427
robot_113
   -33.57593,     34.06763,            0,            0,            0,    0.7236356,    0.6901822
robot_94
    29.92877,    -8.705045,            0,            0,            0,  -0.00589017,    0.9999827
robot_40
     -33.918,    -26.03448,            0,            0,            0,    0.2846255,    0.9586388
robot_103
    14.13382,    -1.948416,            0,            0,            0,   -0.1485843,    0.9888997
robot_6
    13.76009,     21.96455,            0,            0,            0,   -0.2258686,    0.9741578
robot_71
     33.9411,     24.39239,            0,            0,            0,   -0.1637384,    0.9865038
robot_17
    28.20985,     37.99588,            0,            0,            0,    0.4005154,      0.91629
robot_120
    13.96274,     -14.7324,            0,            0,            0,   0.06102529,    0.9981362
robot_189
   -26.66326,       6.0033,            0,            0,            0,    0.9592677,    0.2824986
robot_148
   -18.16687,     9.907297,            0,            0,            0,   -0.3117067,    0.9501784
robot_186
    5.946699,      27.8172,            0,            0,            0,    0.1346575,    0.9908922
