tuw_multi_robot_msgs::RobotGoalsArray @1970-01-01T00:14:51.100000
frame_id: map
           0,            0
robot_84
   -30.16555,      30.1552,            0,            0,            0, -0.002960251,    0.9999956
robot_116
    13.87393,     -37.8354,            0,            0,            0,   -0.8829156,    0.4695317
robot_74
   -33.92902,     14.07189,            0,            0,            0,  0.005018937,    0.9999874
robot_41
    21.91619,     6.021389,            0,            0,            0,    -0.954894,    0.2969469
robot_125
   -14.85035,     -21.9832,            0,            0,            0,    0.9974161,   0.07184158
robot_136
    -23.5152,    -2.001423,            0,            0,            0,    0.6705066,    0.7419035
robot_173
   -32.69782,     33.97111,            0,            0,            0,    0.5236158,    0.8519545
robot_67
   -18.07101,    -25.13519,            0,            0,            0,    0.9998478,   0.01744698
robot_197
    -30.3533,    -25.95628,            0,            0,            0,    0.1931331,    0.9811726
robot_119
     38.3888,    -13.97732,            0,            0,            0,    -0.945228,    0.3264109
robot_82
    11.46313,    -1.995054,            0,            0,            0,    0.8658809,    0.5002501
robot_77
    29.93046,     -27.5185,            0,            0,            0,     0.353012,    0.9356188
robot_5
    21.94439,     31.95282,            0,            0,            0,    -0.329041,    0.9443156
robot_133
   -6.070072,   0.03013333,            0,            0,            0,    0.7482589,    0.6634069
robot_99
   -14.05254,    -37.69031,            0,            0,            0,   -0.8594403,    0.5112361
robot_171
   -26.09694,    -38.93877,            0,            0,            0,    0.9991517,   0.04118152
robot_180
    1.877879,    -18.25947,            0,            0,            0,    0.7627795,    0.6466586
robot_56
    -38.9477,     26.03275,            0,            0,            0,   -0.4890534,    0.8722538
robot_3
    37.94891,      30.6916,            0,            0,            0,    0.2360564,    0.9717394
robot_81
    -37.9547,    -30.23017,            0,            0,            0,    0.1919123,    0.9814121
robot_167
    29.51273,    -5.920478,            0,            0,            0,  0.008679933,    0.9999623
robot_25
   -11.70736,    -17.99069,            0,            0,            0,    0.1205737,    0.9927044
robot_168
    25.92073,    -12.62618,            0,            0,            0,   -0.9858533,    0.1676105
robot_96
   -16.62249,     34.02276,            0,            0,            0,   -0.9928081,    0.1197163
robot_166
    33.88408,     9.908645,            0,            0,            0,    -0.453067,    0.8914765
robot_102
    17.94333,    -26.40936,            0,            0,            0,   -0.2961157,    0.9551521
robot_192
     21.6187,    -25.98431,            0,            0,            0,   -0.9861885,     0.165627
robot_179
   -13.93833,     9.897306,            0,            0,            0,   -0.4493919,    0.8933347
robot_142
    21.93388,   -0.5207888,            0,            0,            0,   -0.2093516,    0.9778404
robot_1
   -30.82228,     6.022072,            0,            0,            0,  -0.06204046,    0.9980736
robot_44
    13.93884,     -20.5334,            0,            0,            0,   -0.9376461,    0.3475913
robot_163
   -34.10819,    -10.12166,            0,            0,            0,    0.7304787,    0.6829355
robot_79
   -13.85628,    -2.128746,            0,            0,            0,    0.7833269,    0.6216099
robot_8
   -6.441334,    -37.95235,            0,            0,            0,   -0.7488628,     0.662725
robot_20
   -21.88443,     -30.1649,            0,            0,            0,     0.189007,    0.9819757
robot_143
   -10.12237,    -37.92686,            0,            0,            0,    0.9174484,    0.3978549
robot_138
   -38.35462,     9.996103,            0,            0,            0,    0.4742757,    0.8803764
robot_123
   -23.02464,     34.02918,            0,            0,            0,   -0.7875355,    0.6162693
robot_193
   -2.400432,     18.02422,            0,            0,            0,    0.9453683,    0.3260042
robot_187
   -2.715945,      13.9708,            0,            0,            0,   0.06671249,    0.9977722
