tuw_multi_robot_msgs::RobotGoalsArray @1970-01-01T01:19:28.700000
frame_id: map
        4768,    700000000
robot_84
    17.94478,     29.86686,            0,            0,            0,    0.2577815,    0.9662033
robot_116
   -9.654425,    -10.02057,            0,            0,            0,    0.9922045,    0.1246207
robot_74
   -14.26598,    -1.918922,            0,            0,            0,   -0.7775618,    0.6288065
robot_41
    37.92932,    -26.53399,            0,            0,            0,   -0.2308893,      0.97298
robot_125
   -6.071266,     23.79423,            0,            0,            0,    0.9895092,    0.1444698
robot_136
    24.03086,    -30.02588,            0,            0,            0,    0.3391308,    0.9407392
robot_173
    -21.9058,     1.946324,            0,            0,            0,    0.9428999,    0.3330763
robot_67
    29.21856,    -10.02594,            0,            0,            0,   -0.5142492,    0.8576408
robot_197
    10.01143,     22.17699,            0,            0,            0,     0.973523,    0.2285889
robot_119
    -22.0714,     24.82303,            0,            0,            0,   -0.8665138,    0.4991532
robot_82
   -30.04742,     14.99725,            0,            0,            0,   -0.3575603,      0.93389
robot_77
     33.9594,     8.361553,            0,            0,            0,     -0.99579,   0.09166365
robot_5
    9.913656,    -31.40269,            0,            0,            0,    0.6470047,     0.762486
robot_133
   -22.04027,    -21.46409,            0,            0,            0,    0.5064987,    0.8622407
robot_99
   -15.55459,     2.000238,            0,            0,            0,   -0.3690349,    0.9294155
robot_171
    29.92832,     -29.7263,            0,            0,            0,   -0.5362293,    0.8440723
robot_180
   -14.23233,    -17.77239,            0,            0,            0,   -0.4126053,    0.9109099
robot_56
    5.951702,     15.31085,            0,            0,            0,    0.4211602,    0.9069863
robot_3
    13.33991,     10.03242,            0,            0,            0,    0.9590793,    0.2831376
robot_81
    1.927508,     27.26709,            0,            0,            0,   -0.5774178,    0.8164488
robot_167
    20.02955,    -37.98313,            0,            0,            0,    0.8507673,    0.5255425
robot_25
   -30.01556,     9.950481,            0,            0,            0,    0.9982349,   0.05938958
robot_168
    33.93242,   -0.9590578,            0,            0,            0,    0.2793491,    0.9601896
robot_96
    37.96541,    -32.27685,            0,            0,            0,   -0.9874286,    0.1580654
robot_166
   -2.077823,     27.94333,            0,            0,            0,   -0.3032276,    0.9529182
robot_102
    5.695895,     29.91449,            0,            0,            0,   -0.9384459,    0.3454262
robot_192
   -36.84407,     14.00021,            0,            0,            0,   -0.9789925,    0.2038961
robot_179
   -34.24871,     26.08107,            0,            0,            0,   -0.9713058,    0.2378342
robot_142
    5.458849,     22.06888,            0,            0,            0,    -0.293045,    0.9560987
robot_1
    33.89915,    -17.96027,            0,            0,            0,   -0.5712414,    0.8207821
robot_44
   -22.04247,     19.46858,            0,            0,            0,    0.9599312,    0.2802359
robot_163
   -7.910852,    -29.98743,            0,            0,            0,   -0.4258837,    0.9047779
robot_79
   -10.53995,     1.978939,            0,            0,            0,   -0.9999898,  0.004523367
robot_8
    22.22687,    -14.08736,            0,            0,            0,   -0.9169414,    0.3990219
robot_20
    19.12733,    -29.98518,            0,            0,            0,     0.926417,    0.3764991
robot_143
   -38.04627,    -27.14727,            0,            0,            0,    0.8055817,    0.5924847
robot_138
   -10.09696,     32.01244,            0,            0,            0,    0.3882955,    0.9215349
robot_123
    9.746724,    -37.85376,            0,            0,            0,    0.9663772,    0.2571286
robot_193
   -11.79893,     18.00849,            0,            0,            0,   -0.9943233,    0.1064013
robot_187
   -5.536551,    -21.99932,            0,            0,            0,   -0.7687564,    0.6395417
robot_176
     38.1802,     13.93843,            0,            0,            0,   -0.8959646,    0.4441256
robot_66
   -26.08546,    -4.132941,            0,            0,            0,   0.01991898,    0.9998016
robot_63
    14.08983,    -22.11849,            0,            0,            0,   -0.5549082,    0.8319116
robot_31
    1.879997,     33.94312,            0,            0,            0,    0.4072782,    0.9133041
robot_159
   -10.05006,     22.35907,            0,            0,            0,    0.4022588,     0.915526
robot_160
    12.03436,     5.994134,            0,            0,            0,   -0.3924453,    0.9197754
robot_151
    30.25554,     37.91634,            0,            0,            0,   -0.8914298,    0.4531589
robot_150
    26.61495,    -21.97042,            0,            0,            0,    0.9848272,    0.1735376
robot_137
   -38.05664,    -14.71979,            0,            0,            0,  -0.08178246,    0.9966502
robot_199
     37.9883,    -9.979566,            0,            0,            0,   -0.9985186,   0.05441213
robot_54
    5.028746,    -30.00459,            0,            0,            0,  -0.02191594,    0.9997598
robot_117
   -18.07541,     1.084779,            0,            0,            0,   0.06846875,    0.9976533
robot_36
   -18.33539,    -17.91183,            0,            0,            0,    0.6617046,    0.7497647
robot_33
    5.794666,    -17.77399,            0,            0,            0,    0.9913246,    0.1314365
robot_146
   -2.459836,    -22.08023,            0,            0,            0,    -0.722449,    0.6914243
robot_156
     29.7923,     1.975439,            0,            0,            0,   -0.8406617,    0.5415606
robot_112
    27.37192,     33.98575,            0,            0,            0,    0.5843902,    0.8114728
robot_19
    5.902609,      38.5143,            0,            0,            0,    0.9002732,    0.4353254
robot_141
   -10.96723,     33.99584,            0,            0,            0,   -0.9270486,    0.3749412
robot_35
    37.90277,     7.418804,            0,            0,            0,    0.6856532,    0.7279284
robot_184
    36.84352,    -14.01686,            0,            0,            0,   0.04867711,    0.9988146
robot_98
   -34.07831,    0.5751262,            0,            0,            0,   -0.1887986,    0.9820158
robot_100
   -23.87582,    -14.01939,            0,            0,            0,   -0.9759444,    0.2180196
robot_164
   -10.71092,    -34.02145,            0,            0,            0,   -0.3866366,    0.9222322
robot_59
   -29.96141,    -6.010815,            0,            0,            0,   -0.9442033,    0.3293632
robot_144
    10.00241,     5.708462,            0,            0,            0,   -0.8572254,    0.5149413
robot_101
   -18.96461,    -5.982218,            0,            0,            0,    0.5482939,    0.8362857
robot_161
    33.91417,    -36.83454,            0,            0,            0,   -0.8586855,    0.5125029
robot_149
   -14.03578,     5.768334,            0,            0,            0,    0.9836207,    0.1802505
robot_86
    33.90501,      21.8541,            0,            0,            0,    0.9991774,   0.04055308
robot_191
    -25.6369,     21.97778,            0,            0,            0,   -0.9356286,    0.3529859
robot_126
   -18.05782,    -20.61016,            0,            0,            0,   -0.5178087,    0.8554964
robot_190
    5.968888,    -14.27793,            0,            0,            0,   -0.5854556,    0.8107045
robot_131
    4.046657,     -14.0191,            0,            0,            0,    0.5351337,    0.8447674
robot_154
   -26.29207,    -38.06561,            0,            0,            0,   -0.4972143,    0.8676277
robot_9
    36.06334,    -18.02078,            0,            0,            0,   -0.3484207,    0.9373383
robot_27
    9.911519,     7.695161,            0,            0,            0,   -0.9584885,     0.285131
robot_34
    21.93341,     16.55156,            0,            0,            0,   -0.9997458,   0.02254836
robot_114
    1.777525,     9.939515,            0,            0,            0,   -0.6403583,    0.7680764
robot_51
    1.939976,     22.72625,            0,            0,            0,    0.2929656,     0.956123
robot_108
    29.31034,    -1.967449,            0,            0,            0,   -0.1166876,    0.9931687
robot_147
    13.94096,      -37.211,            0,            0,            0,   0.05334082,    0.9985764
robot_183
    5.913069,    -1.895671,            0,            0,            0,   -0.7855944,    0.6187419
robot_48
    17.96747,    -14.11121,            0,            0,            0,  -0.05752827,    0.9983439
robot_60
    17.91154,    -8.983185,            0,            0,            0,   -0.5279413,    0.8492809
robot_75
   -12.85531,    -6.011932,            0,            0,            0,   -0.9918244,    0.1276098
robot_152
   -7.662416,     18.02071,            0,            0,            0,    0.7226532,    0.6912108
robot_26
   -2.043379,     -10.8346,            0,            0,            0,   -0.9575423,    0.2882928
robot_182
     29.9154,     34.50594,            0,            0,            0,    0.9093153,    0.4161078
robot_172
    22.05557,     2.139129,            0,            0,            0,   -0.1625328,    0.9867031
robot_43
   -38.28119,     9.928122,            0,            0,            0,   -0.9200869,    0.3917143
robot_170
   -30.03742,     28.44204,            0,            0,            0,   -0.2966102,    0.9549986
robot_177
    26.37718,     17.90057,            0,            0,            0,   -0.7059482,    0.7082634
robot_80
   -6.063602,    -13.98848,            0,            0,            0,    0.7743683,    0.6327351
robot_16
    14.05162,     21.85098,            0,            0,            0,    0.7362412,    0.6767192
robot_13
   -34.06472,     21.94767,            0,            0,            0,  -0.09203561,    0.9957557
robot_178
   -7.090538,    -26.01007,            0,            0,            0,   -0.9412803,    0.3376261
robot_88
    -6.08871,     28.45385,            0,            0,            0,    0.2833908,    0.9590045
robot_194
    13.66374,     30.09365,            0,            0,            0,   -0.3119493,    0.9500988
robot_29
   -21.74541,     9.946083,            0,            0,            0,    0.1751986,    0.9845331
