tuw_multi_robot_msgs::RobotGoalsArray @1970-01-01T01:49:32.200000
frame_id: map
        6572,    200000000
robot_84
    26.26341,     38.02428,            0,            0,            0,    0.9990615,   0.04331393
robot_116
   -38.04529,     17.61792,            0,            0,            0,   -0.2401779,    0.9707289
robot_74
     17.9175,    -6.532397,            0,            0,            0,    0.7827855,    0.6222916
robot_41
   -29.91672,     2.196644,            0,            0,            0,    0.4786012,    0.8780324
robot_125
   -7.208634,    -33.97442,            0,            0,            0,    0.6230813,    0.7821571
robot_136
    13.95371,    -10.29437,            0,            0,            0,  0.004230014,    0.9999911
robot_173
    30.08553,    -13.94267,            0,            0,            0,   -0.5726483,    0.8198011
robot_67
   -30.05469,     -39.4654,            0,            0,            0,   -0.8126031,    0.5828175
robot_197
    37.94301,     6.200351,            0,            0,            0,    0.1436704,    0.9896256
robot_119
   -18.08729,     1.304511,            0,            0,            0,     0.722076,    0.6918137
robot_82
    22.25982,     2.013794,            0,            0,            0,    0.3062161,     0.951962
robot_77
    -22.1006,      17.8467,            0,            0,            0,   -0.6746518,    0.7381361
robot_5
    11.88911,    -18.02589,            0,            0,            0,     0.423521,    0.9058863
robot_133
    25.75852,      2.11348,            0,            0,            0,   -0.8328179,     0.553547
robot_99
   -18.04973,     14.34563,            0,            0,            0,   -0.9989946,    0.0448309
robot_171
   -27.75434,     34.02946,            0,            0,            0,   -0.8168234,    0.5768879
robot_180
    8.250227,    -18.02596,            0,            0,            0,    0.8589848,    0.5120011
robot_56
    17.94326,    -26.07431,            0,            0,            0,   -0.1805494,    0.9835659
robot_3
   -16.06832,      13.9703,            0,            0,            0,   -0.7168939,    0.6971823
robot_81
    33.95256,    -14.13115,            0,            0,            0,   -0.1662291,    0.9860872
