tuw_multi_robot_msgs::RobotGoalsArray @1970-01-01T00:00:10.100000
frame_id: map
          10,    100000000
robot_84
   -2.055274,    -11.98493,            0,            0,            0,   0.01950976,    0.9998097
robot_116
    25.98807,     25.66291,            0,            0,            0,   -0.1324967,    0.9911834
robot_74
   -39.34876,     -30.0002,            0,            0,            0,   -0.9244564,    0.3812879
robot_41
   -30.04167,     -17.6855,            0,            0,            0,     0.956351,    0.2922204
robot_125
   -36.45778,     33.98995,            0,            0,            0,   0.08374412,    0.9964873
robot_136
   -38.09497,    -9.403347,            0,            0,            0,     0.190449,    0.9816971
robot_173
    35.87127,     10.03309,            0,            0,            0,   -0.9988708,   0.04751013
robot_67
   -29.88412,     -29.8489,            0,            0,            0,   -0.7981669,    0.6024363
robot_197
    33.53336,    -33.97524,            0,            0,            0,   -0.1437313,    0.9896168
robot_119
   -17.75899,     18.09238,            0,            0,            0,   -0.8363011,    0.5482705
robot_82
    29.84015,     6.260435,            0,            0,            0,    -0.971272,    0.2379723
robot_77
     9.70343,    -1.991388,            0,            0,            0,   -0.9969621,   0.07788818
robot_5
    37.90621,     28.50273,            0,            0,            0,     0.851009,    0.5251511
robot_133
   -25.94425,     33.78519,            0,            0,            0,    0.9964191,   0.08455163
robot_99
    9.864847,     13.94391,            0,            0,            0,   -0.1559538,    0.9877643
robot_171
   -39.17252,     17.98079,            0,            0,            0,   -0.7035436,    0.7106521
robot_180
    1.943112,     -10.3149,            0,            0,            0,    -0.589259,    0.8079442
robot_56
    -1.99519,     29.95483,            0,            0,            0,   -0.2765815,    0.9609905
robot_3
     25.9414,    -16.90832,            0,            0,            0,   -0.3365216,    0.9416758
robot_81
   -18.07747,      10.2961,            0,            0,            0,    0.5479885,    0.8364859
robot_167
   -26.12724,     2.097669,            0,            0,            0,    0.7270902,     0.686542
robot_25
   -1.797213,    -13.93983,            0,            0,            0,    0.3950811,    0.9186462
robot_168
    17.68532,    -14.07592,            0,            0,            0,   -0.8816516,     0.471901
robot_96
    25.86554,     13.71317,            0,            0,            0,   -0.9819941,    0.1889116
robot_166
    -34.0207,    -37.98272,            0,            0,            0,   -0.2579975,    0.9661456
