tuw_multi_robot_msgs::RobotGoalsArray @1970-01-01T00:16:49.900000
frame_id: map
        1009,    900000000
robot_84
    1.903408,    -21.24563,            0,            0,            0,    0.0592903,    0.9982408
robot_116
    29.53515,    -29.92042,            0,            0,            0,    -0.189412,    0.9818977
robot_74
    18.41959,    -33.97309,            0,            0,            0,   -0.9513609,    0.3080787
robot_41
    13.90974,     15.55916,            0,            0,            0,   -0.5696733,    0.8218713
robot_125
    28.02644,    -17.98185,            0,            0,            0,    0.5601628,    0.8283825
robot_136
    21.93422,     35.57599,            0,            0,            0,     0.941697,     0.336462
robot_173
   -16.24164,    -29.98987,            0,            0,            0,   -0.9779851,    0.2086748
robot_67
   -29.92698,    -22.13479,            0,            0,            0,   -0.8568081,    0.5156354
robot_197
   -2.083059,      14.8998,            0,            0,            0,   -0.3961052,    0.9182051
robot_119
   -6.297422,     14.13534,            0,            0,            0,   0.06334173,    0.9979919
robot_82
   -14.07285,    -5.024815,            0,            0,            0,     -0.43149,    0.9021177
robot_77
    -20.7169,     25.99597,            0,            0,            0,   -0.3150733,    0.9490673
robot_5
   -5.804558,    -14.03676,            0,            0,            0,   -0.4512745,    0.8923852
robot_133
   -25.95269,     -22.1622,            0,            0,            0,   -0.8626167,    0.5058581
robot_99
   -21.97876,      37.9934,            0,            0,            0,    0.9201818,    0.3914913
robot_171
    36.08814,       34.012,            0,            0,            0,    0.9527468,    0.3037656
robot_180
    2.134934,     30.11089,            0,            0,            0,   0.04607344,    0.9989381
robot_56
    1.280139,     14.01317,            0,            0,            0,   -0.8084894,    0.5885108
robot_3
    7.844804,     -2.01664,            0,            0,            0,    0.9589239,    0.2836634
robot_81
    1.787672,    -25.82433,            0,            0,            0,    0.9862642,    0.1651751
robot_167
    14.90515,     26.01186,            0,            0,            0,   -0.9725588,    0.2326573
robot_25
   -13.65489,    -21.98693,            0,            0,            0,    0.9558176,    0.2939605
robot_168
   -26.24803,    -26.16631,            0,            0,            0,   -0.9086154,    0.4176338
robot_96
   -27.69238,    -34.02589,            0,            0,            0,    0.9414842,    0.3370571
robot_166
    5.940961,      6.86612,            0,            0,            0,   -0.5300038,    0.8479953
robot_102
    33.90009,     18.07434,            0,            0,            0,    0.2162973,    0.9763275
robot_192
   -13.82114,    -26.00726,            0,            0,            0,    0.7887665,    0.6146929
robot_179
    21.93607,    -9.674948,            0,            0,            0,     -0.79372,    0.6082833
robot_142
    30.13101,    -5.962004,            0,            0,            0,    0.9999193,   0.01270675
robot_1
   -30.09895,      27.5447,            0,            0,            0,    -0.999975,  0.007070134
robot_44
    37.71048,     9.879637,            0,            0,            0,    0.2712438,    0.9625107
robot_163
   -26.07292,    -31.50428,            0,            0,            0,     -0.32272,    0.9464945
robot_79
    27.09759,    -34.01824,            0,            0,            0,   -0.8030141,      0.59596
robot_8
    17.85155,     10.32069,            0,            0,            0,  -0.04132066,    0.9991459
robot_20
      21.949,    0.3121815,            0,            0,            0,    0.1796896,    0.9837234
robot_143
   -30.07916,    -14.12781,            0,            0,            0,   -0.3641676,    0.9313334
robot_138
   -5.862157,    -5.841497,            0,            0,            0,   -0.9582777,    0.2858388
robot_123
    19.03186,    -22.02263,            0,            0,            0,     0.711078,    0.7031132
robot_193
    -6.09438,    -21.70752,            0,            0,            0,    0.5378307,    0.8430529
robot_187
     38.3982,    -6.025882,            0,            0,            0,   -0.5851367,    0.8109347
