tuw_multi_robot_msgs::RobotGoalsArray @1970-01-01T01:12:51.200000
frame_id: map
        4371,    200000000
robot_84
   -13.66198,    -13.92018,            0,            0,            0,    0.9509141,    0.3094549
robot_116
    22.27514,     21.99041,            0,            0,            0,    0.8205846,    0.5715251
robot_74
   -21.85246,      1.93272,            0,            0,            0,   -0.8236529,    0.5670943
robot_41
    1.913039,    -33.22338,            0,            0,            0,   -0.9400635,    0.3409995
robot_125
   -10.33022,    -13.95021,            0,            0,            0,   0.07550652,    0.9971453
robot_136
    25.78525,    -25.93409,            0,            0,            0,   -0.7200704,     0.693901
robot_173
   -10.09888,     4.238804,            0,            0,            0,   -0.8529703,    0.5219595
robot_67
     10.0583,     -1.81392,            0,            0,            0,  -0.04669393,    0.9989092
robot_197
    27.13907,     38.01802,            0,            0,            0,   -0.9991776,   0.04054737
robot_119
    29.92907,    -10.49336,            0,            0,            0,   0.02436704,    0.9997031
robot_82
   -14.05904,    -29.83738,            0,            0,            0,   -0.1714571,    0.9851916
robot_77
   -5.057175,    -25.98961,            0,            0,            0,   -0.1014534,    0.9948403
robot_5
    21.94144,     25.91525,            0,            0,            0,   -0.7130906,    0.7010719
robot_133
   -33.98735,    -33.82742,            0,            0,            0,     0.242551,    0.9701387
robot_99
    25.95439,     20.63113,            0,            0,            0,    0.8855645,    0.4645165
robot_171
    -1.35184,    -9.981918,            0,            0,            0,   0.09986747,    0.9950007
robot_180
    13.91419,     33.24098,            0,            0,            0,   -0.9187999,    0.3947236
robot_56
   -14.01059,    -37.71459,            0,            0,            0,    0.3424199,     0.939547
robot_3
   -26.04675,     26.44242,            0,            0,            0,   -0.9026608,    0.4303528
robot_81
   -21.97388,     34.29281,            0,            0,            0,   -0.8042467,    0.5942956
robot_167
    13.94426,    -9.614708,            0,            0,            0,   -0.7039229,    0.7102764
robot_25
    17.94722,     21.84797,            0,            0,            0,    0.4532241,    0.8913966
robot_168
    26.03145,     30.02229,            0,            0,            0,     0.945307,    0.3261819
robot_96
   -2.069797,     15.90715,            0,            0,            0,    0.9655674,     0.260153
robot_166
    38.24473,    -21.97352,            0,            0,            0,      0.11346,    0.9935426
robot_102
   -14.73131,     17.97304,            0,            0,            0,    0.9787409,    0.2051006
robot_192
   -30.08583,     -28.4251,            0,            0,            0,   -0.9148462,    0.4038024
robot_179
    30.10978,     1.854837,            0,            0,            0,    0.9683284,    0.2496802
robot_142
   -30.05432,      28.0902,            0,            0,            0,    0.9314959,    0.3637518
robot_1
   -18.06248,     31.33158,            0,            0,            0,   -0.9869964,    0.1607424
robot_44
    5.920313,    -15.97826,            0,            0,            0,   -0.6300904,    0.7765218
robot_163
   -18.28729,    -6.016847,            0,            0,            0,   -0.7814787,    0.6239319
robot_79
   -33.96503,     1.989951,            0,            0,            0,     -0.27834,    0.9604826
robot_8
   -18.09572,     2.447547,            0,            0,            0,  -0.09813293,    0.9951733
robot_20
   -30.16454,    -37.66036,            0,            0,            0,   -0.8874457,    0.4609123
robot_143
    33.93776,     11.16343,            0,            0,            0,   -0.6225279,    0.7825976
robot_138
     37.9293,    -26.15686,            0,            0,            0,    0.9995817,   0.02892231
robot_123
     8.47751,    -9.997344,            0,            0,            0,     0.232192,      0.97267
robot_193
   -22.05781,    -25.39162,            0,            0,            0,   -0.3749622,    0.9270401
robot_187
     14.1995,     6.057045,            0,            0,            0,   -0.9277563,    0.3731865
robot_176
   -1.834557,    -13.83734,            0,            0,            0,    0.9624032,    0.2716249
robot_66
   -11.63485,     21.97656,            0,            0,            0,   -0.9995258,    0.0307918
robot_63
    13.82253,    -37.91589,            0,            0,            0,    0.5064667,    0.8622595
robot_31
    20.83301,      13.9957,            0,            0,            0,     0.236258,    0.9716904
robot_159
    14.32024,      22.0617,            0,            0,            0,   -0.5822086,    0.8130395
robot_160
    17.84199,    -9.974352,            0,            0,            0,    0.9588805,      0.28381
robot_151
    7.884061,    -26.03141,            0,            0,            0,    0.1835858,    0.9830037
robot_150
    -33.9608,    -21.94137,            0,            0,            0,    0.9184554,    0.3955246
robot_137
    9.918439,    -29.29957,            0,            0,            0,    0.8594121,    0.5112835
robot_199
      1.9274,    -8.819512,            0,            0,            0,   -0.7035433,    0.7106524
robot_54
   -25.69943,      38.0516,            0,            0,            0,   -0.3312762,    0.9435338
robot_117
    5.929838,     18.51091,            0,            0,            0,   -0.9889482,    0.1482612
robot_36
   -33.55484,     34.00644,            0,            0,            0,   -0.9011172,    0.4335755
robot_33
   -31.14788,    -1.990782,            0,            0,            0,   -0.9739747,    0.2266569
robot_146
    37.92344,     -10.5734,            0,            0,            0,   -0.8266102,     0.562775
robot_156
   -35.61201,     29.96919,            0,            0,            0,   -0.9853489,    0.1705504
robot_112
    33.90518,     3.887823,            0,            0,            0,    0.9080713,    0.4188155
robot_19
   -9.421665,     17.99123,            0,            0,            0,    0.1140828,    0.9934712
robot_141
    6.818597,     22.02453,            0,            0,            0,    0.4350078,    0.9004267
robot_35
   -33.96309,     13.88094,            0,            0,            0,     0.574461,     0.818532
robot_184
   -22.47977,    -14.00192,            0,            0,            0,   0.08807493,    0.9961139
robot_98
    17.52237,     37.98821,            0,            0,            0,   -0.9999853,  0.005422477
robot_100
    25.20684,     6.014027,            0,            0,            0,   -0.9700158,    0.2430419
robot_164
   -18.51882,     18.06581,            0,            0,            0,   -0.9539421,    0.2999909
robot_59
  -0.5334729,     18.01166,            0,            0,            0,  -0.05868964,    0.9982763
robot_144
    33.95126,    -10.59201,            0,            0,            0,    0.4263487,    0.9045589
robot_101
   -15.93281,    -10.00735,            0,            0,            0,   -0.5908377,    0.8067904
robot_161
   -38.08694,     19.09314,            0,            0,            0,   -0.7516926,    0.6595136
robot_149
   -26.62268,     21.97421,            0,            0,            0,   -0.4607418,    0.8875342
robot_86
   -6.054366,     10.13211,            0,            0,            0,   -0.8690843,     0.494664
robot_191
    9.935099,     -13.4808,            0,            0,            0,   -0.3977546,    0.9174919
robot_126
   -29.25558,     2.010289,            0,            0,            0,   -0.3016492,     0.953419
robot_190
    1.955095,    -29.05703,            0,            0,            0,    0.5187879,     0.854903
robot_131
    1.853855,    -17.66211,            0,            0,            0,    0.9383088,    0.3457985
robot_154
   -37.98629,     33.66868,            0,            0,            0,   -0.2849253,    0.9585497
robot_9
    11.72284,    -33.97764,            0,            0,            0,   -0.9935019,    0.1138154
robot_27
   -9.104018,     2.023405,            0,            0,            0,   0.07710858,    0.9970227
robot_34
    18.06209,    -26.20124,            0,            0,            0,    0.2773527,    0.9607682
robot_114
    25.62142,    -6.044836,            0,            0,            0,   -0.5568514,    0.8306121
robot_51
   -34.05064,    -24.79094,            0,            0,            0,    0.8671657,    0.4980197
