tuw_multi_robot_msgs::RobotGoalsArray @1970-01-01T01:38:24.800000
frame_id: map
        5904,    800000000
robot_84
    24.06055,     14.01131,            0,            0,            0,   -0.9916459,    0.1289902
robot_116
    21.65287,     26.09616,            0,            0,            0,    0.8680816,    0.4964215
robot_74
   -10.04861,    -10.29718,            0,            0,            0,    0.1897252,    0.9818372
robot_41
     38.3984,    -26.04703,            0,            0,            0,   -0.6722209,    0.7403507
robot_125
   -14.03859,     24.63821,            0,            0,            0,   -0.3571046,    0.9340644
robot_136
   -6.076759,     32.64905,            0,            0,            0,   -0.9069894,    0.4211534
robot_173
    19.18745,     13.97175,            0,            0,            0,   0.04099942,    0.9991592
robot_67
   -9.928576,    -22.16499,            0,            0,            0,   -0.5780285,    0.8160165
robot_197
    21.93566,    -7.072948,            0,            0,            0,     -0.54042,    0.8413954
robot_119
    36.05599,     25.97507,            0,            0,            0,    0.1750452,    0.9845604
robot_82
   -14.04305,     -30.4179,            0,            0,            0,   0.05199974,    0.9986471
robot_77
    33.84354,    -37.72335,            0,            0,            0,    -0.709731,    0.7044728
robot_5
   -8.725986,    -1.996322,            0,            0,            0,    0.5535917,    0.8327882
robot_133
   -38.07624,     7.376162,            0,            0,            0,    0.5926429,    0.8054653
robot_99
    8.306015,    -29.96877,            0,            0,            0,    0.9934288,    0.1144517
robot_171
   -18.03484,     19.51165,            0,            0,            0,    0.2409757,    0.9705311
robot_180
   -37.84821,     18.06871,            0,            0,            0,   -0.7538663,    0.6570278
robot_56
   -22.07639,     6.262232,            0,            0,            0,  0.007432469,    0.9999724
robot_3
   -25.89001,     22.05045,            0,            0,            0,   -0.9236383,    0.3832652
robot_81
   -23.80032,      9.98567,            0,            0,            0,   -0.8808912,    0.4733188
robot_167
    5.905828,    -24.30371,            0,            0,            0,    0.6039102,    0.7970524
robot_25
   -6.046003,     38.41981,            0,            0,            0,    0.5157654,    0.8567299
robot_168
   -18.09601,    -33.95978,            0,            0,            0,   -0.9275605,     0.373673
robot_96
   -10.39196,    -29.99699,            0,            0,            0,    0.5412547,    0.8408587
robot_166
    14.24191,    -9.904359,            0,            0,            0,    0.7149416,    0.6991842
robot_102
   -2.171441,     -13.9346,            0,            0,            0,   -0.8612327,    0.5082108
robot_192
     17.4893,    -38.02641,            0,            0,            0,   -0.7146841,    0.6994474
robot_179
     13.4422,     29.96534,            0,            0,            0,    -0.388922,    0.9212707
robot_142
   -34.19447,    -34.23057,            0,            0,            0,   -0.6035793,     0.797303
robot_1
   -10.05471,    -19.96961,            0,            0,            0,   -0.1389512,    0.9902992
robot_44
    18.12155,     26.01975,            0,            0,            0,   -0.4323586,    0.9017017
robot_163
   -34.28987,     30.02888,            0,            0,            0,    0.7059179,    0.7082937
robot_79
     13.8481,    -29.63807,            0,            0,            0,   -0.1304883,    0.9914499
robot_8
    9.067236,     37.98289,            0,            0,            0,    0.9978466,   0.06559142
robot_20
    29.96678,     34.48773,            0,            0,            0,   -0.6689984,    0.7432638
robot_143
    13.99619,     17.93299,            0,            0,            0,   -0.9240158,    0.3823542
robot_138
   -30.38539,     22.04304,            0,            0,            0,    0.9724089,     0.233283
robot_123
    38.42039,    -30.00021,            0,            0,            0,    0.7313853,    0.6819645
robot_193
    29.92933,    -4.400216,            0,            0,            0,   0.05876153,     0.998272
robot_187
   -30.05978,    -5.577025,            0,            0,            0,     -0.46781,    0.8838291
robot_176
    5.777118,     -18.1032,            0,            0,            0,   -0.1120984,    0.9936971
robot_66
   -8.430109,    -34.01762,            0,            0,            0,    0.5963235,    0.8027442
robot_63
   -18.18282,     22.22146,            0,            0,            0,   -0.5108625,    0.8596625
robot_31
    34.05635,      17.9866,            0,            0,            0,    0.2726564,    0.9621115
robot_159
   -26.09286,    -16.32346,            0,            0,            0,    0.2060396,    0.9785437
robot_160
     25.9648,    -1.777313,            0,            0,            0,    0.9787386,    0.2051115
robot_151
   -12.65855,    -2.023532,            0,            0,            0,    0.2563878,     0.966574
robot_150
    14.50749,     2.013034,            0,            0,            0,   -0.8348355,    0.5504995
robot_137
    38.11955,    -21.90669,            0,            0,            0,    0.7524141,    0.6586904
robot_199
    14.68578,     14.02836,            0,            0,            0,     -0.92144,    0.3885206
robot_54
   -26.43222,    -29.91881,            0,            0,            0,      0.72007,    0.6939015
robot_117
    26.22873,    -17.96529,            0,            0,            0,   -0.9743062,    0.2252273
robot_36
   -3.562463,    -26.00314,            0,            0,            0,  -0.09720376,    0.9952645
robot_33
   -5.340163,     25.99464,            0,            0,            0,    0.4645458,    0.8855491
robot_146
   -34.03477,     18.28779,            0,            0,            0,   -0.4592853,    0.8882888
robot_156
    33.93733,     32.33572,            0,            0,            0,    0.3851134,    0.9228693
robot_112
    18.06476,    -34.21365,            0,            0,            0,    0.8528295,    0.5221895
robot_19
   -14.04831,    -18.70127,            0,            0,            0,    0.8280841,    0.5606039
robot_141
   -37.31005,     14.01751,            0,            0,            0,    0.2247191,    0.9744236
robot_35
    33.94727,     24.43016,            0,            0,            0,      0.31646,    0.9486059
robot_184
   -2.214497,    -21.85795,            0,            0,            0,    0.9980821,   0.06190434
robot_98
      9.6372,    -13.97578,            0,            0,            0,    0.7963249,    0.6048692
robot_100
    10.68919,     30.01826,            0,            0,            0,   -0.6686424,    0.7435842
robot_164
   -34.04887,    -29.18864,            0,            0,            0,    0.6481938,    0.7614755
robot_59
   -38.94112,     10.01123,            0,            0,            0,    0.4113222,      0.91149
robot_144
    19.11716,     6.019032,            0,            0,            0,    0.9960644,   0.08863219
robot_101
    33.99491,      -14.329,            0,            0,            0,   -0.9888139,    0.1491544
robot_161
   -18.08184,     13.96939,            0,            0,            0,   -0.9636732,    0.2670841
robot_149
   -38.09171,    -6.866881,            0,            0,            0,    0.8714721,     0.490445
robot_86
     37.8976,    -13.70282,            0,            0,            0,   -0.9481096,    0.3179435
robot_191
    15.02241,    -6.026685,            0,            0,            0,   -0.6969787,    0.7170919
robot_126
  -0.2226106,    -13.98486,            0,            0,            0,   -0.8685215,    0.4956515
robot_190
   -34.05448,    -37.04498,            0,            0,            0,    0.8584862,    0.5128366
robot_131
    29.83365,    -38.02931,            0,            0,            0,   -0.6453811,    0.7638608
robot_154
    19.73119,    -1.981358,            0,            0,            0,    0.2323967,    0.9726211
robot_9
    7.052181,     33.97582,            0,            0,            0,     0.535437,    0.8445751
robot_27
    18.08579,    -30.05193,            0,            0,            0,    -0.112033,    0.9937045
robot_34
     9.94536,     20.29058,            0,            0,            0,    0.2349574,    0.9720057
robot_114
    -5.39263,     29.97395,            0,            0,            0,   0.06571138,    0.9978387
robot_51
   -14.07425,     8.188654,            0,            0,            0,   -0.6856734,    0.7279094
robot_108
    24.63984,     10.01478,            0,            0,            0,    0.9645586,    0.2638686
robot_147
   -33.87673,     6.112726,            0,            0,            0,   -0.4918054,    0.8707051
robot_183
    21.77737,     -18.0138,            0,            0,            0,     0.452025,    0.8920053
robot_48
     26.0944,    -5.798715,            0,            0,            0,   -0.8758447,    0.4825931
robot_60
   -22.28854,    -6.055708,            0,            0,            0,   -0.6688879,    0.7433633
robot_75
    37.93642,      30.8501,            0,            0,            0,   -0.6075685,    0.7942673
robot_152
   -13.77842,     22.06725,            0,            0,            0,    -0.731695,    0.6816321
robot_26
    29.84427,    -1.954415,            0,            0,            0,    0.2886598,    0.9574317
robot_182
    22.82681,     37.99077,            0,            0,            0,   -0.6593398,    0.7518451
robot_172
   -6.120445,    -1.765203,            0,            0,            0,    0.6748898,    0.7379185
robot_43
    37.33598,     22.00825,            0,            0,            0,   -0.9624786,    0.2713575
robot_170
   -34.08128,     27.22923,            0,            0,            0,   -0.3515327,    0.9361756
robot_177
    -34.0448,     24.80611,            0,            0,            0,    0.8183836,    0.5746724
robot_80
    1.230648,     25.98633,            0,            0,            0,    0.4701257,    0.8825995
robot_16
    5.970994,    -30.20441,            0,            0,            0,    0.6131899,    0.7899355
robot_13
   -13.98332,     34.11371,            0,            0,            0,   -0.6499201,    0.7600026
robot_178
    2.047125,     6.208557,            0,            0,            0,    -0.407728,    0.9131034
robot_88
    17.94291,     18.36566,            0,            0,            0,   -0.9204989,    0.3907451
robot_194
    5.978642,    -2.235537,            0,            0,            0,  0.007471336,    0.9999721
robot_29
    37.94694,     15.20176,            0,            0,            0,   -0.9685621,    0.2487721
robot_92
    -30.0585,     32.39301,            0,            0,            0,    0.3527584,    0.9357144
robot_87
   0.6683132,     17.99333,            0,            0,            0,  -0.04032059,    0.9991868
robot_68
    9.900891,    -3.859442,            0,            0,            0,   -0.9427166,    0.3335947
robot_22
   0.4510891,     14.00822,            0,            0,            0,    0.8650136,    0.5017485
robot_38
   -38.72242,     22.03334,            0,            0,            0,    0.5067412,    0.8620982
robot_2
     27.7018,      13.9993,            0,            0,            0,    0.3170664,    0.9484034
robot_110
    9.928424,    -32.88684,            0,            0,            0,  -0.03106475,    0.9995174
robot_14
    13.02392,    -25.98751,            0,            0,            0,   -0.9585278,    0.2849989
robot_181
    33.67867,     -10.0972,            0,            0,            0,   -0.9323035,     0.361677
robot_61
    -22.8701,      29.9689,            0,            0,            0,   -0.9802069,     0.197976
robot_30
   -34.05174,    -31.73148,            0,            0,            0,   -0.0722832,    0.9973841
robot_122
   -30.04569,     9.300944,            0,            0,            0,    0.4981748,    0.8670766
robot_132
    8.375381,    -5.978309,            0,            0,            0,    0.9204963,    0.3907513
robot_45
   -18.16834,    -6.184789,            0,            0,            0,    0.9615239,    0.2747212
robot_21
   -23.18249,    -17.99145,            0,            0,            0,    0.2110269,    0.9774803
robot_39
   -10.06123,     16.23112,            0,            0,            0,    0.5149726,    0.8572066
robot_134
   -34.03421,     11.22801,            0,            0,            0,   -0.1805321,    0.9835691
robot_15
   -33.88033,     13.93037,            0,            0,            0,    0.5696527,    0.8218855
robot_145
   -30.03425,     14.25166,            0,            0,            0,     0.522916,    0.8523842
robot_140
   -14.19873,    -26.11626,            0,            0,            0,   -0.6029955,    0.7977446
robot_196
    31.58879,     13.97216,            0,            0,            0,   -0.3827512,    0.9238515
robot_188
    5.958869,      6.89472,            0,            0,            0,   -0.8699944,    0.4930616
robot_4
    5.923246,    -9.481334,            0,            0,            0,   -0.2467699,    0.9690741
robot_155
   -17.78853,    -1.983839,            0,            0,            0,   0.03053942,    0.9995336
robot_135
    37.91608,     19.16429,            0,            0,            0,   -0.9689465,    0.2472706
robot_93
   -12.37709,     9.969678,            0,            0,            0,   -0.2940816,    0.9557803
robot_111
    25.91022,     4.871935,            0,            0,            0,    0.4029091,      0.91524
robot_0
    13.91835,     23.79375,            0,            0,            0,   -0.7780249,    0.6282335
robot_49
   -10.05432,     23.47944,            0,            0,            0, -0.004469034,      0.99999
robot_113
    10.80618,    -30.02725,            0,            0,            0,    0.9696511,    0.2444927
robot_94
    25.82147,    -30.17376,            0,            0,            0,    0.1134149,    0.9935477
robot_40
    7.836325,     22.02447,            0,            0,            0,   -0.8978835,    0.4402331
robot_103
    9.934725,      36.1397,            0,            0,            0,   -0.8604575,    0.5095223
robot_6
   -30.06276,     5.992584,            0,            0,            0,    0.2239799,    0.9745938
robot_71
    12.20668,     5.969036,            0,            0,            0,    0.4782475,    0.8782251
robot_17
    29.90542,    -31.20141,            0,            0,            0,   -0.9253991,     0.378994
robot_120
    21.98337,     10.15283,            0,            0,            0,    0.6894588,    0.7243249
robot_189
   -21.17113,    -34.03284,            0,            0,            0,    0.1858354,    0.9825809
robot_148
    1.917046,    -32.01287,            0,            0,            0,    -0.933538,    0.3584785
robot_186
    29.90593,     17.16824,            0,            0,            0,    0.3961545,    0.9181839
robot_198
    -9.50832,     1.999994,            0,            0,            0,    0.3492978,    0.9370118
robot_107
   -6.081171,    -28.49874,            0,            0,            0,   -0.4410231,    0.8974957
robot_18
    8.558515,    -38.00377,            0,            0,            0,    0.2286641,    0.9735054
robot_23
   -26.04602,     16.35886,            0,            0,            0,    -0.325363,    0.9455892
robot_46
     38.0069,    -33.85565,            0,            0,            0,   -0.5874179,    0.8092837
robot_109
    5.956846,     -35.6791,            0,            0,            0,   -0.7469274,    0.6649056
robot_10
    9.914129,     -25.5064,            0,            0,            0,   -0.3318186,    0.9433432
robot_157
    33.91691,     12.17102,            0,            0,            0,    0.9965289,   0.08324744
robot_70
      22.033,     17.86323,            0,            0,            0,   -0.8123087,    0.5832278
robot_55
   -22.62203,    -25.99625,            0,            0,            0,    0.4901775,    0.8716226
