tuw_multi_robot_msgs::RobotGoalsArray @1970-01-01T00:16:19.500000
frame_id: map
         979,    500000000
robot_84
   -3.450006,     -9.97295,            0,            0,            0,    0.8205182,    0.5716204
robot_116
    17.84536,     2.172805,            0,            0,            0,    0.7725259,    0.6349833
robot_74
    10.43453,     6.027939,            0,            0,            0,    0.9424135,    0.3344499
robot_41
    5.926559,    -35.13321,            0,            0,            0,   -0.9478722,    0.3186507
robot_125
    9.925982,    -16.69658,            0,            0,            0,   -0.8491235,    0.5281944
robot_136
    17.83837,    -14.32691,            0,            0,            0,   -0.6473982,    0.7621519
robot_173
    29.58693,     17.98537,            0,            0,            0,    -0.991696,    0.1286046
robot_67
    17.96687,     25.97521,            0,            0,            0,    -0.823997,    0.5665941
robot_197
   -30.42773,    -9.986042,            0,            0,            0,    -0.304509,    0.9525095
robot_119
    5.964705,    -6.462283,            0,            0,            0,  -0.03145691,    0.9995051
robot_82
   -30.08555,     3.812382,            0,            0,            0,    0.1376453,    0.9904816
robot_77
    34.06387,     10.02469,            0,            0,            0,   -0.5084516,    0.8610906
robot_5
    21.96272,     -36.8534,            0,            0,            0,    0.4724533,    0.8813557
robot_133
    13.95219,    -29.05431,            0,            0,            0,   -0.9757727,    0.2187868
robot_99
    9.953212,    0.6128394,            0,            0,            0,    0.9855536,     0.169364
robot_171
    26.95768,    -2.025077,            0,            0,            0,    0.0240753,    0.9997101
robot_180
   -14.07327,     25.57703,            0,            0,            0,    0.1333372,    0.9910707
robot_56
    14.12814,     34.16385,            0,            0,            0,   -0.4712197,    0.8820159
robot_3
    16.70519,     34.01551,            0,            0,            0,   -0.4084533,    0.9127792
robot_81
    34.04045,     18.08595,            0,            0,            0,   -0.9228126,    0.3852491
robot_167
    33.84374,    -22.11384,            0,            0,            0,    0.9186905,    0.3949783
robot_25
   -34.05662,     33.29437,            0,            0,            0,   -0.5984346,    0.8011717
robot_168
   -25.88279,    -1.987014,            0,            0,            0,   -0.9724327,    0.2331838
robot_96
   -26.77493,    -6.024815,            0,            0,            0,   -0.5879417,    0.8089033
robot_166
   -27.99697,     21.97375,            0,            0,            0,   -0.8963274,    0.4433928
robot_102
   -27.78978,     29.97733,            0,            0,            0,  -0.03174126,    0.9994961
robot_192
    7.658146,     17.98292,            0,            0,            0,   -0.9977956,   0.06636169
robot_179
   -34.74383,      -26.018,            0,            0,            0,    0.5970509,    0.8022033
robot_142
    -37.9622,     14.16697,            0,            0,            0,   -0.6742926,    0.7384643
robot_1
       17.72,    -38.06346,            0,            0,            0,    0.8838983,    0.4676792
robot_44
    23.78413,     18.02113,            0,            0,            0,   -0.8661306,    0.4998177
robot_163
   -29.78339,     10.09465,            0,            0,            0,   -0.9639231,    0.2661809
robot_79
   -14.90112,     -25.9669,            0,            0,            0,   -0.9732682,    0.2296717
robot_8
     13.9929,    -2.014206,            0,            0,            0,   -0.9570535,    0.2899113
robot_20
   -29.85461,     29.91052,            0,            0,            0,   -0.1553414,    0.9878608
robot_143
   -9.893501,     25.90515,            0,            0,            0,   -0.3505048,     0.936561
robot_138
      33.295,     13.99225,            0,            0,            0,   -0.7082198,     0.705992
robot_123
   -32.65081,    -21.98124,            0,            0,            0,    0.3600159,    0.9329462
robot_193
     1.81488,     6.061519,            0,            0,            0,    0.5368903,    0.8436521
robot_187
    7.243795,    -21.97058,            0,            0,            0,   -0.7693352,    0.6388453
