tuw_multi_robot_msgs::RobotGoalsArray @1970-01-01T00:52:21.400000
frame_id: map
        3141,    400000000
robot_84
    -6.07355,     -34.7073,            0,            0,            0,   -0.9996952,    0.0246869
robot_116
   -34.07617,     24.16957,            0,            0,            0,    0.9991987,   0.04002381
robot_74
    21.27829,     13.97559,            0,            0,            0,     0.979859,    0.1996905
robot_41
   -18.28058,     26.13837,            0,            0,            0,   0.09653639,    0.9953295
robot_125
   -12.81694,     34.00498,            0,            0,            0,   -0.4529955,    0.8915128
robot_136
   -30.04852,     8.037037,            0,            0,            0,   -0.2936608,    0.9559097
robot_173
   -22.05797,    -22.47493,            0,            0,            0,    0.1095935,    0.9939765
robot_67
   -26.06643,     3.949615,            0,            0,            0,    -0.987103,    0.1600867
robot_197
   -34.10122,     21.92675,            0,            0,            0,   -0.9833162,    0.1819045
robot_119
    -30.0984,     37.30199,            0,            0,            0,    0.7225449,     0.691324
robot_82
       5.904,    -20.64307,            0,            0,            0,    -0.443264,    0.8963911
robot_77
   -7.947167,    -6.018367,            0,            0,            0,   -0.9798104,    0.1999291
robot_5
    13.94931,     16.51624,            0,            0,            0,    0.9033562,     0.428891
robot_133
    2.061921,     26.12066,            0,            0,            0,   -0.9663114,    0.2573757
robot_99
    27.24684,     -5.97445,            0,            0,            0,    0.6615239,    0.7499241
robot_171
   -10.04617,     -2.14898,            0,            0,            0,   -0.2487876,    0.9685581
robot_180
    17.47529,     2.042961,            0,            0,            0,   -0.9981394,   0.06097344
robot_56
    1.443478,    -30.07569,            0,            0,            0,   -0.9370378,    0.3492279
robot_3
    9.578397,    -37.90713,            0,            0,            0,    0.4077914,    0.9130751
robot_81
    35.88877,     29.98392,            0,            0,            0,    0.9853333,    0.1706406
robot_167
   -12.21007,     26.02028,            0,            0,            0,    -0.991987,    0.1263399
robot_25
    22.04488,     6.113861,            0,            0,            0,    -0.349344,    0.9369945
robot_168
    5.809438,     6.097653,            0,            0,            0,    0.2962823,    0.9551004
robot_96
   -29.34065,    -29.99833,            0,            0,            0,   0.05948018,    0.9982295
robot_166
    37.85478,    -26.15484,            0,            0,            0,   -0.9893139,     0.145801
robot_102
   -17.61698,     22.07082,            0,            0,            0,    0.9018449,      0.43206
robot_192
    29.91457,    -22.51193,            0,            0,            0,   -0.7909747,    0.6118489
robot_179
    -18.8909,    -6.002792,            0,            0,            0,    0.8130717,    0.5821635
robot_142
     -6.0689,     4.462069,            0,            0,            0,   -0.8725087,    0.4885986
robot_1
    17.65212,     22.04119,            0,            0,            0,    0.9040996,    0.4273219
robot_44
   -36.82199,    -17.98583,            0,            0,            0,   -0.4324079,    0.9016781
robot_163
    18.59011,    -14.00642,            0,            0,            0,    0.2695105,    0.9629974
robot_79
    13.96649,    -39.07385,            0,            0,            0,    0.8632508,    0.5047752
robot_8
   -14.05485,    -13.44154,            0,            0,            0,   -0.7624702,    0.6470234
robot_20
   -6.070246,    -14.40089,            0,            0,            0,   -0.3011248,    0.9535847
robot_143
    1.811651,    -14.07331,            0,            0,            0,    0.9999457,   0.01041942
robot_138
   -14.05847,    -3.619651,            0,            0,            0,   -0.2967873,    0.9549436
robot_123
    8.083033,     30.00852,            0,            0,            0,    0.7507019,    0.6606411
robot_193
    1.948559,     11.62709,            0,            0,            0,   -0.7578014,    0.6524852
robot_187
    17.92316,     26.26374,            0,            0,            0,    0.2998042,    0.9540008
robot_176
    29.47068,     13.90542,            0,            0,            0,   -0.8003757,    0.5994987
robot_66
   -21.07736,     29.98525,            0,            0,            0,    0.9980646,    0.0621859
robot_63
    13.91345,    -3.330022,            0,            0,            0,    -0.529655,    0.8482132
robot_31
    1.944533,     24.08464,            0,            0,            0,    0.9337113,    0.3580268
robot_159
   -34.80778,     -14.0075,            0,            0,            0,   -0.4610811,     0.887358
robot_160
   -14.04987,     30.85063,            0,            0,            0,    -0.705395,    0.7088145
robot_151
    37.96379,    -31.62121,            0,            0,            0,    0.8229735,    0.5680798
robot_150
   -26.02763,    -1.740644,            0,            0,            0,    0.9560328,    0.2932597
robot_137
    37.61462,    -17.92508,            0,            0,            0,   -0.9999977,  0.002163995
robot_199
   -18.07377,     29.10289,            0,            0,            0,   -0.9999921,  0.003971936
robot_54
   -22.05368,     31.70485,            0,            0,            0,    0.9934668,    0.1141215
robot_117
   -31.42043,     33.97925,            0,            0,            0,    -0.921683,    0.3879439
robot_36
    5.930216,    -32.42038,            0,            0,            0,   -0.5028092,    0.8643974
robot_33
   -18.09839,     3.888593,            0,            0,            0,    0.8391606,    0.5438836
robot_146
   -10.56576,     30.08815,            0,            0,            0,    0.4200556,    0.9074984
robot_156
    -26.0973,     19.72433,            0,            0,            0,   -0.6274477,    0.7786587
robot_112
   -1.652404,    -14.06324,            0,            0,            0,   -0.2184427,    0.9758498
robot_19
   -2.194011,    -18.13566,            0,            0,            0,   -0.9179251,    0.3967538
robot_141
   -29.96066,    -22.02665,            0,            0,            0,     0.879141,    0.4765618
robot_35
   -32.73188,      -33.973,            0,            0,            0,    0.1492206,    0.9888039
