tuw_multi_robot_msgs::RobotGoalsArray @1970-01-01T00:54:37.500000
frame_id: map
        3277,    500000000
robot_84
    17.90624,     22.86858,            0,            0,            0,   -0.6749582,    0.7378559
robot_116
   -10.09669,    -34.79754,            0,            0,            0,   -0.7342623,    0.6788659
robot_74
    17.92235,     9.395163,            0,            0,            0,   -0.2635538,    0.9646447
robot_41
    21.92888,     2.669307,            0,            0,            0,   -0.1929649,    0.9812057
robot_125
   -23.51522,     17.97141,            0,            0,            0,    0.9713716,    0.2375653
robot_136
    8.227925,    -13.98149,            0,            0,            0,    0.7638151,    0.6454351
robot_173
    9.958991,     9.593081,            0,            0,            0,    -0.997226,   0.07443295
robot_67
   -26.14402,     33.83765,            0,            0,            0,  -0.04581146,    0.9989501
robot_197
   -10.07367,    -10.68769,            0,            0,            0,   -0.1749379,    0.9845795
robot_119
    25.91065,    -6.243019,            0,            0,            0,    0.1203315,    0.9927338
robot_82
    13.88158,     9.935936,            0,            0,            0,   0.08130041,    0.9966896
robot_77
    5.930127,     34.12982,            0,            0,            0,    0.2446129,    0.9696208
robot_5
    18.06931,     6.114373,            0,            0,            0,   0.01785353,    0.9998406
robot_133
    5.939351,     -26.4465,            0,            0,            0,    0.8079122,    0.5893029
robot_99
    2.983105,     9.969162,            0,            0,            0,    0.5989845,    0.8007606
robot_171
    19.74555,    -9.990278,            0,            0,            0,    0.9996544,   0.02628916
robot_180
   -21.99175,     2.187567,            0,            0,            0,    0.8840018,    0.4674835
robot_56
     25.8514,    -26.29325,            0,            0,            0,    0.9797273,    0.2003355
robot_3
   -14.73263,    -29.97739,            0,            0,            0,   0.01967793,    0.9998064
robot_81
    20.96772,    -33.98259,            0,            0,            0,   -0.4927588,    0.8701659
robot_167
    13.92605,     6.283858,            0,            0,            0,    0.5245161,    0.8514006
robot_25
     32.1394,      22.0298,            0,            0,            0,    0.3006938,    0.9537207
robot_168
    10.07359,    -1.802826,            0,            0,            0,     -0.82882,    0.5595153
robot_96
    5.952536,     23.02025,            0,            0,            0,    0.8970938,    0.4418401
robot_166
    1.814295,    -25.88088,            0,            0,            0,    -0.995282,   0.09702414
robot_102
   -1.506513,    -13.99318,            0,            0,            0,   -0.7579516,    0.6523108
robot_192
   -14.09222,     16.70211,            0,            0,            0,   0.09167791,    0.9957887
robot_179
    -5.87616,    -17.94883,            0,            0,            0,   -0.9487605,     0.315996
robot_142
  -0.8831017,    -30.02263,            0,            0,            0,    0.5694795,    0.8220055
robot_1
   -18.06512,      14.9703,            0,            0,            0,   -0.8663168,    0.4994949
robot_44
   -2.140414,     14.33638,            0,            0,            0,    0.4383376,    0.8988104
robot_163
     28.5355,     33.98074,            0,            0,            0,    0.9417724,    0.3362511
robot_79
    1.499183,    -9.966067,            0,            0,            0,    0.3934507,    0.9193457
robot_8
   -18.30216,    -25.96905,            0,            0,            0,   -0.9528454,    0.3034562
robot_20
    25.85283,     38.06536,            0,            0,            0,    0.9382504,    0.3459568
robot_143
   -25.97075,    -6.079072,            0,            0,            0,   -0.4671296,    0.8841889
robot_138
    37.89686,    -6.072501,            0,            0,            0,   -0.5864568,    0.8099805
robot_123
    14.37447,    -22.07256,            0,            0,            0,    0.9058185,     0.423666
robot_193
   -13.97566,    -22.08407,            0,            0,            0,   -0.9999081,   0.01355488
robot_187
    5.806802,     25.88374,            0,            0,            0,   -0.4446052,    0.8957267
robot_176
    21.02119,    -30.00462,            0,            0,            0,   -0.6807894,    0.7324792
robot_66
   -14.72464,    -25.98581,            0,            0,            0,    0.8957245,    0.4446095
robot_63
    21.79607,     18.12121,            0,            0,            0,   -0.7841215,    0.6206074
robot_31
   -39.22452,     13.99404,            0,            0,            0,     0.555489,    0.8315239
robot_159
   -33.58629,     -22.0909,            0,            0,            0,   -0.2221861,    0.9750043
robot_160
   -26.00018,    -17.65103,            0,            0,            0,   -0.8884114,    0.4590481
robot_151
   -2.285305,     -21.9213,            0,            0,            0,    -0.363412,    0.9316285
robot_150
   -26.17062,    -29.85054,            0,            0,            0,    0.5880919,    0.8087941
robot_137
     25.9045,    -28.80292,            0,            0,            0,    0.6165106,    0.7873466
robot_199
    -37.5724,     26.09805,            0,            0,            0,    0.6406085,    0.7678677
robot_54
     4.13428,     5.978555,            0,            0,            0,    -0.712295,    0.7018802
robot_117
   -19.77346,     1.989729,            0,            0,            0,    0.7587511,    0.6513807
robot_36
    17.62539,    -5.978699,            0,            0,            0,   -0.8363106,     0.548256
robot_33
   -30.16061,    -13.67857,            0,            0,            0,    0.5920015,    0.8059368
robot_146
    27.04508,     6.026031,            0,            0,            0,   -0.8552871,    0.5181544
robot_156
   -6.144612,     10.35386,            0,            0,            0,    0.1860444,    0.9825413
robot_112
   -14.09534,    -12.75303,            0,            0,            0,   -0.9123353,    0.4094439
robot_19
    -29.8571,    -17.98716,            0,            0,            0,   -0.8012562,    0.5983215
robot_141
   -26.07359,      24.1303,            0,            0,            0,   -0.9945157,    0.1045876
robot_35
   -29.90834,     21.77506,            0,            0,            0,    0.5202809,    0.8539952
robot_184
   -22.04842,     -37.4981,            0,            0,            0,   -0.7011085,    0.7130546
robot_98
    23.27364,     25.98673,            0,            0,            0,   -0.8107311,    0.5854187
robot_100
    37.94218,     21.50391,            0,            0,            0,    0.6219297,    0.7830731
robot_164
    17.91128,     39.22854,            0,            0,            0,    -0.520462,    0.8538849
robot_59
   -27.52219,    -13.97584,            0,            0,            0,   -0.4071108,    0.9133788
robot_144
   -18.03633,    -10.27582,            0,            0,            0,    0.8724185,    0.4887596
robot_101
    10.02725,     33.87448,            0,            0,            0,   -0.9061514,    0.4229535
robot_161
    -6.07497,     16.65298,            0,            0,            0,   -0.6057406,    0.7956622
robot_149
    -21.9395,    -18.01505,            0,            0,            0,   -0.9957725,   0.09185381
robot_86
   -22.01607,    -21.66445,            0,            0,            0,    0.9850409,    0.1723208
