tuw_multi_robot_msgs::RobotGoalsArray @1970-01-01T00:54:03.200000
frame_id: map
        3243,    200000000
robot_84
    6.000928,    -17.72729,            0,            0,            0,    0.9672195,     0.253942
robot_116
   -22.03707,    -8.120737,            0,            0,            0,   -0.9897563,    0.1427671
robot_74
    17.95655,    -23.01117,            0,            0,            0,   -0.8084292,    0.5885934
robot_41
    14.04937,    -34.10105,            0,            0,            0,   -0.8878349,    0.4601621
robot_125
   -18.31902,     33.90645,            0,            0,            0,   -0.8339483,    0.5518425
robot_136
    14.32123,     18.05744,            0,            0,            0,    0.9690949,     0.246688
robot_173
   -22.06687,     17.87651,            0,            0,            0,    0.3859673,    0.9225125
robot_67
    25.56787,      9.95226,            0,            0,            0,    0.4198159,    0.9076093
robot_197
   -14.04405,    -29.76422,            0,            0,            0,   -0.9416517,     0.336589
robot_119
    -5.85098,    -10.04089,            0,            0,            0,   0.04706577,    0.9988918
robot_82
      5.9189,    -33.47266,            0,            0,            0,    0.9959636,    0.0897583
robot_77
   -9.938997,    -33.86544,            0,            0,            0,  0.007925546,    0.9999686
robot_5
    8.088566,     30.00277,            0,            0,            0,   -0.4214528,    0.9068503
robot_133
    20.50637,    -17.98355,            0,            0,            0,   -0.2543522,    0.9671117
robot_99
    37.95021,     21.94604,            0,            0,            0,     0.926557,    0.3761543
robot_171
   -10.03778,     38.08129,            0,            0,            0,    0.7240785,    0.6897176
robot_180
    25.72386,     37.84325,            0,            0,            0,    0.1719273,    0.9851096
robot_56
     29.3776,    -22.02059,            0,            0,            0,   -0.1816573,    0.9833619
robot_3
    38.20736,    -33.95445,            0,            0,            0,    0.5876093,    0.8091448
robot_81
    17.75048,     26.11625,            0,            0,            0,     0.330209,    0.9439078
robot_167
    21.93024,    -25.31182,            0,            0,            0,   -0.9395776,    0.3423359
robot_25
   -18.02506,    -25.83306,            0,            0,            0,   -0.4390165,     0.898479
robot_168
    16.81379,    -38.00741,            0,            0,            0,    0.5432511,    0.8395703
robot_96
    37.85615,    -25.90637,            0,            0,            0,    -0.995722,   0.09239993
robot_166
   -2.067756,     8.133646,            0,            0,            0,    0.9141251,    0.4054322
robot_102
    10.16381,     26.06457,            0,            0,            0,    0.9990015,   0.04467558
robot_192
    33.72961,     25.93991,            0,            0,            0,    0.7763014,    0.6303619
robot_179
    13.27819,     30.02915,            0,            0,            0,    0.7917361,    0.6108633
robot_142
   -30.17405,     13.99701,            0,            0,            0,    0.3619696,    0.9321899
robot_1
   -33.98172,     30.20016,            0,            0,            0,    0.9580887,    0.2864716
robot_44
    14.02551,    -13.63501,            0,            0,            0,    0.9758455,    0.2184617
robot_163
    29.68123,     -17.9086,            0,            0,            0,    0.9444873,    0.3285478
robot_79
    37.87649,     25.75061,            0,            0,            0,   0.08639566,    0.9962609
robot_8
   -26.07755,     -1.81316,            0,            0,            0,    0.5704925,    0.8213028
robot_20
   -6.779242,    -2.001378,            0,            0,            0,    0.9861153,    0.1660618
robot_143
   -38.01488,    -10.29135,            0,            0,            0,   -0.7701355,    0.6378804
robot_138
    5.885266,    -10.25455,            0,            0,            0,    0.5240666,    0.8516773
robot_123
   -29.55038,    -25.99526,            0,            0,            0,   -0.9981221,   0.06125572
robot_193
    9.946367,   -0.5937234,            0,            0,            0,   -0.2093047,    0.9778505
robot_187
   -26.74396,    -18.01383,            0,            0,            0,    0.8983335,    0.4393142
robot_176
    29.93422,     30.47731,            0,            0,            0,  -0.07033414,    0.9975235
robot_66
   -18.06816,    -3.648509,            0,            0,            0,   -0.3055267,    0.9521835
robot_63
    38.36988,    -9.973684,            0,            0,            0,   -0.9046066,    0.4262474
robot_31
     30.0608,     5.827464,            0,            0,            0,   0.00590303,    0.9999826
robot_159
     2.01836,     17.68516,            0,            0,            0,   -0.5178504,    0.8554712
robot_160
    13.94146,    -10.19132,            0,            0,            0,   -0.9999689,  0.007886855
robot_151
    -28.6114,     25.99843,            0,            0,            0,     0.297146,    0.9548321
robot_150
    9.856578,    -34.06728,            0,            0,            0,     0.397801,    0.9174717
robot_137
   -17.39343,     38.02638,            0,            0,            0,    0.9990249,   0.04415011
robot_199
    -34.0998,     11.39207,            0,            0,            0,    0.9938359,    0.1108615
robot_54
    30.91158,     25.98043,            0,            0,            0,    0.3294286,    0.9441805
robot_117
    9.953772,      15.6535,            0,            0,            0,    0.9696401,    0.2445363
robot_36
   -5.878171,      13.9458,            0,            0,            0,    0.3808298,    0.9246452
robot_33
    39.40517,     17.97496,            0,            0,            0,    0.9836577,    0.1800484
robot_146
   -22.09472,    -3.857235,            0,            0,            0,   -0.6538296,    0.7566418
robot_156
   -6.155215,     18.32125,            0,            0,            0,    0.2561667,    0.9666326
robot_112
    24.64226,     5.967963,            0,            0,            0,    0.3486934,    0.9372368
robot_19
    17.13902,     -13.9992,            0,            0,            0,   -0.3683211,    0.9296986
robot_141
   -6.790423,    -33.97897,            0,            0,            0,   -0.9723498,    0.2335291
robot_35
   -36.94934,    -30.01467,            0,            0,            0,   -0.6762094,    0.7367095
robot_184
    33.77321,     2.150778,            0,            0,            0,    -0.812502,    0.5829584
robot_98
    21.60437,     38.06567,            0,            0,            0,  -0.06637623,    0.9977947
robot_100
    1.919246,      33.5868,            0,            0,            0,    0.9871572,    0.1597519
robot_164
   -10.12282,    -10.16737,            0,            0,            0,   -0.9478835,     0.318617
robot_59
     31.5786,      37.9691,            0,            0,            0,   0.06148712,    0.9981079
robot_144
   -2.518939,    -21.96027,            0,            0,            0,    0.1988242,    0.9800352
robot_101
    13.50925,    -25.90955,            0,            0,            0,   -0.9611961,    0.2758661
robot_161
   -1.916233,    -9.814631,            0,            0,            0,    0.6581948,    0.7528477
robot_149
   -33.00341,    -21.98419,            0,            0,            0,     0.939125,    0.3435758
robot_86
   -13.89266,     21.86506,            0,            0,            0,    0.1601556,    0.9870918
