tuw_multi_robot_msgs::RobotGoalsArray @1970-01-01T01:23:57.400000
frame_id: map
        5037,    400000000
robot_84
   -37.54002,     21.97289,            0,            0,            0,   -0.2607921,     0.965395
robot_116
    18.13165,     14.02128,            0,            0,            0,    0.1242163,    0.9922552
robot_74
    9.953264,     20.77546,            0,            0,            0,    0.9982228,   0.05959288
robot_41
    32.91218,     30.02816,            0,            0,            0,   -0.8493555,    0.5278212
robot_125
   -21.62121,     18.06888,            0,            0,            0,    0.7533252,    0.6576482
robot_136
   -26.00442,     14.15268,            0,            0,            0,   -0.7420374,    0.6703584
robot_173
    9.919679,     -21.2768,            0,            0,            0,    0.1306185,    0.9914327
robot_67
    21.91373,     36.67678,            0,            0,            0, -0.008362644,     0.999965
robot_197
   -33.94998,    -21.90497,            0,            0,            0,    0.9096972,    0.4152723
robot_119
    -21.9149,     37.78386,            0,            0,            0,    0.5953183,      0.80349
robot_82
   -6.352469,    -18.08518,            0,            0,            0,   -0.1385139,    0.9903605
robot_77
   -18.54871,     22.02788,            0,            0,            0,   -0.6390779,     0.769142
robot_5
   -25.36004,     37.97599,            0,            0,            0,   -0.6040592,    0.7969395
robot_133
   -30.07915,    -26.26365,            0,            0,            0,   -0.9107145,    0.4130365
robot_99
    9.861003,    -26.24896,            0,            0,            0,   -0.7251117,    0.6886313
robot_171
    21.91195,     13.00987,            0,            0,            0,   -0.9917841,    0.1279227
robot_180
   -22.03227,    -10.17235,            0,            0,            0,   -0.7835739,    0.6212986
robot_56
   -38.05951,    -30.31968,            0,            0,            0,   -0.5252004,    0.8509786
robot_3
    2.371992,      5.98771,            0,            0,            0,    0.9342271,    0.3566787
robot_81
    25.84934,    -6.250578,            0,            0,            0,   -0.9569185,    0.2903565
robot_167
    30.96564,     33.97568,            0,            0,            0,   -0.6424672,    0.7663132
robot_25
    17.90303,    -1.193249,            0,            0,            0,   -0.9884086,     0.151817
robot_168
    37.13868,        29.97,            0,            0,            0,    -0.247151,     0.968977
robot_96
   -38.06882,    -6.108365,            0,            0,            0,    0.2049194,    0.9787788
robot_166
   -31.02053,     38.01033,            0,            0,            0,   -0.9893449,    0.1455908
robot_102
    25.92554,    -34.55222,            0,            0,            0,   -0.3994777,    0.9167429
robot_192
   -38.08578,     6.520456,            0,            0,            0,    0.6786906,    0.7344243
robot_179
   -13.87723,    -5.839497,            0,            0,            0,    0.9978564,   0.06544191
robot_142
   -31.98434,     5.997077,            0,            0,            0,   -0.9587792,    0.2841522
robot_1
    26.01219,     14.22645,            0,            0,            0,    0.2058864,    0.9785759
robot_44
    8.010935,     14.01203,            0,            0,            0,    0.8282212,    0.5604013
robot_163
   -22.12715,    -18.22212,            0,            0,            0,    -0.459071,    0.8883996
robot_79
     14.0244,    -17.98076,            0,            0,            0,   -0.4235999,    0.9058494
robot_8
   -37.90371,    -14.22644,            0,            0,            0,    0.9786413,    0.2055752
robot_20
    31.83699,    -9.983011,            0,            0,            0,   -0.5739116,    0.8189173
robot_143
    29.99638,     25.94235,            0,            0,            0,    0.5755149,    0.8177913
robot_138
   -2.481809,    -21.95073,            0,            0,            0,    0.6131359,    0.7899774
robot_123
    29.69867,    -5.931634,            0,            0,            0,  -0.05983725,    0.9982081
robot_193
   -14.09247,     18.27978,            0,            0,            0,   -0.9705208,    0.2410175
robot_187
    29.95807,    -27.18532,            0,            0,            0,    0.9922017,    0.1246425
robot_176
   -39.01044,    -10.01698,            0,            0,            0,    0.1292362,    0.9916138
robot_66
   -17.77466,     -22.0671,            0,            0,            0,   -0.4395121,    0.8982367
robot_63
    23.97643,     22.03343,            0,            0,            0,   -0.8836998,    0.4680542
robot_31
   -14.00084,    -38.36241,            0,            0,            0,   -0.9487417,    0.3160526
robot_159
   -30.14167,    -6.101224,            0,            0,            0,    0.9278925,    0.3728479
robot_160
    5.913379,     36.78256,            0,            0,            0,   -0.9043814,     0.426725
robot_151
   -1.924107,    -30.00453,            0,            0,            0,   -0.1776955,    0.9840855
robot_150
    17.62589,     17.91101,            0,            0,            0,   -0.7778179,    0.6284897
robot_137
    27.55302,     21.98958,            0,            0,            0,    0.9605074,    0.2782545
robot_199
   -34.23197,     -18.1086,            0,            0,            0,    0.1207158,    0.9926871
robot_54
   -22.18363,    -14.17142,            0,            0,            0,     0.717186,    0.6968818
robot_117
   -2.481844,    -25.95924,            0,            0,            0,    0.7141493,    0.6999934
robot_36
    21.94539,    -8.218882,            0,            0,            0,    0.5878261,    0.8089873
robot_33
   -19.89312,    -1.969191,            0,            0,            0,   -0.9072364,    0.4206211
robot_146
   -33.88642,    -14.15108,            0,            0,            0,    0.9616345,     0.274334
robot_156
      1.9638,    -31.26233,            0,            0,            0,   -0.6670326,    0.7450285
robot_112
   -14.04895,     -12.1152,            0,            0,            0,      0.97006,    0.2428655
robot_19
   -26.04648,     -22.3413,            0,            0,            0,   -0.8652657,    0.5013135
robot_141
     16.9066,    -30.02874,            0,            0,            0,   -0.2441011,    0.9697498
robot_35
    -9.63701,     38.06698,            0,            0,            0,    0.9961399,   0.08778015
robot_184
    29.92275,     22.18515,            0,            0,            0,   -0.9974606,   0.07122108
robot_98
    12.17508,     1.997654,            0,            0,            0,    0.2371016,    0.9714849
robot_100
   -26.08491,     26.45631,            0,            0,            0,    0.8921653,     0.451709
robot_164
   -20.31048,     34.01177,            0,            0,            0,   -0.1154537,    0.9933129
robot_59
    18.29797,     21.91111,            0,            0,            0,     -0.37386,    0.9274851
robot_144
    21.96217,    -11.10113,            0,            0,            0,    0.8329144,    0.5534019
robot_101
    9.919324,    -28.90289,            0,            0,            0,   -0.2673715,    0.9635935
robot_161
    9.954517,    -6.348392,            0,            0,            0,    0.7944345,    0.6073498
robot_149
   -34.06477,    0.8136216,            0,            0,            0,     0.985242,    0.1711673
robot_86
   -23.67016,     13.98323,            0,            0,            0,    0.4560609,    0.8899485
robot_191
    22.42193,     2.067121,            0,            0,            0,    -0.999915,    0.0130387
robot_126
    33.92098,    -34.24968,            0,            0,            0,   -0.6877273,    0.7259691
robot_190
    -30.0112,    -22.08696,            0,            0,            0,   -0.5906305,    0.8069422
robot_131
    18.20252,    -9.947507,            0,            0,            0,    0.1369933,     0.990572
robot_154
   -6.044885,    -39.39601,            0,            0,            0,    0.6139594,    0.7893376
robot_9
   -2.073811,    -16.49199,            0,            0,            0,    0.2783951,    0.9604667
robot_27
    33.36349,      33.9722,            0,            0,            0,     0.999474,   0.03243054
robot_34
    25.49897,     33.91061,            0,            0,            0,    0.2184946,    0.9758382
robot_114
   -26.06475,    -35.07054,            0,            0,            0,    0.7632733,    0.6460757
robot_51
   -10.15579,    -6.357524,            0,            0,            0,    0.1501999,    0.9886557
robot_108
   -22.08186,    -20.21805,            0,            0,            0,    0.3001776,    0.9538833
robot_147
   -38.05319,     29.34453,            0,            0,            0,   -0.9629842,    0.2695578
robot_183
    37.95429,     13.42731,            0,            0,            0,    0.9989783,   0.04519272
robot_48
    13.96626,     20.55016,            0,            0,            0,    0.1989697,    0.9800056
robot_60
   -34.07114,    -3.873252,            0,            0,            0,   -0.8552726,    0.5181783
robot_75
    29.00397,     10.02116,            0,            0,            0,    0.8720493,     0.489418
robot_152
   -13.94707,    -26.01031,            0,            0,            0,   0.05994048,     0.998202
robot_26
    5.982157,    -13.68908,            0,            0,            0,   0.05148279,    0.9986739
robot_182
   -34.04012,     7.513459,            0,            0,            0,   -0.8746299,    0.4847912
robot_172
    31.92134,    -13.97391,            0,            0,            0,   -0.3058089,    0.9520929
robot_43
    9.932858,    -11.32658,            0,            0,            0,    0.3040071,    0.9526698
robot_170
   -18.07356,    -33.04688,            0,            0,            0,     0.973077,    0.2304805
robot_177
   -26.05099,     19.99388,            0,            0,            0,    0.2881177,     0.957595
robot_80
    37.90212,     10.10556,            0,            0,            0,    0.8077706,    0.5894969
robot_16
    6.087483,     17.94669,            0,            0,            0,   -0.7897197,    0.6134679
robot_13
    34.32415,    -6.064701,            0,            0,            0,    0.6348551,    0.7726312
robot_178
   -29.68617,    -10.08968,            0,            0,            0,    -0.942989,    0.3328238
robot_88
    5.721873,     29.98999,            0,            0,            0,  -0.05144046,    0.9986761
robot_194
    25.90251,    -8.533273,            0,            0,            0,    0.3923227,    0.9198276
robot_29
   -26.20368,    -10.18257,            0,            0,            0,    0.9781915,    0.2077051
robot_92
   -36.99107,     14.01087,            0,            0,            0,    -0.140611,    0.9900649
robot_87
   -17.85107,     33.95673,            0,            0,            0,    0.1687017,    0.9856672
robot_68
   -17.15268,     10.02762,            0,            0,            0,   -0.8539924,    0.5202855
robot_22
   -25.85129,     2.050186,            0,            0,            0,   -0.9118186,    0.4105933
robot_38
    26.65202,     9.975751,            0,            0,            0,    0.9558896,    0.2937263
robot_2
    32.17901,    -38.02338,            0,            0,            0,   -0.9990886,   0.04268413
robot_110
   -33.11083,     38.02007,            0,            0,            0,    0.7800316,    0.6257402
robot_14
   -35.96237,     6.019078,            0,            0,            0,    0.9944519,    0.1051924
robot_181
     25.9072,    -26.89387,            0,            0,            0,    0.8216758,    0.5699552
robot_61
     9.93235,     25.28859,            0,            0,            0,    0.1745171,    0.9846541
