tuw_multi_robot_msgs::RobotGoalsArray @1970-01-01T00:47:02.700000
frame_id: map
        2822,    700000000
robot_84
   -26.15952,     37.77101,            0,            0,            0,   -0.3813963,    0.9244116
robot_116
   -30.09339,     13.22341,            0,            0,            0,    0.3644503,    0.9312228
robot_74
   -26.15008,     6.335167,            0,            0,            0,   0.08362249,    0.9964975
robot_41
   -25.75977,    -9.999277,            0,            0,            0,   -0.7037565,    0.7104412
robot_125
    9.452312,    -26.06072,            0,            0,            0,      0.61845,    0.7858242
robot_136
   -14.28182,    -29.85559,            0,            0,            0,    0.9228053,    0.3852667
robot_173
    13.83304,    -26.18688,            0,            0,            0,    0.6820671,    0.7312896
robot_67
    1.773094,     6.133992,            0,            0,            0,   0.01397027,    0.9999024
robot_197
   -18.01791,     -5.97811,            0,            0,            0,   -0.9380741,    0.3464347
robot_119
   -25.78201,     22.05718,            0,            0,            0,   -0.7042544,    0.7099477
robot_82
    33.95322,     -18.4794,            0,            0,            0,     0.142985,    0.9897249
robot_77
    -34.0677,    -37.18749,            0,            0,            0,    0.6872498,    0.7264212
robot_5
    1.713666,      21.9116,            0,            0,            0,   -0.5697207,    0.8218384
robot_133
    21.93361,    -12.18568,            0,            0,            0,    0.4042163,    0.9146634
robot_99
    4.353063,    -10.01231,            0,            0,            0,    0.4657589,    0.8849116
robot_171
   -26.04017,     2.897276,            0,            0,            0,    0.9348902,    0.3549372
robot_180
    21.94348,     30.48967,            0,            0,            0,   0.02941887,    0.9995672
robot_56
   -22.29941,    -14.10415,            0,            0,            0,   -0.8839318,    0.4676159
robot_3
    10.02133,    -13.70031,            0,            0,            0,   -0.6495566,    0.7603132
robot_81
   -38.47946,     9.980923,            0,            0,            0,      0.58319,    0.8123358
robot_167
   -29.91401,    -38.13715,            0,            0,            0,   -0.5706144,    0.8212181
robot_25
    25.81918,    -29.89702,            0,            0,            0,   -0.4483983,    0.8938339
robot_168
   -18.13104,     21.68055,            0,            0,            0,    0.4114678,    0.9114243
robot_96
   -10.30545,    -34.06588,            0,            0,            0,    -0.219428,    0.9756287
robot_166
    29.94156,    -21.72782,            0,            0,            0,    0.9666205,    0.2562123
robot_102
   -12.27262,     21.99557,            0,            0,            0,    0.9901615,    0.1399291
robot_192
   -5.960063,     30.05868,            0,            0,            0,    0.7782841,    0.6279123
robot_179
     13.9846,    -13.69998,            0,            0,            0,    0.7426692,    0.6696585
robot_142
    8.402547,     -33.9819,            0,            0,            0,    0.8388082,     0.544427
robot_1
    9.955147,     0.530511,            0,            0,            0,    0.7529824,    0.6580407
robot_44
   -2.067986,      25.2931,            0,            0,            0,    0.9193168,    0.3935182
robot_163
   -10.02724,    -13.64488,            0,            0,            0,    -0.196761,    0.9804515
robot_79
   -18.14145,     9.828453,            0,            0,            0,  -0.01557194,    0.9998787
robot_8
    33.91671,    -31.22363,            0,            0,            0,   -0.9892367,    0.1463244
robot_20
   -18.04068,    -14.35763,            0,            0,            0,   -0.9937866,    0.1113021
robot_143
   -10.48574,     10.04313,            0,            0,            0,   -0.3751191,    0.9269766
robot_138
    27.24485,    -6.030188,            0,            0,            0,    0.5178548,    0.8554685
robot_123
   -14.13525,     34.31874,            0,            0,            0,   -0.9132793,     0.407334
robot_193
    14.19737,    -17.92461,            0,            0,            0,   -0.9981248,   0.06121185
robot_187
     13.9983,     37.99587,            0,            0,            0,   -0.8171917,     0.576366
robot_176
   -34.06481,     23.39668,            0,            0,            0,   -0.9269459,     0.375195
robot_66
   -5.975063,    -33.76205,            0,            0,            0,    0.9429455,    0.3329471
robot_63
   -18.45652,     17.93008,            0,            0,            0,   -0.9064664,     0.422278
robot_31
    18.27047,     21.93881,            0,            0,            0,    -0.908734,    0.4173759
robot_159
   -16.84825,      34.0147,            0,            0,            0,   -0.3596137,    0.9331013
robot_160
    13.84086,     30.34133,            0,            0,            0,   -0.9934157,    0.1145658
robot_151
    1.918384,     17.28934,            0,            0,            0,    0.8423748,    0.5388922
robot_150
    13.97095,     5.812161,            0,            0,            0,    0.7511252,    0.6601598
robot_137
    30.55661,     18.03338,            0,            0,            0,   -0.5791427,    0.8152262
robot_199
    21.98742,    -9.853266,            0,            0,            0,   -0.8867024,    0.4623407
