tuw_multi_robot_msgs::RobotGoalsArray @1970-01-01T00:00:27
frame_id: map
          27,            0
robot_84
   -14.15187,     38.28246,            0,            0,            0,    0.1814335,    0.9834032
robot_116
   -26.69014,     34.01456,            0,            0,            0,    0.9987586,   0.04981249
robot_74
   -1.919425,    -21.99451,            0,            0,            0,    -0.500071,    0.8659844
robot_41
    33.94746,    -26.22734,            0,            0,            0,   -0.9380195,    0.3465826
robot_125
   -29.97676,      -5.9342,            0,            0,            0,  -0.04358587,    0.9990497
robot_136
    17.75346,    -2.053893,            0,            0,            0,    0.6912822,    0.7225849
robot_173
    9.896425,    -25.63867,            0,            0,            0,    0.7621507,    0.6473996
robot_67
   -9.855855,      -14.123,            0,            0,            0,   -0.3318247,    0.9433411
robot_197
    33.24189,    -13.97909,            0,            0,            0,   -0.4669744,    0.8842708
robot_119
    22.77272,    -1.986238,            0,            0,            0,   -0.6911527,    0.7227088
robot_82
    1.932235,     9.105384,            0,            0,            0,    0.9657523,    0.2594659
robot_77
   -6.171005,     9.778321,            0,            0,            0,    0.3701539,    0.9289704
robot_5
   -6.078246,    -31.79475,            0,            0,            0,    0.8613316,    0.5080431
robot_133
    23.60183,    -38.01259,            0,            0,            0,   -0.2293045,    0.9733547
robot_99
    28.33311,    -26.03029,            0,            0,            0,    0.9380493,    0.3465017
robot_171
   -34.01289,     30.35221,            0,            0,            0,    0.1920773,    0.9813798
robot_180
    33.94838,    -8.851976,            0,            0,            0,    -0.803787,    0.5949172
robot_56
   -6.149349,    -2.197054,            0,            0,            0,   -0.9539917,    0.2998329
robot_3
   -30.86987,     9.996488,            0,            0,            0,   -0.6507914,    0.7592566
robot_81
   -21.05042,     30.01992,            0,            0,            0,   -0.5411641,     0.840917
robot_167
    11.78129,    -6.009803,            0,            0,            0,     -0.99956,   0.02966259
robot_25
    13.90553,    -28.51479,            0,            0,            0,   -0.5240425,    0.8516921
robot_168
   -4.537897,     26.00207,            0,            0,            0,  -0.02526681,    0.9996807
robot_96
    9.948935,    -37.60328,            0,            0,            0,     0.780961,    0.6245798
robot_166
     22.7291,     21.99113,            0,            0,            0,    0.7870251,    0.6169209
