tuw_multi_robot_msgs::RobotGoalsArray @1970-01-01T00:56:21.900000
frame_id: map
        3381,    900000000
robot_84
    9.620022,     10.03317,            0,            0,            0,   -0.9996306,    0.0271789
robot_116
    10.25987,     33.95571,            0,            0,            0,    0.6761296,    0.7367827
robot_74
    39.09584,    -13.97598,            0,            0,            0,    0.9949175,    0.1006938
robot_41
    8.065492,    -13.99015,            0,            0,            0,   -0.3607005,    0.9326817
robot_125
    1.943954,     19.71641,            0,            0,            0,   -0.8908947,    0.4542099
robot_136
   -14.04489,    -27.06965,            0,            0,            0,   -0.6591567,    0.7520056
robot_173
    14.36983,     25.92691,            0,            0,            0,    0.9961579,   0.08757499
robot_67
    13.94051,    -28.13594,            0,            0,            0,   -0.4330766,    0.9013571
robot_197
    37.92995,      29.5925,            0,            0,            0,    0.6087678,    0.7933485
robot_119
   -38.02595,    -25.77404,            0,            0,            0,   -0.9929842,     0.118247
robot_82
    18.21986,     34.01089,            0,            0,            0,   -0.9698937,    0.2435288
robot_77
   -20.96746,    -29.99949,            0,            0,            0,    0.9303457,    0.3666835
robot_5
   -22.08869,     31.53845,            0,            0,            0,   -0.8186583,    0.5742809
robot_133
    8.710239,     21.98091,            0,            0,            0,   -0.8033293,    0.5955351
robot_99
    21.72233,     38.00246,            0,            0,            0,    0.2408002,    0.9705747
robot_171
    1.858225,    -9.650731,            0,            0,            0,   -0.3544752,    0.9350654
robot_180
   -13.09935,     33.97165,            0,            0,            0,    0.7619266,    0.6476634
robot_56
   -30.12525,      13.9774,            0,            0,            0,    0.9745964,    0.2239686
robot_3
    22.30118,    -21.97394,            0,            0,            0,   -0.6986818,    0.7154326
robot_81
    34.45186,      13.9956,            0,            0,            0,   -0.9422348,     0.334953
robot_167
   -14.78361,     17.98841,            0,            0,            0,    0.9844871,    0.1754567
robot_25
    6.582469,    -21.99678,            0,            0,            0,   -0.9930805,    0.1174359
robot_168
   -14.04375,    -18.05144,            0,            0,            0,   -0.2264383,    0.9740255
robot_96
   -14.12501,     37.89599,            0,            0,            0,  -0.01618155,    0.9998691
robot_166
   -6.094674,      -14.307,            0,            0,            0,    0.8125913,     0.582834
robot_102
   -21.61553,     21.95499,            0,            0,            0,    0.5112432,    0.8594361
robot_192
   -33.74363,    -21.98514,            0,            0,            0,   -0.9537423,    0.3006253
robot_179
    20.73599,     13.99743,            0,            0,            0,   -0.9942146,    0.1074117
robot_142
    -22.0365,    -4.278885,            0,            0,            0,   -0.3890549,    0.9212146
robot_1
    21.90959,     24.95955,            0,            0,            0,     0.994571,    0.1040601
robot_44
     26.1043,    -6.109287,            0,            0,            0,   -0.2656389,    0.9640726
robot_163
   -11.99189,     18.00509,            0,            0,            0,   -0.7758239,    0.6309495
robot_79
   -22.08441,    -25.10013,            0,            0,            0,    0.7478225,    0.6638987
robot_8
   -38.14481,     14.03796,            0,            0,            0,   -0.8907425,    0.4545083
robot_20
   -22.08778,    -17.42532,            0,            0,            0,   -0.9878518,    0.1553991
robot_143
    25.67591,     25.95879,            0,            0,            0,   -0.9694335,    0.2453541
robot_138
   -26.07047,    0.4762392,            0,            0,            0,    0.5293665,    0.8483933
robot_123
    24.72498,     22.03318,            0,            0,            0,   -0.3099063,    0.9507671
robot_193
    28.81294,     5.983211,            0,            0,            0,    0.4057823,    0.9139698
robot_187
    9.951515,    -35.47244,            0,            0,            0,    0.9961799,   0.08732519
robot_176
    25.72581,    -25.88654,            0,            0,            0,   -0.8851434,    0.4653183
robot_66
    7.193483,     10.00408,            0,            0,            0,      -0.9477,    0.3191626
robot_63
   -25.92663,     37.92928,            0,            0,            0,   -0.1367416,    0.9906068
robot_31
   -21.92451,    -14.21802,            0,            0,            0,     0.530651,    0.8475904
robot_159
     21.9167,    -35.57266,            0,            0,            0,   -0.6915025,     0.722374
robot_160
      16.583,     37.98964,            0,            0,            0,   -0.2140866,    0.9768147
robot_151
    -33.9342,    -1.962808,            0,            0,            0,    0.6241445,    0.7813089
robot_150
   -8.594746,    -22.01051,            0,            0,            0,   -0.7379254,    0.6748823
robot_137
    13.56107,     14.07537,            0,            0,            0,   -0.9791863,    0.2029634
robot_199
    1.996934,    -29.85049,            0,            0,            0,   -0.2539563,    0.9672157
robot_54
    13.76671,     33.84872,            0,            0,            0,    0.9308514,    0.3653979
robot_117
    24.98084,    -13.99731,            0,            0,            0,    0.3133763,     0.949629
robot_36
    33.94014,     16.57954,            0,            0,            0,   0.09807045,    0.9951795
robot_33
   -33.92341,     18.21798,            0,            0,            0,    0.9983814,   0.05687386
robot_146
   -31.75866,    -10.00668,            0,            0,            0,    0.1367156,    0.9906103
robot_156
   -14.53718,     10.02739,            0,            0,            0,   -0.9000811,    0.4357223
robot_112
   -26.15309,     29.84982,            0,            0,            0,   -0.8171642,    0.5764049
robot_19
    37.04498,    -5.998522,            0,            0,            0,   -0.3750695,    0.9269967
robot_141
     29.9044,     21.68213,            0,            0,            0, -0.001474861,    0.9999989
robot_35
    29.94196,    -9.511157,            0,            0,            0,   -0.8972862,    0.4414494
robot_184
   -6.058042,    -9.538219,            0,            0,            0,   -0.6519883,     0.758229
robot_98
    30.22984,    -38.07454,            0,            0,            0,   -0.6766107,     0.736341
robot_100
   -11.61209,    -1.975894,            0,            0,            0,   -0.5617268,    0.8273228
robot_164
    17.56757,    -33.99349,            0,            0,            0,   -0.6675811,    0.7445371
robot_59
    1.891039,     29.88622,            0,            0,            0,     0.347656,    0.9376222
robot_144
   -30.19531,    -5.871211,            0,            0,            0,   -0.4275785,    0.9039782
robot_101
   -30.03454,     10.50964,            0,            0,            0,    0.7515975,     0.659622
robot_161
     -6.3899,     29.95074,            0,            0,            0,   -0.9178213,    0.3969937
robot_149
   -11.38264,    -17.98793,            0,            0,            0,    0.9836401,    0.1801446
robot_86
   -2.420001,    -26.06641,            0,            0,            0,    0.9940547,    0.1088816
