tuw_multi_robot_msgs::RobotGoalsArray @1970-01-01T00:00:23.300000
frame_id: map
          23,    300000000
robot_84
    29.92546,    -10.88939,            0,            0,            0,    0.8597218,    0.5107625
robot_116
   -34.06475,     2.988601,            0,            0,            0,   -0.7465062,    0.6653785
robot_74
   -33.67257,     6.005706,            0,            0,            0,   -0.9947175,    0.1026507
robot_41
    -24.7892,     21.99504,            0,            0,            0,   0.05297371,    0.9985959
robot_125
    33.90604,     31.29244,            0,            0,            0,     0.972466,    0.2330447
robot_136
    29.88675,     14.18539,            0,            0,            0,    0.6432052,    0.7656938
robot_173
    9.944098,     27.60903,            0,            0,            0,    0.8568447,    0.5155745
robot_67
     13.7713,      33.7849,            0,            0,            0,   -0.8208133,    0.5711966
robot_197
   -10.14885,     38.20939,            0,            0,            0,   0.08996888,    0.9959446
robot_119
   -18.03735,    -38.25485,            0,            0,            0,   -0.8396554,    0.5431196
robot_82
    25.95209,     22.35425,            0,            0,            0,   -0.5786615,    0.8155678
robot_77
    -6.14914,     -26.2397,            0,            0,            0,    -0.535846,    0.8443157
robot_5
    9.791655,      10.0632,            0,            0,            0,    0.3442188,    0.9388895
robot_133
    33.96176,    -29.72051,            0,            0,            0,    -0.983289,    0.1820515
robot_99
   -1.910789,    -30.17859,            0,            0,            0,   -0.9669407,    0.2550014
robot_171
   -4.373777,      6.03159,            0,            0,            0,    0.0199636,    0.9998007
robot_180
    37.03139,     26.02427,            0,            0,            0,   -0.9574528,    0.2885899
robot_56
    10.40044,     21.96151,            0,            0,            0,    0.1621662,    0.9867635
robot_3
     37.1834,    -30.00626,            0,            0,            0,   -0.5706914,    0.8211646
robot_81
   -10.08386,    -10.91234,            0,            0,            0,   -0.8948927,    0.4462814
robot_167
   -22.06736,     2.649257,            0,            0,            0,   -0.9826669,    0.1853801
robot_25
   -26.09917,     7.460236,            0,            0,            0,    0.3664094,    0.9304537
robot_168
   -6.071106,     19.35074,            0,            0,            0,   -0.8840773,    0.4673407
robot_96
    10.12602,     1.888763,            0,            0,            0,   -0.9984449,   0.05574829
robot_166
   -29.97939,     21.67767,            0,            0,            0,    0.9897771,    0.1426229
