tuw_multi_robot_msgs::RobotGoalsArray @1970-01-01T01:13:51.400000
frame_id: map
        4431,    400000000
robot_84
    29.93633,     1.887391,            0,            0,            0,   -0.3503527,    0.9366178
robot_116
   -29.69908,     30.01344,            0,            0,            0,    0.9390397,    0.3438087
robot_74
   -19.50289,     -5.96907,            0,            0,            0,   -0.6417488,    0.7669149
robot_41
    29.92558,     25.88598,            0,            0,            0,    0.8837362,    0.4679854
robot_125
    -21.9941,    -9.866389,            0,            0,            0,   -0.9220345,    0.3871077
robot_136
    21.91945,     30.14887,            0,            0,            0,    0.9998928,   0.01464433
robot_173
    6.001773,    -29.88814,            0,            0,            0,   -0.8943688,    0.4473304
robot_67
   -1.936708,     29.88795,            0,            0,            0,    0.5514162,    0.8342303
robot_197
   -26.08614,    -35.94218,            0,            0,            0,   -0.9581341,    0.2863197
robot_119
   -10.87241,     34.00663,            0,            0,            0,    0.9129922,    0.4079769
robot_82
   -6.338798,    -10.01527,            0,            0,            0,   -0.5660203,    0.8243913
robot_77
   -37.72627,     26.06789,            0,            0,            0,   -0.9886739,    0.1500797
robot_5
     29.9038,   -0.9560714,            0,            0,            0,   -0.8429542,    0.5379854
robot_133
   -26.05262,     22.99881,            0,            0,            0,    0.9668504,    0.2553437
robot_99
   -27.61506,     14.03075,            0,            0,            0,    0.8795159,    0.4758695
robot_171
    37.90374,    -12.62434,            0,            0,            0,   -0.8143575,    0.5803636
robot_180
   -14.07893,     34.61283,            0,            0,            0,     0.997062,   0.07659937
robot_56
    13.92123,     29.48582,            0,            0,            0,    0.5968582,    0.8023467
robot_3
   -14.28374,    -13.88295,            0,            0,            0,    0.7301316,    0.6833066
robot_81
   -38.04486,     10.17704,            0,            0,            0,    0.8503749,    0.5261773
robot_167
    31.46473,     13.99247,            0,            0,            0,   -0.7019693,    0.7122072
robot_25
   -17.67473,    -18.09108,            0,            0,            0,    0.8936552,    0.4487542
robot_168
     25.9131,    -12.97316,            0,            0,            0,    0.8402291,    0.5422315
robot_96
    14.29665,    -10.00193,            0,            0,            0,     0.317003,    0.9484245
robot_166
    38.67226,     10.00986,            0,            0,            0,    0.6927358,    0.7211915
robot_102
    25.86533,     33.70709,            0,            0,            0,    0.0587723,    0.9982714
robot_192
   -14.01695,     10.25362,            0,            0,            0,    0.8926454,    0.4507596
robot_179
    14.00881,     34.27947,            0,            0,            0,   -0.9913325,    0.1313766
robot_142
   -18.06432,    -31.80814,            0,            0,            0,   -0.9939169,    0.1101323
robot_1
   -6.012762,     17.88786,            0,            0,            0,   -0.9919527,    0.1266087
robot_44
    -38.0468,     22.22072,            0,            0,            0,   -0.3679596,    0.9298418
robot_163
   -29.95261,     17.91107,            0,            0,            0,    0.4891904,     0.872177
robot_79
   -18.13079,     34.34873,            0,            0,            0,    0.2115055,    0.9773768
robot_8
   -7.508496,    -2.000124,            0,            0,            0,    0.5088477,    0.8608566
robot_20
    1.915259,    -9.216897,            0,            0,            0,    0.9060497,    0.4231714
robot_143
    16.79048,     1.980665,            0,            0,            0,   -0.7612784,    0.6484252
robot_138
   -14.08507,     -18.6056,            0,            0,            0,   -0.8980443,    0.4399051
robot_123
   -18.09228,     20.02081,            0,            0,            0,    0.9999955,  0.003010089
robot_193
   -26.04394,    -18.60115,            0,            0,            0,     0.998391,   0.05670389
robot_187
    9.640069,     1.927186,            0,            0,            0,   -0.5949573,    0.8037573
robot_176
   -3.252011,     6.029405,            0,            0,            0,    0.9997198,   0.02366947
robot_66
   -12.88287,     30.00815,            0,            0,            0,   -0.2391111,    0.9709922
robot_63
    -21.8612,     6.046576,            0,            0,            0,    0.2183889,    0.9758618
robot_31
    38.36174,    -6.000941,            0,            0,            0,  -0.04472169,    0.9989995
robot_159
   -7.521917,    -30.02131,            0,            0,            0,   -0.8350338,    0.5501986
robot_160
   -20.09023,    -29.97186,            0,            0,            0,    0.9432612,    0.3320516
robot_151
    22.28624,    -18.06244,            0,            0,            0,    -0.351372,    0.9362359
robot_150
   -33.40148,      -17.982,            0,            0,            0,   -0.2909725,    0.9567314
robot_137
    12.19584,    -10.02872,            0,            0,            0,    0.6183129,    0.7859321
robot_199
    21.91956,    -32.52446,            0,            0,            0,     0.471962,    0.8816189
robot_54
    9.253376,     30.02082,            0,            0,            0,    0.9424181,     0.334437
robot_117
   -26.08578,    -31.18393,            0,            0,            0,    0.6666419,    0.7453781
robot_36
   -30.03399,    -23.80741,            0,            0,            0,    0.3662245,    0.9305265
robot_33
   -10.06203,    -37.84959,            0,            0,            0,    0.6078925,    0.7940193
robot_146
   -10.37008,    -25.91492,            0,            0,            0,    0.8990237,    0.4378999
robot_156
    5.928195,     28.79571,            0,            0,            0,   -0.9859993,    0.1667492
robot_112
    7.842132,     6.018893,            0,            0,            0,   -0.4213296,    0.9069076
robot_19
    36.72423,     26.00307,            0,            0,            0,   -0.8019063,    0.5974499
robot_141
   -34.27421,      26.0564,            0,            0,            0,    -0.677959,    0.7350997
robot_35
    9.914383,    -3.772086,            0,            0,            0,   -0.8950591,    0.4459475
robot_184
    32.81168,    -26.00464,            0,            0,            0,    0.6497966,    0.7601081
robot_98
    5.269311,    -21.98807,            0,            0,            0,   -0.9562176,    0.2926567
robot_100
    29.95283,    -20.49144,            0,            0,            0,    0.2860885,    0.9582032
robot_164
   -26.05878,     12.36528,            0,            0,            0,    0.7002023,    0.7139445
robot_59
   -30.04651,    -6.807838,            0,            0,            0,   -0.9665348,    0.2565357
robot_144
   -9.746324,    -34.08438,            0,            0,            0,   -0.9877151,    0.1562655
robot_101
   -15.26731,     37.98005,            0,            0,            0,    0.1026167,     0.994721
robot_161
   -18.05799,     36.26993,            0,            0,            0,   -0.6587928,    0.7523244
robot_149
    -31.8277,     26.01931,            0,            0,            0,    0.8950724,    0.4459208
robot_86
    13.51133,     26.04232,            0,            0,            0,    0.8331257,    0.5530837
robot_191
    38.05282,    -18.00058,            0,            0,            0,    0.9084961,    0.4178933
robot_126
    22.66251,     14.02937,            0,            0,            0,   -0.5107105,    0.8597528
robot_190
   -6.092268,     1.843184,            0,            0,            0,   -0.4928932,    0.8700898
robot_131
   -29.86873,     9.914387,            0,            0,            0,    0.1232181,    0.9923796
robot_154
   -33.75911,    -37.92473,            0,            0,            0,   -0.9607868,    0.2772882
robot_9
    26.54216,     14.00299,            0,            0,            0,     0.767829,    0.6406549
robot_27
   -4.600557,     33.96744,            0,            0,            0,   -0.6872884,    0.7263846
robot_34
    33.94219,    -5.752724,            0,            0,            0,   -0.6686912,    0.7435402
robot_114
    2.432645,     9.906743,            0,            0,            0,    0.5224226,    0.8526867
robot_51
   -27.69648,     2.019337,            0,            0,            0,   -0.5599169,    0.8285488
