tuw_multi_robot_msgs::RobotGoalsArray @1970-01-01T00:12:33.300000
frame_id: map
         753,    300000000
robot_84
    21.98291,    -6.025862,            0,            0,            0,  -0.06905859,    0.9976126
robot_116
     10.0039,    -17.80196,            0,            0,            0,   -0.9711596,    0.2384305
robot_74
    30.20008,     34.05063,            0,            0,            0,    0.9852449,    0.1711507
robot_41
   -10.01438,     30.19897,            0,            0,            0,   -0.9560231,    0.2932915
robot_125
    9.214466,     25.99027,            0,            0,            0,   -0.9083912,    0.4181213
robot_136
   -38.07771,    -28.03497,            0,            0,            0,    0.4076381,    0.9131436
robot_173
    1.894269,    -13.95376,            0,            0,            0,    0.1917783,    0.9814383
robot_67
   -10.09862,     6.669777,            0,            0,            0,    0.7012288,    0.7129363
robot_197
   -10.34697,    -18.08295,            0,            0,            0,    0.1222804,    0.9924956
robot_119
   -29.56632,    -17.99528,            0,            0,            0,   -0.6739421,    0.7387841
robot_82
   -38.28831,     29.86007,            0,            0,            0,  -0.06674231,    0.9977702
robot_77
    9.914692,     2.053621,            0,            0,            0,   -0.9345599,    0.3558057
robot_5
   -2.050438,    -32.89919,            0,            0,            0,    0.4493998,    0.8933308
robot_133
    21.91884,    -2.719095,            0,            0,            0,   -0.7556183,    0.6550122
robot_99
   -27.19519,     29.97331,            0,            0,            0,  -0.03570111,    0.9993625
robot_171
    -6.09868,     17.76342,            0,            0,            0,   -0.8811711,    0.4727976
robot_180
    -2.23633,    -18.15049,            0,            0,            0,   -0.6554835,    0.7552095
robot_56
    9.994018,     6.326319,            0,            0,            0,   0.08765763,    0.9961507
robot_3
   -24.49721,    -14.00502,            0,            0,            0,   -0.4675745,    0.8839537
robot_81
    9.937193,    -8.232616,            0,            0,            0,   -0.1598523,    0.9871409
robot_167
   -34.09632,    -11.63102,            0,            0,            0,    0.8227581,    0.5683917
robot_25
    21.99412,     1.932082,            0,            0,            0,   -0.8953444,    0.4453745
robot_168
   -13.94093,    -10.08366,            0,            0,            0,    0.8241415,     0.566384
robot_96
    30.06722,     37.94697,            0,            0,            0,    0.9663236,    0.2573299
robot_166
   -39.32714,    -10.03148,            0,            0,            0,    0.4951891,    0.8687852
robot_102
   -1.627824,     26.08738,            0,            0,            0,    0.8366918,    0.5476741
robot_192
   -22.29655,    -29.91775,            0,            0,            0,    0.3476522,    0.9376236
robot_179
   -38.07765,     11.67106,            0,            0,            0,   -0.5535537,    0.8328135
robot_142
     25.9403,    -33.88172,            0,            0,            0,    0.3300159,    0.9439754
robot_1
   -26.07832,      2.81465,            0,            0,            0,   -0.8513669,    0.5245707
robot_44
    21.93929,    -16.92228,            0,            0,            0,   -0.9931334,    0.1169873
robot_163
   -34.04179,     23.52929,            0,            0,            0,   -0.9988665,   0.04760047
robot_79
    37.30311,     17.98669,            0,            0,            0,    0.1922924,    0.9813377
robot_8
    9.911777,    -14.54537,            0,            0,            0,   -0.9629325,    0.2697425
robot_20
    34.57627,    -17.97061,            0,            0,            0,   -0.8677955,    0.4969214
robot_143
    37.84383,    -10.32023,            0,            0,            0,     0.838746,    0.5445229
robot_138
    9.613899,     29.93449,            0,            0,            0,    0.6655412,    0.7463611
robot_123
    -3.25394,    -30.02154,            0,            0,            0,    0.5800458,    0.8145839
robot_193
    1.835443,    -9.982611,            0,            0,            0,   -0.9087441,    0.4173538
robot_187
    23.96409,    -22.00206,            0,            0,            0,   -0.9353815,    0.3536402
