tuw_multi_robot_msgs::RobotGoalsArray @1970-01-01T01:25:54.700000
frame_id: map
        5154,    700000000
robot_84
     2.08511,    -21.96401,            0,            0,            0,   -0.5716372,    0.8205065
robot_116
    21.90455,     -9.59101,            0,            0,            0,    0.9478145,    0.3188223
robot_74
   -30.09573,     5.125366,            0,            0,            0,   -0.7263325,    0.6873435
robot_41
   -18.00832,    -38.32607,            0,            0,            0,   -0.5590511,    0.8291332
robot_125
    34.04221,    -13.95274,            0,            0,            0,    -0.945233,    0.3263964
robot_136
     21.9554,     9.937739,            0,            0,            0,   -0.5741711,    0.8187354
robot_173
    1.907157,    -11.10475,            0,            0,            0,   -0.8984628,    0.4390496
robot_67
    25.91898,     28.84197,            0,            0,            0,   -0.1890269,    0.9819719
robot_197
   -8.357245,    -1.966592,            0,            0,            0,    0.7271998,    0.6864259
robot_119
   -32.26699,     18.03223,            0,            0,            0,    0.9999007,   0.01408905
robot_82
   -12.93733,     13.97003,            0,            0,            0,   -0.9796785,    0.2005744
robot_77
   -34.05126,    -26.01051,            0,            0,            0,    0.6027449,     0.797934
robot_5
     22.4263,    -33.99544,            0,            0,            0,    0.4709293,    0.8821709
robot_133
   -38.60928,     14.00212,            0,            0,            0,   -0.5049766,     0.863133
robot_99
   -20.65406,    -34.01325,            0,            0,            0,   -0.7692889,    0.6389011
robot_171
   -36.08957,     6.017766,            0,            0,            0,    0.7389295,    0.6737827
robot_180
     34.3076,    -21.95771,            0,            0,            0,   -0.9713672,     0.237583
robot_56
   -25.83499,     1.879169,            0,            0,            0,   -0.4956856,     0.868502
robot_3
    22.34161,     38.09294,            0,            0,            0,  -0.08299256,    0.9965502
robot_81
    29.91794,    -28.99874,            0,            0,            0,    0.9972482,   0.07413535
robot_167
   -26.82894,    -21.98638,            0,            0,            0,    0.6182588,    0.7859746
robot_25
    26.03494,    -25.97706,            0,            0,            0,   -0.3016793,    0.9534095
robot_168
    21.86321,    -17.67308,            0,            0,            0,   -0.9226867,    0.3855506
robot_96
     37.9092,     7.945615,            0,            0,            0,    0.9976577,   0.06840337
robot_166
    17.74814,    -38.14304,            0,            0,            0,    0.8615904,    0.5076042
robot_102
   -24.69027,    -6.016704,            0,            0,            0,    0.8021232,    0.5971586
robot_192
     25.9072,     13.87853,            0,            0,            0,   -0.9990378,   0.04385788
robot_179
   -25.38684,    -33.99637,            0,            0,            0,    0.9197851,    0.3924224
robot_142
    17.65209,    -9.935547,            0,            0,            0,    0.3340775,    0.9425456
robot_1
    34.09672,    -26.05804,            0,            0,            0,   -0.9554816,    0.2950506
robot_44
   -9.990496,     9.844952,            0,            0,            0,    0.8135901,    0.5814388
robot_163
     24.7699,    -18.02531,            0,            0,            0,   -0.8550063,    0.5186176
robot_79
    -18.0074,     25.82122,            0,            0,            0,    0.5682385,    0.8228639
robot_8
    20.68496,     14.02258,            0,            0,            0,   -0.1152369,     0.993338
robot_20
    -23.8163,     13.98407,            0,            0,            0,    0.9071362,    0.4208372
robot_143
    22.97501,    -29.98057,            0,            0,            0,   -0.8650255,    0.5017279
robot_138
   -14.04801,    -33.89237,            0,            0,            0,    0.2136362,    0.9769133
robot_123
   -26.16001,    -38.20405,            0,            0,            0,     0.973922,    0.2268829
robot_193
   -34.49443,    -29.95531,            0,            0,            0,    0.5288947,    0.8486875
robot_187
    17.45652,     37.91546,            0,            0,            0,   -0.4952474,     0.868752
robot_176
     19.0426,     9.984741,            0,            0,            0,    0.9268253,    0.3754928
robot_66
    33.91421,    -35.95869,            0,            0,            0,    0.8748208,    0.4844467
robot_63
    14.43264,     34.06692,            0,            0,            0,   -0.8405991,    0.5416579
robot_31
    10.42295,    -2.070441,            0,            0,            0,    0.8174073,    0.5760602
robot_159
   -18.09481,    0.3317876,            0,            0,            0,   -0.9659834,    0.2586042
robot_160
    9.910362,     30.85186,            0,            0,            0,   -0.9729296,    0.2311015
robot_151
   -13.21948,    -1.985153,            0,            0,            0,    -0.881861,    0.4715095
robot_150
   -3.095359,    -10.03013,            0,            0,            0,    0.9236346,    0.3832741
robot_137
   -6.033854,     29.07195,            0,            0,            0,    -0.197122,     0.980379
robot_199
   -29.98252,     21.92456,            0,            0,            0,   -0.5473996,    0.8368714
robot_54
    -14.5583,    -10.06174,            0,            0,            0,   -0.1919019,    0.9814141
robot_117
    33.94169,    -33.66702,            0,            0,            0,   -0.3026022,    0.9531169
robot_36
   -38.26918,     21.99367,            0,            0,            0,   -0.9376726,      0.34752
robot_33
   -14.08435,    -23.23947,            0,            0,            0,    0.3448808,    0.9386465
robot_146
   -17.26936,     18.00146,            0,            0,            0,   -0.2961411,    0.9551442
robot_156
   -2.362253,     14.04132,            0,            0,            0,    0.3709315,    0.9286602
robot_112
    37.94458,    -14.04039,            0,            0,            0,    0.0664287,    0.9977912
robot_19
   -3.367333,    -13.99417,            0,            0,            0,   -0.9536673,    0.3008633
robot_141
    7.890072,     1.984683,            0,            0,            0,  -0.06896161,    0.9976193
robot_35
    6.013578,      5.90665,            0,            0,            0,    0.4468199,    0.8946239
robot_184
    22.24895,     18.02254,            0,            0,            0,   -0.7635615,    0.6457352
robot_98
   -22.17847,    -17.86453,            0,            0,            0,    0.8323467,    0.5542553
robot_100
   -10.23638,    -34.00544,            0,            0,            0,    0.8022675,    0.5969647
robot_164
   -8.355912,     26.01092,            0,            0,            0,   -0.8468687,     0.531802
robot_59
    36.32792,     30.02883,            0,            0,            0,   -0.9177392,    0.3971834
robot_144
   -23.29561,     26.01765,            0,            0,            0,   -0.6012773,    0.7990404
robot_101
   -21.93964,     33.87475,            0,            0,            0,   -0.7843294,    0.6203446
robot_161
    21.94015,    -13.93913,            0,            0,            0,    0.7848935,    0.6196307
robot_149
    -22.0858,     28.68109,            0,            0,            0,    0.2551391,    0.9669044
robot_86
    32.55001,     33.96898,            0,            0,            0,    0.9990486,   0.04361151
robot_191
    -24.0765,    -2.007783,            0,            0,            0,    0.7370366,    0.6758528
robot_126
   -8.957521,    -10.02468,            0,            0,            0,    0.9114477,    0.4114159
robot_190
   -24.64844,     22.00713,            0,            0,            0,    0.9759139,    0.2181562
robot_131
   -26.03702,       7.2554,            0,            0,            0,    0.8557613,    0.5173708
robot_154
     5.97021,    -1.990987,            0,            0,            0,   -0.2888034,    0.9573884
robot_9
      5.8723,     21.91555,            0,            0,            0,    0.9911832,    0.1324989
robot_27
    29.92591,     7.336172,            0,            0,            0,     0.161119,     0.986935
robot_34
   -2.191711,     25.79603,            0,            0,            0,   -0.7205736,    0.6933784
robot_114
   -9.287126,     2.009389,            0,            0,            0,   -0.4257913,    0.9048214
robot_51
   -9.286254,     30.01098,            0,            0,            0,    0.9860535,    0.1664286
robot_108
    25.95231,    -19.57984,            0,            0,            0,   -0.3573285,    0.9339788
robot_147
     11.2633,    -25.97947,            0,            0,            0,    0.9669401,    0.2550037
robot_183
   -23.80392,    -25.97863,            0,            0,            0,    0.2082413,    0.9780775
robot_48
    37.88208,     17.68983,            0,            0,            0,   -0.7668194,    0.6418629
robot_60
    9.832632,     33.88954,            0,            0,            0,    0.9999695,  0.007807187
robot_75
    21.74892,    -22.14006,            0,            0,            0,   -0.5513269,    0.8342893
robot_152
   -2.049647,      33.6272,            0,            0,            0,   -0.8071546,    0.5903401
robot_26
    30.53657,    -38.02997,            0,            0,            0,  -0.04930645,    0.9987837
robot_182
    37.93998,    -25.82496,            0,            0,            0,   -0.4270167,    0.9042438
robot_172
    20.02884,    -6.016456,            0,            0,            0,   -0.1413615,     0.989958
robot_43
    35.88618,    -29.96888,            0,            0,            0,    0.9966393,   0.08191481
robot_170
   -6.113576,     9.705997,            0,            0,            0,    0.9992934,   0.03758641
robot_177
    33.75189,     25.90074,            0,            0,            0,   -0.6434693,    0.7654719
robot_80
   -18.78949,     22.02185,            0,            0,            0,   -0.6739927,     0.738738
robot_16
     13.9142,    -38.37466,            0,            0,            0,   -0.1410741,     0.989999
robot_13
   -38.25024,    -30.07469,            0,            0,            0,   -0.9595176,    0.2816486
robot_178
   -2.080829,    -33.55893,            0,            0,            0,   -0.4131127,    0.9106799
robot_88
    14.32683,     9.953302,            0,            0,            0,   -0.8761166,    0.4820994
robot_194
   -37.95075,     18.13005,            0,            0,            0,    0.6846295,    0.7288912
robot_29
   -35.94892,     -5.98953,            0,            0,            0,   -0.9931682,    0.1166918
robot_92
    37.40586,     25.96812,            0,            0,            0,      0.91023,    0.4141031
robot_87
   -5.741782,    -17.95899,            0,            0,            0,    0.9712049,    0.2382456
robot_68
    27.30158,     6.002699,            0,            0,            0,   -0.7341207,     0.679019
robot_22
    17.90778,     1.171124,            0,            0,            0,   -0.1018702,    0.9947977
robot_38
   -20.46638,    -22.02754,            0,            0,            0,    0.9462887,    0.3233228
robot_2
   -38.80769,    -21.98528,            0,            0,            0,    0.5765108,    0.8170895
robot_110
    5.926616,    -21.50937,            0,            0,            0,   -0.7722306,    0.6353424
robot_14
    5.339165,    -25.99291,            0,            0,            0,    0.9997296,   0.02325528
robot_181
   -26.07796,    -13.32065,            0,            0,            0,    0.8222571,    0.5691162
robot_61
   -6.081591,    -22.49592,            0,            0,            0,    0.4376987,    0.8991217
