tuw_multi_robot_msgs::RobotGoalsArray @1970-01-01T01:16:32.700000
frame_id: map
        4592,    700000000
robot_84
   -26.97632,     34.00445,            0,            0,            0,    0.9901912,     0.139719
robot_116
    6.764933,     30.01426,            0,            0,            0,   -0.9937001,    0.1120721
robot_74
     25.7931,     29.94936,            0,            0,            0,    0.9983803,    0.0568928
robot_41
    13.92847,     35.69139,            0,            0,            0,    0.2860219,    0.9582231
robot_125
    33.90912,    -13.67023,            0,            0,            0,    0.2346875,    0.9720709
robot_136
   -30.22875,    -25.99584,            0,            0,            0,   -0.3119487,    0.9500989
robot_173
    37.90592,     28.67592,            0,            0,            0,    0.5463574,    0.8375521
robot_67
   -19.82087,     -34.0136,            0,            0,            0,   -0.7024354,    0.7117475
robot_197
   -3.009323,     25.96768,            0,            0,            0,   0.03833584,    0.9992649
robot_119
   -2.046685,     22.78773,            0,            0,            0,    0.0661519,    0.9978096
robot_82
    29.94387,     22.46361,            0,            0,            0,   -0.4503793,    0.8928373
robot_77
   -9.502852,    -29.97962,            0,            0,            0,    0.9814227,     0.191858
robot_5
    21.94003,    -35.89078,            0,            0,            0,   -0.7860118,    0.6182115
robot_133
     5.90093,     38.37797,            0,            0,            0,    0.1019539,    0.9947891
robot_99
    33.92609,     17.32186,            0,            0,            0,   -0.1274425,     0.991846
robot_171
    9.901394,    -20.29253,            0,            0,            0,   -0.6368053,    0.7710246
robot_180
    5.924744,    -26.31133,            0,            0,            0,    0.1387351,    0.9903295
robot_56
   -10.05717,     19.96797,            0,            0,            0,    0.9339685,    0.3573553
robot_3
   -28.72976,    -2.031752,            0,            0,            0,    -0.981579,    0.1910566
robot_81
   -30.11124,     6.181566,            0,            0,            0,    0.9937725,    0.1114284
robot_167
    17.80651,     2.061948,            0,            0,            0,    0.6576601,    0.7533148
robot_25
    13.99605,     1.689761,            0,            0,            0,     -0.72321,    0.6906282
robot_168
    10.36224,    -37.91847,            0,            0,            0,   -0.9221324,    0.3868746
robot_96
   -22.17382,     2.197789,            0,            0,            0,    0.5970494,    0.8022045
robot_166
    -6.06263,    -39.22573,            0,            0,            0,   -0.8928073,    0.4504388
robot_102
   -34.07977,   -0.6661167,            0,            0,            0,    0.2685365,    0.9632695
robot_192
   -26.53389,     -2.02741,            0,            0,            0,   -0.9377596,     0.347285
robot_179
   -18.10609,    -29.79834,            0,            0,            0,     0.704378,     0.709825
robot_142
    26.08998,    -6.044812,            0,            0,            0,   0.06991874,    0.9975527
robot_1
    38.01324,    -21.91533,            0,            0,            0,   -0.9442926,     0.329107
robot_44
    5.955559,     1.508901,            0,            0,            0,  -0.03215789,    0.9994828
robot_163
    12.70217,    -18.00894,            0,            0,            0,    0.9741642,     0.225841
robot_79
   -23.76424,      30.0236,            0,            0,            0,    0.3583545,    0.9335856
robot_8
   -5.793344,     21.96308,            0,            0,            0,   -0.8898273,    0.4562974
robot_20
    37.95797,     -28.6019,            0,            0,            0,   -0.1031254,    0.9946684
robot_143
    37.88184,     6.018613,            0,            0,            0,    0.5484373,    0.8361917
robot_138
    23.22084,     9.980367,            0,            0,            0,   -0.6071647,     0.794576
robot_123
    6.399691,     10.03224,            0,            0,            0,    0.9698943,    0.2435262
robot_193
   -2.066942,    -12.15175,            0,            0,            0,   -0.4169097,    0.9089479
robot_187
   -22.06461,    -9.780106,            0,            0,            0,    0.4615785,    0.8870994
robot_176
    13.89414,    -10.27663,            0,            0,            0,    -0.370799,    0.9287131
robot_66
   -16.79632,     21.96756,            0,            0,            0,     0.985405,    0.1702262
robot_63
   -10.07621,     -12.3991,            0,            0,            0,   -0.1696438,    0.9855054
robot_31
   -18.05107,     25.49587,            0,            0,            0,    0.2276481,    0.9737435
robot_159
    13.41578,     17.98481,            0,            0,            0,   -0.4507453,    0.8926526
robot_160
   -8.767012,     -21.9775,            0,            0,            0,    0.4161709,    0.9092864
robot_151
   -34.03671,     29.40384,            0,            0,            0,  -0.09655295,    0.9953278
robot_150
   -22.04836,    -11.99737,            0,            0,            0,   -0.1299362,    0.9915224
robot_137
    25.96681,      16.7179,            0,            0,            0,   -0.9221022,    0.3869465
robot_199
    30.47077,    -14.00056,            0,            0,            0,    0.9958196,   0.09134178
robot_54
    21.94472,     30.24829,            0,            0,            0,    0.9214093,    0.3885935
robot_117
   -24.64388,     1.990691,            0,            0,            0,   -0.7302475,    0.6831827
robot_36
    9.798282,    -2.170468,            0,            0,            0,    0.9638925,    0.2662917
robot_33
    17.89388,     33.79826,            0,            0,            0,    0.9673795,    0.2533318
robot_146
    17.92896,     38.73102,            0,            0,            0,   -0.9395581,    0.3423894
robot_156
    24.50855,     2.002116,            0,            0,            0,   -0.7886043,     0.614901
robot_112
    -31.5078,     14.02613,            0,            0,            0,   -0.5807191,     0.814104
robot_19
    23.95304,    -21.96849,            0,            0,            0,    0.7060067,    0.7082052
robot_141
    -30.0919,     23.96329,            0,            0,            0,    0.6652253,    0.7466427
robot_35
    3.297441,     -14.0084,            0,            0,            0,   -0.8585845,    0.5126721
robot_184
    14.32599,     26.05312,            0,            0,            0,     0.971223,    0.2381721
robot_98
   -14.58349,     21.98963,            0,            0,            0,    0.2293462,    0.9733449
robot_100
  -0.9702572,    -29.99083,            0,            0,            0,    0.2347193,    0.9720632
robot_164
   -14.04964,     11.46634,            0,            0,            0,    0.8403382,    0.5420624
robot_59
    28.17368,    -26.03011,            0,            0,            0,    0.9999716,  0.007531163
robot_144
   -14.13138,    -17.75504,            0,            0,            0,    0.9902965,    0.1389705
robot_101
   -21.86634,     13.86921,            0,            0,            0,   -0.9091852,    0.4163919
robot_161
    37.98176,    -18.32834,            0,            0,            0,   -0.9481139,     0.317931
robot_149
   -35.28222,    -21.98302,            0,            0,            0,    0.9715085,    0.2370048
robot_86
    13.53872,    -25.94988,            0,            0,            0,    0.9904153,    0.1381217
robot_191
    36.73492,    -6.023732,            0,            0,            0,    0.6799295,    0.7332775
robot_126
    10.62037,     38.02317,            0,            0,            0,   -0.9698145,    0.2438438
robot_190
    -17.8769,    -38.16438,            0,            0,            0,     0.765977,    0.6428679
robot_131
   -12.13827,     -13.9782,            0,            0,            0,    0.1160289,    0.9932458
robot_154
    29.53059,    -10.03299,            0,            0,            0,    0.6782668,    0.7348157
robot_9
    7.256105,     -22.0171,            0,            0,            0,   -0.5371173,    0.8435075
robot_27
   -9.761966,    -17.97499,            0,            0,            0,    0.7085605,    0.7056501
robot_34
    37.93226,      14.4536,            0,            0,            0,   0.01307228,    0.9999146
robot_114
    9.962281,    -15.72026,            0,            0,            0,    0.9578724,    0.2871942
robot_51
    21.94476,     32.30375,            0,            0,            0,    0.3300109,    0.9439771
robot_108
    1.939427,    -29.92865,            0,            0,            0,    0.7358254,    0.6771713
robot_147
    14.29792,     14.07168,            0,            0,            0,     0.479356,    0.8776205
robot_183
   -22.19104,      22.1615,            0,            0,            0,    0.3045783,    0.9524873
robot_48
    22.18564,    -29.90227,            0,            0,            0,    0.2752936,    0.9613602
robot_60
    13.95694,     6.859609,            0,            0,            0,    0.9975604,   0.06980847
robot_75
    25.72175,     37.96059,            0,            0,            0,    0.6074744,    0.7943393
robot_152
   -13.01367,     33.97168,            0,            0,            0,    0.6321328,    0.7748601
robot_26
    34.14859,    -22.03831,            0,            0,            0,    -0.850496,    0.5259815
robot_182
   -16.05359,    -10.01676,            0,            0,            0,    0.3018681,    0.9533497
robot_172
    18.34596,     22.06762,            0,            0,            0,    0.4306164,    0.9025351
