tuw_multi_robot_msgs::RobotGoalsArray @1970-01-01T01:19:52.900000
frame_id: map
        4792,    900000000
robot_84
    29.92463,     24.17027,            0,            0,            0,    0.7471562,    0.6646485
robot_116
    30.06748,     -5.96613,            0,            0,            0,    0.3530446,    0.9356065
robot_74
    13.89135,     25.99037,            0,            0,            0,   -0.6471485,     0.762364
robot_41
    30.02815,    -37.97903,            0,            0,            0,   -0.6394381,    0.7688426
robot_125
    22.00398,     22.28493,            0,            0,            0,  -0.06016501,    0.9981884
robot_136
    21.92804,    -20.25136,            0,            0,            0,    0.4142219,    0.9101759
robot_173
    9.837934,     13.68515,            0,            0,            0,   -0.9741088,    0.2260797
robot_67
    33.79038,    -29.85043,            0,            0,            0,    0.9853633,    0.1704676
robot_197
    13.98419,     18.04023,            0,            0,            0,    0.9981363,   0.06102461
robot_119
    1.870341,    -30.15028,            0,            0,            0,    0.9994312,   0.03372461
robot_82
   -19.64004,     22.02145,            0,            0,            0,   -0.5210312,    0.8535376
robot_77
    33.95999,    -5.680531,            0,            0,            0,   -0.8855277,    0.4645866
robot_5
   -34.06313,    -5.208231,            0,            0,            0,    0.6029135,    0.7978066
robot_133
    17.90597,     35.80269,            0,            0,            0,   -0.9755885,    0.2196065
robot_99
    21.99093,     1.684769,            0,            0,            0,    0.9948309,    0.1015457
robot_171
   -2.080858,    -19.15591,            0,            0,            0,   -0.9687892,     0.247886
robot_180
   -10.20193,     1.821488,            0,            0,            0,   -0.6203932,    0.7842909
robot_56
   -9.581099,    -22.01369,            0,            0,            0,    0.9758347,    0.2185102
robot_3
    23.20668,     26.02336,            0,            0,            0,   -0.9057471,    0.4238186
robot_81
    22.83717,      37.9681,            0,            0,            0,    0.9109054,    0.4126153
robot_167
    2.403123,     22.01544,            0,            0,            0,    0.4810262,    0.8767062
robot_25
    26.08103,    -10.18467,            0,            0,            0,    0.5233998,    0.8520872
robot_168
   -14.04345,     16.70722,            0,            0,            0,    0.8754832,    0.4832485
robot_96
   -14.04567,     22.37996,            0,            0,            0,   -0.9963981,   0.08479855
robot_166
   -1.780457,    -21.91879,            0,            0,            0,   -0.9954987,   0.09477534
robot_102
    8.278526,    -37.98799,            0,            0,            0,   -0.1433975,    0.9896652
robot_192
    26.02242,    -5.831573,            0,            0,            0,    0.1416938,    0.9899105
robot_179
   -29.90744,     21.94164,            0,            0,            0,    0.4776883,    0.8785294
robot_142
    37.97992,     22.07692,            0,            0,            0,   -0.9938724,    0.1105337
robot_1
   -26.42045,      -18.081,            0,            0,            0,   -0.8437897,    0.5366739
robot_44
    10.00555,     6.316165,            0,            0,            0,   -0.8320567,    0.5546906
robot_163
   -29.37455,    -13.99157,            0,            0,            0,   -0.9379526,    0.3467635
robot_79
    34.12635,    -25.99164,            0,            0,            0,   -0.1320789,    0.9912392
robot_8
    2.042351,    -10.00951,            0,            0,            0,     0.895005,     0.446056
robot_20
    4.875326,     -21.9985,            0,            0,            0,    0.9339312,    0.3574528
robot_143
    22.16977,    -1.999531,            0,            0,            0,    -0.594747,    0.8039129
robot_138
   -5.447197,     30.02075,            0,            0,            0,    0.5789981,    0.8153289
robot_123
    -9.89699,    -10.10953,            0,            0,            0,    0.9971973,    0.0748166
robot_193
    17.08594,       13.987,            0,            0,            0,     0.988943,    0.1482963
robot_187
   -2.080085,      19.6985,            0,            0,            0,     0.153861,    0.9880925
robot_176
     -13.769,    -30.09771,            0,            0,            0,   -0.8045164,    0.5939304
robot_66
   -34.03961,    -30.33373,            0,            0,            0,     0.357213,    0.9340229
robot_63
   -18.09217,     2.661805,            0,            0,            0,    0.3532984,    0.9355107
robot_31
   -26.04627,     20.14924,            0,            0,            0,   -0.9944424,    0.1052824
robot_159
   -26.16019,     1.732321,            0,            0,            0,    0.8813799,    0.4724082
robot_160
   -5.955583,     13.84387,            0,            0,            0,    0.4810876,    0.8766725
robot_151
     37.9005,     6.331224,            0,            0,            0,    0.6770511,     0.735936
robot_150
    33.95561,    -20.33181,            0,            0,            0,    0.3582756,    0.9336159
robot_137
   -16.36192,      17.9898,            0,            0,            0,    0.1921216,    0.9813711
robot_199
   -30.02252,     18.22361,            0,            0,            0,    -0.467637,    0.8839206
robot_54
    -39.1763,    -25.99441,            0,            0,            0,    0.3549569,    0.9348827
robot_117
   -25.53665,    -9.990516,            0,            0,            0,    0.9438076,    0.3304954
robot_36
     30.5951,    -1.974973,            0,            0,            0,    0.6586882,     0.752416
robot_33
   -6.743018,    -37.99091,            0,            0,            0,     0.729124,    0.6843816
robot_146
   -14.06682,     26.06831,            0,            0,            0,   -0.2678268,    0.9634671
robot_156
    13.91332,    -38.26665,            0,            0,            0,    0.3734024,    0.9276695
robot_112
   -14.07779,     -8.24874,            0,            0,            0,    0.3930855,    0.9195019
robot_19
    4.854157,     6.013814,            0,            0,            0,   -0.8619017,    0.5070754
robot_141
    9.944276,     4.372688,            0,            0,            0,    0.8306411,    0.5568083
robot_35
   -21.95152,    -1.988732,            0,            0,            0,    0.8560274,    0.5169304
robot_184
    17.71867,     17.93884,            0,            0,            0,    0.4092467,    0.9124238
robot_98
    25.92075,      38.1903,            0,            0,            0,   -0.5324542,    0.8464588
robot_100
   -13.66112,    -38.02212,            0,            0,            0,   -0.9990902,   0.04264591
robot_164
   -14.05242,     37.95593,            0,            0,            0,    0.5717496,    0.8204282
robot_59
   -6.058434,     3.874834,            0,            0,            0,   -0.2397697,    0.9708298
robot_144
   -22.06995,     31.46269,            0,            0,            0,    0.3260619,    0.9453484
robot_101
    25.94153,     35.26203,            0,            0,            0,    0.9265005,    0.3762934
robot_161
   -17.99856,     30.15503,            0,            0,            0,    0.9673758,    0.2533457
robot_149
   -18.08422,    -11.93462,            0,            0,            0,   -0.8828691,    0.4696191
robot_86
   -5.826142,    -10.03498,            0,            0,            0,   -0.3981406,    0.9173244
robot_191
    37.72776,    -17.91456,            0,            0,            0,   -0.6390644,    0.7691532
robot_126
  -0.4725243,    -33.97974,            0,            0,            0,   -0.4818778,    0.8762384
robot_190
   -2.222355,    -14.11542,            0,            0,            0,    0.2234365,    0.9747185
robot_131
    33.90286,    -17.33265,            0,            0,            0,    0.9824534,     0.186508
robot_154
   -30.07921,    -8.436079,            0,            0,            0,    0.7033522,    0.7108415
robot_9
   -14.08109,    -15.88614,            0,            0,            0,    0.3263144,    0.9452613
robot_27
     10.0068,     37.71198,            0,            0,            0,   -0.7338697,    0.6792902
robot_34
   -39.55547,     33.96737,            0,            0,            0,   -0.7217309,    0.6921737
robot_114
   -22.43476,    -6.060789,            0,            0,            0,   -0.9997181,   0.02374141
robot_51
    -12.1423,     26.02045,            0,            0,            0,    0.8832241,    0.4689511
robot_108
   -30.03752,    -33.52744,            0,            0,            0,   -0.7665868,    0.6421407
robot_147
   0.4387928,     34.02508,            0,            0,            0,   -0.2876638,    0.9577314
robot_183
   -35.79689,    -9.991239,            0,            0,            0,   -0.7872072,    0.6166886
robot_48
    17.98057,     29.86493,            0,            0,            0,    0.3635235,     0.931585
robot_60
   -26.06704,     -37.4804,            0,            0,            0,   -0.9999494,   0.01005693
robot_75
    14.05796,     1.962762,            0,            0,            0,  -0.01998166,    0.9998003
robot_152
    29.63321,     13.96735,            0,            0,            0,   -0.9562234,    0.2926376
robot_26
    9.884959,     9.641289,            0,            0,            0,    0.3547065,    0.9349777
robot_182
    28.12732,    -14.00425,            0,            0,            0,   -0.7587397,    0.6513939
robot_172
    -38.0956,     21.39217,            0,            0,            0,    0.8582969,    0.5131534
robot_43
    -4.03951,      21.9689,            0,            0,            0,    0.4051915,    0.9142318
robot_170
   -2.225503,    -30.19914,            0,            0,            0,    0.7084594,    0.7057515
robot_177
     30.0242,     34.26082,            0,            0,            0,   -0.8952389,    0.4455865
robot_80
    17.04643,    -1.966743,            0,            0,            0,    0.9707149,    0.2402345
robot_16
    38.72816,    -22.02498,            0,            0,            0,    0.9626003,    0.2709255
robot_13
     9.94554,    -29.59558,            0,            0,            0,    0.6627373,     0.748852
robot_178
   -24.01486,     17.97851,            0,            0,            0,   -0.1361718,    0.9906852
robot_88
    5.434961,     -30.0084,            0,            0,            0,    0.9616319,    0.2743429
robot_194
   -18.22518,    -30.11947,            0,            0,            0,     0.994544,    0.1043181
robot_29
    17.84321,    -21.87578,            0,            0,            0,   -0.7263229,    0.6873537
