tuw_multi_robot_msgs::RobotGoalsArray @1970-01-01T01:23:58.700000
frame_id: map
        5038,    700000000
robot_84
     37.9503,    -9.353557,            0,            0,            0,    0.4250342,    0.9051773
robot_116
    25.96586,     22.92256,            0,            0,            0,  -0.05648689,    0.9984033
robot_74
    9.935726,    -9.418207,            0,            0,            0,    0.5958835,    0.8030709
robot_41
    14.39924,    -17.95426,            0,            0,            0,   -0.4242449,    0.9055475
robot_125
    25.92861,    -4.063465,            0,            0,            0,    0.9151467,    0.4031211
robot_136
   -22.04414,    -2.360865,            0,            0,            0,   -0.9535433,     0.301256
robot_173
   -2.050768,     27.22838,            0,            0,            0,    0.5265812,    0.8501248
robot_67
     26.3652,    -17.96728,            0,            0,            0,   -0.6419311,    0.7667623
robot_197
   -33.00646,     34.02218,            0,            0,            0,    0.8748688,      0.48436
robot_119
    33.91015,    -4.162479,            0,            0,            0,    0.7436704,    0.6685465
robot_82
   -38.07101,    -7.051975,            0,            0,            0,     0.891205,    0.4536008
robot_77
   -6.968593,    -33.99276,            0,            0,            0,     0.264547,    0.9643728
robot_5
   -38.26077,     9.883688,            0,            0,            0,    0.4235701,    0.9058633
robot_133
    12.70193,     26.02636,            0,            0,            0,    0.9319692,    0.3625374
robot_99
   -6.064494,     26.31121,            0,            0,            0,   -0.1484598,    0.9889184
robot_171
    19.47949,     14.01327,            0,            0,            0,   -0.7702908,    0.6376928
robot_180
   -8.717301,    -38.02836,            0,            0,            0,    0.9488835,    0.3156266
robot_56
   -26.07693,    -21.94294,            0,            0,            0,    0.9064331,    0.4223494
robot_3
    2.314205,     26.01684,            0,            0,            0,    0.6457654,    0.7635359
robot_81
    -6.09888,    -12.98687,            0,            0,            0,   -0.3584145,    0.9335626
robot_167
   -14.06497,     32.94663,            0,            0,            0,   -0.9999972,  0.002365214
robot_25
   -2.520829,    -14.02912,            0,            0,            0,    0.3668345,    0.9302862
robot_168
   -18.63133,    -26.03325,            0,            0,            0,   -0.8444183,    0.5356843
robot_96
    24.00215,     6.013239,            0,            0,            0,   -0.3772762,    0.9261008
robot_166
    29.83093,     30.05316,            0,            0,            0,   -0.6912075,    0.7226564
robot_102
    -13.9766,     25.69216,            0,            0,            0,    0.8518198,     0.523835
robot_192
   -17.61561,    -38.08986,            0,            0,            0,   -0.7577069,    0.6525951
robot_179
    29.62819,     34.01186,            0,            0,            0,   0.08284125,    0.9965628
robot_142
   -31.04264,     22.02327,            0,            0,            0,   -0.9213394,    0.3887592
robot_1
   -10.06675,     6.540492,            0,            0,            0,    0.2877414,    0.9577081
robot_44
    34.36687,     30.09258,            0,            0,            0,   -0.1899905,    0.9817859
robot_163
    4.154288,    -30.03071,            0,            0,            0,  -0.03396745,    0.9994229
robot_79
   -12.04706,    -34.00417,            0,            0,            0,    0.8797432,    0.4754492
robot_8
     36.6474,     5.983914,            0,            0,            0,    0.5849316,    0.8110826
robot_20
    26.39678,     1.996532,            0,            0,            0,   -0.9667391,    0.2557647
robot_143
  -0.6882324,    -30.01415,            0,            0,            0,   -0.5237663,     0.851862
robot_138
   -39.38721,     13.97857,            0,            0,            0,   -0.9589922,    0.2834326
robot_123
   -28.55043,      38.0303,            0,            0,            0,     0.324666,    0.9458287
robot_193
    5.953729,    -9.685824,            0,            0,            0,    0.8283565,    0.5602013
robot_187
      38.958,     30.02225,            0,            0,            0,     0.967046,    0.2546015
robot_176
   -30.06188,    -20.33531,            0,            0,            0,    0.5988566,    0.8008562
robot_66
    10.30499,     38.01754,            0,            0,            0,   -0.6257988,    0.7799845
robot_63
   -32.34213,     18.02683,            0,            0,            0,   -0.7220035,    0.6918894
robot_31
   -10.07478,    -4.107047,            0,            0,            0,     0.504745,    0.8632685
robot_159
    29.50735,    -21.90171,            0,            0,            0,    0.3401953,    0.9403548
robot_160
   -1.654218,    -5.974945,            0,            0,            0,   -0.6391201,     0.769107
robot_151
    26.15746,     9.970297,            0,            0,            0,   -0.6332557,    0.7739426
robot_150
   -19.71963,      21.9746,            0,            0,            0,   0.09293418,    0.9956723
robot_137
    29.90627,     38.26472,            0,            0,            0,   -0.8972034,    0.4416175
robot_199
    -38.0974,    -28.75237,            0,            0,            0,   -0.9775598,    0.2106581
robot_54
   -12.28204,    -26.00493,            0,            0,            0,    -0.978356,     0.206929
robot_117
    14.34458,     37.97943,            0,            0,            0,    -0.756226,    0.6543105
robot_36
    9.919975,     35.27838,            0,            0,            0,   -0.9578088,    0.2874063
robot_33
    6.165767,     5.934274,            0,            0,            0,   -0.9973638,   0.07256304
robot_146
    9.848067,    -13.95236,            0,            0,            0,   0.07290895,    0.9973386
robot_156
   -8.491431,    -10.02213,            0,            0,            0,      0.28371,    0.9589101
robot_112
   -34.08992,      22.1783,            0,            0,            0,    0.2723597,    0.9621955
robot_19
   -10.09024,     36.28767,            0,            0,            0,   -0.9459361,     0.324353
robot_141
   -26.05409,     26.25402,            0,            0,            0,   0.07738399,    0.9970014
robot_35
    -11.9749,    -2.000457,            0,            0,            0,    0.1284376,    0.9917176
robot_184
    17.81445,     1.873665,            0,            0,            0,    0.8820212,    0.4712097
robot_98
   -30.06775,    -11.68842,            0,            0,            0,    0.8849156,    0.4657515
robot_100
    -18.4739,    -14.05617,            0,            0,            0,   -0.3899385,    0.9208409
robot_164
   -7.029492,     17.96893,            0,            0,            0,   -0.6077956,    0.7940935
robot_59
    25.79611,    -37.77324,            0,            0,            0,   -0.9957494,   0.09210412
robot_144
    33.89721,     6.128056,            0,            0,            0,    0.2564487,    0.9665579
robot_101
    33.82479,     -17.7682,            0,            0,            0,   -0.1170461,    0.9931265
robot_161
   -30.22605,     2.071928,            0,            0,            0,   -0.8779704,     0.478715
robot_149
    -14.0937,     10.58675,            0,            0,            0,    0.8689523,    0.4948958
robot_86
   -33.99498,    -18.35201,            0,            0,            0,    0.7150319,    0.6990918
robot_191
   -18.03897,     32.77561,            0,            0,            0,    0.8110815,    0.5849331
robot_126
      5.9338,     18.67587,            0,            0,            0,   -0.9934554,    0.1142207
robot_190
    35.10402,    -5.969725,            0,            0,            0,   -0.4595221,    0.8881663
robot_131
    21.95636,    -30.36584,            0,            0,            0,    0.9035021,    0.4285836
robot_154
   -3.327458,    -10.02998,            0,            0,            0,    0.3937252,    0.9192282
robot_9
   -6.041784,    -3.395567,            0,            0,            0,    0.3034992,    0.9528317
robot_27
    7.010208,    -5.975185,            0,            0,            0,    0.8072445,    0.5902172
robot_34
   -18.08788,    -10.45504,            0,            0,            0,   0.02505857,     0.999686
robot_114
   -9.665747,     34.02221,            0,            0,            0,     0.987172,    0.1596607
robot_51
   -34.09696,     -5.37442,            0,            0,            0,    0.9523819,    0.3049078
robot_108
    26.31459,    -30.00572,            0,            0,            0,    0.9577636,    0.2875567
robot_147
     21.8761,      14.0384,            0,            0,            0,    0.4038596,     0.914821
robot_183
    1.965498,     30.35485,            0,            0,            0,    0.6750812,    0.7377434
robot_48
    26.01841,    -9.992578,            0,            0,            0,    0.3347236,    0.9423163
robot_60
   -22.03723,     1.993081,            0,            0,            0,   -0.3677493,     0.929925
robot_75
   -18.08729,     4.955066,            0,            0,            0,    0.9995669,     0.029429
robot_152
   -6.152385,     9.812623,            0,            0,            0,   -0.9017911,    0.4321723
robot_26
   -38.34383,    -26.02996,            0,            0,            0,    0.6742874,     0.738469
robot_182
    8.271149,     10.01052,            0,            0,            0,   -0.7404758,     0.672083
robot_172
    29.72539,     -38.1284,            0,            0,            0,    0.1402998,    0.9901091
robot_43
    25.26969,     38.01618,            0,            0,            0,   -0.9443135,    0.3290472
robot_170
   -10.09094,     16.64752,            0,            0,            0,    0.6270742,    0.7789595
robot_177
   -38.05834,     16.57777,            0,            0,            0,    0.9293928,    0.3690921
robot_80
     13.9126,    -13.12399,            0,            0,            0,    0.0826527,    0.9965784
robot_16
    17.94294,     36.66922,            0,            0,            0,   -0.9965181,   0.08337691
robot_13
   -14.08348,    -38.54153,            0,            0,            0,    0.4184525,    0.9082387
robot_178
    1.598939,    -29.95184,            0,            0,            0,    -0.990868,    0.1348358
robot_88
    1.900885,     14.64598,            0,            0,            0,    0.4807246,    0.8768716
robot_194
   -26.03931,    -19.77946,            0,            0,            0,    0.8337227,    0.5521833
robot_29
   0.5845015,     17.97582,            0,            0,            0,   -0.3511818,    0.9363073
robot_92
     33.8034,     33.88814,            0,            0,            0,   -0.9312262,    0.3644417
robot_87
    13.96118,     1.822104,            0,            0,            0,    0.6333511,    0.7738646
robot_68
   -21.98452,     9.794418,            0,            0,            0,   -0.7193804,    0.6946164
robot_22
    29.94058,     1.584809,            0,            0,            0,   -0.6676609,    0.7444655
robot_38
   -26.04415,    0.1282462,            0,            0,            0,   0.05400677,    0.9985406
robot_2
    17.91361,    -20.25572,            0,            0,            0,    0.1761133,    0.9843699
robot_110
    12.70275,    -1.996326,            0,            0,            0,   -0.5826573,     0.812718
robot_14
   -31.88937,    -2.022146,            0,            0,            0,    0.7309518,    0.6824291
robot_181
   -38.22192,     26.15386,            0,            0,            0,   -0.9508304,    0.3097119
robot_61
    10.14286,     -1.97942,            0,            0,            0,    0.8198471,    0.5725826
