tuw_multi_robot_msgs::RobotGoalsArray @1970-01-01T00:16:26.200000
frame_id: map
         986,    200000000
robot_84
   -10.20015,    -37.97432,            0,            0,            0,    0.8617739,    0.5072926
robot_116
    -26.3003,     10.07977,            0,            0,            0,     0.947716,    0.3191151
robot_74
   -19.77091,    -18.01538,            0,            0,            0,  0.006660078,    0.9999778
robot_41
   -33.07638,     34.03221,            0,            0,            0,    0.2057671,     0.978601
robot_125
     -38.655,     9.994012,            0,            0,            0,   -0.5119953,    0.8589882
robot_136
   -18.03804,    -10.88584,            0,            0,            0,    0.9957086,   0.09254395
robot_173
    37.96676,     10.30942,            0,            0,            0,     0.982315,    0.1872357
robot_67
   -26.12578,     25.83136,            0,            0,            0,   -0.6670801,     0.744986
robot_197
    18.22956,    -33.99889,            0,            0,            0,   -0.4604951,    0.8876622
robot_119
   -2.230111,    -21.86634,            0,            0,            0,    0.5995173,    0.8003618
robot_82
   -14.04471,    -10.68026,            0,            0,            0,    0.9698644,    0.2436452
robot_77
    30.14235,    -38.09404,            0,            0,            0,    -0.809049,    0.5877412
robot_5
    14.42785,    -14.02488,            0,            0,            0,   -0.4893685,    0.8720771
robot_133
   -21.86733,     22.16344,            0,            0,            0,   0.05874744,    0.9982729
robot_99
   -10.75685,     -5.99345,            0,            0,            0,     0.613187,    0.7899378
robot_171
    5.808399,     22.03635,            0,            0,            0,    -0.483973,     0.875083
robot_180
    6.411895,     30.03745,            0,            0,            0,   -0.8577996,    0.5139843
robot_56
     18.2219,    -26.04704,            0,            0,            0,   -0.2542266,    0.9671447
robot_3
   -22.38232,    -2.013327,            0,            0,            0,    0.3688881,    0.9294738
robot_81
   -2.147371,     25.75103,            0,            0,            0,    0.4638434,    0.8859172
robot_167
    -18.0427,    -5.624666,            0,            0,            0,    0.1229051,    0.9924184
robot_25
   -37.99561,    -30.29052,            0,            0,            0,   -0.9772195,    0.2122313
robot_168
    6.100962,    -13.89244,            0,            0,            0,    0.1324624,     0.991188
robot_96
   -5.776995,    -33.95932,            0,            0,            0,    0.3636738,    0.9315264
robot_166
    12.66473,    -38.01969,            0,            0,            0,    0.5101604,    0.8600793
robot_102
    10.22921,     17.97461,            0,            0,            0,   -0.4026689,    0.9153457
robot_192
    34.18577,     13.91395,            0,            0,            0,   -0.9692122,     0.246227
robot_179
    -30.1782,     2.092478,            0,            0,            0,   -0.4171262,    0.9088486
robot_142
    1.499585,     18.00465,            0,            0,            0,    0.4923851,    0.8703774
robot_1
   -21.77782,     2.001065,            0,            0,            0,   -0.9997306,   0.02320897
robot_44
   -14.08913,    -20.46215,            0,            0,            0,   -0.9920486,    0.1258555
robot_163
   -18.42738,     -1.94005,            0,            0,            0,    0.1846402,    0.9828062
robot_79
   -5.904464,     26.20941,            0,            0,            0,   -0.8540909,    0.5201238
robot_8
    26.01719,      21.9103,            0,            0,            0,    0.9907579,    0.1356422
robot_20
    21.94423,    -2.375583,            0,            0,            0,   -0.4030868,    0.9151618
robot_143
     -26.041,    -7.954564,            0,            0,            0,    0.9507579,    0.3099347
robot_138
    29.93217,     29.48008,            0,            0,            0,   -0.2725124,    0.9621523
robot_123
   -30.25186,     10.03463,            0,            0,            0,   -0.7461592,    0.6657676
robot_193
     24.2428,    -38.00463,            0,            0,            0,    0.6449644,    0.7642126
robot_187
    2.091754,    -25.89612,            0,            0,            0,   -0.8996494,    0.4366131
