tuw_multi_robot_msgs::RobotGoalsArray @1970-01-01T00:47:06.200000
frame_id: map
        2826,    200000000
robot_84
    17.93038,     34.54182,            0,            0,            0,    0.9425249,    0.3341358
robot_116
    25.99461,    -2.106541,            0,            0,            0,   -0.9928459,    0.1194027
robot_74
    16.57763,    -17.98701,            0,            0,            0,    0.9948329,    0.1015262
robot_41
    33.11098,     10.01422,            0,            0,            0,   -0.6555347,     0.755165
robot_125
   -34.21926,    -13.98761,            0,            0,            0,    0.9997489,   0.02241045
robot_136
   -18.10801,    -26.06156,            0,            0,            0,   -0.5646727,    0.8253149
robot_173
   -37.21638,     25.97646,            0,            0,            0,   -0.2273998,    0.9738015
robot_67
    37.15966,    -21.98106,            0,            0,            0,   -0.7391543,    0.6735361
robot_197
   -6.132442,     6.214433,            0,            0,            0,   -0.5305943,    0.8476259
robot_119
     10.1222,    -10.00184,            0,            0,            0,   -0.3141152,    0.9493849
robot_82
   -30.05985,    0.8176105,            0,            0,            0,    0.2489227,    0.9685234
robot_77
    31.90705,     -14.0202,            0,            0,            0,    0.8030446,    0.5959189
robot_5
   -9.668742,     17.93696,            0,            0,            0,    0.8260162,    0.5636463
robot_133
    1.919676,       13.626,            0,            0,            0,    0.6880904,    0.7256249
robot_99
   -28.15897,    -33.98196,            0,            0,            0,    0.7743014,     0.632817
robot_171
    1.742541,    -6.073842,            0,            0,            0,    0.9776215,    0.2103717
robot_180
   -3.553478,    -9.979196,            0,            0,            0,     0.988444,    0.1515865
robot_56
   -18.06065,    -33.13826,            0,            0,            0,    0.6891654,     0.724604
robot_3
    23.26048,      10.0261,            0,            0,            0,    0.9990315,   0.04400117
robot_81
     35.7923,    -29.98241,            0,            0,            0,   -0.9860482,      0.16646
robot_167
   -23.56392,    -18.00276,            0,            0,            0,   -0.9998119,    0.0193951
robot_25
   -39.08613,      -34.014,            0,            0,            0,   -0.9937065,    0.1120148
robot_168
    21.71181,     34.12473,            0,            0,            0,   -0.4759719,    0.8794605
robot_96
    12.40715,     2.000554,            0,            0,            0,   -0.1961139,    0.9805811
robot_166
    13.19654,     -14.0126,            0,            0,            0,    0.2757304,     0.961235
robot_102
    18.26514,    -14.06213,            0,            0,            0,    0.8658199,    0.5003558
robot_192
    33.93902,     13.25131,            0,            0,            0,   -0.8734763,    0.4868666
robot_179
    29.92697,    -29.30108,            0,            0,            0,    -0.713849,    0.7002997
robot_142
   -10.48134,      34.0829,            0,            0,            0,    0.8357826,    0.5490605
robot_1
    6.049694,     34.19276,            0,            0,            0,   0.04919087,    0.9987894
robot_44
   -32.68931,    -17.97455,            0,            0,            0,   -0.9712483,    0.2380687
robot_163
   -6.461424,     18.07778,            0,            0,            0,    0.4305094,    0.9025861
robot_79
   -9.999885,     37.87103,            0,            0,            0,   -0.9958676,    0.0908171
robot_8
   -1.600959,    -10.04247,            0,            0,            0,    0.7471022,    0.6647092
robot_20
   -15.84169,     21.97406,            0,            0,            0,   -0.9055799,    0.4241758
robot_143
    9.919884,    -24.58682,            0,            0,            0,  -0.08439225,    0.9964326
robot_138
    29.92164,    -9.486673,            0,            0,            0,   -0.3923361,    0.9198219
robot_123
    13.95565,      6.53586,            0,            0,            0,   -0.9269763,    0.3751198
robot_193
    17.92525,      18.3048,            0,            0,            0,    0.1133682,     0.993553
robot_187
   -30.46089,     17.90996,            0,            0,            0,    -0.903157,    0.4293104
robot_176
       18.82,     1.992237,            0,            0,            0,   -0.6276367,    0.7785064
robot_66
    37.77721,      29.9463,            0,            0,            0,    0.3846381,    0.9230674
robot_63
       25.94,      25.7638,            0,            0,            0,    0.9822244,    0.1877102
robot_31
   -14.56429,      30.0201,            0,            0,            0,   -0.5668288,    0.8238356
robot_159
    1.948316,     17.75466,            0,            0,            0,    0.8504563,    0.5260458
robot_160
     30.4597,    -18.00942,            0,            0,            0,    0.5056513,    0.8627379
robot_151
   -26.12275,      17.6911,            0,            0,            0,   -0.1166614,    0.9931717
robot_150
    5.920225,    -16.30362,            0,            0,            0,   -0.1409601,    0.9900153
robot_137
    17.91189,     37.74339,            0,            0,            0,   -0.4135454,    0.9104835
robot_199
   -18.51934,     -2.07556,            0,            0,            0,    0.7830545,    0.6219531
