tuw_multi_robot_msgs::RobotGoalsArray @1970-01-01T00:48:17.100000
frame_id: map
        2897,    100000000
robot_84
   -22.00581,     17.89323,            0,            0,            0,    0.7640524,    0.6451542
robot_116
   -9.773861,     -5.90901,            0,            0,            0,    0.9765215,      0.21542
robot_74
    33.91593,    -24.27639,            0,            0,            0,       0.7336,    0.6795815
robot_41
   -30.07066,     13.84447,            0,            0,            0,   -0.7957277,    0.6056546
robot_125
   -38.07281,    -22.49226,            0,            0,            0,    -0.995815,   0.09139211
robot_136
   -10.03618,     29.15194,            0,            0,            0,   -0.7721641,    0.6354232
robot_173
   -18.14339,     17.69114,            0,            0,            0,     0.519682,    0.8543598
robot_67
    1.775425,     13.95451,            0,            0,            0,    0.3689094,    0.9294653
robot_197
   -28.74523,     -2.02503,            0,            0,            0,   -0.9996601,   0.02606974
robot_119
    4.585892,     13.99637,            0,            0,            0,   -0.5566364,    0.8307563
robot_82
    30.36001,     22.03471,            0,            0,            0,   -0.7024498,    0.7117333
robot_77
    18.25429,    -6.068876,            0,            0,            0,     0.872409,    0.4887766
robot_5
    10.01704,     37.85415,            0,            0,            0,    -0.702328,    0.7118535
robot_133
    -14.0662,    -19.71249,            0,            0,            0,   -0.4005968,    0.9162544
robot_99
   -34.04418,     19.34771,            0,            0,            0,   -0.3912516,    0.9202837
robot_171
    25.96367,    -16.99745,            0,            0,            0,  -0.09178218,    0.9957791
robot_180
    17.92498,     1.674833,            0,            0,            0,   -0.9870193,    0.1606016
robot_56
   -37.73945,    -26.01002,            0,            0,            0,   -0.1488246,    0.9888636
robot_3
   -26.11962,      18.2541,            0,            0,            0,   -0.9140395,    0.4056251
robot_81
    -21.1046,     29.96798,            0,            0,            0,    0.8957275,    0.4446035
robot_167
    33.90341,    -30.77697,            0,            0,            0,    0.3673328,    0.9300896
robot_25
   -22.07527,   -0.8703862,            0,            0,            0,    0.1150693,    0.9933575
robot_168
    25.91107,     4.234674,            0,            0,            0,     0.968437,    0.2492584
robot_96
    36.76443,    -21.97225,            0,            0,            0,   -0.9185241,     0.395365
robot_166
    20.37561,    -6.019745,            0,            0,            0,     0.999606,   0.02806967
robot_102
   -6.047389,    -30.09043,            0,            0,            0,    0.4812207,    0.8765995
robot_192
   -12.74149,      33.9735,            0,            0,            0,   -0.2478754,    0.9687919
robot_179
    37.80787,     29.77974,            0,            0,            0,   -0.2328662,    0.9725088
robot_142
   -30.04302,    -5.406613,            0,            0,            0,    0.5641583,    0.8256667
robot_1
   -17.93528,     6.143405,            0,            0,            0,    0.8055416,    0.5925392
robot_44
   -14.07092,    -34.23982,            0,            0,            0,   -0.2157865,    0.9764406
robot_163
   -6.050547,     6.553392,            0,            0,            0,    0.9847285,    0.1740968
robot_79
   -26.12197,     14.07227,            0,            0,            0,    0.9883671,    0.1520868
robot_8
   -20.70382,    -34.02254,            0,            0,            0,   -0.7902016,     0.612847
robot_20
   -34.04094,     -24.7307,            0,            0,            0,   -0.3555648,    0.9346516
robot_143
    -33.9751,     1.694902,            0,            0,            0,    0.2149614,    0.9766225
robot_138
    30.02879,      17.7702,            0,            0,            0,    0.4725436,    0.8813073
robot_123
      13.912,    -5.709976,            0,            0,            0,    0.1204334,    0.9927214
robot_193
   -25.99379,    -38.28498,            0,            0,            0,    0.5646536,     0.825328
robot_187
    23.42969,     1.979008,            0,            0,            0,    0.7738565,     0.633361
robot_176
   -6.126068,    -34.27856,            0,            0,            0,    0.9996992,   0.02452396
robot_66
    6.873833,     30.02177,            0,            0,            0,   -0.2243291,    0.9745134
robot_63
    29.90783,     11.35688,            0,            0,            0,    0.5739235,    0.8189089
robot_31
   -36.93282,    -6.014308,            0,            0,            0,    0.3956047,    0.9184209
robot_159
   -6.048042,     9.105917,            0,            0,            0,   -0.4756532,    0.8796329
robot_160
     37.9632,     27.16705,            0,            0,            0,   -0.9971993,   0.07478978
robot_151
    -21.4993,      21.9857,            0,            0,            0,   0.01546147,    0.9998805
robot_150
    17.90302,     18.06238,            0,            0,            0,    0.4800255,    0.8772545
robot_137
   -9.736994,     -37.9801,            0,            0,            0,   -0.5816068,      0.81347
robot_199
    18.14491,     33.94832,            0,            0,            0,   -0.6646042,    0.7471956
