tuw_multi_robot_msgs::RobotGoalsArray @1970-01-01T01:28:20.900000
frame_id: map
        5300,    900000000
robot_84
   -14.09731,    -38.19253,            0,            0,            0,    0.9031737,    0.4292752
robot_116
   -9.533029,     2.022807,            0,            0,            0,    0.9836699,    0.1799818
robot_74
    29.95754,     30.12767,            0,            0,            0,   -0.5917644,    0.8061109
robot_41
    8.048807,    -33.97862,            0,            0,            0,     0.293203,    0.9560502
robot_125
    25.93106,   -0.7463864,            0,            0,            0,   -0.9961526,   0.08763541
robot_136
    33.52613,     17.95979,            0,            0,            0,    0.8664057,    0.4993407
robot_173
    13.99911,      5.75271,            0,            0,            0,    0.4998293,    0.8661239
robot_67
   -17.57213,    -26.06801,            0,            0,            0,    0.2982443,    0.9544896
robot_197
    1.912284,    -7.832817,            0,            0,            0,   -0.9900607,    0.1406404
robot_119
     25.9669,     15.83395,            0,            0,            0,   -0.7667425,    0.6419548
robot_82
    21.95035,     9.532458,            0,            0,            0,    0.8782071,    0.4782806
robot_77
   -30.06231,    -37.74442,            0,            0,            0,   -0.7954069,    0.6060758
robot_5
    35.55237,     -25.9693,            0,            0,            0,   -0.4814509,    0.8764731
robot_133
    5.937477,     12.71492,            0,            0,            0,    0.5288279,    0.8487291
robot_99
    5.940509,    -35.51485,            0,            0,            0,   -0.9740079,    0.2265141
robot_171
   -22.04569,    -22.25637,            0,            0,            0,   -0.9999987,  0.001593354
robot_180
   -12.32382,     29.99751,            0,            0,            0,    0.3485619,    0.9372858
robot_56
   -21.78287,      22.0854,            0,            0,            0,    0.9694866,    0.2451442
robot_3
     9.52036,    -14.00294,            0,            0,            0,    -0.918317,    0.3958459
robot_81
   -6.065784,    -23.29033,            0,            0,            0,   -0.8415608,    0.5401624
robot_167
    13.93048,    -38.96036,            0,            0,            0,  -0.03160708,    0.9995004
robot_25
    30.07555,     37.86523,            0,            0,            0,    0.5455106,    0.8381039
robot_168
   -9.755848,    -25.90741,            0,            0,            0,    0.4151081,    0.9097721
robot_96
      26.073,    -25.80084,            0,            0,            0,   -0.5452754,     0.838257
robot_166
   -38.06229,    -25.49327,            0,            0,            0,   -0.6793574,    0.7338076
robot_102
    12.21307,     26.00289,            0,            0,            0,   0.06424243,    0.9979343
robot_192
    35.07476,      13.9741,            0,            0,            0,   -0.9951544,   0.09832486
robot_179
    1.937247,     33.13359,            0,            0,            0,   -0.3072951,    0.9516143
robot_142
    -39.7023,    -17.98024,            0,            0,            0,   0.04382588,    0.9990392
robot_1
    1.049722,    -14.02216,            0,            0,            0,    0.9012781,    0.4332411
robot_44
    6.290779,    -26.01694,            0,            0,            0,    0.4017739,    0.9157389
robot_163
   -6.043598,     -10.4302,            0,            0,            0,   -0.9997501,   0.02235501
robot_79
   -34.98055,     30.02685,            0,            0,            0,    0.9922699,    0.1240984
robot_8
    26.05049,    -38.04888,            0,            0,            0,   0.01344666,    0.9999096
robot_20
    29.91802,    -4.639935,            0,            0,            0,    -0.999012,   0.04444177
robot_143
   -30.03839,     4.934876,            0,            0,            0,    0.4336261,    0.9010929
robot_138
     11.0856,     22.02173,            0,            0,            0,    0.4279829,    0.9037868
robot_123
     32.6553,     25.98704,            0,            0,            0,    0.3021278,    0.9532674
robot_193
    18.97999,     26.02738,            0,            0,            0,   -0.7861816,    0.6179955
robot_187
    21.94867,    -4.108274,            0,            0,            0,  -0.01547974,    0.9998802
robot_176
   -6.466308,     25.94599,            0,            0,            0,   -0.8606929,    0.5091245
robot_66
   -34.19476,     5.777364,            0,            0,            0,    0.7874545,    0.6163728
robot_63
    37.91142,     17.15637,            0,            0,            0,    0.7583696,    0.6518248
robot_31
    25.90911,    -20.23499,            0,            0,            0,    0.3269727,    0.9450338
robot_159
    4.426876,       10.017,            0,            0,            0,    0.9975075,   0.07056087
robot_160
    11.72206,    -34.02552,            0,            0,            0,   -0.7379886,    0.6748132
robot_151
   -2.067268,     24.04984,            0,            0,            0,    0.8690008,    0.4948107
robot_150
   -25.85533,    -25.99965,            0,            0,            0,     0.397434,    0.9176308
robot_137
    17.54533,    -29.93869,            0,            0,            0,    0.3117603,    0.9501608
robot_199
    34.26588,     34.03025,            0,            0,            0,   -0.9954659,   0.09511873
robot_54
     23.2397,     17.99273,            0,            0,            0,   -0.2450855,    0.9695015
robot_117
    9.942915,    -4.823764,            0,            0,            0,  -0.06620209,    0.9978062
robot_36
   -9.859815,    -2.154714,            0,            0,            0,    0.9988696,     0.047534
robot_33
   -38.26829,    -21.99965,            0,            0,            0,     0.643428,    0.7655066
robot_146
   -6.082857,    -18.00936,            0,            0,            0,    0.7223454,    0.6915324
robot_156
    5.947545,     -14.8918,            0,            0,            0,   0.09166481,    0.9957899
robot_112
   -5.811302,    -14.08015,            0,            0,            0,  -0.07594478,     0.997112
robot_19
   -30.05096,     24.64575,            0,            0,            0,   -0.9461509,     0.323726
robot_141
    21.68139,     29.98108,            0,            0,            0,    0.6672148,    0.7448654
robot_35
    26.14716,     37.83867,            0,            0,            0,    0.1724571,     0.985017
robot_184
   -34.04821,    -2.355531,            0,            0,            0,    0.5754669,    0.8178251
robot_98
     -18.063,     32.64883,            0,            0,            0,    0.3264459,    0.9452159
robot_100
    36.02861,     26.00367,            0,            0,            0,   -0.9756345,    0.2194023
robot_164
    10.21606,    -9.901774,            0,            0,            0,   -0.9203274,    0.3911489
robot_59
   -29.77283,    -9.998479,            0,            0,            0,  -0.04772173,    0.9988607
robot_144
   -10.03323,    -38.73245,            0,            0,            0,   -0.9944136,     0.105554
robot_101
    17.86753,    -14.34097,            0,            0,            0,   -0.2806618,    0.9598067
robot_161
   -6.069002,     29.71816,            0,            0,            0,   -0.6215843,    0.7833472
robot_149
   -2.976355,    -10.02279,            0,            0,            0,    0.6352229,    0.7723289
robot_86
   -6.034672,    -30.12347,            0,            0,            0,     0.481668,    0.8763538
robot_191
   -30.31337,    -30.03057,            0,            0,            0,   -0.5241612,    0.8516191
robot_126
    5.934338,     37.35653,            0,            0,            0,    0.4904254,    0.8714832
robot_190
    33.92494,    -23.73485,            0,            0,            0,   -0.9578018,    0.2874295
robot_131
    34.00979,     22.04639,            0,            0,            0,   -0.8132544,    0.5819083
robot_154
   -6.259209,    -37.89814,            0,            0,            0,    0.5965423,    0.8025816
robot_9
   -13.76374,    -18.09768,            0,            0,            0,   -0.4911197,    0.8710921
robot_27
    -27.7286,    -5.972715,            0,            0,            0,    0.9847243,    0.1741205
robot_34
    10.90203,     29.96867,            0,            0,            0,    0.9979564,   0.06389778
robot_114
    33.94053,     -28.1998,            0,            0,            0,   -0.9985183,   0.05441709
robot_51
     25.8087,    -5.869753,            0,            0,            0,    0.8424537,    0.5387688
robot_108
   -22.04342,    -18.87472,            0,            0,            0,   -0.1784926,    0.9839413
robot_147
     25.0033,    -9.979566,            0,            0,            0,    0.7857501,     0.618544
robot_183
   -6.153896,    -6.167105,            0,            0,            0,   -0.4887592,    0.8724187
robot_48
   -14.03803,     26.82525,            0,            0,            0,    0.9854863,     0.169755
robot_60
    25.96731,    -33.97188,            0,            0,            0,   -0.8086004,    0.5883582
robot_75
   -34.06873,    -33.58665,            0,            0,            0,   -0.1222123,     0.992504
robot_152
    12.19489,     38.02464,            0,            0,            0,   -0.8823426,    0.4706076
robot_26
     5.23039,    -22.01215,            0,            0,            0,    0.1348294,    0.9908688
robot_182
    22.43271,    -25.97718,            0,            0,            0,    -0.107303,    0.9942264
robot_172
    23.87051,    -6.026311,            0,            0,            0,    0.9751623,    0.2214915
robot_43
   -24.26946,     30.02564,            0,            0,            0,    0.9411874,    0.3378851
robot_170
   -7.174505,     -25.9809,            0,            0,            0,   -0.5620907,    0.8270756
robot_177
    -12.9798,      -30.006,            0,            0,            0,    0.8524534,    0.5228033
robot_80
    31.82402,    -2.021163,            0,            0,            0,   -0.9889169,    0.1484701
robot_16
   -22.06218,    -1.950152,            0,            0,            0,   -0.3929418,    0.9195633
robot_13
    6.756546,      10.0083,            0,            0,            0,     0.327695,    0.9447836
robot_178
   -1.399427,     21.98592,            0,            0,            0,   -0.4501285,    0.8929638
robot_88
     10.4557,     5.988089,            0,            0,            0,   -0.4212084,    0.9069639
robot_194
   -6.055672,     3.444867,            0,            0,            0,    -0.543247,    0.8395729
robot_29
    5.925252,     32.23426,            0,            0,            0,   -0.4680562,    0.8836987
robot_92
    17.90089,     31.63485,            0,            0,            0,  -0.01994373,    0.9998011
robot_87
   -17.37989,     1.972594,            0,            0,            0,    0.8479065,    0.5301458
robot_68
    36.16354,    -34.01344,            0,            0,            0,   0.03166218,    0.9994986
robot_22
    11.18606,     18.01455,            0,            0,            0,    0.8378099,     0.545962
robot_38
    28.67346,     18.02145,            0,            0,            0,   -0.6210453,    0.7837746
robot_2
   -34.16161,     10.31854,            0,            0,            0,   -0.8034562,    0.5953639
robot_110
   -38.05058,    -6.405466,            0,            0,            0,    0.8352903,    0.5498092
robot_14
     33.5814,     5.906483,            0,            0,            0,  -0.06044879,    0.9981713
robot_181
    33.87803,    -6.348105,            0,            0,            0,    0.9754809,    0.2200841
robot_61
    38.07535,     25.91742,            0,            0,            0,   -0.8733476,    0.4870975
robot_30
    10.79637,    -25.99969,            0,            0,            0,   -0.8130035,    0.5822589
robot_122
   -10.08544,     22.71733,            0,            0,            0,   -0.7008029,     0.713355
robot_132
   -26.39814,     30.00086,            0,            0,            0,   -0.6645325,    0.7472594
robot_45
   -32.77791,     37.98451,            0,            0,            0,   -0.9185216,    0.3953707
robot_21
    3.885961,    -29.96663,            0,            0,            0,   -0.8870096,     0.461751
robot_39
   -38.09663,     20.92558,            0,            0,            0,   -0.3823297,     0.924026
robot_134
     -22.284,      1.84496,            0,            0,            0,    0.8500058,    0.5267733
robot_15
    25.90485,    -29.11058,            0,            0,            0,    0.7546024,    0.6561823
robot_145
    18.22633,      6.00953,            0,            0,            0,    0.9978913,   0.06490667
robot_140
   -13.74843,    -22.08538,            0,            0,            0,  -0.03413916,    0.9994171
