tuw_multi_robot_msgs::RobotGoalsArray @1970-01-01T01:17:48.900000
frame_id: map
        4668,    900000000
robot_84
   -26.02898,    -10.12722,            0,            0,            0,   -0.7971159,    0.6038263
robot_116
   -30.04705,     30.65863,            0,            0,            0,    0.3410332,    0.9400513
robot_74
      27.226,     5.969525,            0,            0,            0,    0.3980574,    0.9173605
robot_41
    17.62332,    -22.03553,            0,            0,            0,   -0.9696235,    0.2446023
robot_125
   -18.35478,    -22.05369,            0,            0,            0,   -0.3848416,    0.9229826
robot_136
    30.72095,     9.976368,            0,            0,            0,    0.3916125,    0.9201303
robot_173
    37.85442,    -21.96019,            0,            0,            0,   -0.4121073,    0.9111353
robot_67
    -18.0744,    -10.80082,            0,            0,            0,    0.8764216,    0.4815445
robot_197
     22.1697,    -34.02814,            0,            0,            0,    0.9271022,    0.3748085
robot_119
    29.56395,     -38.0983,            0,            0,            0,    0.4477413,    0.8941631
robot_82
   -9.974062,    -34.16636,            0,            0,            0,   -0.3211905,    0.9470146
robot_77
    -30.0956,     12.48341,            0,            0,            0,    0.9469185,    0.3214738
robot_5
    21.98354,    -22.36368,            0,            0,            0,    0.6025233,    0.7981013
robot_133
    30.02689,     22.34083,            0,            0,            0,    0.9912649,    0.1318862
robot_99
   -32.76118,    -2.021177,            0,            0,            0,    0.1070264,    0.9942562
robot_171
    5.600488,    -22.02199,            0,            0,            0,  -0.09836109,    0.9951508
robot_180
    29.84614,     18.26518,            0,            0,            0,    0.9991305,    0.0416915
robot_56
    33.72077,     14.11743,            0,            0,            0,    0.9329251,    0.3600705
robot_3
    15.68511,     21.99661,            0,            0,            0,   -0.9069352,    0.4212701
robot_81
    37.94728,     25.05925,            0,            0,            0,  -0.01290803,    0.9999167
robot_167
    3.274539,    -30.01639,            0,            0,            0,    0.4164476,    0.9091597
robot_25
   -18.04403,     36.54904,            0,            0,            0,     0.151259,    0.9884942
robot_168
   -34.09914,     35.47209,            0,            0,            0,    0.7649851,    0.6440479
robot_96
   -30.44394,     22.00338,            0,            0,            0,    0.4438268,    0.8961126
robot_166
   -26.08487,     35.44527,            0,            0,            0,    0.5312898,    0.8471901
robot_102
   -7.826136,     38.01098,            0,            0,            0,   -0.4926846,    0.8702079
robot_192
   -18.53212,     30.05564,            0,            0,            0,    0.9779516,    0.2088316
robot_179
   -17.57028,    -13.92562,            0,            0,            0,   -0.8506498,    0.5257327
robot_142
    22.25322,    -30.02215,            0,            0,            0,   0.06540249,     0.997859
robot_1
    -26.1145,     10.20171,            0,            0,            0,    -0.634974,    0.7725335
robot_44
   -14.36617,     38.05361,            0,            0,            0,    0.7874917,    0.6163252
robot_163
   -33.88498,     38.01797,            0,            0,            0,   -0.1361199,    0.9906924
robot_79
   -6.023994,    -18.17599,            0,            0,            0,    0.6517302,    0.7584509
robot_8
   -8.000425,    -10.00002,            0,            0,            0,   -0.9851585,    0.1716469
robot_20
    2.002469,     21.98881,            0,            0,            0,   -0.9037558,    0.4280484
robot_143
   -22.07133,     35.26698,            0,            0,            0,    0.9946409,    0.1033904
robot_138
    35.75861,    -13.97608,            0,            0,            0,  -0.01523302,     0.999884
robot_123
   -29.95198,     37.85447,            0,            0,            0,   -0.3414017,    0.9399175
robot_193
    29.93301,    -5.050659,            0,            0,            0,   -0.9984464,   0.05571977
robot_187
    17.96116,    -29.65334,            0,            0,            0,    0.3997974,    0.9166035
robot_176
     29.9332,    -17.75355,            0,            0,            0,   -0.9920266,     0.126029
robot_66
    -2.12455,    -18.26372,            0,            0,            0,    0.9954259,   0.09553683
robot_63
    -27.2252,    -1.982084,            0,            0,            0,    0.9977481,   0.06707326
robot_31
    21.94173,     6.409616,            0,            0,            0,   -0.9770918,    0.2128183
robot_159
   -19.12477,    -29.98899,            0,            0,            0,    0.3450566,    0.9385819
robot_160
    21.90876,     18.72987,            0,            0,            0,    0.6861606,    0.7274501
robot_151
    16.09271,     25.99013,            0,            0,            0,   -0.6169719,    0.7869852
robot_150
    37.85932,    -13.67485,            0,            0,            0,    0.5231101,    0.8522651
robot_137
   -17.96829,    -17.76736,            0,            0,            0,   -0.6341418,    0.7732168
robot_199
  -0.5722568,    -9.981936,            0,            0,            0,    0.6343343,    0.7730588
robot_54
   -21.21953,    -14.00943,            0,            0,            0,   -0.3515191,    0.9361807
robot_117
    22.42129,      38.0616,            0,            0,            0,    0.8627569,    0.5056189
robot_36
    1.504107,    -9.980543,            0,            0,            0,   -0.5814241,    0.8136007
robot_33
   -37.78042,     5.981698,            0,            0,            0,    0.3428645,    0.9393849
robot_146
   -10.05477,     21.03299,            0,            0,            0,    0.6969475,    0.7171222
robot_156
    9.903261,     31.84581,            0,            0,            0,    0.4291744,    0.9032216
robot_112
    30.54695,     37.96859,            0,            0,            0,   -0.9989423,   0.04598035
robot_19
    37.92893,    -24.36874,            0,            0,            0,    0.3397158,    0.9405281
robot_141
   -15.70369,     6.011404,            0,            0,            0,    0.9601711,    0.2794126
robot_35
    33.91671,     11.53529,            0,            0,            0,   -0.9987448,   0.05008824
robot_184
    6.099445,    -14.12722,            0,            0,            0,  -0.03341391,    0.9994416
robot_98
    9.783522,     37.81187,            0,            0,            0,   -0.9765103,    0.2154708
robot_100
   -38.90756,    -25.98984,            0,            0,            0,   -0.4472984,    0.8943848
robot_164
    25.91271,     22.46042,            0,            0,            0,    0.7871841,    0.6167181
robot_59
    30.07557,     34.20047,            0,            0,            0,    0.7889259,    0.6144884
robot_144
    29.92014,    -11.26597,            0,            0,            0,   -0.8703465,    0.4924398
robot_101
  -0.7383326,     30.02432,            0,            0,            0,    0.1327524,    0.9911492
robot_161
   -38.03965,     26.35034,            0,            0,            0,   -0.3547533,    0.9349599
robot_149
     17.9368,    -26.41175,            0,            0,            0,   -0.9615343,     0.274685
robot_86
   -30.03216,    -33.84837,            0,            0,            0,     0.468369,    0.8835329
robot_191
   -5.951939,     -26.0218,            0,            0,            0,    0.1928816,     0.981222
robot_126
   -31.98507,    -9.988873,            0,            0,            0,   -0.8575173,    0.5144551
robot_190
   -13.85293,    -22.03219,            0,            0,            0,   -0.6574581,    0.7534911
robot_131
    29.95528,    -7.953145,            0,            0,            0,    0.6252557,      0.78042
robot_154
    14.02232,    -26.24222,            0,            0,            0,   -0.6551154,    0.7555288
robot_9
   -2.106467,    -26.19974,            0,            0,            0,    -0.832224,    0.5544396
robot_27
    5.900284,    -26.28909,            0,            0,            0,   -0.4146443,    0.9099836
robot_34
   -33.97167,    -33.98079,            0,            0,            0,    0.8872327,    0.4613222
robot_114
    9.784255,    -5.974029,            0,            0,            0,    0.5417222,    0.8405576
robot_51
   -13.85896,     29.85556,            0,            0,            0,    0.6215432,    0.7833799
robot_108
    25.99315,    -37.90497,            0,            0,            0,   -0.2422928,    0.9702032
robot_147
    26.02187,    -14.17242,            0,            0,            0,   -0.9989506,   0.04580149
robot_183
   -10.06645,    -2.079696,            0,            0,            0,     0.810777,    0.5853552
robot_48
    18.64373,     6.000399,            0,            0,            0,    0.9241252,    0.3820899
robot_60
    -18.0773,     22.78115,            0,            0,            0,   -0.1665932,    0.9860257
robot_75
    1.911824,    -26.29853,            0,            0,            0,    0.9997817,   0.02089329
robot_152
   -13.23255,    -2.023177,            0,            0,            0,    -0.993173,    0.1166509
robot_26
   -38.45937,    -14.06621,            0,            0,            0,   -0.9561185,    0.2929801
robot_182
    -26.0618,    -28.60492,            0,            0,            0,    0.9914207,    0.1307093
robot_172
   -10.15893,     14.31356,            0,            0,            0,    0.9365453,    0.3505466
