tuw_multi_robot_msgs::RobotGoalsArray @1970-01-01T01:47:54.100000
frame_id: map
        6474,    100000000
robot_84
    34.00146,     -34.0687,            0,            0,            0,   -0.2877445,    0.9577072
robot_116
   -6.090737,    -12.17633,            0,            0,            0,   -0.6462541,    0.7631223
robot_74
    -21.9442,    -30.02143,            0,            0,            0,   -0.9924757,    0.1224421
robot_41
   -26.20068,    -14.17039,            0,            0,            0,    0.2632657,    0.9647234
robot_125
   -26.06312,    -20.89783,            0,            0,            0,     0.701529,    0.7126409
robot_136
    15.28173,     38.01196,            0,            0,            0,    0.9996758,   0.02546097
robot_173
    2.701644,    -34.01195,            0,            0,            0,    0.5294517,    0.8483401
robot_67
     13.8804,    -5.867724,            0,            0,            0,   -0.2679208,    0.9634409
robot_197
      31.435,     14.02327,            0,            0,            0,    0.9474644,    0.3198612
robot_119
    27.52668,     22.00643,            0,            0,            0,   -0.6194002,    0.7850754
robot_82
    22.00983,     14.08385,            0,            0,            0,   -0.4248694,    0.9052547
robot_77
    22.08069,     29.78752,            0,            0,            0,     0.973583,    0.2283335
robot_5
    33.93082,    -38.81963,            0,            0,            0,    0.9935114,    0.1137329
robot_133
    29.95687,    -33.66125,            0,            0,            0,   -0.9172152,    0.3983921
robot_99
    29.25618,    -38.01545,            0,            0,            0,   -0.1470195,    0.9891336
robot_171
   -14.11208,     10.31976,            0,            0,            0,    0.7704539,    0.6374957
robot_180
    6.057335,     1.885032,            0,            0,            0,   -0.9159007,     0.401405
robot_56
   -14.28196,    -26.09767,            0,            0,            0,    0.6659778,    0.7459716
robot_3
   -17.96654,     18.16762,            0,            0,            0,    0.6202945,     0.784369
robot_81
    25.54869,     22.00856,            0,            0,            0,   -0.2805845,    0.9598293
