tuw_multi_robot_msgs::RobotGoalsArray @1970-01-01T01:32:19.600000
frame_id: map
        5539,    600000000
robot_84
   -26.45771,    -26.04441,            0,            0,            0,   -0.5275425,    0.8495286
robot_116
    21.91319,     8.186636,            0,            0,            0,    0.7756566,    0.6311552
robot_74
     21.9195,    -8.726424,            0,            0,            0,    0.8453136,    0.5342704
robot_41
   -13.74352,     25.91493,            0,            0,            0,     0.999957,  0.009273935
robot_125
    37.94239,    -33.83519,            0,            0,            0,    0.9495856,    0.3135078
robot_136
    -39.7006,     25.97071,            0,            0,            0,    0.8816383,    0.4719258
robot_173
   -22.08631,    -23.96435,            0,            0,            0,    0.5943134,    0.8042336
robot_67
    33.93322,    -18.86608,            0,            0,            0,    0.8665666,    0.4990615
robot_197
    35.20868,    -14.02418,            0,            0,            0,    0.8319929,    0.5547863
robot_119
    1.918118,      23.2728,            0,            0,            0,    -0.180968,     0.983489
robot_82
    -1.78319,    -25.97506,            0,            0,            0,   -0.8244543,    0.5659285
robot_77
    16.25537,    -37.99212,            0,            0,            0,   -0.8021826,    0.5970788
robot_5
    34.31108,    -34.01262,            0,            0,            0,   -0.5400881,    0.8416085
robot_133
   -30.03622,     33.76836,            0,            0,            0,   -0.2855862,     0.958353
robot_99
    37.94576,      27.2601,            0,            0,            0,    -0.993703,    0.1120463
robot_171
   -6.039568,    -3.392594,            0,            0,            0,   -0.7364047,    0.6765413
robot_180
   -30.00208,     14.24501,            0,            0,            0,    -0.104899,    0.9944829
robot_56
    8.095568,    -5.991181,            0,            0,            0,   -0.3480667,    0.9374698
robot_3
    1.914391,     25.53041,            0,            0,            0,    0.9588983,    0.2837501
robot_81
   -23.02502,     1.988581,            0,            0,            0,    0.5456655,    0.8380031
robot_167
   -25.95518,     2.052968,            0,            0,            0,    0.6874429,    0.7262385
robot_25
    35.45659,    -25.97976,            0,            0,            0,    0.6075248,    0.7943007
robot_168
    21.78916,     22.09597,            0,            0,            0,   -0.5165259,    0.8562716
robot_96
   -21.25815,    -5.989316,            0,            0,            0,    0.3912702,    0.9202758
robot_166
   -9.897972,    -9.988698,            0,            0,            0,    0.9966079,   0.08229691
robot_102
   -30.07825,    -31.77873,            0,            0,            0,    0.4251973,    0.9051007
robot_192
    32.00575,    -37.97867,            0,            0,            0,    0.8774222,    0.4797189
robot_179
    1.900598,     -9.73619,            0,            0,            0,    0.3259383,     0.945391
robot_142
   -17.83748,     14.09896,            0,            0,            0,    0.2784523,    0.9604501
robot_1
   -34.08667,     30.46961,            0,            0,            0,     0.255484,    0.9668133
robot_44
   -10.00864,    -13.96015,            0,            0,            0,   -0.3923692,    0.9198078
robot_163
    30.06853,    -9.825629,            0,            0,            0,   -0.8811358,    0.4728634
robot_79
   -18.24794,     17.90312,            0,            0,            0,    0.2240399,      0.97458
robot_8
    21.98346,     14.25407,            0,            0,            0,   -0.4656769,    0.8849548
robot_20
   -2.735143,      25.9735,            0,            0,            0,    0.8739638,     0.485991
robot_143
    38.25067,     10.03528,            0,            0,            0,    0.9422472,    0.3349181
robot_138
   -13.94277,    -22.08387,            0,            0,            0,    -0.953205,    0.3023247
robot_123
   -36.29037,      22.0274,            0,            0,            0,    0.9941269,     0.108221
robot_193
   -29.35762,    -34.01993,            0,            0,            0,   -0.3856218,     0.922657
robot_187
    -26.0365,    -33.39522,            0,            0,            0,    0.9631883,    0.2688275
robot_176
    29.96316,     -39.3278,            0,            0,            0,    0.9848615,    0.1733428
robot_66
    18.01084,     17.64998,            0,            0,            0,    0.1113779,    0.9937781
robot_63
   -37.20039,     10.02466,            0,            0,            0,    0.9999881,  0.004869846
robot_31
    8.966738,     30.01468,            0,            0,            0,    -0.785103,    0.6193653
robot_159
    29.78257,    -17.87594,            0,            0,            0,    0.2976552,    0.9546734
robot_160
    13.93916,    -1.589188,            0,            0,            0,    0.8945785,    0.4469109
robot_151
    5.931956,     30.14903,            0,            0,            0,   -0.7131341,    0.7010277
robot_150
   -2.080719,     15.50208,            0,            0,            0,    -0.116367,    0.9932063
robot_137
     3.37911,     6.000215,            0,            0,            0,   -0.1659509,     0.986134
robot_199
   -34.11323,    -18.17834,            0,            0,            0,   -0.8925329,    0.4509822
robot_54
    1.903583,     17.77242,            0,            0,            0,   -0.6456251,    0.7636546
robot_117
   -37.15456,     34.00045,            0,            0,            0,   -0.9899324,     0.141541
robot_36
    -25.0595,     13.96839,            0,            0,            0,   -0.8986005,    0.4387677
robot_33
   -34.05397,    -38.61537,            0,            0,            0,   -0.9198298,    0.3923178
robot_146
   -1.725625,    -21.99055,            0,            0,            0,   -0.7624467,     0.647051
robot_156
   -26.08563,    -24.11599,            0,            0,            0,   -0.8760836,    0.4821592
robot_112
   -5.892056,    -30.07467,            0,            0,            0,   -0.8550465,    0.5185514
robot_19
   -23.39775,    -5.968009,            0,            0,            0,    0.2298988,    0.9732146
robot_141
   -10.06777,      39.0826,            0,            0,            0,   -0.8454345,    0.5340792
robot_35
    37.93126,    -17.57216,            0,            0,            0,     0.413118,    0.9106775
robot_184
    13.81579,    -18.11926,            0,            0,            0,     0.996279,   0.08618675
robot_98
   0.6795577,    -30.03006,            0,            0,            0,   -0.1953458,    0.9807344
robot_100
   -20.94396,     21.97586,            0,            0,            0,    0.2681689,    0.9633719
robot_164
    6.483003,     5.996359,            0,            0,            0,    0.1133505,    0.9935551
robot_59
     13.9041,     -26.3338,            0,            0,            0,   -0.9648959,    0.2626325
robot_144
   -17.22976,     9.996131,            0,            0,            0,    0.8375332,    0.5463864
robot_101
    21.93643,    -13.69221,            0,            0,            0,    0.9998605,   0.01670222
robot_161
    -16.5401,    -1.988762,            0,            0,            0,   -0.7051337,    0.7090744
robot_149
    38.03967,       21.831,            0,            0,            0,   -0.5147806,     0.857322
robot_86
   -5.730168,     -25.9185,            0,            0,            0,   -0.9949509,    0.1003634
robot_191
    17.96152,     36.23915,            0,            0,            0,   -0.9438706,    0.3303154
robot_126
   -2.099488,    -33.89205,            0,            0,            0,    0.7365231,    0.6764124
robot_190
    37.95319,    -25.59754,            0,            0,            0,   -0.3072858,    0.9516173
robot_131
    17.76784,    -9.842166,            0,            0,            0,    -0.994372,    0.1059451
robot_154
   -22.11593,     -37.6714,            0,            0,            0,   -0.9126547,    0.4087314
robot_9
   -18.04163,    -11.51045,            0,            0,            0,   0.05063628,    0.9987172
robot_27
    31.07928,    -34.00767,            0,            0,            0,  -0.06442504,    0.9979225
robot_34
   -38.19367,     18.03179,            0,            0,            0,    0.9000708,    0.4357438
robot_114
   -30.43432,    -1.936414,            0,            0,            0,    0.4808585,    0.8767982
robot_51
    5.923093,    -1.094112,            0,            0,            0,   -0.8635099,    0.5043319
robot_108
   -26.37171,     10.06805,            0,            0,            0,   -0.9932928,    0.1156261
robot_147
   -30.09466,     31.31218,            0,            0,            0,    0.8615594,    0.5076568
robot_183
    28.26817,    -38.02018,            0,            0,            0,    0.5422147,    0.8402399
robot_48
   -38.06057,     24.96586,            0,            0,            0,    0.9901869,    0.1397496
robot_60
   -30.07147,     7.436269,            0,            0,            0,    -0.323193,    0.9463331
robot_75
   -35.97232,      26.0211,            0,            0,            0,   -0.7137623,     0.700388
robot_152
    1.933754,    -17.10394,            0,            0,            0,  -0.09603754,    0.9953777
robot_26
    29.94082,    -12.09996,            0,            0,            0,    0.7477017,    0.6640348
robot_182
    33.77281,     5.830277,            0,            0,            0,   -0.9420722,    0.3354102
robot_172
   -10.02283,     10.30762,            0,            0,            0,    0.7696911,    0.6384164
robot_43
   -30.52091,     1.915507,            0,            0,            0,   -0.2057627,    0.9786019
robot_170
    25.95766,    -5.145756,            0,            0,            0,    0.9983539,   0.05735353
robot_177
    30.16522,     9.952743,            0,            0,            0,   -0.9351757,    0.3541843
robot_80
   -22.09612,     29.90914,            0,            0,            0,   -0.5970306,    0.8022185
robot_16
   -14.07923,    -34.62236,            0,            0,            0,    0.5766706,    0.8169767
robot_13
   -30.08433,    -29.69932,            0,            0,            0,    0.9965241,   0.08330555
robot_178
   -2.022004,    -30.00485,            0,            0,            0,   0.03719529,     0.999308
robot_88
   -22.34188,     13.97112,            0,            0,            0,   -0.9771244,    0.2126687
robot_194
    -33.0473,    -29.98387,            0,            0,            0,    0.8106818,     0.585487
robot_29
   -26.09969,     25.12112,            0,            0,            0,   -0.9998723,   0.01598165
robot_92
    13.78283,     33.98855,            0,            0,            0,    0.1502846,    0.9886428
robot_87
   -9.884794,     29.92244,            0,            0,            0,     0.170576,    0.9853445
robot_68
   -1.703894,    -18.03839,            0,            0,            0,    0.1102016,    0.9939093
robot_22
     25.9564,     10.53671,            0,            0,            0,    0.8601076,    0.5101127
robot_38
   -12.21635,    -1.971594,            0,            0,            0,   -0.8991075,    0.4377279
robot_2
   -34.13122,    -5.699104,            0,            0,            0,    -0.991955,    0.1265909
robot_110
   -30.07125,    -23.75448,            0,            0,            0,    0.4239965,    0.9056638
robot_14
   -23.40804,    -9.995592,            0,            0,            0,    -0.700483,    0.7136691
robot_181
    29.87846,     33.96489,            0,            0,            0,    0.3514593,    0.9362032
robot_61
    27.26245,    -29.97662,            0,            0,            0,   -0.9751214,    0.2216715
robot_30
    22.00987,     -6.28227,            0,            0,            0,   -0.7555849,    0.6550507
robot_122
    11.66076,    -2.016534,            0,            0,            0,   -0.7882165,     0.615398
robot_132
    33.96651,    -3.274263,            0,            0,            0,   0.09860855,    0.9951263
robot_45
   -38.04781,     20.10544,            0,            0,            0,    0.9001014,    0.4356805
robot_21
   -33.62697,    -14.08793,            0,            0,            0,    0.5478463,     0.836579
robot_39
    30.15903,     37.89351,            0,            0,            0,  -0.01689311,    0.9998573
robot_134
    -21.8517,      10.0122,            0,            0,            0,    0.1369003,    0.9905848
robot_15
    29.92379,     -26.3878,            0,            0,            0,    0.9718353,    0.2356612
robot_145
    17.90194,    -3.619566,            0,            0,            0,   -0.9422305,    0.3349653
robot_140
   -34.07458,     16.51054,            0,            0,            0,    0.3126709,    0.9498615
robot_196
    13.92588,    -29.98193,            0,            0,            0,    0.9804746,     0.196646
robot_188
    33.80988,     9.776554,            0,            0,            0,   -0.9407913,    0.3389862
robot_4
   -19.16051,    -37.99349,            0,            0,            0,   -0.9722969,    0.2337494
robot_155
   -14.07738,     16.15437,            0,            0,            0,    0.9173544,    0.3980714
robot_135
   -25.88898,    -37.93903,            0,            0,            0,   -0.8228498,    0.5682589
robot_93
    37.95748,    -14.85863,            0,            0,            0,   -0.9990863,   0.04273923
robot_111
    6.044624,    -37.85968,            0,            0,            0,    0.9985949,   0.05299345
robot_0
   -18.47438,     25.98408,            0,            0,            0,    0.9921288,    0.1252217
robot_49
    25.81451,     1.789025,            0,            0,            0,   -0.1905196,    0.9816834
robot_113
    29.91903,     13.85243,            0,            0,            0,   -0.9932534,    0.1159646
