tuw_multi_robot_msgs::RobotGoalsArray @1970-01-01T01:22:07.700000
frame_id: map
        4927,    700000000
robot_84
   -26.15637,     37.70221,            0,            0,            0,    0.3334831,    0.9427561
robot_116
    32.97627,    -34.01511,            0,            0,            0,   -0.5085308,    0.8610438
robot_74
    -18.2153,     9.782792,            0,            0,            0,    0.6301092,    0.7765065
robot_41
   -31.63632,    -5.983988,            0,            0,            0,    0.7287309,    0.6848002
robot_125
    33.94568,     27.85601,            0,            0,            0,    0.9856156,    0.1690024
robot_136
   -8.036589,    -25.99598,            0,            0,            0,   -0.8924606,    0.4511254
robot_173
   -25.93683,    -5.929444,            0,            0,            0,    0.4328183,    0.9014812
robot_67
   -17.73275,    -34.04103,            0,            0,            0,    0.4674923,    0.8839971
robot_197
   -18.48308,    -17.98379,            0,            0,            0,    0.4304983,    0.9025914
robot_119
    -33.1694,     9.992186,            0,            0,            0,    0.8539845,    0.5202984
