tuw_multi_robot_msgs::RobotGoalsArray @1970-01-01T01:31:59.200000
frame_id: map
        5519,    200000000
robot_84
   -37.97207,    -26.05642,            0,            0,            0,    0.1334371,    0.9910573
robot_116
   -30.33906,    -5.973882,            0,            0,            0,    0.4832791,    0.8754664
robot_74
     9.93556,    -15.92785,            0,            0,            0,    -0.274078,    0.9617075
robot_41
   -25.61672,    -18.05601,            0,            0,            0,    0.1224294,    0.9924772
robot_125
    29.94408,     11.08079,            0,            0,            0,    0.9911284,    0.1329082
robot_136
   -10.08038,    -16.52231,            0,            0,            0,    0.9972564,   0.07402476
robot_173
   -18.02344,     10.09128,            0,            0,            0,    0.9888718,    0.1487704
robot_67
    29.98358,    -17.93537,            0,            0,            0,   -0.9429662,    0.3328884
robot_197
   -34.09799,    -12.46455,            0,            0,            0,    0.5607661,    0.8279742
robot_119
   -34.06318,    -26.56735,            0,            0,            0,    0.2740865,     0.961705
robot_82
    34.03362,    -6.015317,            0,            0,            0,    0.9672649,    0.2537689
robot_77
    30.02329,    -34.03305,            0,            0,            0,    0.8992973,    0.4373377
robot_5
    33.87881,     22.06565,            0,            0,            0,    0.9552807,    0.2957003
robot_133
    26.12572,     2.029086,            0,            0,            0,    0.1748565,    0.9845939
robot_99
    -34.0824,    -22.41526,            0,            0,            0,   -0.8821524,     0.470964
robot_171
   -10.30757,     18.07135,            0,            0,            0,   -0.3379525,    0.9411632
robot_180
   -10.05412,    -11.68453,            0,            0,            0,   -0.6103284,    0.7921485
robot_56
    17.91516,    -4.212347,            0,            0,            0,    -0.963501,    0.2677049
robot_3
   -30.77798,     -9.98539,            0,            0,            0,   -0.9911723,    0.1325801
robot_81
   -2.066007,     17.92098,            0,            0,            0,    0.6291717,    0.7772663
robot_167
    33.96468,    -37.73089,            0,            0,            0,    0.9894538,    0.1448488
robot_25
   -22.05388,    -28.09531,            0,            0,            0,   -0.3639797,    0.9314069
robot_168
    -26.0942,    -28.42263,            0,            0,            0,   -0.9206044,    0.3904966
robot_96
    11.17252,    -6.005833,            0,            0,            0,   -0.6791397,     0.734009
robot_166
    22.05163,     9.895377,            0,            0,            0,    -0.518025,    0.8553654
robot_102
   -22.17611,    -2.185385,            0,            0,            0,    0.1209656,    0.9926567
robot_192
   -15.23669,     9.979545,            0,            0,            0,    0.9472693,    0.3204386
robot_179
    21.99136,    -25.88744,            0,            0,            0,   -0.9218328,    0.3875879
robot_142
   -34.05691,     38.34433,            0,            0,            0,    0.7700945,    0.6379298
robot_1
     37.9507,    -25.36761,            0,            0,            0,   -0.2385041,    0.9711415
robot_44
    17.80323,    -14.11012,            0,            0,            0,   -0.7107358,     0.703459
robot_163
    5.941114,     38.65393,            0,            0,            0,    0.9989291,   0.04626753
robot_79
    -31.7448,    -30.02157,            0,            0,            0,    0.9515083,    0.3076232
robot_8
    27.66622,     5.975793,            0,            0,            0,   -0.7476256,    0.6641204
robot_20
   -38.06686,    -8.836538,            0,            0,            0,   -0.9880134,    0.1543682
robot_143
    37.96475,     7.708962,            0,            0,            0,   -0.3220689,    0.9467162
robot_138
   -13.85217,    -33.91039,            0,            0,            0,   -0.9907252,    0.1358806
robot_123
    14.12384,     1.961853,            0,            0,            0,    0.7826881,    0.6224141
robot_193
   -39.28938,      21.9903,            0,            0,            0,   0.02425498,    0.9997058
robot_187
    17.79002,     30.06271,            0,            0,            0,   -0.8833703,    0.4686756
robot_176
   -22.22634,      26.0243,            0,            0,            0,   -0.6715939,    0.7409195
robot_66
   -18.11956,    -21.75177,            0,            0,            0,   -0.5005269,     0.865721
robot_63
    -10.0612,    -22.03958,            0,            0,            0,    0.1276385,    0.9918208
robot_31
    21.93259,     7.566926,            0,            0,            0,   -0.9995596,   0.02967614
robot_159
    13.91771,      21.4028,            0,            0,            0,    0.6738587,    0.7388603
robot_160
    21.93767,     30.39523,            0,            0,            0,    0.7041947,    0.7100069
robot_151
   -11.93913,     10.00913,            0,            0,            0,    -0.456149,    0.8899034
robot_150
   -22.05038,    -33.22107,            0,            0,            0,    0.7525718,    0.6585102
robot_137
    14.00253,     6.327106,            0,            0,            0,    0.8235545,    0.5672372
robot_199
    30.18632,     33.92447,            0,            0,            0,   -0.7457004,    0.6662815
robot_54
   -18.06778,    -12.07884,            0,            0,            0,    0.9668687,    0.2552741
robot_117
   -34.06693,      31.0908,            0,            0,            0,   -0.7375793,    0.6752605
robot_36
    10.33198,     29.94909,            0,            0,            0,    0.6696129,    0.7427102
robot_33
    17.93333,      7.00133,            0,            0,            0,   -0.9644269,    0.2643495
robot_146
  -0.5918053,     9.967109,            0,            0,            0,   -0.8998285,    0.4362439
robot_156
    23.34649,     6.013577,            0,            0,            0,   -0.7997956,    0.6002725
robot_112
   -22.33848,    -21.98598,            0,            0,            0,   -0.9990122,   0.04443595
robot_19
    26.40316,     22.03588,            0,            0,            0,   -0.8947663,    0.4465348
robot_141
   -26.08417,   -0.3713338,            0,            0,            0,   -0.9364296,    0.3508555
robot_35
    13.31343,    -13.98384,            0,            0,            0,    -0.937402,    0.3482492
robot_184
    30.32383,    -2.082046,            0,            0,            0,    0.9937694,    0.1114561
robot_98
   -25.63817,     21.94229,            0,            0,            0,    0.9352327,    0.3540337
robot_100
    7.749029,    -1.985928,            0,            0,            0,    0.8831099,    0.4691662
robot_164
    2.142299,     17.92905,            0,            0,            0,   -0.2246459,    0.9744405
robot_59
   -2.547603,     29.92485,            0,            0,            0,   0.03448615,    0.9994052
robot_144
  -0.2161439,    -18.00411,            0,            0,            0,    0.5451557,    0.8383348
robot_101
   -34.18601,     25.98774,            0,            0,            0,  -0.02658512,    0.9996466
robot_161
   -23.60726,     9.982231,            0,            0,            0,   -0.9472218,    0.3205788
robot_149
    34.03141,     13.92466,            0,            0,            0,   -0.4957555,    0.8684621
robot_86
   -38.09439,      13.4224,            0,            0,            0,    0.8554929,    0.5178146
robot_191
    33.55676,     -13.9481,            0,            0,            0,    0.7895381,    0.6137015
robot_126
   -2.094561,    -25.10474,            0,            0,            0,   -0.7929086,    0.6093406
robot_190
    14.02193,    -5.825107,            0,            0,            0,   -0.9534748,    0.3014728
robot_131
   -6.077157,    -26.13833,            0,            0,            0,    0.9980126,   0.06301547
robot_154
    23.37212,    -37.99345,            0,            0,            0,   -0.7214787,    0.6924367
robot_9
   -22.06617,    -9.856706,            0,            0,            0,    0.6332277,    0.7739655
robot_27
    30.16191,    -14.00956,            0,            0,            0,     0.532272,    0.8465734
robot_34
     18.3908,     -9.99824,            0,            0,            0,    0.3183508,     0.947973
robot_114
   -18.08119,    -33.33779,            0,            0,            0,   -0.4079527,    0.9130031
robot_51
   -26.07899,      2.67723,            0,            0,            0,    0.6201772,    0.7844618
robot_108
    38.24496,    -14.06767,            0,            0,            0,   -0.2997443,    0.9540196
robot_147
    1.697861,     33.91871,            0,            0,            0,    0.7053724,    0.7088369
robot_183
   -20.02911,    -6.024717,            0,            0,            0,   -0.7439145,    0.6682748
robot_48
    17.90246,     37.23228,            0,            0,            0,   -0.9956654,   0.09300711
robot_60
   -22.21337,     5.924764,            0,            0,            0,    -0.620804,    0.7839658
robot_75
   -10.67733,    -25.98577,            0,            0,            0,   0.02953517,    0.9995637
robot_152
   -29.50673,     10.02968,            0,            0,            0,    0.2505468,    0.9681045
robot_26
    21.43931,    -18.03062,            0,            0,            0,   -0.1946356,    0.9808756
robot_182
    21.91029,    -33.59888,            0,            0,            0,    0.8873115,    0.4611705
robot_172
    32.65503,    -29.98998,            0,            0,            0,   -0.2458171,    0.9693162
robot_43
    2.031477,    -29.89268,            0,            0,            0,    0.9897618,    0.1427292
robot_170
   -34.23007,     18.07289,            0,            0,            0,   -0.8963327,     0.443382
robot_177
   -26.04191,    -24.37188,            0,            0,            0,    0.7416161,    0.6708245
robot_80
   -17.80419,    -13.99558,            0,            0,            0,   0.07591988,    0.9971139
robot_16
   -30.33085,    -22.05568,            0,            0,            0,   -0.7078218,     0.706391
robot_13
   -1.744986,     6.007857,            0,            0,            0,   -0.8122613,    0.5832937
robot_178
     9.90168,     27.01937,            0,            0,            0,   -0.7262403,     0.687441
robot_88
    9.529082,     34.04867,            0,            0,            0,   -0.9804295,    0.1968705
robot_194
    9.919319,     22.29212,            0,            0,            0,   -0.8536311,    0.5208781
robot_29
   -10.15305,    -37.76836,            0,            0,            0,   -0.9897206,    0.1430143
robot_92
   -18.09073,     14.61871,            0,            0,            0,     0.995235,   0.09750544
robot_87
   -6.874811,     -1.99212,            0,            0,            0,    0.9769202,    0.2136045
robot_68
    13.95568,    -34.99682,            0,            0,            0,    0.1085924,    0.9940864
robot_22
   -13.90829,     18.19763,            0,            0,            0,    0.9811876,    0.1930567
robot_38
     5.95585,    -3.687433,            0,            0,            0,    0.2551706,     0.966896
robot_2
    29.90528,     38.71406,            0,            0,            0,   -0.6881553,    0.7255634
robot_110
    7.325569,      6.00904,            0,            0,            0,   -0.6928148,    0.7211156
robot_14
    -6.55879,    -18.08369,            0,            0,            0,    0.4540238,    0.8909895
robot_181
    11.87502,    -21.98601,            0,            0,            0,    0.9619397,    0.2732618
robot_61
    36.34725,     5.976724,            0,            0,            0,   -0.6975501,     0.716536
robot_30
     33.9006,     19.18685,            0,            0,            0,   -0.5640925,    0.8257116
robot_122
    37.90628,      22.3998,            0,            0,            0,   -0.7592806,    0.6507634
robot_132
    17.91215,     -37.2003,            0,            0,            0,   -0.9332972,    0.3591048
robot_45
    18.06851,    -17.88431,            0,            0,            0,    0.1937279,    0.9810553
robot_21
    1.394351,     30.01515,            0,            0,            0,   -0.9964547,     0.084131
robot_39
    1.474914,     10.08854,            0,            0,            0,   -0.5087512,    0.8609136
robot_134
  -0.7538558,     22.01465,            0,            0,            0,   -0.7317927,    0.6815273
robot_15
    -14.0334,    -28.41723,            0,            0,            0,    0.4656793,    0.8849536
robot_145
   -13.03362,    -9.991197,            0,            0,            0,   -0.3008111,    0.9536838
robot_140
    4.695472,    -6.022273,            0,            0,            0,   -0.4106919,    0.9117742
robot_196
   -14.09698,    0.4614821,            0,            0,            0,     0.718993,    0.6950174
robot_188
    37.97662,     29.72525,            0,            0,            0,   -0.4999628,    0.8660469
robot_4
    29.92765,    -4.014345,            0,            0,            0,   -0.3748203,    0.9270975
robot_155
   -25.18174,     5.968349,            0,            0,            0,    0.9932713,    0.1158111
robot_135
    1.922537,    -22.60551,            0,            0,            0,    0.7353238,    0.6777159
robot_93
    37.92679,     27.36766,            0,            0,            0,   -0.7893646,    0.6139246
robot_111
   -14.05469,     7.166304,            0,            0,            0,   -0.9762883,    0.2164744
robot_0
   -10.08191,     1.902456,            0,            0,            0,    0.7344396,     0.678674
robot_49
    13.47009,     13.94496,            0,            0,            0,    0.9061182,    0.4230246
robot_113
    18.39484,    -2.050362,            0,            0,            0,    0.7710218,    0.6368088
