tuw_multi_robot_msgs::RobotGoalsArray @1970-01-01T01:35:19.200000
frame_id: map
        5719,    200000000
robot_84
   -26.53376,     9.957964,            0,            0,            0,  -0.09824683,    0.9951621
robot_116
   -26.07277,     35.27021,            0,            0,            0,    0.5490749,    0.8357731
robot_74
   0.9429798,    -14.03304,            0,            0,            0,    0.8451025,    0.5346042
robot_41
    5.520328,    -33.93781,            0,            0,            0,    0.7190935,    0.6949134
robot_125
    17.95713,    -35.04143,            0,            0,            0,   -0.8675415,    0.4973648
robot_136
    29.96839,    -33.75655,            0,            0,            0,    0.9336749,    0.3581216
robot_173
   -25.94263,    -6.191898,            0,            0,            0,    0.7979913,     0.602669
robot_67
   -18.05519,    -16.97137,            0,            0,            0,    0.2620999,    0.9650407
robot_197
    24.61444,     13.97244,            0,            0,            0,   -0.2903505,    0.9569204
robot_119
    -9.46233,    -2.026957,            0,            0,            0,    0.6557483,    0.7549796
robot_82
    33.87933,     25.68065,            0,            0,            0,    0.5491962,    0.8356935
robot_77
      30.407,     2.065222,            0,            0,            0,    0.3956234,    0.9184128
robot_5
   -25.91047,    -22.00246,            0,            0,            0,     0.999886,   0.01509618
robot_133
    -38.0565,     18.63038,            0,            0,            0,    -0.575837,    0.8175645
robot_99
    33.85986,    -34.21445,            0,            0,            0,   -0.9809452,    0.1942844
robot_171
   -10.53378,    -26.08356,            0,            0,            0,    0.5297013,    0.8481843
robot_180
   0.2144819,    -5.993067,            0,            0,            0,    0.6345416,    0.7728887
robot_56
    33.93957,      20.9555,            0,            0,            0,    0.8840337,    0.4674231
robot_3
   -34.33317,      33.9911,            0,            0,            0,    0.4827382,    0.8757647
robot_81
    34.22463,    -22.07336,            0,            0,            0,   -0.7434177,    0.6688275
robot_167
   -30.01042,    -30.26081,            0,            0,            0,    0.5481524,    0.8363785
robot_25
   -1.696423,    -34.00834,            0,            0,            0,    -0.800489,    0.5993475
robot_168
   -18.95423,     29.98433,            0,            0,            0,     0.913954,    0.4058179
robot_96
     37.9185,     17.90275,            0,            0,            0,   -0.8474607,    0.5308581
robot_166
    23.29991,     34.02908,            0,            0,            0,    0.3810499,    0.9245545
robot_102
    30.12881,     22.15039,            0,            0,            0,   -0.6456115,     0.763666
robot_192
   -26.08768,     5.256009,            0,            0,            0,    0.9449038,    0.3273482
robot_179
    38.00223,     6.222378,            0,            0,            0,    0.9856372,    0.1688767
robot_142
    22.69364,    -37.98239,            0,            0,            0,     0.775348,    0.6315343
robot_1
   -28.38978,     2.020427,            0,            0,            0,    0.8270569,    0.5621183
robot_44
    5.925447,     7.461959,            0,            0,            0,   -0.1596781,    0.9871691
robot_163
    35.65981,    -30.02606,            0,            0,            0,    0.9300047,    0.3675476
robot_79
    9.257311,    -5.996175,            0,            0,            0,   -0.6753362,      0.73751
robot_8
    37.92947,     33.32841,            0,            0,            0,   -0.8421873,     0.539185
robot_20
    1.900437,    -33.35276,            0,            0,            0,  -0.09406276,    0.9955663
robot_143
    38.06571,    -22.21913,            0,            0,            0,    0.9660109,    0.2585013
robot_138
    6.164475,     18.15315,            0,            0,            0,    0.9743497,     0.225039
robot_123
   -22.08388,    -29.52063,            0,            0,            0,    0.2746677,    0.9615392
robot_193
    5.946139,     25.80293,            0,            0,            0,    0.7160412,     0.698058
robot_187
    -5.90795,     30.19959,            0,            0,            0,   -0.6491706,    0.7606428
robot_176
   -26.08973,      24.8313,            0,            0,            0,   -0.1890157,    0.9819741
robot_66
   -22.33228,     -25.9278,            0,            0,            0,   -0.5414827,    0.8407119
robot_63
    20.39709,     14.01871,            0,            0,            0,    0.4637815,    0.8859496
robot_31
   -21.91705,    -18.08418,            0,            0,            0,   -0.5261128,    0.8504148
robot_159
    4.002865,     17.96967,            0,            0,            0,    0.8959588,    0.4441372
robot_160
   -2.189747,     21.96044,            0,            0,            0,    0.7399266,    0.6726876
robot_151
    21.97822,    -5.746211,            0,            0,            0,   -0.9842191,     0.176954
robot_150
    1.959551,    -30.39069,            0,            0,            0,    0.3483771,    0.9373545
robot_137
    20.94592,    -13.97588,            0,            0,            0,   -0.6278935,    0.7782992
robot_199
   -28.77161,     30.01751,            0,            0,            0,    0.9680071,    0.2509228
robot_54
    3.855038,     6.012673,            0,            0,            0,    0.1905264,    0.9816821
robot_117
   -12.48494,    -18.02862,            0,            0,            0,   -0.4340891,    0.9008699
robot_36
    9.992342,     2.331551,            0,            0,            0,    0.9654418,    0.2606186
robot_33
   -38.01055,    -6.234913,            0,            0,            0,    0.3264865,    0.9452019
robot_146
   -29.75461,      14.0247,            0,            0,            0,    0.9079828,    0.4190074
robot_156
   -24.81296,     -17.9818,            0,            0,            0,    0.9220983,    0.3869558
robot_112
     33.3593,     5.973774,            0,            0,            0,   -0.9789708,    0.2040005
robot_19
    18.15346,    -14.01732,            0,            0,            0,   -0.9109369,    0.4125458
robot_141
   -38.08657,    -21.60886,            0,            0,            0,     0.926345,    0.3766763
robot_35
  -0.8599104,     9.975056,            0,            0,            0,   -0.3948288,    0.9187547
robot_184
   -17.84682,    -33.84612,            0,            0,            0,    0.9944663,    0.1050564
robot_98
   -30.08441,    -19.15822,            0,            0,            0,   -0.7783051,    0.6278863
robot_100
    21.92802,      36.9288,            0,            0,            0,    0.9999083,    0.0135454
robot_164
    39.22947,     9.984085,            0,            0,            0,    0.9479614,    0.3183852
robot_59
   -14.19014,     38.03771,            0,            0,            0,   0.05416105,    0.9985322
robot_144
   -14.12069,    -33.94437,            0,            0,            0,    0.8290921,    0.5591121
robot_101
   -26.12341,    -33.96558,            0,            0,            0,  -0.01384919,    0.9999041
robot_161
   -37.62126,     13.92217,            0,            0,            0,   0.01589038,    0.9998737
robot_149
   -30.07039,    -1.935422,            0,            0,            0,   -0.3416622,    0.9398228
robot_86
    29.94903,    -4.337289,            0,            0,            0,   -0.5006362,    0.8656578
robot_191
    19.58919,     33.99158,            0,            0,            0,   -0.9814912,    0.1915071
robot_126
    13.94222,     33.96821,            0,            0,            0,   -0.8933449,    0.4493716
robot_190
    23.25954,    -1.989126,            0,            0,            0,   0.09159749,    0.9957961
robot_131
    14.16741,    -22.08196,            0,            0,            0,    0.6602215,    0.7510709
robot_154
   -10.72411,     33.98324,            0,            0,            0,    0.7834589,    0.6214436
robot_9
   -14.06684,     34.96128,            0,            0,            0,    0.6048983,    0.7963028
robot_27
     26.0413,     30.01369,            0,            0,            0,    0.4420128,    0.8970087
robot_34
    -10.0596,     5.830952,            0,            0,            0,    0.9739609,    0.2267161
robot_114
    30.01733,    -25.72834,            0,            0,            0,    0.4347774,     0.900538
robot_51
   -6.054206,     24.81544,            0,            0,            0,   -0.4199705,    0.9075378
robot_108
    12.46656,     29.99603,            0,            0,            0,   -0.9315816,    0.3635322
robot_147
    26.01865,     5.902865,            0,            0,            0,    0.7436992,    0.6685145
robot_183
   -38.15587,     22.21276,            0,            0,            0,    0.7190189,    0.6949906
robot_48
     25.9035,    -34.41372,            0,            0,            0,    0.9521469,    0.3056409
robot_60
   -13.42996,    -6.008327,            0,            0,            0,    0.6456925,    0.7635975
robot_75
   -26.51831,     22.09626,            0,            0,            0,    -0.176088,    0.9843744
robot_152
     25.8139,    -14.04028,            0,            0,            0,   -0.9004494,    0.4349608
robot_26
    34.02842,     13.81698,            0,            0,            0,   -0.9843606,    0.1761653
robot_182
     33.9128,    -28.51753,            0,            0,            0,    0.9394221,    0.3427625
robot_172
    25.91599,     34.15158,            0,            0,            0,   -0.2463724,    0.9691752
robot_43
   -34.43188,    -22.03654,            0,            0,            0,   -0.7037736,    0.7104243
robot_170
   -2.038557,     16.40631,            0,            0,            0,    0.3059885,    0.9520352
robot_177
     26.0389,    -6.046666,            0,            0,            0,    0.6344814,    0.7729382
robot_80
    5.993004,    -30.20323,            0,            0,            0,    0.2589045,    0.9659029
robot_16
    13.77073,    -37.95633,            0,            0,            0,     0.626412,    0.7794921
robot_13
    37.71673,     13.90069,            0,            0,            0,   -0.9912259,    0.1321784
robot_178
   -34.05443,     18.32147,            0,            0,            0,   -0.6995968,    0.7145379
robot_88
     26.1472,    -30.09361,            0,            0,            0,    0.8678682,    0.4967944
robot_194
   -18.04347,     34.74455,            0,            0,            0,    0.8176764,    0.5756781
robot_29
    22.09335,    -10.13103,            0,            0,            0,  -0.04570134,    0.9989551
robot_92
    -8.58059,    -25.97538,            0,            0,            0,   -0.9474013,    0.3200482
robot_87
   -9.901592,      1.87585,            0,            0,            0,   -0.4904114,    0.8714911
robot_68
    -22.0958,     18.42483,            0,            0,            0,   -0.9935075,    0.1137663
robot_22
    29.92926,     27.13005,            0,            0,            0,    0.8543312,    0.5197289
robot_38
    38.14488,    -30.02576,            0,            0,            0,   -0.7471813,    0.6646203
robot_2
    21.91409,    -25.39343,            0,            0,            0,   -0.3372496,    0.9414153
robot_110
    1.796749,     22.09661,            0,            0,            0,   -0.1409348,    0.9900189
robot_14
   -22.03652,     6.122148,            0,            0,            0,     0.247572,    0.9688695
robot_181
    15.99496,    -34.02057,            0,            0,            0,   -0.9287986,    0.3705849
robot_61
     24.6799,     9.990026,            0,            0,            0,    0.8306601,    0.5567799
robot_30
   -21.78935,     13.98107,            0,            0,            0,   -0.9950678,   0.09919763
robot_122
    14.07708,    -33.89411,            0,            0,            0,    0.8651732,    0.5014731
robot_132
     33.9431,    -38.82779,            0,            0,            0,    0.9976415,    0.0686398
robot_45
    5.910181,    -10.43559,            0,            0,            0,   -0.3762371,    0.9265234
robot_21
   -6.178633,    -22.00469,            0,            0,            0,   -0.7472476,    0.6645457
robot_39
    9.792403,    -13.81816,            0,            0,            0,   -0.7935223,    0.6085412
robot_134
   -22.04289,     29.08318,            0,            0,            0,    0.9999815,  0.006088651
robot_15
    17.95306,     3.710912,            0,            0,            0,    0.9999899,  0.004493952
robot_145
    20.79631,     22.00142,            0,            0,            0,    0.8629593,    0.5052734
robot_140
    11.05932,     5.972656,            0,            0,            0,    0.9408737,    0.3387577
robot_196
    29.88807,     17.63923,            0,            0,            0,   -0.7685181,    0.6398281
robot_188
  -0.2846123,     34.00402,            0,            0,            0,   0.09004668,    0.9959375
robot_4
     36.2673,     21.99348,            0,            0,            0,  -0.05408175,    0.9985365
robot_155
   -27.76906,     -26.0306,            0,            0,            0,    0.1155059,    0.9933068
robot_135
   -31.45202,     2.021551,            0,            0,            0,    0.9470778,    0.3210041
robot_93
   -10.13676,     14.02137,            0,            0,            0,   -0.2249926,    0.9743605
robot_111
    27.48537,    -21.98545,            0,            0,            0,   -0.9823049,    0.1872889
robot_0
    21.53125,     18.08207,            0,            0,            0,    -0.276919,    0.9608933
robot_49
    -14.4621,     26.07639,            0,            0,            0,   -0.9857981,    0.1679346
robot_113
   -14.18481,     10.10751,            0,            0,            0,    -0.865592,      0.50075
robot_94
    31.51328,    -38.02122,            0,            0,            0,   -0.1100934,    0.9939212
robot_40
    25.89787,    -17.88109,            0,            0,            0,   -0.9355788,    0.3531179
robot_103
    37.00811,    -26.01378,            0,            0,            0,    0.1752127,    0.9845306
robot_6
   -10.03564,    -4.355133,            0,            0,            0,    0.6545463,    0.7560219
robot_71
    13.91259,     13.75818,            0,            0,            0,     0.768489,     0.639863
robot_17
    20.26518,      38.0083,            0,            0,            0,   -0.8362944,    0.5482806
robot_120
   -35.83566,     22.00188,            0,            0,            0,    0.9824477,    0.1865382
robot_189
   -34.06476,    -24.08385,            0,            0,            0,   -0.9220682,    0.3870274
robot_148
    17.96196,     18.63275,            0,            0,            0,    0.1492611,    0.9887978
robot_186
   -38.73694,    -29.99464,            0,            0,            0,    -0.386718,     0.922198
