tuw_multi_robot_msgs::RobotGoalsArray @1970-01-01T01:28:46.100000
frame_id: map
        5326,    100000000
robot_84
    9.555779,    -34.03964,            0,            0,            0,   -0.5929805,    0.8052168
robot_116
    14.31502,     6.084691,            0,            0,            0,    0.9059524,    0.4233796
robot_74
    7.172536,    -17.99018,            0,            0,            0,    -0.949463,     0.313879
robot_41
    17.96132,     3.969195,            0,            0,            0,   -0.9142601,    0.4051278
robot_125
   -21.62328,     10.01323,            0,            0,            0,   -0.3565728,    0.9342676
robot_136
    33.95323,    -36.43172,            0,            0,            0,   -0.4012383,    0.9159737
robot_173
    33.95384,     25.76217,            0,            0,            0,    0.1621424,    0.9867674
robot_67
    20.81694,    -5.983074,            0,            0,            0,   0.07163709,    0.9974308
robot_197
    33.90229,     34.81893,            0,            0,            0,   -0.7040118,    0.7101883
robot_119
    -22.1549,    -33.69809,            0,            0,            0,    0.8852283,    0.4651568
robot_82
    29.90206,    -31.33651,            0,            0,            0,   -0.4335615,     0.901124
robot_77
  -0.9242482,     34.02442,            0,            0,            0,    0.7496892,    0.6617901
robot_5
    25.95042,    -27.56186,            0,            0,            0,    -0.998324,   0.05787139
robot_133
   -9.958578,     37.87423,            0,            0,            0,    0.9915085,     0.130042
robot_99
   -30.07931,    -32.57403,            0,            0,            0,    0.9732428,    0.2297791
robot_171
    4.696714,     6.001883,            0,            0,            0,    0.4977193,    0.8673381
robot_180
    -6.41034,     5.949238,            0,            0,            0,    0.9981036,   0.06155673
robot_56
   -2.056912,    -25.93269,            0,            0,            0,   -0.5995757,     0.800318
robot_3
   -6.170806,     33.95569,            0,            0,            0,    0.8846657,     0.466226
robot_81
    29.79707,    -21.87968,            0,            0,            0,  -0.09968813,    0.9950187
robot_167
    25.96591,     34.41976,            0,            0,            0,   -0.5893202,    0.8078995
robot_25
   -14.11748,    -18.29427,            0,            0,            0,    0.7502997,    0.6610978
robot_168
   -33.04222,     9.968207,            0,            0,            0,   -0.9702115,    0.2422594
robot_96
    2.103669,    -5.978809,            0,            0,            0,    0.8730876,    0.4875634
robot_166
   -38.53745,      9.95715,            0,            0,            0,   -0.9315291,    0.3636669
robot_102
   -23.91325,    -6.005147,            0,            0,            0,   -0.9934584,    0.1141942
robot_192
    29.94168,     1.263509,            0,            0,            0,   -0.8927391,    0.4505739
robot_179
   -12.71095,     38.02402,            0,            0,            0,   -0.9962664,   0.08633214
robot_142
    17.91591,     19.77444,            0,            0,            0,   -0.7167778,    0.6973017
robot_1
    1.945982,     15.68842,            0,            0,            0,   -0.5462295,    0.8376356
robot_44
   -7.821607,    -30.00544,            0,            0,            0,    0.9144614,    0.4046731
robot_163
    9.908201,     38.86012,            0,            0,            0,   -0.5915239,    0.8062875
robot_79
   -6.079365,     12.02532,            0,            0,            0,    0.8370292,    0.5471582
robot_8
     13.9145,     17.90852,            0,            0,            0,    -0.970064,    0.2428494
robot_20
    38.15594,     17.84233,            0,            0,            0,    0.6255238,    0.7802051
robot_143
-0.004024885,     5.987335,            0,            0,            0,   -0.6552998,    0.7553689
robot_138
   -27.47015,    -14.01059,            0,            0,            0,   -0.8488629,     0.528613
robot_123
   -15.16459,     26.02498,            0,            0,            0,    0.9535201,    0.3013293
robot_193
     29.9045,     20.97673,            0,            0,            0,   -0.6887237,     0.725024
robot_187
   -11.75983,    -38.03066,            0,            0,            0,    0.3758107,    0.9266964
robot_176
   -38.10339,     13.96798,            0,            0,            0,    -0.914631,    0.4042896
robot_66
    25.96543,     30.71577,            0,            0,            0,    0.9580119,    0.2867286
robot_63
   -14.03464,    -30.31188,            0,            0,            0,  -0.06722388,    0.9977379
robot_31
   -30.35572,    -6.025647,            0,            0,            0,    0.9388834,    0.3442354
robot_159
   -22.06492,     17.76274,            0,            0,            0,    0.9024659,    0.4307613
robot_160
     11.7569,    -26.03028,            0,            0,            0,    0.4558144,    0.8900748
robot_151
   -22.10499,     29.87386,            0,            0,            0,   -0.9369597,    0.3494375
robot_150
    13.77163,    -14.09693,            0,            0,            0,    0.3061693,    0.9519771
robot_137
    33.95236,      13.6724,            0,            0,            0,     0.355757,    0.9345785
robot_199
    3.906383,     18.00977,            0,            0,            0,   -0.3108588,    0.9504561
robot_54
   -8.170591,     -37.9911,            0,            0,            0,   0.04503353,    0.9989855
robot_117
    26.29698,    -29.92449,            0,            0,            0,   -0.6312927,    0.7755446
robot_36
   -18.79286,    -1.981532,            0,            0,            0,    0.4090522,     0.912511
robot_33
   -30.08909,    -25.59875,            0,            0,            0,   -0.7543422,    0.6564814
robot_146
     14.0047,     13.90002,            0,            0,            0,    0.2124652,    0.9771686
robot_156
    29.90676,    -14.21181,            0,            0,            0,    0.4201403,    0.9074591
robot_112
    -13.9929,     13.88609,            0,            0,            0,    0.6052543,    0.7960322
robot_19
   -2.077497,    -32.09803,            0,            0,            0,   -0.1271679,    0.9918812
robot_141
    -34.0815,    -20.70435,            0,            0,            0,   0.05928044,    0.9982414
robot_35
   -2.777592,    -21.98581,            0,            0,            0,    0.8190678,    0.5736968
robot_184
   -26.53984,    -34.08006,            0,            0,            0,   -0.4302957,     0.902688
robot_98
   -24.06982,    -29.98317,            0,            0,            0,    0.7471883,    0.6646124
robot_100
    -35.3752,     -34.0227,            0,            0,            0,   0.04015694,    0.9991934
robot_164
   -37.60537,     25.97025,            0,            0,            0,    0.1944549,    0.9809115
robot_59
   -26.17819,    -2.092892,            0,            0,            0,    0.3429038,    0.9393705
robot_144
    37.53007,     26.03962,            0,            0,            0,     0.874697,    0.4846702
robot_101
   -13.34707,    -2.032387,            0,            0,            0,    0.6112508,     0.791437
robot_161
   -6.219462,     1.953795,            0,            0,            0,   0.03799728,    0.9992778
robot_149
   -2.033145,     26.42439,            0,            0,            0,   -0.4487128,     0.893676
robot_86
    39.09365,     5.985265,            0,            0,            0,    0.8689465,    0.4949061
robot_191
   -35.82853,     30.02786,            0,            0,            0,   0.07839276,    0.9969226
robot_126
    13.50165,    -30.02974,            0,            0,            0,    0.9243279,    0.3815991
robot_190
    33.94471,     17.47908,            0,            0,            0,    0.9738725,    0.2270956
robot_131
   -22.08268,    -5.142319,            0,            0,            0,   -0.7042289,     0.709973
robot_154
   0.8988887,     10.02092,            0,            0,            0,    0.2998277,    0.9539934
robot_9
    5.938986,    -36.78579,            0,            0,            0,     0.932661,    0.3607539
robot_27
      4.5999,     13.98806,            0,            0,            0,    0.9407818,    0.3390128
robot_34
     17.9509,     38.61602,            0,            0,            0,    0.9940504,    0.1089215
robot_114
   -34.05875,    -12.98237,            0,            0,            0,    0.3472909,    0.9377575
robot_51
    -2.13579,    -29.76199,            0,            0,            0,   -0.7623161,    0.6472049
robot_108
    29.16842,    -26.02771,            0,            0,            0,   -0.7564803,    0.6540165
robot_147
    25.64897,     26.03529,            0,            0,            0,   -0.9395422,    0.3424332
robot_183
    2.883604,     30.00217,            0,            0,            0,    0.7574284,    0.6529183
robot_48
   -29.97139,     5.732657,            0,            0,            0,   -0.8099971,    0.5864339
robot_60
   -26.47872,     29.96644,            0,            0,            0,    0.9860096,    0.1666885
robot_75
    38.02747,    -29.70802,            0,            0,            0,   -0.9946857,    0.1029581
robot_152
    31.68083,     22.01348,            0,            0,            0,    -0.770101,     0.637922
robot_26
    33.92848,    -14.10718,            0,            0,            0,    0.9911489,    0.1327549
robot_182
    25.92017,    -17.64728,            0,            0,            0,   -0.9888746,    0.1487516
robot_172
    13.95145,     34.90225,            0,            0,            0,   0.04287653,    0.9990804
robot_43
    9.980275,    -9.765877,            0,            0,            0,    0.9806344,    0.1958472
robot_170
    -6.07691,    -33.80236,            0,            0,            0,    0.6893718,    0.7244077
robot_177
    29.93193,     32.71506,            0,            0,            0,    0.4397725,    0.8981092
robot_80
    22.13992,     -34.0267,            0,            0,            0,   -0.2300896,    0.9731695
robot_16
   -4.512356,     14.03175,            0,            0,            0,    0.2941846,    0.9557486
robot_13
   -29.53129,     17.97835,            0,            0,            0,    -0.110583,    0.9938669
robot_178
   -33.10372,    -18.02875,            0,            0,            0,   -0.7329864,    0.6802433
robot_88
    12.14097,     -34.0314,            0,            0,            0,    0.4662734,    0.8846407
robot_194
   -9.960849,    -17.85061,            0,            0,            0,  -0.04624697,      0.99893
robot_29
    33.85461,    -26.12032,            0,            0,            0,    0.2536399,    0.9672987
robot_92
   -10.09704,     17.08651,            0,            0,            0,    0.8634011,    0.5045181
robot_87
   -29.69438,    -9.994365,            0,            0,            0,   -0.4799832,    0.8772777
robot_68
    17.91876,     30.30269,            0,            0,            0,    0.7562499,    0.6542829
robot_22
   -30.06828,      15.8674,            0,            0,            0,   -0.8621373,    0.5066748
robot_38
    29.91906,    -8.368962,            0,            0,            0,    0.9442552,    0.3292144
robot_2
   -6.121779,     9.974061,            0,            0,            0,   -0.9765042,    0.2154982
robot_110
    -17.3808,    -30.00129,            0,            0,            0,    0.9017678,    0.4322207
robot_14
    33.99403,     21.79292,            0,            0,            0,  -0.03123996,    0.9995119
robot_181
    18.11946,    -25.87478,            0,            0,            0,  -0.07146706,     0.997443
robot_61
    17.95924,     26.01935,            0,            0,            0,   -0.9923822,    0.1231973
robot_30
    7.601208,    -37.96805,            0,            0,            0,    0.9425244,    0.3341373
robot_122
    17.63253,     10.05177,            0,            0,            0,    -0.656143,    0.7546366
robot_132
    24.89962,     37.98995,            0,            0,            0,    0.9777043,    0.2099863
robot_45
   -2.052273,    -6.436592,            0,            0,            0,    0.9408045,    0.3389497
robot_21
   -14.52941,     17.99718,            0,            0,            0,    0.8261216,    0.5634919
robot_39
    25.92361,     1.840379,            0,            0,            0,   -0.7172025,    0.6968648
robot_134
    13.87192,    -6.081086,            0,            0,            0,   0.07065774,    0.9975006
robot_15
      21.749,     17.92627,            0,            0,            0,   -0.7270932,    0.6865387
robot_145
    11.20083,      -18.014,            0,            0,            0,   -0.7720858,    0.6355183
robot_140
   -25.21232,      13.9782,            0,            0,            0,     0.812553,    0.5828873
