tuw_multi_robot_msgs::RobotGoalsArray @1970-01-01T01:23:00.400000
frame_id: map
        4980,    400000000
robot_84
   -39.43796,    -22.00561,            0,            0,            0,   -0.3176984,    0.9481918
robot_116
   -6.095612,     5.517873,            0,            0,            0,   -0.8567426,    0.5157442
robot_74
    29.97589,     17.72811,            0,            0,            0,    -0.976502,    0.2155081
robot_41
     1.94384,    -25.79293,            0,            0,            0,   -0.2051235,    0.9787361
robot_125
   -14.04254,     16.65185,            0,            0,            0,   -0.9328096,    0.3603696
robot_136
   -20.98627,    -25.99061,            0,            0,            0,   -0.9998644,   0.01646567
robot_173
    37.91331,     26.03676,            0,            0,            0,    0.2788665,    0.9603299
robot_67
    17.95955,     -14.2487,            0,            0,            0,    0.4806326,    0.8769221
robot_197
   -6.486489,     37.91937,            0,            0,            0,   -0.5455511,    0.8380775
robot_119
   -6.067785,    -20.18403,            0,            0,            0,    0.3388643,    0.9408353
