tuw_multi_robot_msgs::RobotGoalsArray @1970-01-01T01:12:46
frame_id: map
        4366,            0
robot_84
    -34.0742,      33.6829,            0,            0,            0,    0.9998944,   0.01452914
robot_116
    17.92662,    -20.44932,            0,            0,            0,    0.8261849,     0.563399
robot_74
   -29.99432,    -1.725865,            0,            0,            0,   -0.8499239,    0.5269055
robot_41
   0.9574072,     -5.96773,            0,            0,            0,   -0.7431602,    0.6691135
robot_125
   -30.21861,     10.21278,            0,            0,            0,    0.7948613,    0.6067912
robot_136
     13.9198,    -12.12287,            0,            0,            0,   -0.9680418,    0.2507888
robot_173
    -12.8385,    -9.995402,            0,            0,            0,    0.8751261,    0.4838949
robot_67
    25.96603,     4.302026,            0,            0,            0,   -0.7503646,    0.6610242
robot_197
    21.90729,     31.95123,            0,            0,            0,   -0.4812392,    0.8765893
robot_119
   -25.04898,    -25.99248,            0,            0,            0,   -0.4808614,    0.8767966
robot_82
    29.93804,     28.86007,            0,            0,            0,    0.9997147,   0.02388535
robot_77
    23.89017,     9.978897,            0,            0,            0,     0.827679,    0.5612019
robot_5
   -18.04579,     38.60112,            0,            0,            0,    0.4792948,     0.877654
robot_133
   -26.11201,     30.17429,            0,            0,            0,    0.8476384,    0.5305744
robot_99
   -18.06713,     3.272521,            0,            0,            0,     0.575495,    0.8178053
robot_171
    9.927169,    -5.242134,            0,            0,            0,   -0.9996049,    0.0281084
robot_180
    18.33378,    -26.05787,            0,            0,            0,    0.8819498,    0.4713433
robot_56
    37.47015,    -22.01857,            0,            0,            0,    0.7276688,    0.6859286
robot_3
   -30.06345,    -6.801965,            0,            0,            0,    0.6957351,    0.7182984
robot_81
    21.93549,     35.38041,            0,            0,            0,    0.5866071,    0.8098717
robot_167
    14.14487,     10.08052,            0,            0,            0,   0.04034071,     0.999186
robot_25
    29.34839,    -9.984119,            0,            0,            0,    0.8642781,    0.5030144
robot_168
   -30.06956,     4.974301,            0,            0,            0,   0.05203737,    0.9986451
robot_96
    18.05515,    -13.89558,            0,            0,            0,    0.2631678,    0.9647501
robot_166
   -34.04958,    -15.26517,            0,            0,            0,    0.9699761,    0.2432001
robot_102
   -13.79317,    -30.07966,            0,            0,            0,   -0.7407975,    0.6717284
robot_192
    14.10874,     1.845702,            0,            0,            0,     0.819958,    0.5724237
robot_179
   -17.12487,     25.98378,            0,            0,            0,    0.4025359,    0.9154042
robot_142
   -38.05764,     31.18851,            0,            0,            0,    0.7372143,     0.675659
robot_1
    29.95302,      11.8993,            0,            0,            0,    0.2437094,    0.9698483
robot_44
   -38.03987,     7.829712,            0,            0,            0,    -0.985133,    0.1717934
robot_163
    11.74544,     34.02426,            0,            0,            0,    0.1046594,    0.9945081
robot_79
    35.08096,    -17.99439,            0,            0,            0,    0.7804159,    0.6252608
robot_8
    34.51981,     -21.9923,            0,            0,            0,   -0.9737641,    0.2275597
robot_20
    29.97715,    -13.63596,            0,            0,            0,    0.1567068,    0.9876452
robot_143
     23.6524,     -14.0161,            0,            0,            0,   -0.9953601,   0.09622003
robot_138
   -23.91937,     25.99319,            0,            0,            0,   -0.9681044,    0.2505472
robot_123
   -22.07511,      4.05818,            0,            0,            0,   -0.9759993,    0.2177736
robot_193
    32.67058,     10.00289,            0,            0,            0,   -0.5514542,    0.8342051
robot_187
     5.91436,      36.8203,            0,            0,            0,    0.9997744,   0.02124209
robot_176
   -23.72345,    -38.01579,            0,            0,            0,    0.9560574,    0.2931795
robot_66
   -29.21699,    -13.99852,            0,            0,            0,   -0.8372607,    0.5468039
robot_63
    3.822859,    -14.02542,            0,            0,            0,     0.656585,     0.754252
robot_31
    18.25456,     6.035808,            0,            0,            0,    0.9721609,    0.2343143
robot_159
   -10.24739,    -34.14836,            0,            0,            0,   -0.9216217,    0.3880895
robot_160
    9.960056,    -17.27868,            0,            0,            0,   -0.7450236,    0.6670381
robot_151
    32.64486,    -13.98084,            0,            0,            0,    0.5821452,    0.8130848
robot_150
   -17.96869,     -1.79102,            0,            0,            0,    0.6336423,    0.7736262
robot_137
     5.01125,    -29.99237,            0,            0,            0,    0.9999998, 0.0006379714
robot_199
   -14.10877,    -26.24502,            0,            0,            0,   -0.1193758,    0.9928491
robot_54
   -2.056224,    -7.279768,            0,            0,            0,   -0.2546259,    0.9670396
robot_117
   -3.506084,    -10.01957,            0,            0,            0,    0.6007398,    0.7994446
robot_36
    9.715526,     21.89337,            0,            0,            0,   -0.9357515,    0.3526601
robot_33
    1.901586,     32.38961,            0,            0,            0,  -0.03958795,    0.9992161
robot_146
     25.9051,    -1.899201,            0,            0,            0,    0.8933244,    0.4494124
robot_156
   -14.07258,   -0.6258076,            0,            0,            0,   -0.8119334,    0.5837501
robot_112
   -9.761924,    -17.96308,            0,            0,            0,    0.8385722,    0.5447905
robot_19
    25.96196,    -35.63706,            0,            0,            0,    0.7334649,    0.6797273
robot_141
   -33.88969,    -10.13367,            0,            0,            0,    0.1980209,    0.9801978
robot_35
    21.94392,    -18.59068,            0,            0,            0,   -0.2148106,    0.9766557
robot_184
     -38.107,     21.95019,            0,            0,            0,    0.9363213,    0.3511445
robot_98
    26.62668,     22.03248,            0,            0,            0,    0.3647966,    0.9310872
robot_100
   -26.06714,      1.46517,            0,            0,            0,    0.7587978,    0.6513263
robot_164
    37.91335,     -14.9584,            0,            0,            0,    0.4100121,    0.9120801
robot_59
    10.07092,     9.791166,            0,            0,            0,    0.8889276,    0.4580478
robot_144
    -37.8018,    -18.05361,            0,            0,            0,    0.3218429,    0.9467931
robot_101
   -7.869327,     1.973219,            0,            0,            0,   -0.7515598,    0.6596649
robot_161
   -13.97393,     18.27407,            0,            0,            0,   -0.9406807,    0.3392931
robot_149
   -34.03581,     19.56061,            0,            0,            0,    0.3041413,    0.9526269
robot_86
    17.48621,     30.00182,            0,            0,            0,    0.2137909,    0.9768794
robot_191
   -6.076399,    -15.87867,            0,            0,            0,    -0.860463,    0.5095129
robot_126
   -2.422907,    -30.09098,            0,            0,            0,    0.8115614,    0.5842671
robot_190
     19.2581,     1.994858,            0,            0,            0,   -0.1197637,    0.9928024
robot_131
    6.556196,     22.00825,            0,            0,            0,    0.3276872,    0.9447863
robot_154
   -0.293611,    -21.99029,            0,            0,            0,    0.4537988,    0.8911042
robot_9
   -14.16007,     5.805914,            0,            0,            0,    0.7439028,    0.6682878
robot_27
    25.81738,    -5.947474,            0,            0,            0,   -0.8399885,    0.5426042
robot_34
   -37.00013,    -13.99906,            0,            0,            0,   -0.6651244,    0.7467325
robot_114
   -34.14995,     26.33709,            0,            0,            0,   -0.7229282,    0.6909232
robot_51
    -22.0797,     9.583317,            0,            0,            0,    0.7523146,    0.6588041
