tuw_multi_robot_msgs::RobotGoalsArray @1970-01-01T00:47:16.500000
frame_id: map
        2836,    500000000
robot_84
    7.833677,    -33.96732,            0,            0,            0,     0.198486,    0.9801037
robot_116
    33.91213,     33.41429,            0,            0,            0,    0.9987267,   0.05044756
robot_74
   -6.200159,     37.96865,            0,            0,            0,    0.8773729,    0.4798092
robot_41
   -33.84015,    -13.94186,            0,            0,            0,   -0.5723492,      0.82001
robot_125
   -35.59247,     21.98574,            0,            0,            0,   -0.7731096,    0.6342725
robot_136
   -16.84045,    -10.00443,            0,            0,            0,   -0.3357294,    0.9419585
robot_173
    -30.0541,    -6.773606,            0,            0,            0,   -0.5978453,    0.8016115
robot_67
    17.86874,    -17.86207,            0,            0,            0,   -0.1431168,    0.9897058
robot_197
   -18.33752,    -18.08046,            0,            0,            0,    0.9427298,    0.3335575
robot_119
    37.93522,     12.19955,            0,            0,            0,   -0.1952977,     0.980744
robot_82
    9.931818,     27.32617,            0,            0,            0,    0.8708542,    0.4915415
robot_77
   -6.072583,     2.072846,            0,            0,            0,    0.9384061,    0.3455344
robot_5
   -24.64002,       -26.01,            0,            0,            0,   -0.5499729,    0.8351825
robot_133
   -5.113698,    -5.997697,            0,            0,            0,   -0.9786634,    0.2054702
robot_99
    12.53595,     5.984287,            0,            0,            0,    0.8132332,     0.581938
robot_171
   -21.87714,    -1.902707,            0,            0,            0,    0.8810852,    0.4729576
robot_180
    14.68665,    -1.967226,            0,            0,            0,   -0.9978238,   0.06593657
robot_56
    21.76286,     22.15436,            0,            0,            0,   -0.3984164,    0.9172047
robot_3
   -26.07377,    -4.635777,            0,            0,            0,    0.9810683,    0.1936619
robot_81
    9.143997,     -38.0197,            0,            0,            0,    0.5661841,    0.8242788
robot_167
     15.2697,     2.001995,            0,            0,            0,   -0.5837543,    0.8119304
robot_25
   -22.04407,     32.90507,            0,            0,            0,    0.3247986,    0.9457832
robot_168
   -26.03492,     17.29163,            0,            0,            0,    0.8599603,    0.5103609
robot_96
    30.31312,     17.99683,            0,            0,            0,   -0.9272204,    0.3745161
robot_166
    15.99245,    -6.015991,            0,            0,            0,    0.9472045,    0.3206301
robot_102
   -18.06673,    -37.38387,            0,            0,            0,    0.6149002,     0.788605
robot_192
   -2.052197,     15.89478,            0,            0,            0,   -0.9832866,    0.1820645
robot_179
    17.82492,     1.817904,            0,            0,            0,    0.6858812,    0.7277135
robot_142
   -0.244741,     25.99687,            0,            0,            0,   -0.3881032,    0.9216159
robot_1
   -34.29876,     -5.84204,            0,            0,            0,   -0.9641025,    0.2655304
robot_44
   -30.20356,     34.21414,            0,            0,            0,    -0.690902,    0.7229484
robot_163
   -2.015774,    -9.922944,            0,            0,            0,    0.9243959,    0.3814344
robot_79
   -6.302909,      14.0032,            0,            0,            0,    0.7311039,    0.6822661
robot_8
    13.96254,     30.13411,            0,            0,            0,    0.9996909,   0.02486048
robot_20
   -12.42073,    -37.97572,            0,            0,            0,    0.7732854,    0.6340581
robot_143
    11.72654,     2.007825,            0,            0,            0,    0.2376788,    0.9713438
robot_138
   -9.934013,     17.86389,            0,            0,            0,    0.2375349,     0.971379
robot_123
   -15.26939,    -13.97568,            0,            0,            0,   -0.3824985,    0.9239561
robot_193
   -5.913002,     22.10466,            0,            0,            0,    0.4473067,    0.8943806
robot_187
   -26.00133,    -18.00143,            0,            0,            0,    0.5320877,    0.8466892
robot_176
     37.0583,     6.019583,            0,            0,            0,    0.9051774,    0.4250339
robot_66
   -2.097036,     24.67837,            0,            0,            0,    0.1661892,    0.9860939
robot_63
   -9.991542,     2.128925,            0,            0,            0,   -0.9941001,    0.1084662
robot_31
    37.91677,    -33.12502,            0,            0,            0,   -0.9655104,    0.2603644
robot_159
    18.56485,     5.989379,            0,            0,            0,     0.182676,    0.9831732
robot_160
    11.38513,     -6.01794,            0,            0,            0,   -0.9484305,    0.3169851
robot_151
   -21.41075,     14.01471,            0,            0,            0,   -0.8045547,    0.5938785
robot_150
   -34.08366,     31.70656,            0,            0,            0,   -0.9282172,    0.3720388
robot_137
    10.07477,    -9.814775,            0,            0,            0,   -0.7905145,    0.6124433
robot_199
   -5.195575,    -17.99884,            0,            0,            0, -0.004162612,    0.9999913
