tuw_multi_robot_msgs::RobotGoalsArray @1970-01-01T01:37:56.200000
frame_id: map
        5876,    200000000
robot_84
      33.864,     6.213056,            0,            0,            0,   -0.4405602,    0.8977231
robot_116
   -8.844911,    -13.98028,            0,            0,            0,   -0.5958259,    0.8031136
robot_74
    22.75265,    -25.97802,            0,            0,            0,  -0.04428871,    0.9990188
robot_41
    5.735311,     21.83998,            0,            0,            0,   -0.2156515,    0.9764704
robot_125
    17.89231,     22.03301,            0,            0,            0,   -0.9902625,    0.1392124
robot_136
    13.77617,    -18.09943,            0,            0,            0,   -0.4633456,    0.8861777
robot_173
    21.92398,    -18.37044,            0,            0,            0,    0.9769917,    0.2132773
robot_67
    9.954531,    -32.40497,            0,            0,            0,    0.9905708,    0.1370016
robot_197
    17.50911,     -2.04933,            0,            0,            0,    -0.148946,    0.9888453
robot_119
    33.90699,     29.93359,            0,            0,            0,    0.9954188,   0.09561067
robot_82
    25.93918,    -13.00832,            0,            0,            0,   -0.5816964,     0.813406
robot_77
   -30.04707,    -8.723781,            0,            0,            0,    0.8874494,    0.4609052
robot_5
   -38.04356,    -29.83432,            0,            0,            0,    0.6567655,    0.7540949
robot_133
   -33.08463,    -10.02494,            0,            0,            0,   -0.9990717,    0.0430782
robot_99
    13.96543,     10.51668,            0,            0,            0,    0.7126906,    0.7014785
robot_171
   -6.093495,     19.21959,            0,            0,            0,   -0.8225481,    0.5686955
robot_180
   -14.05272,     -10.5297,            0,            0,            0,   -0.2322272,    0.9726616
robot_56
    37.94689,     30.78524,            0,            0,            0,    0.1631372,    0.9866034
robot_3
    5.801493,    -25.94831,            0,            0,            0,    0.9580515,     0.286596
robot_81
   -30.08339,     27.29238,            0,            0,            0,    0.9949941,   0.09993409
robot_167
    9.925845,     33.31217,            0,            0,            0,    0.4163476,    0.9092055
robot_25
   -34.07811,    -12.52895,            0,            0,            0,    0.8124555,    0.5830231
robot_168
    22.02452,    -29.75235,            0,            0,            0,   -0.7582271,    0.6519905
robot_96
   -25.93841,     5.834789,            0,            0,            0,   -0.6561524,    0.7546284
robot_166
   -18.04242,     -11.1126,            0,            0,            0,   -0.9346642,    0.3555318
robot_102
   -37.97874,     30.00967,            0,            0,            0,    0.8707545,    0.4917181
robot_192
   -14.29949,     14.13655,            0,            0,            0,    0.3586246,    0.9334819
robot_179
    25.84055,    -1.943879,            0,            0,            0,     0.264902,    0.9642753
robot_142
    5.911514,    -6.602203,            0,            0,            0,   -0.5736762,    0.8190822
robot_1
   -26.59324,     38.00626,            0,            0,            0,   -0.9712399,    0.2381031
robot_44
   -2.038195,    -15.27991,            0,            0,            0,    0.9591162,    0.2830127
robot_163
   -22.94177,     34.03338,            0,            0,            0,    0.8491798,    0.5281038
robot_79
    29.83357,     -5.95653,            0,            0,            0,   -0.5127765,    0.8585222
robot_8
   -1.902813,    -5.992804,            0,            0,            0,    0.9635289,    0.2676042
robot_20
   -1.457141,      6.00511,            0,            0,            0,    0.2864039,     0.958109
robot_143
    35.82093,     6.029829,            0,            0,            0,    0.3226582,    0.9465156
robot_138
   -19.96405,     14.03186,            0,            0,            0,    0.8285586,    0.5599023
robot_123
    17.84176,      26.2438,            0,            0,            0,   0.08158794,    0.9966661
robot_193
    17.92721,     33.44768,            0,            0,            0,   -0.4951568,    0.8688036
robot_187
   -10.52236,     18.01996,            0,            0,            0,   -0.1793548,    0.9837845
robot_176
    5.964896,     -10.3775,            0,            0,            0,   -0.7908154,    0.6120547
robot_66
    27.68216,    -18.00673,            0,            0,            0,   -0.3372924,    0.9413999
robot_63
    21.92877,    -21.22906,            0,            0,            0,   -0.5200594,    0.8541301
robot_31
    29.90263,     22.12179,            0,            0,            0,   -0.5115368,    0.8592614
robot_159
    5.996524,     6.280834,            0,            0,            0,   -0.6858767,    0.7277178
robot_160
    -29.5789,    -33.99182,            0,            0,            0,  -0.05272727,    0.9986089
robot_151
   -33.96412,    -21.92978,            0,            0,            0,    0.2083183,    0.9780611
robot_150
   -36.28827,     18.01452,            0,            0,            0,     0.688436,    0.7252971
robot_137
   -30.06451,      7.09309,            0,            0,            0,    -0.981901,    0.1893947
robot_199
    25.92181,    -25.84281,            0,            0,            0,    0.1503668,    0.9886303
robot_54
   -27.31845,      17.9733,            0,            0,            0,   -0.8823422,    0.4706084
robot_117
   -22.08116,     -7.84299,            0,            0,            0,     0.679196,    0.7339569
robot_36
   -2.069407,    -28.29358,            0,            0,            0,   -0.9786835,    0.2053744
robot_33
   -11.40249,    -18.02374,            0,            0,            0,    0.9190163,    0.3942195
robot_146
    2.294414,    -21.92146,            0,            0,            0,    0.6596344,    0.7515867
robot_156
   -9.655051,     37.91348,            0,            0,            0,    0.9651801,    0.2615864
robot_112
    13.79803,    -30.14429,            0,            0,            0,   -0.9880296,    0.1542645
robot_19
   -24.72524,    -37.97126,            0,            0,            0,   -0.6278221,    0.7783569
robot_141
   -26.09127,     8.575263,            0,            0,            0,   -0.8119765,    0.5836901
robot_35
    15.28568,    -38.01857,            0,            0,            0,   -0.6617158,    0.7497548
robot_184
   -9.913676,    -29.85945,            0,            0,            0,   -0.9547159,    0.2975189
robot_98
    -34.1454,     13.85551,            0,            0,            0,    0.1674127,    0.9858869
robot_100
   -4.772782,    -22.00016,            0,            0,            0,   -0.9873243,     0.158716
robot_164
   -2.094431,     10.78528,            0,            0,            0,   -0.5966973,    0.8024664
robot_59
   -26.09191,     13.08143,            0,            0,            0,   -0.9757067,    0.2190809
robot_144
   -6.259895,    -26.04407,            0,            0,            0,    0.9880886,    0.1538861
robot_101
   -31.54645,    -18.02417,            0,            0,            0,   0.06055245,     0.998165
robot_161
   -30.06497,     21.43597,            0,            0,            0,     0.893129,    0.4498006
robot_149
    25.87233,    -21.76862,            0,            0,            0,  -0.05052732,    0.9987227
robot_86
    29.06076,    -37.98955,            0,            0,            0,   0.08870241,    0.9960582
robot_191
    6.155899,     25.92186,            0,            0,            0,    0.9968228,   0.07965072
robot_126
   -37.19705,     6.002818,            0,            0,            0,   -0.9949959,   0.09991559
robot_190
   -14.05432,     8.369255,            0,            0,            0,    0.3169343,    0.9484475
robot_131
   -26.00719,     22.22515,            0,            0,            0,    0.1752482,    0.9845243
robot_154
   -14.05275,     29.95903,            0,            0,            0,    0.5904994,    0.8070381
robot_9
   -32.01463,     26.02067,            0,            0,            0,   -0.5746357,    0.8184093
robot_27
    37.92035,     10.89345,            0,            0,            0,     0.220109,    0.9754753
robot_34
    33.94583,     18.94098,            0,            0,            0,   -0.6103268,    0.7921497
robot_114
   -6.060975,   -0.5768631,            0,            0,            0,    0.9470598,    0.3210573
robot_51
    -22.0678,     4.290118,            0,            0,            0,   -0.7907493,    0.6121402
robot_108
    21.45753,     18.00386,            0,            0,            0,   -0.8591024,    0.5118038
robot_147
    37.92842,     15.52537,            0,            0,            0,   -0.9445273,     0.328433
robot_183
   -4.895092,    -18.00697,            0,            0,            0,   -0.7186574,    0.6953644
robot_48
   -18.09001,     11.21489,            0,            0,            0,   -0.3120149,    0.9500772
robot_60
   -22.08948,     19.30559,            0,            0,            0,   -0.7411264,    0.6713655
robot_75
    35.26037,     9.996711,            0,            0,            0,    0.4950768,    0.8688492
robot_152
   -38.10722,    -6.345684,            0,            0,            0,   -0.8431541,    0.5376721
robot_26
    13.95714,    -7.456674,            0,            0,            0,    0.8810716,    0.4729829
robot_182
     33.9126,    -29.43878,            0,            0,            0,  -0.04707559,    0.9988913
robot_172
    21.88673,      5.90845,            0,            0,            0,    0.9459261,    0.3243821
robot_43
    1.435675,    -17.92483,            0,            0,            0,   -0.8097864,    0.5867247
robot_170
   -27.94782,     6.001289,            0,            0,            0,    0.3214951,    0.9469113
robot_177
     1.81714,     29.80168,            0,            0,            0,   -0.9824706,    0.1864177
robot_80
   -4.201066,     10.01711,            0,            0,            0,    0.7902375,    0.6128006
robot_16
   -38.71633,    -18.00385,            0,            0,            0,   -0.1248969,    0.9921697
robot_13
   -18.05615,    -34.24595,            0,            0,            0,   -0.8559737,    0.5170194
robot_178
   -5.593397,     33.95564,            0,            0,            0,     0.993755,    0.1115841
robot_88
   -21.83802,     26.14497,            0,            0,            0,    0.9417005,    0.3364522
robot_194
    9.924638,    -16.65098,            0,            0,            0,    0.3729323,    0.9278586
robot_29
    33.49297,     14.04606,            0,            0,            0,   -0.9999754,  0.007013216
robot_92
    13.92243,     8.016682,            0,            0,            0,   -0.6446399,    0.7644864
robot_87
    9.916996,     18.27049,            0,            0,            0,    0.9974959,   0.07072376
robot_68
   -5.337484,    -10.00253,            0,            0,            0,   -0.5342764,    0.8453098
robot_22
    33.95386,   -0.8203453,            0,            0,            0,     0.160768,    0.9869922
robot_38
    9.938573,     10.54232,            0,            0,            0,    0.6476703,    0.7619207
robot_2
   -6.567319,      26.0062,            0,            0,            0,    0.9640862,    0.2655897
robot_110
   -10.14225,    -33.64657,            0,            0,            0,    0.3167137,    0.9485212
robot_14
    9.912519,     29.11495,            0,            0,            0,    0.7347365,    0.6783526
robot_181
   -30.09731,    -21.45364,            0,            0,            0,   -0.7940106,    0.6079039
robot_61
    -38.0461,     19.27749,            0,            0,            0,    0.6135857,    0.7896282
robot_30
   -22.08167,    -36.12828,            0,            0,            0,    0.9544416,    0.2983979
robot_122
   -14.83084,     -14.0197,            0,            0,            0,    0.9450498,    0.3269265
robot_132
    17.91625,    -5.796964,            0,            0,            0,    0.6863475,    0.7272737
robot_45
    33.80432,    -10.21146,            0,            0,            0,   -0.7007141,    0.7134422
robot_21
    18.93792,     17.99796,            0,            0,            0,   -0.1636646,     0.986516
robot_39
    7.659666,     9.968594,            0,            0,            0,   -0.7240123,    0.6897871
robot_134
    25.90862,      19.8728,            0,            0,            0,   -0.9870273,    0.1605523
robot_15
    5.948805,    -16.44358,            0,            0,            0,   -0.8978493,    0.4403029
robot_145
    31.87364,    -9.975513,            0,            0,            0,   -0.9920515,    0.1258322
robot_140
   -21.07593,     30.02906,            0,            0,            0,   -0.1812148,    0.9834435
robot_196
    10.13963,      22.0706,            0,            0,            0,   -0.6360244,     0.771669
robot_188
   -14.26061,    -17.88829,            0,            0,            0,    -0.896805,    0.4424259
robot_4
    25.92026,     33.96129,            0,            0,            0,   -0.5219952,    0.8529484
robot_155
      21.975,     10.12645,            0,            0,            0,   -0.4026759,    0.9153426
robot_135
   -14.06944,     20.59221,            0,            0,            0,    0.9814932,    0.1914971
robot_93
   -30.09899,      35.1839,            0,            0,            0,   -0.6864185,    0.7272067
robot_111
    -6.06121,    -12.57314,            0,            0,            0,    0.9870704,    0.1602875
robot_0
    9.092435,    -25.97029,            0,            0,            0,    0.9696095,    0.2446579
robot_49
   -2.075999,    -31.59056,            0,            0,            0,   -0.6910521,     0.722805
robot_113
    13.92213,     14.41985,            0,            0,            0,    0.1156773,    0.9932869
robot_94
    -34.0789,    -32.53753,            0,            0,            0,    -0.908991,    0.4168158
robot_40
    31.19147,    -2.029744,            0,            0,            0,   -0.5906733,    0.8069108
robot_103
   -34.04885,     30.96266,            0,            0,            0,    0.6455787,    0.7636938
robot_6
    14.16529,     25.98616,            0,            0,            0,    0.9998635,   0.01652383
robot_71
   -4.413577,    -33.97644,            0,            0,            0,   -0.2596882,    0.9656925
robot_17
    30.28881,    -33.93363,            0,            0,            0,    -0.170214,    0.9854071
robot_120
    30.09182,     25.92233,            0,            0,            0,   -0.5138179,    0.8578993
robot_189
    26.37968,      30.0234,            0,            0,            0,    0.2181775,    0.9759091
robot_148
   -10.16107,     5.694733,            0,            0,            0,   -0.6825803,    0.7308106
robot_186
   -10.09845,     27.01557,            0,            0,            0,    0.9638391,    0.2664848
robot_198
   -5.892339,      14.1492,            0,            0,            0,   -0.6527718,    0.7575546
robot_107
   -22.03615,    -29.35702,            0,            0,            0,    0.3769462,    0.9262351
robot_18
    22.02311,    -38.29896,            0,            0,            0,    0.9378824,    0.3469532
robot_23
   -38.33524,     25.99521,            0,            0,            0,   -0.9934097,    0.1146174
robot_46
    22.02023,     1.766074,            0,            0,            0,    0.9897869,     0.142555
robot_109
   -38.11581,    -22.25771,            0,            0,            0,  0.008871408,    0.9999606
robot_10
    -35.3263,    -10.00362,            0,            0,            0,   -0.4995585,    0.8662801
robot_157
    18.02259,    -29.91906,            0,            0,            0,   -0.9904762,    0.1376844
robot_70
    23.28342,     33.99239,            0,            0,            0,    0.9997531,   0.02222163
robot_55
   -26.01832,    -5.695415,            0,            0,            0,   -0.8389066,    0.5442754
