tuw_multi_robot_msgs::RobotGoalsArray @1970-01-01T00:02:02.100000
frame_id: map
         122,    100000000
robot_84
   -30.24179,     10.13155,            0,            0,            0,   -0.6159848,     0.787758
robot_116
    35.61007,    -10.01619,            0,            0,            0,   -0.5153903,    0.8569555
robot_74
   -33.97688,     10.03916,            0,            0,            0,  -0.07173022,    0.9974241
robot_41
    22.34421,     25.95843,            0,            0,            0,    0.1928244,    0.9812333
robot_125
    21.93556,     -10.0195,            0,            0,            0,   -0.8987285,    0.4385055
robot_136
   -38.07624,    -19.89608,            0,            0,            0,     0.849827,    0.5270618
robot_173
   -22.09616,      33.7593,            0,            0,            0,    0.1364268,    0.9906502
robot_67
   -39.21979,    -14.00216,            0,            0,            0,    0.9366177,     0.350353
robot_197
   -34.11854,     34.29302,            0,            0,            0,   -0.6187099,    0.7856195
robot_119
    23.45945,     2.000608,            0,            0,            0,    0.5500567,    0.8351273
robot_82
    21.93978,     31.44287,            0,            0,            0,   -0.2314466,    0.9728476
robot_77
     24.6961,    -29.98933,            0,            0,            0,   -0.1923763,    0.9813212
robot_5
   -38.07298,    -23.66386,            0,            0,            0,    0.1444834,    0.9895072
robot_133
   -25.92151,    -25.78312,            0,            0,            0,    0.6881046,    0.7256115
robot_99
   -26.09421,     38.30718,            0,            0,            0,    0.5461695,    0.8376747
robot_171
    29.81954,     30.15518,            0,            0,            0,   -0.1359266,    0.9907189
robot_180
   -20.19638,     2.007835,            0,            0,            0,    0.9730752,    0.2304877
robot_56
    2.074987,     22.17052,            0,            0,            0,   -0.9444915,    0.3285359
robot_3
   -10.03801,     18.12998,            0,            0,            0,    0.6641962,    0.7475583
robot_81
   -22.09451,     8.971467,            0,            0,            0,   -0.6545312,     0.756035
robot_167
    5.634734,      33.9956,            0,            0,            0,     -0.51689,    0.8560519
robot_25
  -0.5807785,    -25.98213,            0,            0,            0,    0.4078997,    0.9130268
robot_168
    1.906034,     15.27435,            0,            0,            0,   -0.6426849,    0.7661306
robot_96
   -34.05357,    -9.885209,            0,            0,            0,    0.9900819,    0.1404917
robot_166
    6.030526,       29.975,            0,            0,            0,    0.8193809,    0.5732494
