tuw_multi_robot_msgs::RobotGoalsArray @1970-01-01T01:39:03.500000
frame_id: map
        5943,    500000000
robot_84
   -1.945669,    -10.21656,            0,            0,            0,      0.35994,    0.9329754
robot_116
    1.960648,     17.64237,            0,            0,            0,    0.8757207,     0.482818
robot_74
   -26.99357,    -6.004343,            0,            0,            0,    0.5960813,    0.8029241
robot_41
    33.94993,      19.3289,            0,            0,            0,    0.9500737,    0.3120257
robot_125
   -22.81252,     18.00612,            0,            0,            0,   0.04595424,    0.9989435
robot_136
   -6.271748,     10.10734,            0,            0,            0,   -0.9567948,     0.290764
robot_173
    21.66795,     13.93798,            0,            0,            0,    0.2242536,    0.9745308
robot_67
   -28.41496,    -10.01755,            0,            0,            0,   -0.1401949,    0.9901239
robot_197
    9.937704,      5.73774,            0,            0,            0,    0.7793592,    0.6265774
robot_119
   -21.94424,     26.01035,            0,            0,            0,   -0.9713649,    0.2375927
robot_82
    26.12567,    -1.860508,            0,            0,            0,    0.9087186,    0.4174093
robot_77
   -37.89447,    -33.98597,            0,            0,            0,     0.806094,    0.5917875
robot_5
    14.14892,      37.8618,            0,            0,            0,   -0.9535149,    0.3013457
robot_133
    -11.6429,    -17.97155,            0,            0,            0,    0.9983055,   0.05819112
robot_99
   -2.072683,    -7.452486,            0,            0,            0,   -0.6287283,    0.7776251
robot_171
   -18.09637,     11.54681,            0,            0,            0,   -0.9869601,     0.160965
robot_180
   -30.04856,       -36.62,            0,            0,            0,   -0.7172616,     0.696804
robot_56
    9.918848,    -23.54519,            0,            0,            0,    0.4747391,    0.8801266
robot_3
    6.014565,     10.34303,            0,            0,            0,   -0.9950453,   0.09942302
robot_81
   -29.98271,    -14.07008,            0,            0,            0,     0.878338,    0.4780402
robot_167
   -25.93818,     2.091601,            0,            0,            0,    0.7035066,    0.7106887
robot_25
    13.92442,      11.2472,            0,            0,            0,   -0.9090945,    0.4165899
robot_168
   -9.722644,     17.91576,            0,            0,            0,    0.8033014,    0.5955727
robot_96
    39.27381,     25.97899,            0,            0,            0,    -0.149031,    0.9888325
robot_166
    9.939122,     30.26424,            0,            0,            0,   -0.8852474,    0.4651205
robot_102
    6.100298,    -29.90858,            0,            0,            0,    0.9647317,    0.2632351
robot_192
    2.566991,     -29.9886,            0,            0,            0,   -0.4279595,    0.9037979
robot_179
    1.911841,    -25.76998,            0,            0,            0,    0.7167607,    0.6973192
robot_142
   -5.620035,    -21.99755,            0,            0,            0,     0.982989,    0.1836646
robot_1
   -16.35627,     9.984202,            0,            0,            0,   -0.2678821,    0.9634517
robot_44
   -6.554775,     34.04931,            0,            0,            0,    0.9915018,    0.1300926
robot_163
    9.723774,    -29.83766,            0,            0,            0,    0.6977349,     0.716356
robot_79
   -38.04714,     17.04691,            0,            0,            0,   -0.9687358,    0.2480946
robot_8
    22.13336,    -18.15026,            0,            0,            0,    0.9020151,    0.4317046
robot_20
    -6.06366,    -27.31728,            0,            0,            0,   -0.6277213,    0.7784381
robot_143
   -34.09711,    -36.70834,            0,            0,            0,     0.998726,   0.05046068
robot_138
     15.0893,     34.02268,            0,            0,            0,    0.4355587,    0.9001603
robot_123
   -22.60537,     10.01817,            0,            0,            0,   -0.8321374,    0.5545695
robot_193
   -35.49266,    -21.97915,            0,            0,            0,   0.00227533,    0.9999974
robot_187
    29.85221,     18.20688,            0,            0,            0,    0.8678759,    0.4967811
robot_176
     7.45734,     30.02594,            0,            0,            0,   -0.7526758,    0.6583913
robot_66
   -22.40798,     34.07138,            0,            0,            0,   -0.4976575,    0.8673737
robot_63
    30.01527,    -2.361611,            0,            0,            0,    0.9930454,    0.1177323
robot_31
    17.92768,    -7.145786,            0,            0,            0,   -0.4238269,    0.9057432
robot_159
    24.95147,     30.03206,            0,            0,            0,    0.1771611,    0.9841819
robot_160
    13.23214,    -17.99075,            0,            0,            0,   -0.9928972,    0.1189758
robot_151
   -24.51342,     30.00536,            0,            0,            0,    0.9449122,    0.3273238
robot_150
    -17.8779,      18.0738,            0,            0,            0,    -0.956131,    0.2929393
robot_137
    33.96007,    -4.398646,            0,            0,            0,   -0.6164731,     0.787376
robot_199
    1.929845,    -20.98205,            0,            0,            0,  -0.06098359,    0.9981388
robot_54
   -6.072623,     13.70562,            0,            0,            0,     0.693554,    0.7204046
robot_117
    19.17927,     10.03146,            0,            0,            0,    0.9423633,    0.3345915
robot_36
   -14.09764,    -18.34577,            0,            0,            0,    0.5859003,    0.8103832
robot_33
   -1.933072,     5.972763,            0,            0,            0,   -0.9824411,    0.1865728
robot_146
     37.9273,    -29.33913,            0,            0,            0,   -0.9560996,    0.2930419
robot_156
    13.87997,    -38.10595,            0,            0,            0,     -0.99375,    0.1116286
robot_112
   -37.99148,     26.15389,            0,            0,            0,    0.7451243,    0.6669256
robot_19
   -18.03722,     5.968147,            0,            0,            0,   -0.9978951,   0.06484825
robot_141
   -14.05113,     9.608191,            0,            0,            0,    0.6864328,    0.7271933
robot_35
   -22.75792,     -34.0327,            0,            0,            0,   -0.7702192,    0.6377793
robot_184
   -7.720288,    -37.99594,            0,            0,            0,    0.9555104,    0.2949575
robot_98
    32.68692,    -14.02639,            0,            0,            0,   -0.5650319,    0.8250691
robot_100
    21.73887,    -2.090158,            0,            0,            0,    0.9899514,    0.1414081
robot_164
   -23.44905,    -9.978044,            0,            0,            0,    0.8745156,    0.4849974
robot_59
    37.95186,    -20.45022,            0,            0,            0,   -0.6813012,    0.7320032
robot_144
    37.91449,    -27.11193,            0,            0,            0,    0.3365275,    0.9416737
robot_101
    37.85719,     17.85268,            0,            0,            0,   -0.6569134,    0.7539661
robot_161
   -30.09624,    -22.65967,            0,            0,            0,   -0.9275922,    0.3735942
robot_149
   -29.87411,    -6.018288,            0,            0,            0,    0.9841956,    0.1770848
robot_86
    25.89273,    -30.21442,            0,            0,            0,   -0.9704528,    0.2412909
robot_191
    14.02987,     22.22347,            0,            0,            0,    0.9968749,   0.07899587
robot_126
    17.92541,    -1.970774,            0,            0,            0,   0.07877331,    0.9968926
robot_190
    26.94152,    -13.97599,            0,            0,            0,   -0.6255889,    0.7801529
robot_131
    29.13284,     37.98637,            0,            0,            0,    0.5836979,    0.8119709
robot_154
     13.9483,    -1.067172,            0,            0,            0,    0.9475402,    0.3196366
robot_9
    9.787172,      10.1847,            0,            0,            0,   -0.7010726,    0.7130899
robot_27
    1.920636,      19.9419,            0,            0,            0,    -0.741879,    0.6705338
robot_34
   -14.08976,    -8.325266,            0,            0,            0,   -0.8931645,      0.44973
robot_114
    5.964779,    -20.30783,            0,            0,            0,   -0.9968235,    0.0796418
robot_51
   -14.09094,    -22.14601,            0,            0,            0,   -0.7602464,    0.6496348
robot_108
   -22.07214,    -7.324902,            0,            0,            0,    0.9531209,    0.3025898
robot_147
   -19.52018,    -37.99949,            0,            0,            0,  -0.06991625,    0.9975529
robot_183
    33.92851,    -24.47777,            0,            0,            0,   -0.6103406,    0.7921391
robot_48
   -34.87531,    -25.98868,            0,            0,            0,   -0.7641092,    0.6450869
robot_60
   -10.08251,     15.84677,            0,            0,            0,    0.2856564,    0.9583321
robot_75
   -10.04979,     6.131409,            0,            0,            0,    0.4154583,    0.9096122
robot_152
   -6.091089,     19.50458,            0,            0,            0,   -0.2059349,    0.9785657
robot_26
    14.39426,    -14.02803,            0,            0,            0,   -0.9229352,    0.3849555
robot_182
   -37.63532,     22.06332,            0,            0,            0,    0.9753525,    0.2206523
robot_172
    37.94412,     11.11713,            0,            0,            0,   -0.6640756,    0.7476654
robot_43
   -20.05491,     17.96827,            0,            0,            0,   -0.1124466,    0.9936578
robot_170
   -29.72762,     14.06177,            0,            0,            0,    0.8974617,    0.4410924
robot_177
   -14.09639,    -30.42624,            0,            0,            0,   -0.3343194,    0.9424598
robot_80
   -20.11828,     5.987021,            0,            0,            0,    0.2613799,     0.965236
robot_16
   -26.51887,    -21.95736,            0,            0,            0,    0.9623461,    0.2718273
robot_13
   -6.075742,      24.9332,            0,            0,            0,    0.9996269,   0.02731441
robot_178
   -25.70734,     13.98047,            0,            0,            0,    0.4561586,    0.8898985
robot_88
  -0.2556537,    -22.01447,            0,            0,            0,    0.9725298,    0.2327784
robot_194
   -10.36984,     21.94914,            0,            0,            0,    0.9966529,   0.08174934
robot_29
   -18.04713,     32.69267,            0,            0,            0,   -0.2517226,    0.9677994
robot_92
   -6.131991,    -18.05633,            0,            0,            0,  -0.05045867,    0.9987261
robot_87
    33.91716,     35.63904,            0,            0,            0,    0.8190497,    0.5737226
robot_68
    22.15856,    -21.90031,            0,            0,            0,    0.6734723,    0.7392124
robot_22
   -2.082958,     21.39686,            0,            0,            0,    -0.408188,    0.9128979
robot_38
    10.35411,     25.95215,            0,            0,            0,   -0.4757352,    0.8795885
robot_2
    29.94754,    -30.32556,            0,            0,            0,    0.1733156,    0.9848663
robot_110
    21.96572,    -12.91191,            0,            0,            0,    0.3315319,     0.943444
robot_14
    21.91065,     8.775589,            0,            0,            0,     0.769063,     0.639173
robot_181
    -9.62703,     25.91126,            0,            0,            0,    0.9929625,     0.118429
robot_61
    26.37363,    -10.06236,            0,            0,            0,     0.998048,   0.06245144
robot_30
    13.93444,    -25.26219,            0,            0,            0,   -0.8866335,    0.4624727
robot_122
   -2.100701,     29.72377,            0,            0,            0,   -0.9898463,     0.142142
robot_132
    27.29677,      9.98403,            0,            0,            0,   -0.6675948,    0.7445248
robot_45
    23.01557,     2.025871,            0,            0,            0,   -0.4991813,    0.8664976
robot_21
    19.58021,    -29.98735,            0,            0,            0,   -0.3583973,    0.9335691
robot_39
   -20.40467,    -21.97853,            0,            0,            0,   -0.1215296,    0.9925878
robot_134
    25.53784,      -18.081,            0,            0,            0,   0.06865297,    0.9976406
robot_15
   -2.047056,      8.11926,            0,            0,            0,    0.7953976,    0.6060881
robot_145
    14.88829,     2.002726,            0,            0,            0,    0.2508971,    0.9680138
robot_140
     37.9313,    -6.820039,            0,            0,            0,   -0.9228622,    0.3851304
robot_196
    17.94076,    -22.30071,            0,            0,            0,    0.4672094,    0.8841467
robot_188
    33.85937,     26.26517,            0,            0,            0,   -0.9526487,    0.3040732
robot_4
   -18.58391,     30.00482,            0,            0,            0,   -0.6041732,     0.796853
robot_155
   -22.46535,     6.088332,            0,            0,            0,   -0.4388717,    0.8985497
robot_135
    13.92852,    -10.88078,            0,            0,            0,   -0.6470348,    0.7624605
robot_93
   -7.412937,    -34.01819,            0,            0,            0,    0.5285963,    0.8488734
robot_111
   -34.04985,    -3.832542,            0,            0,            0,    0.2275847,    0.9737583
robot_0
   -38.04858,     19.11625,            0,            0,            0,    0.9901339,    0.1401242
robot_49
   -28.90921,     -1.98027,            0,            0,            0,    0.9449619,    0.3271803
robot_113
    3.681101,     13.97642,            0,            0,            0,   -0.3481009,    0.9374571
robot_94
   -15.26096,    -25.97076,            0,            0,            0,   0.07805278,    0.9969492
robot_40
    1.511487,     26.05048,            0,            0,            0,    -0.614669,    0.7887852
robot_103
   -6.076408,    -30.71998,            0,            0,            0,    0.7394105,    0.6732548
robot_6
    25.86212,     22.26775,            0,            0,            0,    0.9188597,    0.3945844
robot_71
     25.6016,     33.96507,            0,            0,            0,    0.7029332,    0.7112559
robot_17
    33.94292,    -19.48784,            0,            0,            0,    0.1080793,    0.9941423
robot_120
    4.589495,    -14.00093,            0,            0,            0,   -0.9338703,    0.3576119
robot_189
   -34.12531,    -18.08469,            0,            0,            0,  -0.09085352,    0.9958643
robot_148
    30.33193,    -10.00123,            0,            0,            0,   -0.9997561,   0.02208702
robot_186
    33.74705,    -33.99392,            0,            0,            0,     0.786502,    0.6175878
robot_198
    35.63869,     34.03196,            0,            0,            0,   -0.5541752,    0.8324001
robot_107
    17.06134,     2.022388,            0,            0,            0,     0.985533,    0.1694838
robot_18
    -13.8657,     6.071228,            0,            0,            0,    0.9729531,    0.2310029
robot_23
    9.939913,    -1.847195,            0,            0,            0,     0.459355,    0.8882528
robot_46
    9.942666,    -19.37856,            0,            0,            0,    0.9335499,    0.3584476
robot_109
    25.91516,     37.86615,            0,            0,            0,  -0.01582271,    0.9998748
robot_10
    30.94475,    -38.00281,            0,            0,            0,    -0.996498,   0.08361715
robot_157
    32.96929,    -21.97554,            0,            0,            0,    0.2023532,    0.9793126
robot_70
   -30.38146,     5.953661,            0,            0,            0,    0.8589157,     0.512117
robot_55
   -30.49328,     25.98032,            0,            0,            0,   -0.9972345,    0.0743196
