tuw_multi_robot_msgs::RobotGoalsArray @1970-01-01T01:20:06.400000
frame_id: map
        4806,    400000000
robot_84
     25.6878,     18.00684,            0,            0,            0,   -0.4163721,    0.9091943
robot_116
   -30.44524,     21.97088,            0,            0,            0,    0.6511464,    0.7589522
robot_74
    -22.0462,    -1.141124,            0,            0,            0,   -0.5303065,     0.847806
robot_41
   -6.482892,    -30.05758,            0,            0,            0,   -0.1409914,    0.9900108
robot_125
    13.68829,    -25.91084,            0,            0,            0,   -0.6967291,    0.7173344
robot_136
   -30.09669,     32.28861,            0,            0,            0,    -0.672401,    0.7401871
robot_173
   -32.47858,    -6.013037,            0,            0,            0,   -0.1451969,    0.9894028
robot_67
    13.75758,     30.02497,            0,            0,            0,  -0.02174906,    0.9997635
robot_197
    5.654917,      25.9595,            0,            0,            0,    0.5410638,    0.8409815
robot_119
    8.362903,      18.0301,            0,            0,            0,   -0.4274181,    0.9040541
robot_82
   -6.425655,    -37.95806,            0,            0,            0,   -0.3910519,    0.9203686
robot_77
   -38.36327,     14.02468,            0,            0,            0,   -0.5988233,    0.8008811
robot_5
    -14.0652,     30.71596,            0,            0,            0,   -0.6798659,    0.7333365
robot_133
    21.65193,     38.00347,            0,            0,            0,   -0.4876674,    0.8730295
robot_99
    28.66485,    -17.99241,            0,            0,            0,   -0.1829116,    0.9831294
robot_171
    9.946978,    -7.963182,            0,            0,            0,   -0.4850313,    0.8744968
robot_180
   -2.088335,    -17.90025,            0,            0,            0,     0.974955,    0.2224023
robot_56
    30.36897,    -33.97205,            0,            0,            0,   -0.3195968,    0.9475536
robot_3
    37.11041,     13.99029,            0,            0,            0,    0.5123031,    0.8588047
robot_81
    17.70875,     2.142326,            0,            0,            0,    0.3260464,    0.9453538
robot_167
   -21.97164,    -17.71579,            0,            0,            0,   -0.9888318,     0.149036
robot_25
    18.19498,    -18.00246,            0,            0,            0,   -0.7490025,    0.6625672
robot_168
   -26.12837,     18.17492,            0,            0,            0,    0.9844462,    0.1756862
robot_96
   -9.885971,    -29.90588,            0,            0,            0,    -0.733198,    0.6800152
robot_166
   -8.585766,    -1.980772,            0,            0,            0,    0.4490973,    0.8934829
robot_102
   -5.833826,    -18.09142,            0,            0,            0,     0.501503,    0.8651559
robot_192
    31.16457,     18.00535,            0,            0,            0,  0.006318892,      0.99998
robot_179
    31.72763,     37.97677,            0,            0,            0,    -0.739943,    0.6726695
robot_142
    5.746216,     21.91951,            0,            0,            0,   -0.6970065,    0.7170648
robot_1
   -25.97834,    -29.85456,            0,            0,            0,    0.6119036,    0.7909323
robot_44
    25.90702,     -6.25242,            0,            0,            0,   -0.5406499,    0.8412477
robot_163
     13.7685,    -2.102904,            0,            0,            0,   -0.5854024,    0.8107429
robot_79
    1.940236,     15.27827,            0,            0,            0,   -0.7526884,    0.6583769
robot_8
    36.52613,      9.98604,            0,            0,            0,    0.9970486,   0.07677276
robot_20
   -30.05076,    -16.95292,            0,            0,            0,    0.3375189,    0.9413188
robot_143
   -34.07156,     26.45138,            0,            0,            0,      -0.9124,    0.4092998
robot_138
    24.44608,    -9.982184,            0,            0,            0,   -0.9614186,    0.2750897
robot_123
    38.06176,    -13.96823,            0,            0,            0,   -0.2167073,    0.9762366
robot_193
    13.95926,    -15.49527,            0,            0,            0,   -0.4562188,    0.8898677
robot_187
    13.85169,     2.037246,            0,            0,            0,    0.4728381,    0.8811493
robot_176
   -18.07089,    -19.79058,            0,            0,            0,   -0.9820581,    0.1885788
robot_66
   -22.20449,    -25.96284,            0,            0,            0,    0.9980435,   0.06252261
robot_63
    -10.0806,    -31.97296,            0,            0,            0,    0.9999897,  0.004540765
robot_31
   -30.29577,    -37.93999,            0,            0,            0,    0.7423412,    0.6700221
robot_159
    10.37081,    -1.987997,            0,            0,            0,   -0.9777616,    0.2097196
robot_160
   -14.07448,     33.29583,            0,            0,            0,   -0.8540362,    0.5202137
robot_151
   -13.73507,     25.94042,            0,            0,            0,   -0.1796382,    0.9837328
robot_150
   -30.09774,     6.169178,            0,            0,            0,    0.1866215,    0.9824319
robot_137
   -10.27941,    -9.938614,            0,            0,            0,   -0.9157539,    0.4017396
robot_199
    17.57641,     37.99972,            0,            0,            0,   -0.5971461,    0.8021325
robot_54
    38.15747,     22.02285,            0,            0,            0,   -0.6636386,    0.7480534
robot_117
     35.4787,     -18.0148,            0,            0,            0,   -0.9687315,    0.2481113
robot_36
    17.93578,    -2.476238,            0,            0,            0,     0.290499,    0.9568753
robot_33
    10.62462,     -10.0204,            0,            0,            0,   -0.9854051,    0.1702255
robot_146
    -18.0756,     -3.30831,            0,            0,            0,   -0.7962584,    0.6049567
robot_156
    33.97002,    -33.94889,            0,            0,            0,    0.6414627,    0.7671542
robot_112
    2.277119,    -30.00271,            0,            0,            0,    0.8121254,     0.583483
robot_19
   -10.36311,    -22.07952,            0,            0,            0,      -0.1088,    0.9940637
robot_141
   -25.76148,      22.0949,            0,            0,            0,   -0.5867405,     0.809775
robot_35
    14.15753,     5.920432,            0,            0,            0,   -0.4151505,    0.9097528
robot_184
   -38.07949,    -8.894855,            0,            0,            0,    0.8025219,    0.5966226
robot_98
   -9.797705,      1.90414,            0,            0,            0,   -0.9202874,    0.3912431
robot_100
   -20.10161,     33.96797,            0,            0,            0,   -0.1624009,    0.9867249
robot_164
   -37.99135,     26.20555,            0,            0,            0,   -0.1185281,    0.9929507
robot_59
    13.85844,     34.32764,            0,            0,            0,   -0.6430677,    0.7658094
robot_144
    21.95138,    -33.97964,            0,            0,            0,    -0.432192,    0.9017816
robot_101
    14.39546,     21.94055,            0,            0,            0,   -0.4544355,    0.8907797
robot_161
    33.98743,     -26.1547,            0,            0,            0,   -0.8821736,    0.4709243
robot_149
    10.01544,     34.24939,            0,            0,            0,   -0.9795219,    0.2013375
robot_86
    13.23709,     18.01714,            0,            0,            0,    0.9860084,    0.1666959
robot_191
   -29.99665,     25.80065,            0,            0,            0,    0.9163202,    0.4004464
robot_126
    33.06492,     25.97319,            0,            0,            0,   -0.8752057,     0.483751
robot_190
   -30.42361,     9.907265,            0,            0,            0,    0.5838777,    0.8118416
robot_131
   -18.11552,    -10.18323,            0,            0,            0,    0.6049807,    0.7962402
robot_154
    3.680943,     30.00044,            0,            0,            0,   -0.8044843,    0.5939739
robot_9
    13.74556,     13.96932,            0,            0,            0,   -0.1955343,    0.9806969
robot_27
   -14.09825,    -36.31155,            0,            0,            0,   -0.3749942,    0.9270272
robot_34
    17.97251,     9.844732,            0,            0,            0,    0.9934744,    0.1140551
robot_114
    -14.0955, -0.004630071,            0,            0,            0,   -0.9853537,     0.170523
robot_51
    33.49337,    -14.07342,            0,            0,            0,   -0.7099469,    0.7042552
robot_108
    14.60094,    -33.99861,            0,            0,            0,   -0.8752779,    0.4836204
robot_147
    13.89134,    -6.150279,            0,            0,            0,   -0.8290672,    0.5591489
robot_183
    21.79548,     6.037428,            0,            0,            0,   -0.9651074,    0.2618544
robot_48
    21.99203,    -37.71528,            0,            0,            0,    -0.208543,    0.9780132
robot_60
    9.752213,     10.11581,            0,            0,            0,   0.09696802,    0.9952875
robot_75
    -18.0431,    -7.340773,            0,            0,            0,    0.9019423,    0.4318565
robot_152
    25.67135,    -29.98776,            0,            0,            0,   -0.2681994,    0.9633634
robot_26
    31.48451,    -22.00581,            0,            0,            0,   -0.1125335,    0.9936479
robot_182
    5.960258,    -3.293703,            0,            0,            0,    0.8581856,    0.5133396
robot_172
     18.5955,     22.02165,            0,            0,            0,   -0.9492461,    0.3145344
robot_43
  -0.6483086,    -25.99579,            0,            0,            0,    0.1404435,    0.9900887
robot_170
   -5.601702,     30.08277,            0,            0,            0,   -0.4247589,    0.9053065
robot_177
     33.9356,    -3.045163,            0,            0,            0,   -0.8140577,     0.580784
robot_80
   -22.18848,     5.829665,            0,            0,            0,    0.3218026,    0.9468068
robot_16
   -30.03395,     12.45226,            0,            0,            0,    0.8208035,    0.5712107
robot_13
   -14.07022,    -25.75194,            0,            0,            0,    0.8730323,    0.4876625
robot_178
    22.21807,     13.99409,            0,            0,            0,   0.05387611,    0.9985476
robot_88
    7.849432,    -6.017606,            0,            0,            0,  -0.01018079,    0.9999482
robot_194
    6.725059,     10.00269,            0,            0,            0,   -0.7843346,     0.620338
robot_29
    28.11405,     30.01696,            0,            0,            0,   -0.9379705,    0.3467151
