tuw_multi_robot_msgs::RobotGoalsArray @1970-01-01T00:51:15.800000
frame_id: map
        3075,    800000000
robot_84
   -2.081398,    -25.97171,            0,            0,            0,   -0.9972913,   0.07355337
robot_116
   -10.41421,    -18.07413,            0,            0,            0,    0.9355662,    0.3531514
robot_74
   -14.06129,     30.32075,            0,            0,            0,    0.9877368,     0.156128
robot_41
   -30.10722,     38.24826,            0,            0,            0,    -0.438839,    0.8985657
robot_125
   -9.900989,     2.137275,            0,            0,            0,    -0.156699,    0.9876464
robot_136
   -27.65197,    -25.97539,            0,            0,            0,   -0.7307682,    0.6826257
robot_173
    33.95941,     27.37199,            0,            0,            0,    0.0358034,    0.9993589
robot_67
    1.503192,     21.97021,            0,            0,            0,   -0.3295899,    0.9441242
robot_197
     1.92602,     26.47005,            0,            0,            0,   -0.9564885,    0.2917702
robot_119
    38.90499,    -22.00072,            0,            0,            0,   0.06544767,     0.997856
robot_82
   -22.10239,     38.13235,            0,            0,            0,   -0.6019268,    0.7985512
robot_77
   -14.07241,     11.76836,            0,            0,            0,   -0.4115353,    0.9113938
robot_5
   -27.25327,     -5.98191,            0,            0,            0,     0.963784,     0.266684
robot_133
    21.84022,    -25.81309,            0,            0,            0,   -0.5409011,    0.8410862
robot_99
    33.84038,     22.03491,            0,            0,            0,    0.7091156,    0.7050923
robot_171
    38.84866,     33.97485,            0,            0,            0,     0.121363,    0.9926082
robot_180
   -18.02334,      29.8411,            0,            0,            0,   -0.1837581,    0.9829715
robot_56
   -10.06287,     28.03047,            0,            0,            0,     0.547833,    0.8365877
robot_3
   -25.92219,    -2.221487,            0,            0,            0,   -0.9696693,    0.2444208
robot_81
   -13.81943,    -30.03735,            0,            0,            0,     0.961771,    0.2738548
robot_167
   -25.92927,     37.93185,            0,            0,            0,     0.558664,    0.8293941
robot_25
    9.962174,     -3.75967,            0,            0,            0,     0.326175,    0.9453094
robot_168
     33.9092,     32.92307,            0,            0,            0,   -0.8698728,    0.4932762
robot_96
   -6.155023,     25.64972,            0,            0,            0,     0.433017,    0.9013858
robot_166
   -38.06747,     24.25048,            0,            0,            0,    -0.597765,    0.8016714
robot_102
    23.96191,     -17.9941,            0,            0,            0,    0.7004215,    0.7137295
robot_192
    19.21559,      30.0057,            0,            0,            0,    0.9083327,    0.4182484
robot_179
    25.61298,     9.982125,            0,            0,            0,    0.2076554,     0.978202
robot_142
    7.316916,    -9.989506,            0,            0,            0,   -0.9810671,    0.1936683
robot_1
   -28.88069,     34.01562,            0,            0,            0,    0.1528754,    0.9882455
robot_44
     21.9901,    -6.326847,            0,            0,            0,    0.9842235,    0.1769298
robot_163
   -34.04406,    -0.445445,            0,            0,            0,   -0.4465555,    0.8947559
robot_79
   -7.539014,    -6.025788,            0,            0,            0,   -0.8336572,    0.5522823
robot_8
    7.188863,    -21.96756,            0,            0,            0,   0.02807271,    0.9996059
robot_20
   -20.16955,     34.02242,            0,            0,            0,    0.2765132,    0.9610101
robot_143
   -26.04236,    -36.97288,            0,            0,            0,   -0.7815017,    0.6239032
robot_138
    23.33156,    -34.02098,            0,            0,            0,   -0.5200652,    0.8541265
robot_123
    21.85976,    -21.83107,            0,            0,            0,    0.9036331,    0.4283074
robot_193
    17.82236,    -25.93486,            0,            0,            0,   -0.9982429,    0.0592544
robot_187
   -22.05718,     16.99765,            0,            0,            0,   -0.9123567,    0.4093962
robot_176
    13.99945,     5.968356,            0,            0,            0,   -0.9795886,    0.2010131
robot_66
    17.85799,    -5.840439,            0,            0,            0,     0.851025,    0.5251251
robot_63
    21.85348,     6.076687,            0,            0,            0,   -0.9998811,   0.01541805
robot_31
    -26.0421,     32.26199,            0,            0,            0,    0.9619336,    0.2732832
robot_159
   -1.980416,     22.10652,            0,            0,            0,    -0.707605,    0.7066082
robot_160
   -13.97774,     5.903334,            0,            0,            0,   0.09717347,    0.9952675
robot_151
   -21.54383,     26.02586,            0,            0,            0,    0.9327567,    0.3605064
robot_150
    13.92677,     9.769292,            0,            0,            0,   -0.5569096,    0.8305731
robot_137
    33.92277,     29.79997,            0,            0,            0,   -0.9088595,    0.4171025
robot_199
   -37.91187,     14.16428,            0,            0,            0,    0.7677528,    0.6407462
robot_54
    5.319913,     29.98724,            0,            0,            0,    0.9885746,    0.1507324
robot_117
    17.90566,    -22.62227,            0,            0,            0,   -0.7570415,    0.6533668
robot_36
   -8.625624,     5.997951,            0,            0,            0,    0.8611951,    0.5082745
robot_33
    -17.6915,    -38.08512,            0,            0,            0,   -0.1218252,    0.9925516
robot_146
    30.04203,    -29.76692,            0,            0,            0,   -0.3925453,    0.9197327
robot_156
   -38.06459,    -17.56819,            0,            0,            0,   -0.1400904,    0.9901387
robot_112
    33.96178,    -38.52628,            0,            0,            0,    0.1151796,    0.9933447
robot_19
    21.92321,    -8.770758,            0,            0,            0,   -0.7872715,    0.6166065
robot_141
    -9.90762,    -25.97861,            0,            0,            0,   -0.6516582,    0.7585128
robot_35
    14.25349,    -37.94973,            0,            0,            0,    0.9558631,    0.2938125
