tuw_multi_robot_msgs::RobotGoalsArray @1970-01-01T01:47:26.200000
frame_id: map
        6446,    200000000
robot_84
   -22.06701,     -32.4337,            0,            0,            0,   -0.6892583,    0.7245157
robot_116
   -23.16083,    -29.97917,            0,            0,            0,    -0.999648,   0.02653101
robot_74
   -10.03272,     13.78971,            0,            0,            0,    0.3895974,    0.9209853
robot_41
   -31.19575,    -6.018715,            0,            0,            0,    0.8329522,    0.5533449
robot_125
   0.7311535,     25.97868,            0,            0,            0,    0.7620213,     0.647552
robot_136
   -10.06204,    -26.64533,            0,            0,            0,    -0.979698,    0.2004788
robot_173
    29.96293,     35.90245,            0,            0,            0,   -0.3917746,    0.9200612
robot_67
    28.27249,     25.97127,            0,            0,            0,    0.3472671,    0.9377663
robot_197
   -22.36275,    -17.94667,            0,            0,            0,    0.6356978,     0.771938
robot_119
   -1.070698,     21.97379,            0,            0,            0,   -0.7529071,    0.6581268
robot_82
   -13.82148,    -6.008042,            0,            0,            0,    0.3850184,    0.9229089
robot_77
   -14.16111,     -9.84008,            0,            0,            0,   -0.9741911,    0.2257249
robot_5
   -18.00067,    -37.66715,            0,            0,            0,    0.9954201,   0.09559709
robot_133
     13.8743,     22.18631,            0,            0,            0,     0.837864,     0.545879
robot_99
   -2.110341,     17.81084,            0,            0,            0,   0.04421979,    0.9990218
robot_171
    16.39845,    -38.02643,            0,            0,            0,   -0.3910401,    0.9203736
robot_180
   -30.08758,    -36.22989,            0,            0,            0,   -0.3689693,    0.9294416
robot_56
    17.96318,     7.279955,            0,            0,            0,     0.302379,    0.9531878
robot_3
   -7.602001,     10.01273,            0,            0,            0,     0.885052,    0.4654921
robot_81
    1.452256,     9.988639,            0,            0,            0,   -0.9673087,    0.2536018
