tuw_multi_robot_msgs::RobotGoalsArray @1970-01-01T01:32:50.300000
frame_id: map
        5570,    300000000
robot_84
   -26.08384,     20.59689,            0,            0,            0,    0.8645151,    0.5026069
robot_116
   -5.709493,     22.03351,            0,            0,            0,    0.7868393,    0.6171579
robot_74
    30.37753,    -25.99538,            0,            0,            0,   0.08852268,    0.9960742
robot_41
   -34.07373,    -2.114041,            0,            0,            0,    0.4096943,    0.9122229
robot_125
    33.95431,     22.50721,            0,            0,            0,    -0.999326,   0.03670966
robot_136
    9.633228,    -9.908316,            0,            0,            0,   -0.7309398,    0.6824419
robot_173
   -38.53542,    -33.93741,            0,            0,            0,   -0.9930282,     0.117877
robot_67
    21.91789,     6.203367,            0,            0,            0,    0.9974038,   0.07201177
robot_197
    25.91182,    -27.91548,            0,            0,            0,    -0.925691,    0.3782805
robot_119
     -25.185,    -2.001278,            0,            0,            0,   -0.3400289,     0.940415
robot_82
   -16.00805,     29.99114,            0,            0,            0,    0.9971651,   0.07524409
robot_77
   -32.91239,    -30.01633,            0,            0,            0,    0.9909634,    0.1341326
robot_5
    -39.2999,    -22.03072,            0,            0,            0,    0.7416792,    0.6707548
robot_133
   -4.479804,       26.004,            0,            0,            0,   -0.9905481,    0.1371655
robot_99
   -9.185161,     25.97943,            0,            0,            0,    0.8566764,    0.5158542
robot_171
   -6.041524,     35.58209,            0,            0,            0,    0.9099744,    0.4146644
robot_180
   -10.30645,    -18.06035,            0,            0,            0,  -0.03657924,    0.9993308
robot_56
   -7.938692,      21.9712,            0,            0,            0,   -0.9765807,    0.2151516
robot_3
    14.28579,    -25.97753,            0,            0,            0,   -0.9317625,    0.3630684
robot_81
   -30.17299,    -29.95945,            0,            0,            0,   -0.6939939,    0.7199809
robot_167
    21.43174,    -22.01907,            0,            0,            0,    -0.973886,    0.2270374
robot_25
   -12.86691,    -10.03107,            0,            0,            0,    0.4721579,     0.881514
robot_168
   -26.05375,     16.31027,            0,            0,            0,    0.3786862,    0.9255251
robot_96
   -6.042812,    -1.071312,            0,            0,            0,   -0.8878307,    0.4601703
robot_166
   -30.05951,      7.33401,            0,            0,            0,   -0.9818685,    0.1895634
robot_102
   -14.05319,    -30.33109,            0,            0,            0,   -0.9879866,    0.1545397
robot_192
    33.86185,      2.19139,            0,            0,            0,    -0.820718,    0.5713334
robot_179
    33.98879,     -21.6513,            0,            0,            0,    0.1099264,    0.9939397
robot_142
    13.88161,    -30.30077,            0,            0,            0,    0.1247533,    0.9921878
robot_1
   -26.54098,    -5.996372,            0,            0,            0,    -0.597847,    0.8016103
robot_44
   -14.46202,    -21.92548,            0,            0,            0,   -0.9940422,    0.1089954
robot_163
   -18.15327,     25.89539,            0,            0,            0,   -0.2361533,    0.9717158
robot_79
    13.96464,    -15.88806,            0,            0,            0,    0.9555768,    0.2947421
robot_8
   -19.21246,     -30.0224,            0,            0,            0,    0.9380413,    0.3465236
robot_20
   -18.43814,    -38.00426,            0,            0,            0,   -0.7559777,    0.6545973
robot_143
    9.938027,     11.43424,            0,            0,            0,    -0.860497,    0.5094554
robot_138
   -12.53431,    -5.989387,            0,            0,            0,   -0.8961794,    0.4436919
robot_123
    21.90118,    -39.06752,            0,            0,            0,   -0.7926471,    0.6096807
robot_193
    33.14686,     38.01696,            0,            0,            0,   -0.3919587,    0.9199828
robot_187
    21.91357,    -16.68903,            0,            0,            0,   -0.9604657,    0.2783983
robot_176
    38.06822,     30.19754,            0,            0,            0,    0.7285713,      0.68497
robot_66
    17.59522,    -6.044244,            0,            0,            0,   -0.9313067,     0.364236
robot_63
    18.10339,    -2.076214,            0,            0,            0,   -0.9906843,    0.1361788
robot_31
   -10.30067,     30.08145,            0,            0,            0,    0.9953712,   0.09610477
robot_159
    33.93516,    -28.77262,            0,            0,            0,   -0.1585444,    0.9873518
robot_160
    11.25385,    -21.96948,            0,            0,            0,    0.5503341,    0.8349445
robot_151
   -5.777102,      13.9783,            0,            0,            0,    -0.836736,    0.5476066
robot_150
   -2.492704,    -33.90927,            0,            0,            0,   -0.8360754,    0.5486145
robot_137
   -33.06365,    -22.02009,            0,            0,            0,   -0.3236817,     0.946166
robot_199
    9.953881,     26.67066,            0,            0,            0,   -0.2929255,    0.9561353
robot_54
    37.95136,     18.73339,            0,            0,            0,    0.3787149,    0.9255134
robot_117
    38.40861,    -17.93983,            0,            0,            0,    0.6809142,    0.7323632
robot_36
     22.0206,     10.18296,            0,            0,            0,   -0.7650521,    0.6439684
robot_33
    34.04096,     10.13372,            0,            0,            0,     0.303624,    0.9527919
robot_146
     8.63159,     2.025818,            0,            0,            0,    -0.918893,    0.3945069
robot_156
   -30.07923,    -15.95017,            0,            0,            0,   -0.4466884,    0.8946896
robot_112
   -8.108789,    -21.97485,            0,            0,            0,    0.8305806,    0.5568985
robot_19
     -14.098,     24.81966,            0,            0,            0,   -0.9266967,    0.3758102
robot_141
    29.86269,    -6.146994,            0,            0,            0,  -0.02568028,    0.9996702
robot_35
   -2.054203,    -28.01676,            0,            0,            0,    0.9007637,    0.4343096
robot_184
    5.801936,     10.08709,            0,            0,            0,    0.6233071,    0.7819771
robot_98
   0.1840501,     -22.0215,            0,            0,            0,   0.09233335,    0.9957282
robot_100
    2.455338,     25.99233,            0,            0,            0,    0.9694636,    0.2452354
robot_164
    24.71389,    -25.99206,            0,            0,            0,    0.6505782,    0.7594392
robot_59
   -1.828716,     30.05481,            0,            0,            0,   -0.6244591,    0.7810575
robot_144
    -18.0667,    -10.76885,            0,            0,            0,    0.9939501,    0.1098329
robot_101
   -22.08404,     38.83019,            0,            0,            0,   -0.8458183,    0.5334711
robot_161
    26.05895,     34.14075,            0,            0,            0,     0.984559,    0.1750533
robot_149
     27.2999,    -13.97892,            0,            0,            0,   -0.4477922,    0.8941377
robot_86
   -21.96133,    -37.94743,            0,            0,            0,   0.03452054,     0.999404
robot_191
    9.795651,    -26.07548,            0,            0,            0,   -0.9725382,    0.2327434
robot_126
    17.65322,     33.93691,            0,            0,            0,   -0.3503626,    0.9366141
robot_190
   -14.14183,     33.87735,            0,            0,            0,   -0.4629213,    0.8863994
robot_131
    1.757076,     14.07305,            0,            0,            0,    0.2017378,    0.9794396
robot_154
   -30.73484,     22.01076,            0,            0,            0,     0.381379,    0.9244188
robot_9
   -36.44039,    -30.00684,            0,            0,            0,   -0.9502043,    0.3116278
robot_27
   -18.26463,    -21.90608,            0,            0,            0,   -0.5050862,    0.8630689
robot_34
   -12.45285,     10.01283,            0,            0,            0,     0.237823,    0.9713085
robot_114
   -30.25707,    -34.13561,            0,            0,            0,    0.3064344,    0.9518918
robot_51
    10.08527,     6.004149,            0,            0,            0,    0.7148535,    0.6992742
robot_108
    25.93478,     12.21813,            0,            0,            0,    0.4211639,    0.9069845
robot_147
    6.140973,    -2.129265,            0,            0,            0,    0.1439379,    0.9895867
robot_183
   -9.063164,    -1.986698,            0,            0,            0,    -0.193492,    0.9811019
robot_48
    29.92104,     1.625641,            0,            0,            0,  -0.05254219,    0.9986187
robot_60
   -14.03686,     2.132435,            0,            0,            0,    0.1428163,    0.9897492
robot_75
    5.917507,     35.31166,            0,            0,            0,    0.9987102,   0.05077382
robot_152
   -38.07343,    -25.85134,            0,            0,            0,    0.6108856,    0.7917189
robot_26
    25.22518,     14.01453,            0,            0,            0,   -0.8717977,    0.4898661
robot_182
     12.1333,     13.99735,            0,            0,            0,    -0.908843,    0.4171384
robot_172
    -30.0818,     27.71985,            0,            0,            0,    0.2430029,    0.9700256
robot_43
     21.9433,     27.86599,            0,            0,            0,    0.9730959,    0.2304006
robot_170
    25.92754,     15.80914,            0,            0,            0,    0.2428419,    0.9700659
robot_177
    26.19302,    -21.90133,            0,            0,            0,   -0.9550003,    0.2966049
robot_80
    7.116663,     18.03227,            0,            0,            0,    0.8711138,    0.4910813
robot_16
    5.858887,    -21.74663,            0,            0,            0,    0.9195603,    0.3929488
robot_13
    37.92342,    -12.25519,            0,            0,            0,   -0.8600665,     0.510182
robot_178
    5.929286,    -7.727529,            0,            0,            0,    0.8422134,    0.5391443
robot_88
   -30.04638,    -4.852671,            0,            0,            0,   -0.2424571,    0.9701621
robot_194
    34.12973,    -10.11792,            0,            0,            0,    0.5219567,     0.852972
robot_29
   -23.63542,     18.01307,            0,            0,            0,    0.9529856,    0.3030156
robot_92
   -11.94418,     5.993773,            0,            0,            0,   -0.9071338,    0.4208424
robot_87
   -38.50821,     22.04802,            0,            0,            0,    0.7319037,    0.6814081
robot_68
    26.68128,    -29.98443,            0,            0,            0,   -0.9241725,    0.3819754
robot_22
   -34.09307,     22.28996,            0,            0,            0,   -0.3759488,    0.9266404
robot_38
  -0.9278015,     5.977258,            0,            0,            0,   -0.9872749,    0.1590228
robot_2
   -9.965248,     17.81371,            0,            0,            0,    0.8591893,    0.5116579
robot_110
   -8.932699,     6.030432,            0,            0,            0,    0.8517003,    0.5240292
robot_14
   -6.011803,    -22.18267,            0,            0,            0,   -0.5812097,    0.8137538
robot_181
    17.94022,     23.82128,            0,            0,            0,    0.9980948,   0.06169905
robot_61
   -2.067952,    -6.800043,            0,            0,            0,    0.6999099,    0.7142311
robot_30
    33.71098,     14.00226,            0,            0,            0,   -0.6603609,    0.7509484
robot_122
    -10.0657,    -14.90758,            0,            0,            0,    0.6355601,    0.7720514
robot_132
    17.86103,      17.7467,            0,            0,            0,   -0.9710851,    0.2387335
robot_45
     33.9586,     7.419401,            0,            0,            0,    0.5248162,    0.8512156
robot_21
    26.08499,     30.22341,            0,            0,            0,   0.01132811,    0.9999358
robot_39
   -17.99751,     30.30904,            0,            0,            0,   -0.1133361,    0.9935567
robot_134
   -18.41017,    -5.914427,            0,            0,            0,    0.1312797,    0.9913454
robot_15
    25.93736,     9.887495,            0,            0,            0,      0.95655,    0.2915683
robot_145
   -6.033452,    -26.29245,            0,            0,            0,    0.9368011,    0.3498623
robot_140
    9.892099,    -5.639525,            0,            0,            0,    0.9577017,    0.2877628
robot_196
   -6.159582,     33.63769,            0,            0,            0,    0.7710739,    0.6367457
robot_188
  -0.6201085,     13.97017,            0,            0,            0,   -0.9757677,    0.2188088
robot_4
   -16.73255,     -30.0225,            0,            0,            0,   0.09213199,    0.9957468
robot_155
    3.267074,     6.030569,            0,            0,            0,   -0.9437074,    0.3307813
robot_135
    17.89856,      2.26923,            0,            0,            0,    0.4205505,    0.9072691
robot_93
   -34.09341,  -0.06949904,            0,            0,            0,    -0.861888,    0.5070988
robot_111
     13.5686,     17.91417,            0,            0,            0,    -0.697957,    0.7161397
robot_0
   -33.90478,    -17.78624,            0,            0,            0,    0.6827174,    0.7306825
robot_49
    -26.2545,    -38.07092,            0,            0,            0,    0.4252823,    0.9050608
robot_113
    21.93696,     34.54558,            0,            0,            0,     0.047389,    0.9988765
