tuw_multi_robot_msgs::RobotGoalsArray @1970-01-01T00:12:52.400000
frame_id: map
           0,            0
robot_84
   -33.93761,     5.998039,            0,            0,            0,    0.5716106,     0.820525
robot_116
    33.93725,    -2.204485,            0,            0,            0,     0.997137,   0.07561647
robot_74
    6.795972,     9.979841,            0,            0,            0,  -0.02282388,    0.9997395
robot_41
   -18.01886,     26.13456,            0,            0,            0,    0.3476561,    0.9376221
robot_125
    18.76865,     21.97068,            0,            0,            0,   -0.8998456,    0.4362085
robot_136
     34.1345,     9.945071,            0,            0,            0,   -0.4584213,     0.888735
robot_173
    37.91248,     7.479476,            0,            0,            0,   -0.7275794,    0.6860235
robot_67
    37.95232,     21.55039,            0,            0,            0,   -0.9995862,   0.02876462
robot_197
    5.497566,    -5.929778,            0,            0,            0,   -0.7061179,    0.7080943
robot_119
   -6.134463,    -5.803921,            0,            0,            0,    0.9183034,    0.3958774
robot_82
    35.42514,    -21.97145,            0,            0,            0,    0.1771482,    0.9841842
robot_77
   -29.24436,    -37.96874,            0,            0,            0,   -0.6504941,    0.7595113
robot_5
     29.8052,     29.98637,            0,            0,            0,   -0.9976326,   0.06876872
robot_133
    -18.1481,     6.262067,            0,            0,            0,    0.8611618,     0.508331
robot_99
     1.45284,     13.97594,            0,            0,            0,   -0.6855585,    0.7280175
robot_171
    4.344902,     34.01895,            0,            0,            0,     0.999907,   0.01363962
robot_180
    29.72083,      38.0733,            0,            0,            0,    -0.464941,    0.8853417
robot_56
    25.95139,     1.913928,            0,            0,            0,   -0.8708018,    0.4916342
robot_3
   -6.082108,    -30.38162,            0,            0,            0,    0.8902354,    0.4555008
robot_81
   -25.15782,     33.99869,            0,            0,            0,    0.6892882,    0.7244873
robot_167
    12.28623,     33.99315,            0,            0,            0,    0.9988075,   0.04882144
robot_25
    2.872148,    -22.01898,            0,            0,            0,   -0.7551093,    0.6555989
robot_168
    -2.07207,     23.18443,            0,            0,            0,    0.9953568,    0.0962538
robot_96
    24.38243,     18.02332,            0,            0,            0,    0.6728316,    0.7397957
robot_166
     22.0241,    -26.28626,            0,            0,            0,    0.8633101,    0.5046738
robot_102
   -30.69334,    -33.96806,            0,            0,            0,    0.9931788,    0.1166011
robot_192
   -20.88426,    -2.031483,            0,            0,            0,   -0.3231284,    0.9463551
robot_179
   -2.025084,     30.23047,            0,            0,            0,   -0.1492032,    0.9888066
robot_142
   -3.733436,    -6.012795,            0,            0,            0,    0.7224306,    0.6914434
robot_1
    8.879652,     30.00652,            0,            0,            0,   -0.4057374,    0.9139897
robot_44
    13.74486,    -18.04154,            0,            0,            0,   -0.9183222,    0.3958338
robot_163
    9.964164,    -8.585879,            0,            0,            0,    0.6881012,    0.7256147
robot_79
    21.94816,    -17.48503,            0,            0,            0,    0.3194235,    0.9476121
robot_8
   -7.306543,    -1.999766,            0,            0,            0,    -0.158867,       0.9873
robot_20
    38.14866,     9.866375,            0,            0,            0,    0.9646036,    0.2637042
robot_143
    33.90705,    -5.910443,            0,            0,            0,     0.755036,    0.6556833
robot_138
    21.92887,     5.276518,            0,            0,            0,   -0.3620572,    0.9321559
robot_123
    -13.7771,     6.071486,            0,            0,            0,   -0.4894623,    0.8720245
robot_193
   -24.48202,    -26.03013,            0,            0,            0,   -0.1842536,    0.9828787
robot_187
   -1.844006,     17.97641,            0,            0,            0,   -0.1747346,    0.9846156
