tuw_multi_robot_msgs::RobotGoalsArray @1970-01-01T01:39:01.200000
frame_id: map
        5941,    200000000
robot_84
   -26.10214,     -9.68338,            0,            0,            0,    0.9942006,    0.1075418
robot_116
   -6.092633,    -4.788919,            0,            0,            0,    0.9680627,    0.2507083
robot_74
    20.01014,     25.97741,            0,            0,            0,    0.6427902,    0.7660422
robot_41
   -13.68341,     26.03346,            0,            0,            0,    0.5233193,    0.8521367
robot_125
    16.94197,     13.96938,            0,            0,            0,    0.1437809,    0.9896095
robot_136
    16.34041,     22.03305,            0,            0,            0,    -0.845421,    0.5341004
robot_173
     -10.213,     14.13319,            0,            0,            0,    0.9331113,    0.3595877
robot_67
    13.94924,    -19.84345,            0,            0,            0,    0.6508658,    0.7591928
robot_197
     -14.175,     5.992405,            0,            0,            0,    0.3256281,    0.9454979
robot_119
   -34.08959,    -29.04189,            0,            0,            0,    0.9966978,   0.08119985
robot_82
   -14.09108,      15.1867,            0,            0,            0,     0.968353,    0.2495846
robot_77
    25.91723,    -12.17073,            0,            0,            0,   -0.9360123,    0.3519673
robot_5
    33.90736,    -4.222628,            0,            0,            0,   -0.5760491,    0.8174151
robot_133
   -33.91841,     38.10862,            0,            0,            0,   -0.3581236,    0.9336742
robot_99
    37.94891,     16.70105,            0,            0,            0,    0.9753115,    0.2208335
robot_171
   -16.62134,     22.01022,            0,            0,            0,    0.5235112,    0.8520188
robot_180
     18.7385,     21.96861,            0,            0,            0,    0.5132183,    0.8582581
robot_56
   -38.09345,    -23.88081,            0,            0,            0,   -0.8825286,    0.4702587
robot_3
   -18.06126,   -0.9256876,            0,            0,            0,   -0.9967289,   0.08081798
robot_81
   -18.07275,    -37.91043,            0,            0,            0,    0.9956513,   0.09315805
robot_167
    1.962679,    -23.96179,            0,            0,            0,   -0.6786867,     0.734428
robot_25
    5.904621,     12.00645,            0,            0,            0,   -0.3882498,    0.9215542
robot_168
    13.97933,    -10.04614,            0,            0,            0,   -0.8146374,    0.5799706
robot_96
    13.95036,    -32.19633,            0,            0,            0,    0.9982198,   0.05964273
robot_166
     29.9006,    -8.075288,            0,            0,            0,   -0.5978178,     0.801632
robot_102
     5.94465,     33.08838,            0,            0,            0,   -0.1207412,     0.992684
robot_192
    6.613868,    -29.97591,            0,            0,            0,    0.6100224,    0.7923842
robot_179
    33.95491,     18.87183,            0,            0,            0,  -0.02947275,    0.9995656
robot_142
   -21.92392,    -13.82443,            0,            0,            0,    0.6046554,    0.7964872
robot_1
    9.118343,    -25.97457,            0,            0,            0,  -0.03631487,    0.9993404
robot_44
   -10.09517,    -25.37586,            0,            0,            0,   -0.8116227,     0.584182
robot_163
    29.93172,     3.703405,            0,            0,            0,   -0.8160628,    0.5779633
robot_79
   -26.46317,     37.99795,            0,            0,            0,   -0.9823891,    0.1868464
robot_8
    5.916602,    -25.70566,            0,            0,            0,    0.9400229,    0.3411114
robot_20
    33.95657,    -7.941867,            0,            0,            0,    0.9715883,    0.2366774
robot_143
   -34.28192,     33.97389,            0,            0,            0,    0.9967824,   0.08015522
robot_138
   -22.30323,    -30.07176,            0,            0,            0,    0.4846208,    0.8747243
robot_123
   -14.07415,     12.83202,            0,            0,            0,   -0.9050934,    0.4252129
robot_193
   -14.25551,     17.90796,            0,            0,            0,    0.9852319,    0.1712253
robot_187
   -26.20336,     -2.06318,            0,            0,            0,   -0.8656418,    0.5006638
robot_176
    37.90283,    -30.76892,            0,            0,            0,    0.9913233,    0.1314464
robot_66
    1.953474,     30.77186,            0,            0,            0,    0.3663498,    0.9304772
robot_63
    26.06126,     34.02612,            0,            0,            0,   -0.5890563,     0.808092
robot_31
    -6.09833,     13.88581,            0,            0,            0,   -0.1051558,    0.9944558
robot_159
    37.58796,    -25.96026,            0,            0,            0,  0.000850001,    0.9999996
robot_160
   -30.05173,    -32.77665,            0,            0,            0,    0.7940271,    0.6078824
robot_151
   -26.07013,     3.882593,            0,            0,            0,    0.9890323,    0.1476996
robot_150
   -34.03527,     24.63722,            0,            0,            0,    0.1564253,    0.9876898
robot_137
    5.956095,     1.007601,            0,            0,            0,    0.6432445,    0.7656608
robot_199
   -22.75928,      17.9797,            0,            0,            0,     0.996301,   0.08593158
robot_54
   -26.07148,    -13.70738,            0,            0,            0,    0.9882492,    0.1528514
robot_117
   -30.07855,     30.20382,            0,            0,            0,  -0.07423503,    0.9972408
robot_36
     25.5933,    -21.98009,            0,            0,            0,   -0.9131313,    0.4076656
robot_33
     26.0412,    -2.014966,            0,            0,            0,     0.633918,    0.7734003
robot_146
    36.62344,    -5.994461,            0,            0,            0,    0.6060681,    0.7954128
robot_156
     -16.482,    -29.98304,            0,            0,            0,    0.2150206,    0.9766095
robot_112
    29.94779,     36.04486,            0,            0,            0,    0.9632692,    0.2685376
robot_19
    -2.06146,     8.163659,            0,            0,            0,   -0.9847397,    0.1740338
robot_141
   -37.95333,     6.015686,            0,            0,            0,    0.9119161,    0.4103766
robot_35
   -12.81645,     37.97061,            0,            0,            0,   -0.9469781,    0.3212981
robot_184
    20.30427,    -33.99801,            0,            0,            0,    0.9857455,    0.1682433
robot_98
    -17.1453,     37.99928,            0,            0,            0,    0.1263412,    0.9919868
robot_100
    -2.05856,     10.29539,            0,            0,            0,    0.6955994,    0.7184299
robot_164
   -22.21892,    -21.88865,            0,            0,            0,   -0.4213916,    0.9068788
robot_59
    1.895544,     26.25222,            0,            0,            0,   -0.9062936,    0.4226486
robot_144
   -22.04722,     11.64616,            0,            0,            0,  -0.03489853,    0.9993909
robot_101
    33.96643,      12.2924,            0,            0,            0,    0.8301907,    0.5574795
robot_161
    16.36143,      5.99639,            0,            0,            0,    0.8244418,    0.5659468
robot_149
    37.61543,    -10.05581,            0,            0,            0,   -0.8738232,    0.4862437
robot_86
   -33.64372,    -5.986763,            0,            0,            0,    -0.984854,    0.1733854
robot_191
   -33.86053,     6.111199,            0,            0,            0,    -0.781765,    0.6235731
robot_126
    29.94582,    -32.71337,            0,            0,            0,   0.08733482,     0.996179
robot_190
     10.3506,    -14.02076,            0,            0,            0,   -0.2872712,    0.9578493
robot_131
   -5.760109,     30.07622,            0,            0,            0,    0.9242523,    0.3817822
robot_154
   -6.016457,    -34.14413,            0,            0,            0,   -0.1844684,    0.9828384
robot_9
   -9.439744,    -10.00032,            0,            0,            0,    -0.816764,    0.5769719
robot_27
   -17.58131,     29.95867,            0,            0,            0,   -0.1644959,    0.9863778
robot_34
    33.76291,     1.845961,            0,            0,            0,   -0.2085625,     0.978009
robot_114
    9.925446,     2.846987,            0,            0,            0,   0.04195714,    0.9991194
robot_51
   -26.08661,     17.05868,            0,            0,            0,   -0.6726052,    0.7400015
robot_108
   -22.05596,    -32.64547,            0,            0,            0,   -0.2949738,    0.9555054
robot_147
   -24.53306,     21.96874,            0,            0,            0,    0.8956577,     0.444744
robot_183
    21.56323,    -6.022059,            0,            0,            0,    0.9950452,   0.09942334
robot_48
     37.7933,     29.87289,            0,            0,            0,   -0.2948835,    0.9555332
robot_60
   -6.197535,    -10.22973,            0,            0,            0,   -0.5252324,    0.8509588
robot_75
   -13.78137,     29.90157,            0,            0,            0,   -0.7124284,    0.7017448
robot_152
    25.92013,     25.28833,            0,            0,            0,   -0.1787637,     0.983892
robot_26
    24.39575,     17.97615,            0,            0,            0,   -0.8979543,    0.4400888
robot_182
   -17.79906,      25.9758,            0,            0,            0,   -0.9345601,    0.3558054
robot_172
    -31.0921,    -17.96757,            0,            0,            0,    -0.601085,    0.7991851
robot_43
     13.9624,    -27.42584,            0,            0,            0,    0.6925755,    0.7213454
robot_170
    14.71799,    -5.974007,            0,            0,            0,   -0.9251767,    0.3795367
robot_177
   -23.56444,    -34.00165,            0,            0,            0,   -0.8126797,    0.5827106
robot_80
   -34.03489,     31.89426,            0,            0,            0,   -0.4800747,    0.8772276
robot_16
    26.03672,    -25.81291,            0,            0,            0,  -0.06636286,    0.9977956
robot_13
   -21.67891,    -37.96715,            0,            0,            0,    0.4698446,    0.8827491
robot_178
   -17.96967,    -17.75844,            0,            0,            0,    0.3248769,    0.9457563
robot_88
    37.90565,     -23.8876,            0,            0,            0,    0.8764148,    0.4815569
robot_194
   -18.03847,     20.19469,            0,            0,            0,   -0.9931273,     0.117039
robot_29
   -7.804449,     10.01816,            0,            0,            0,    0.5450992,    0.8383716
robot_92
   -5.161334,     9.995947,            0,            0,            0,   -0.7817672,    0.6235704
robot_87
   -14.03647,    -7.320793,            0,            0,            0,    0.9612204,    0.2757813
robot_68
   -17.66055,     6.051463,            0,            0,            0,   -0.8402538,    0.5421932
robot_22
   -22.16332,     33.73357,            0,            0,            0,   -0.9618486,    0.2735825
robot_38
   -30.04559,  0.007716035,            0,            0,            0,   -0.2996965,    0.9540346
robot_2
   -38.11089,     30.16025,            0,            0,            0,    0.9993555,   0.03589713
robot_110
     9.95548,      17.5901,            0,            0,            0,   -0.4393089,    0.8983361
robot_14
    31.48814,    -21.98057,            0,            0,            0,   -0.9274469,     0.373955
robot_181
    18.09079,      10.1885,            0,            0,            0,    0.8006676,    0.5991088
robot_61
    22.03071,     17.88651,            0,            0,            0,    0.9995889,   0.02867245
robot_30
     25.9415,     12.35516,            0,            0,            0,     0.922361,    0.3863291
robot_122
    17.90584,     26.86678,            0,            0,            0,    0.8362213,    0.5483921
robot_132
    6.374248,     -33.9908,            0,            0,            0,     0.939895,    0.3414636
robot_45
   -38.27008,     13.86642,            0,            0,            0,   -0.5428607,    0.8398227
robot_21
    9.956066,      31.4442,            0,            0,            0,   -0.8186768,    0.5742546
robot_39
    21.90314,     20.34456,            0,            0,            0,    0.9990719,   0.04307318
robot_134
    9.721152,    -18.05249,            0,            0,            0,    0.1922854,     0.981339
robot_15
   -37.91846,     10.03453,            0,            0,            0,    0.7890556,    0.6143217
robot_145
   -20.76224,    -6.021455,            0,            0,            0,    0.9844479,     0.175677
robot_140
   -22.09987,     23.51835,            0,            0,            0,    0.8515973,    0.5241965
robot_196
   -38.28793,     -25.8848,            0,            0,            0,    0.8416459,    0.5400298
robot_188
    -22.2092,     -26.1839,            0,            0,            0,   0.03667345,    0.9993273
robot_4
     -34.095,     19.93745,            0,            0,            0,   0.08831949,    0.9960922
robot_155
     33.9936,     9.911398,            0,            0,            0,    0.5244161,    0.8514621
robot_135
   -10.07876,     32.81615,            0,            0,            0,   -0.2515709,    0.9678389
robot_93
    -10.0604,     16.33099,            0,            0,            0,   -0.4625059,    0.8866162
robot_111
    37.90998,    -15.05116,            0,            0,            0,   -0.9943864,      0.10581
robot_0
   -21.89908,     30.09299,            0,            0,            0,    0.3382995,    0.9410385
robot_49
    17.90383,    -17.07012,            0,            0,            0,   -0.7992679,    0.6009749
robot_113
   -18.33025,     2.096563,            0,            0,            0,   -0.9128885,     0.408209
robot_94
    25.71943,    -6.024605,            0,            0,            0,    0.2252585,     0.974299
robot_40
   -18.09778,     27.95167,            0,            0,            0,   -0.7015541,    0.7126162
robot_103
    1.929788,     22.51255,            0,            0,            0,   -0.4136596,    0.9104316
robot_6
   -5.615943,    -18.06823,            0,            0,            0,   -0.3975371,    0.9175861
robot_71
   -28.40728,     2.033356,            0,            0,            0,    0.5455127,    0.8381026
robot_17
    30.04956,      18.0167,            0,            0,            0,   -0.7736425,    0.6336224
robot_120
     9.96172,    -9.795405,            0,            0,            0,    0.9982127,   0.05976073
robot_189
   -29.92003,    -14.09321,            0,            0,            0,    0.1744565,    0.9846649
robot_148
   -1.931948,     30.01242,            0,            0,            0,   -0.5499547,    0.8351945
robot_186
     6.17815,    -9.973102,            0,            0,            0,     0.563635,    0.8260239
robot_198
    6.084213,     14.06384,            0,            0,            0,   -0.2480185,    0.9687553
robot_107
   -30.06094,    -28.14225,            0,            0,            0,   -0.5039282,    0.8637456
robot_18
    27.99535,    -18.01129,            0,            0,            0,     0.424946,    0.9052187
robot_23
    9.834425,     10.06234,            0,            0,            0,   -0.9026877,    0.4302964
robot_46
   -6.055908,    -36.46276,            0,            0,            0,    0.2566518,    0.9665039
robot_109
    6.104981,     26.03171,            0,            0,            0,   -0.3118817,    0.9501209
robot_10
   -29.11502,    -21.99366,            0,            0,            0,   -0.8964448,    0.4431553
robot_157
   -6.264494,     26.11398,            0,            0,            0,    -0.907003,    0.4211241
robot_70
    -20.4051,    -1.991317,            0,            0,            0,    0.3175433,    0.9482438
robot_55
   -30.06091,      -25.045,            0,            0,            0,   -0.2510768,    0.9679672
