tuw_multi_robot_msgs::RobotGoalsArray @1970-01-01T01:25:30.300000
frame_id: map
        5130,    300000000
robot_84
   -28.80304,     26.03195,            0,            0,            0,   -0.6963911,    0.7176624
robot_116
   -14.06241,      33.6466,            0,            0,            0,   -0.6691346,    0.7431412
robot_74
   -36.75907,    -33.97945,            0,            0,            0,   -0.3046921,    0.9524509
robot_41
    28.95283,     34.02734,            0,            0,            0,    0.4241634,    0.9055857
robot_125
   -34.24099,    -10.14295,            0,            0,            0,    0.9130528,    0.4078414
robot_136
   -6.365508,    -25.93739,            0,            0,            0,    0.8186911,    0.5742342
robot_173
   -22.37146,     1.967004,            0,            0,            0,    0.1069246,    0.9942671
robot_67
   -5.613377,     22.05742,            0,            0,            0,   -0.6218206,    0.7831597
robot_197
   -17.82011,    -14.03651,            0,            0,            0,  -0.05719254,    0.9983632
robot_119
    17.51309,    -21.98343,            0,            0,            0,     0.767189,    0.6414211
robot_82
    21.61425,    -5.977996,            0,            0,            0,  -0.05036352,     0.998731
robot_77
    18.32035,     34.05439,            0,            0,            0,   -0.9053295,      0.42471
robot_5
    7.758815,     14.00336,            0,            0,            0,  -0.02392635,    0.9997137
robot_133
    13.92696,     1.322293,            0,            0,            0,    -0.471773,      0.88172
robot_99
   -34.29102,     21.90227,            0,            0,            0,    0.2503863,     0.968146
robot_171
    5.925805,    -30.21764,            0,            0,            0,    0.1757924,    0.9844273
robot_180
    -22.0823,     13.96091,            0,            0,            0,   -0.4810332,    0.8767024
robot_56
   -38.97036,     30.01477,            0,            0,            0,   -0.9995963,   0.02841133
robot_3
    25.93348,    -25.87602,            0,            0,            0,    0.8431982,    0.5376028
robot_81
   -10.41594,     13.92572,            0,            0,            0,   -0.9001507,    0.4355785
robot_167
     7.04002,    -13.98863,            0,            0,            0,   -0.4570763,    0.8894275
robot_25
   -3.289606,     10.03242,            0,            0,            0,    0.7313365,    0.6820168
robot_168
   -28.32974,    -9.991501,            0,            0,            0,     0.547257,    0.8369646
robot_96
    14.15138,    -18.03555,            0,            0,            0,    0.9936264,    0.1127239
robot_166
    -15.1499,    -29.98788,            0,            0,            0,    0.5208523,    0.8536468
robot_102
    30.38359,     -2.02407,            0,            0,            0,  0.005972643,    0.9999822
robot_192
   -10.21847,    -9.945078,            0,            0,            0,    0.9965318,   0.08321302
robot_179
    -11.0837,    -5.970334,            0,            0,            0,    -0.947996,    0.3182821
robot_142
    5.742394,     33.91471,            0,            0,            0,    0.9795199,    0.2013473
robot_1
    9.923631,    0.7468722,            0,            0,            0,    0.2027384,    0.9792329
robot_44
   -22.07567,    -1.790182,            0,            0,            0,   -0.5680973,    0.8229614
robot_163
    5.942473,     -3.68414,            0,            0,            0,    0.3269751,     0.945033
robot_79
   -37.73066,     -5.98751,            0,            0,            0,    -0.916846,    0.3992412
robot_8
    9.721683,     30.05572,            0,            0,            0,    0.2651317,    0.9642122
robot_20
   -29.66755,     18.00705,            0,            0,            0,   -0.3978564,    0.9174477
robot_143
   -38.05128,     9.667251,            0,            0,            0,   0.05029451,    0.9987344
robot_138
   -38.08698,    -18.75177,            0,            0,            0,    0.3584467,    0.9335502
robot_123
   -25.98028,     1.892106,            0,            0,            0,   -0.7983207,    0.6022326
robot_193
    25.85092,      33.8517,            0,            0,            0,    0.8531217,    0.5217119
robot_187
   -9.743731,    -29.97173,            0,            0,            0,    0.8806023,    0.4738561
robot_176
    17.84534,     21.73775,            0,            0,            0,   -0.9999617,  0.008746883
robot_66
    37.94878,     17.26003,            0,            0,            0,    0.5503478,    0.8349355
robot_63
   -38.04884,       23.181,            0,            0,            0,   -0.6953337,     0.718687
robot_31
    34.13147,     33.93171,            0,            0,            0,   -0.9889322,    0.1483684
robot_159
   -38.17763,     5.988718,            0,            0,            0,    0.9744656,    0.2245368
robot_160
   -37.64926,    -14.03146,            0,            0,            0,    -0.234873,    0.9720261
robot_151
   -30.04237,     39.23062,            0,            0,            0,   -0.8127359,    0.5826322
robot_150
    17.77489,     9.937332,            0,            0,            0,   -0.9959716,   0.08966956
robot_137
   -34.07928,     32.16091,            0,            0,            0,     0.273048,    0.9620004
robot_199
    25.90527,    -13.34533,            0,            0,            0,  -0.05082781,    0.9987074
robot_54
   -18.07301,      18.5154,            0,            0,            0,   -0.9679126,    0.2512871
robot_117
   -7.207035,    -21.96703,            0,            0,            0,    0.9861843,    0.1656518
robot_36
    9.957596,     37.16713,            0,            0,            0,    0.9957028,   0.09260616
robot_33
   -15.64878,    -18.00541,            0,            0,            0,    0.5403888,    0.8414154
robot_146
     26.5264,    -33.98201,            0,            0,            0,   -0.9589853,    0.2834559
robot_156
    -6.05075,    -6.801249,            0,            0,            0,    0.1295793,    0.9915691
robot_112
    -38.1091,    -22.29003,            0,            0,            0,   -0.8097208,    0.5868153
robot_19
   -26.08074,    -22.27027,            0,            0,            0,   -0.6708063,    0.7416326
robot_141
    30.57093,      -22.017,            0,            0,            0,    0.8132889,    0.5818601
robot_35
   -26.07962,    -25.97881,            0,            0,            0,    0.7619171,    0.6476746
robot_184
    21.81146,    -13.86271,            0,            0,            0,    0.5251224,    0.8510267
robot_98
    9.960427,      14.6228,            0,            0,            0,  -0.04011766,     0.999195
robot_100
   -34.53667,    -14.05234,            0,            0,            0,    0.7805854,    0.6250491
robot_164
    9.953597,    -11.98994,            0,            0,            0,   0.09584926,    0.9953959
robot_59
   -26.08789,     -37.7157,            0,            0,            0,    0.9734738,    0.2287985
robot_144
    5.013042,      26.0299,            0,            0,            0,   -0.1334654,    0.9910535
robot_101
     35.5668,     18.00511,            0,            0,            0,    0.4559039,     0.890029
robot_161
    21.62327,     10.06839,            0,            0,            0,   -0.9674265,    0.2531522
robot_149
    37.98692,     33.83549,            0,            0,            0,   -0.7452271,    0.6668108
robot_86
   -6.056038,     2.865065,            0,            0,            0,   -0.3880986,    0.9216178
robot_191
    9.940708,     28.02043,            0,            0,            0,   -0.4440843,     0.895985
robot_126
   -3.909339,    -13.97132,            0,            0,            0,    -0.581829,    0.8133112
robot_190
   -6.118208,     9.758387,            0,            0,            0,    0.2515633,    0.9678408
robot_131
   -35.79742,     26.00497,            0,            0,            0,   -0.4322527,    0.9017525
robot_154
   -30.75354,     -13.9667,            0,            0,            0,    0.9595461,    0.2815514
robot_9
   -21.59974,    -17.95777,            0,            0,            0,    0.3871704,    0.9220082
robot_27
   -33.98023,     14.27706,            0,            0,            0,    -0.869238,    0.4943939
robot_34
     -18.018,     29.94163,            0,            0,            0,     0.178738,    0.9838967
robot_114
   -12.67469,     21.98693,            0,            0,            0,    -0.806952,    0.5906171
robot_51
   -25.92903,     33.94078,            0,            0,            0,    0.9117708,    0.4106995
robot_108
    9.920617,     33.54792,            0,            0,            0,   -0.6020328,    0.7984714
robot_147
   -5.504186,    -34.01051,            0,            0,            0,   -0.9946843,    0.1029715
robot_183
    -6.03872,     18.12638,            0,            0,            0,   -0.2697788,    0.9629223
robot_48
    13.92687,     -35.5858,            0,            0,            0,    0.8887047,    0.4584801
robot_60
    32.46723,     38.02151,            0,            0,            0,    0.1061223,    0.9943531
robot_75
    17.94346,    -3.096192,            0,            0,            0,    0.9784071,    0.2066869
robot_152
     21.9576,     38.99372,            0,            0,            0,   -0.2282603,    0.9736001
robot_26
    7.683518,     30.03167,            0,            0,            0,    0.1451434,    0.9894106
robot_182
    -26.0915,     11.85715,            0,            0,            0,   -0.8358218,    0.5490008
robot_172
    2.121583,     25.92948,            0,            0,            0,   -0.6002865,     0.799785
robot_43
     14.0938,    -10.06717,            0,            0,            0,    0.4484443,    0.8938108
robot_170
    29.95167,     10.05294,            0,            0,            0,    0.4180905,    0.9084054
robot_177
   -14.03393,     35.98834,            0,            0,            0,   0.02431576,    0.9997043
robot_80
     37.9254,    -19.15381,            0,            0,            0,    0.2000565,    0.9797844
robot_16
   -22.06439,     32.36221,            0,            0,            0,   -0.3944432,    0.9189203
robot_13
     1.93644,     20.55822,            0,            0,            0,   -0.3294681,    0.9441667
robot_178
   -18.05933,     14.13497,            0,            0,            0,    0.6860657,    0.7275396
robot_88
    17.79622,    -9.990677,            0,            0,            0,   -0.8771708,    0.4801785
robot_194
    33.92022,     29.70166,            0,            0,            0,    0.9966887,   0.08131177
robot_29
   -26.53423,       18.045,            0,            0,            0,   -0.8710932,    0.4911177
robot_92
    25.44111,     14.06944,            0,            0,            0,    0.8298276,    0.5580199
robot_87
   -33.95691,     -6.06071,            0,            0,            0,   -0.6343915,    0.7730119
robot_68
    32.69692,    -25.97177,            0,            0,            0,    0.9978303,   0.06583886
robot_22
   -2.143603,    -25.80811,            0,            0,            0,   -0.9975104,   0.07051988
robot_38
    33.95141,     13.50371,            0,            0,            0,    0.9845351,    0.1751872
robot_2
   -10.09247,    -22.79991,            0,            0,            0,    0.5276046,    0.8494901
robot_110
    31.64653,    -9.998285,            0,            0,            0,    0.5689431,    0.8223769
robot_14
   -28.51209,    -18.03093,            0,            0,            0,     0.909019,    0.4167547
robot_181
    18.32858,     37.95728,            0,            0,            0,    0.9916783,    0.1287403
robot_61
    34.12389,    -33.92183,            0,            0,            0,    -0.511959,    0.8590099
