tuw_multi_robot_msgs::RobotGoalsArray @1970-01-01T01:37:34.800000
frame_id: map
        5854,    800000000
robot_84
    -2.01894,     -25.7121,            0,            0,            0,   -0.7443414,    0.6677993
robot_116
   -21.96163,     22.13757,            0,            0,            0,   -0.0330986,    0.9994521
robot_74
    -14.2414,    -10.08954,            0,            0,            0,     0.490514,    0.8714333
robot_41
    33.97368,     10.11967,            0,            0,            0,    0.5332886,    0.8459334
robot_125
   -33.61159,    -25.94889,            0,            0,            0,   -0.4287962,    0.9034012
robot_136
    14.37481,    -9.994349,            0,            0,            0,      0.98683,    0.1617608
robot_173
    5.475388,     29.95177,            0,            0,            0,    0.2457679,    0.9693287
robot_67
   -13.78573,    -38.09029,            0,            0,            0,    0.9999365,   0.01126831
robot_197
   -4.554909,     21.98911,            0,            0,            0,   -0.2346454,     0.972081
robot_119
   -17.41802,     10.00244,            0,            0,            0,  -0.02820937,     0.999602
robot_82
   -34.09972,    -4.241145,            0,            0,            0,   -0.8993462,    0.4372373
robot_77
     34.0054,    -22.12697,            0,            0,            0,   0.03402337,     0.999421
robot_5
   -31.27807,     2.011293,            0,            0,            0,   -0.9655389,    0.2602589
robot_133
    25.38394,    -34.00758,            0,            0,            0,   -0.5056855,    0.8627179
robot_99
   -4.176611,    -22.00648,            0,            0,            0,    0.3262348,    0.9452888
robot_171
   -34.09464,     11.90774,            0,            0,            0,    0.9457789,    0.3248113
robot_180
   -10.09188,     39.09026,            0,            0,            0,   -0.8876731,    0.4604741
robot_56
   -14.08275,     13.69094,            0,            0,            0,    0.9443812,    0.3288528
robot_3
     33.3079,    -34.00415,            0,            0,            0,   -0.5251691,    0.8509979
robot_81
    38.09215,     30.01423,            0,            0,            0,   -0.7249749,    0.6887753
robot_167
 -0.02247694,     26.01279,            0,            0,            0,    0.8500763,    0.5266595
robot_25
     23.0917,    -13.99367,            0,            0,            0,   -0.8192359,    0.5734567
robot_168
   -5.098089,    -14.01583,            0,            0,            0,    0.9410376,     0.338302
robot_96
   -34.05726,      35.6114,            0,            0,            0,    -0.322852,    0.9464495
robot_166
    5.263963,    -10.01961,            0,            0,            0,   -0.4884976,    0.8725652
robot_102
    5.905591,    -37.25557,            0,            0,            0,    0.5952461,    0.8035434
robot_192
    5.953171,    -19.55964,            0,            0,            0,   -0.9986884,   0.05120062
robot_179
    5.917853,    -15.89119,            0,            0,            0,    0.3099226,    0.9507618
robot_142
   -26.54057,     30.00522,            0,            0,            0,   -0.9756648,    0.2192674
robot_1
   -2.914724,     33.97119,            0,            0,            0,   -0.3755703,    0.9267939
robot_44
    9.235649,    -14.01617,            0,            0,            0,   -0.6806356,    0.7326221
robot_163
   -26.05068,    -11.18135,            0,            0,            0,   -0.9965612,   0.08286022
robot_79
    33.95427,     31.85894,            0,            0,            0,   -0.8605861,    0.5093049
robot_8
   -20.26818,     2.016308,            0,            0,            0,    0.7622908,    0.6472346
robot_20
   -30.62221,     9.989056,            0,            0,            0,    -0.910606,    0.4132756
robot_143
    34.53494,     -10.0263,            0,            0,            0,  0.002983931,    0.9999955
robot_138
    1.721952,     22.04487,            0,            0,            0,    0.3162447,    0.9486776
robot_123
   -30.09478,     -10.7334,            0,            0,            0,    0.7757129,     0.631086
robot_193
     1.91308,    -33.42741,            0,            0,            0,    0.9702578,     0.242074
robot_187
    35.98248,     10.03291,            0,            0,            0,   -0.8262189,    0.5633492
robot_176
    22.56102,     5.973056,            0,            0,            0,    0.7748838,    0.6321037
robot_66
    25.91504,     17.30246,            0,            0,            0,    0.9899357,    0.1415177
robot_63
    12.17098,     14.01051,            0,            0,            0,   -0.4509505,     0.892549
robot_31
    22.09234,     21.89507,            0,            0,            0,    0.1754007,    0.9844971
robot_159
    -6.10168,     29.67186,            0,            0,            0,    0.7587827,    0.6513439
robot_160
    37.94326,     21.31525,            0,            0,            0,   -0.2530522,    0.9674526
robot_151
   -1.726488,     5.991123,            0,            0,            0,    0.8163594,    0.5775443
robot_150
  -0.9771336,     -14.0112,            0,            0,            0,   -0.6397236,     0.768605
robot_137
    9.916153,    -38.50314,            0,            0,            0,   -0.5379664,    0.8429663
robot_199
    34.34091,     17.97784,            0,            0,            0,    0.3841982,    0.9232507
robot_54
   -22.07774,    -31.92546,            0,            0,            0,   -0.7608778,    0.6488952
robot_117
   -25.68254,     1.943619,            0,            0,            0,   -0.9244437,    0.3813185
robot_36
    18.15825,    -38.15854,            0,            0,            0,   0.05060635,    0.9987187
robot_33
    -26.0626,     13.57144,            0,            0,            0,  -0.02759853,    0.9996191
robot_146
    9.884028,     6.199777,            0,            0,            0,   -0.2474779,    0.9688935
robot_156
   -6.008516,    -33.75361,            0,            0,            0,    0.3535808,     0.935404
robot_112
   -17.90664,    -18.02512,            0,            0,            0,   -0.9843077,    0.1764605
robot_19
    -18.1656,     -21.9432,            0,            0,            0,   -0.3429174,    0.9393656
robot_141
     33.9441,     -18.5439,            0,            0,            0,   -0.5119181,    0.8590343
robot_35
   -23.58742,     14.03254,            0,            0,            0,   -0.9047444,     0.425955
robot_184
    18.07468,     14.13645,            0,            0,            0,   -0.7783831,    0.6277896
robot_98
   -34.05369,    -31.03928,            0,            0,            0,    0.8950529,    0.4459599
robot_100
    18.00692,     21.95323,            0,            0,            0,   -0.9985986,   0.05292257
robot_164
   -10.14097,     18.01207,            0,            0,            0,   -0.7841981,    0.6205106
robot_59
    25.53409,    -6.026338,            0,            0,            0,   -0.1176021,    0.9930608
robot_144
    30.04321,    -13.98947,            0,            0,            0,   0.04514882,    0.9989803
robot_101
    30.02996,     22.16297,            0,            0,            0,    0.3004296,     0.953804
robot_161
    13.92993,    -2.756774,            0,            0,            0,   -0.2372963,    0.9714373
robot_149
    32.44967,     38.01037,            0,            0,            0,    0.9667825,    0.2556006
robot_86
    6.905468,     17.97821,            0,            0,            0,  -0.03523137,    0.9993792
robot_191
    1.898611,    -6.177118,            0,            0,            0,   -0.7974829,    0.6033416
robot_126
    1.308664,    -21.97676,            0,            0,            0,   -0.7273904,    0.6862239
robot_190
   -14.15614,     30.26438,            0,            0,            0,   -0.6879994,    0.7257113
robot_131
   -21.39683,    -9.998322,            0,            0,            0,    0.9962695,   0.08629607
robot_154
   -26.09244,    -2.409479,            0,            0,            0,     0.686636,    0.7270014
robot_9
    29.92249,    -27.23204,            0,            0,            0,   -0.6039531,    0.7970199
robot_27
   -38.05261,     9.407017,            0,            0,            0,   -0.9993217,   0.03682658
robot_34
    18.23069,    -25.99215,            0,            0,            0,    0.9914421,    0.1305469
robot_114
    22.17315,    -5.907265,            0,            0,            0,    0.9982288,   0.05949114
robot_51
   -10.04483,    -39.49769,            0,            0,            0,    0.9431729,    0.3323024
robot_108
   -1.881625,     14.09316,            0,            0,            0,    0.9815084,     0.191419
robot_147
    9.667944,     34.00065,            0,            0,            0,    0.7370114,    0.6758803
robot_183
    12.37665,     18.02974,            0,            0,            0,    0.9988207,   0.04855083
robot_48
   -18.12258,    -33.81111,            0,            0,            0,    0.5605113,    0.8281468
robot_60
   -18.08531,     26.82075,            0,            0,            0,    0.6925221,    0.7213967
robot_75
   -7.982384,      -2.0093,            0,            0,            0,   -0.4181265,    0.9083888
robot_152
    -34.0817,     -12.0279,            0,            0,            0,     0.691355,    0.7225153
robot_26
    39.30948,     -25.9786,            0,            0,            0,   -0.5873118,    0.8093608
robot_182
    -11.3451,     30.01544,            0,            0,            0,    0.2984953,    0.9544111
robot_172
     5.96151,     34.57123,            0,            0,            0,   -0.9328492,     0.360267
robot_43
   -17.69954,    -10.06568,            0,            0,            0,   -0.9941596,    0.1079196
robot_170
   -29.87369,     34.09609,            0,            0,            0,    0.4250777,    0.9051569
robot_177
   -24.16591,     5.990744,            0,            0,            0,   -0.4368343,     0.899542
robot_80
    18.42456,    -29.90603,            0,            0,            0,   -0.9491499,    0.3148246
robot_16
     25.9835,    -37.71211,            0,            0,            0,    0.3094651,    0.9509108
robot_13
    25.63547,     10.06632,            0,            0,            0,    0.8580038,    0.5136433
robot_178
    13.80968,      -37.805,            0,            0,            0,    0.9200934,    0.3916991
robot_88
   -16.93616,    -13.99638,            0,            0,            0,    0.4848594,    0.8745921
robot_194
   -14.06872,    -33.01793,            0,            0,            0,    0.7817307,    0.6236161
robot_29
    17.47755,    -13.95799,            0,            0,            0,   -0.5702971,    0.8214385
robot_92
    25.94369,     2.006566,            0,            0,            0,    0.7127808,    0.7013869
robot_87
    -3.97312,     -18.0057,            0,            0,            0,  -0.08086946,    0.9967247
robot_68
   -22.15044,      26.0398,            0,            0,            0,    0.9475341,    0.3196546
robot_22
    38.11493,    -14.03952,            0,            0,            0,     0.991542,    0.1297861
robot_38
   -22.10125,    -5.791634,            0,            0,            0,   -0.2568033,    0.9664637
robot_2
    21.52126,      13.9851,            0,            0,            0,    0.3272371,    0.9449423
robot_110
    33.88831,     5.965635,            0,            0,            0,    0.7019392,    0.7122369
robot_14
   -18.12687,    -30.17041,            0,            0,            0,    0.3639391,    0.9314227
robot_181
   -18.08052,     16.85035,            0,            0,            0,    0.7827496,    0.6223367
robot_61
    30.42135,    -33.97784,            0,            0,            0,    0.6081846,    0.7937956
robot_30
    29.75834,     13.98451,            0,            0,            0,    0.9910102,    0.1337863
robot_122
   -4.988777,    -10.01707,            0,            0,            0,    0.6172307,    0.7867822
robot_132
   -30.08551,    -18.23436,            0,            0,            0,     0.683067,    0.7303557
robot_45
    13.87538,      21.8654,            0,            0,            0,    0.8026853,    0.5964028
robot_21
    13.93184,     33.53366,            0,            0,            0,   -0.9990974,   0.04247847
robot_39
    33.96474,     19.96986,            0,            0,            0,   -0.4492479,    0.8934071
robot_134
   -9.770847,    -18.06785,            0,            0,            0,   -0.9994062,   0.03445504
robot_15
   -9.347899,    -10.02049,            0,            0,            0,   0.03516633,    0.9993815
robot_145
    29.93448,    -22.61095,            0,            0,            0,   -0.6620558,    0.7494545
robot_140
    30.47065,     18.02855,            0,            0,            0,   -0.7711204,    0.6366893
robot_196
   -2.644009,     30.00429,            0,            0,            0,   -0.9409526,    0.3385382
robot_188
    25.94742,    -17.83573,            0,            0,            0,    0.6985234,    0.7155872
robot_4
    19.49845,     26.02951,            0,            0,            0,   0.01454909,    0.9998942
robot_155
   -26.06909,     21.47486,            0,            0,            0,    0.3216168,    0.9468699
robot_135
    10.13634,    -1.882865,            0,            0,            0,   -0.5379366,    0.8429853
robot_93
    5.923903,     5.292042,            0,            0,            0,   -0.9882368,    0.1529317
robot_111
    9.858994,     14.18924,            0,            0,            0,   -0.1463448,    0.9892336
robot_0
   -22.09336,     17.52881,            0,            0,            0, -0.005471515,     0.999985
robot_49
    32.36575,     29.99141,            0,            0,            0,  -0.01279277,    0.9999182
robot_113
    3.769444,     18.00024,            0,            0,            0,    0.9977478,   0.06707751
robot_94
    -10.0377,     -31.7042,            0,            0,            0,   -0.9755929,    0.2195873
robot_40
   -26.18712,    -13.87956,            0,            0,            0,   -0.5782592,    0.8158531
robot_103
      13.956,     3.827792,            0,            0,            0,    0.1379297,     0.990442
robot_6
   -11.72448,     37.97848,            0,            0,            0,    0.9326751,    0.3607176
robot_71
   -11.12623,     13.97947,            0,            0,            0,   -0.2803903,    0.9598861
robot_17
    9.905586,     38.25248,            0,            0,            0,   -0.3298325,    0.9440395
robot_120
   -11.40254,     1.974289,            0,            0,            0,     -0.99159,    0.1294186
robot_189
    15.31147,      14.0076,            0,            0,            0,  -0.09761188,    0.9952246
robot_148
   -11.76916,      21.9784,            0,            0,            0,    -0.983728,     0.179664
robot_186
   -20.37891,    -34.01552,            0,            0,            0,   -0.8110134,    0.5850276
robot_198
   -6.046222,     -6.24699,            0,            0,            0,    0.6139513,    0.7893439
robot_107
   -34.07955,     31.56401,            0,            0,            0,   -0.3865027,    0.9222883
robot_18
   -7.295519,       33.985,            0,            0,            0,    0.4901567,    0.8716343
robot_23
     34.0483,    -14.12107,            0,            0,            0,    0.3848318,    0.9229867
robot_46
   -26.69749,     26.00095,            0,            0,            0,   -0.4043197,    0.9146177
robot_109
      29.922,    -8.470825,            0,            0,            0,   -0.9950685,   0.09919061
robot_10
   -17.94252,     5.829462,            0,            0,            0,   0.06398998,    0.9979505
robot_157
   -26.10438,     34.02363,            0,            0,            0,    0.7983835,    0.6021493
robot_70
    5.910127,     10.46207,            0,            0,            0,   -0.9357395,    0.3526918
robot_55
    25.96566,    -28.92487,            0,            0,            0,   -0.5322589,    0.8465817
