tuw_multi_robot_msgs::RobotGoalsArray @1970-01-01T01:23:06.200000
frame_id: map
        4986,    100000000
robot_84
   -36.64955,     6.001181,            0,            0,            0,  -0.02907524,    0.9995772
robot_116
   -1.648783,    -22.05805,            0,            0,            0,    0.9762867,    0.2164816
robot_74
   -26.08437,     27.94435,            0,            0,            0,    0.7365639,     0.676368
robot_41
   -12.68814,     37.98469,            0,            0,            0,    0.2471001,      0.96899
robot_125
    21.95045,    -28.06951,            0,            0,            0,   -0.2974065,    0.9547509
robot_136
    25.91681,     8.100215,            0,            0,            0,    -0.347187,    0.9377959
robot_173
   -29.99253,    -18.06643,            0,            0,            0,    0.6787983,    0.7343247
robot_67
    17.86242,     22.00028,            0,            0,            0,   -0.5705474,    0.8212647
robot_197
    17.32668,    -37.99287,            0,            0,            0,    0.7246803,    0.6890852
robot_119
    38.93373,     21.98255,            0,            0,            0,   -0.6946879,    0.7193112
