tuw_multi_robot_msgs::RobotGoalsArray @1970-01-01T01:22:14.900000
frame_id: map
        4934,    900000000
robot_84
    21.90095,     8.033711,            0,            0,            0,  -0.01988972,    0.9998022
robot_116
    2.491871,      -10.029,            0,            0,            0,   -0.2164763,    0.9762879
robot_74
   -20.88387,     13.99566,            0,            0,            0,    0.6074821,    0.7943333
robot_41
    21.73984,     21.98643,            0,            0,            0,   -0.1053189,    0.9944385
robot_125
     29.9276,     19.93459,            0,            0,            0,   -0.9969324,   0.07826737
robot_136
    -9.95682,    -21.90274,            0,            0,            0,    0.8868498,    0.4620578
robot_173
    5.453255,     17.95411,            0,            0,            0,    -0.356297,    0.9343728
robot_67
   -14.13718,     6.004232,            0,            0,            0,   -0.9982523,   0.05909678
robot_197
   -14.08959,     8.626953,            0,            0,            0,   -0.8834778,     0.468473
robot_119
   -30.05273,    -18.55533,            0,            0,            0,    0.9914735,    0.1303087
