tuw_multi_robot_msgs::RobotGoalsArray @1970-01-01T01:32:36.800000
frame_id: map
        5556,    800000000
robot_84
   -22.05365,     38.66253,            0,            0,            0,    0.9935215,     0.113644
robot_116
    21.93304,      20.1377,            0,            0,            0,   -0.1744299,    0.9846696
robot_74
   -21.47229,    -38.00241,            0,            0,            0,    0.8760804,    0.4821651
robot_41
   -17.52621,     18.01834,            0,            0,            0,   -0.9741467,    0.2259163
robot_125
   -24.74134,     34.01576,            0,            0,            0,    0.4012039,    0.9159888
robot_136
    37.90047,     12.69064,            0,            0,            0,    0.9151669,    0.4030751
robot_173
   -9.994523,     1.813287,            0,            0,            0,    0.7998472,    0.6002036
robot_67
   -22.15854,     30.32164,            0,            0,            0,   -0.2426423,    0.9701158
robot_197
   -6.023701,    -6.008744,            0,            0,            0,    -0.398945,    0.9169749
robot_119
   -10.09859,     -12.2551,            0,            0,            0,   -0.8380434,    0.5456036
robot_82
    25.94708,     30.92768,            0,            0,            0,    -0.975208,    0.2212902
robot_77
   -38.20083,     -25.8604,            0,            0,            0,   -0.4796865,    0.8774399
robot_5
    26.05572,     6.098285,            0,            0,            0,    0.6785053,    0.7345955
robot_133
    31.35719,    -2.032969,            0,            0,            0,    0.1413099,    0.9899654
robot_99
   -12.77765,     34.01014,            0,            0,            0,    0.8197432,    0.5727313
robot_171
    13.79799,     2.148598,            0,            0,            0,   -0.7144705,    0.6996656
robot_180
   -34.08429,    -17.46675,            0,            0,            0,    0.1878444,    0.9821988
robot_56
    14.01706,    -30.25691,            0,            0,            0,   0.02527129,    0.9996806
robot_3
    37.95272,      -21.453,            0,            0,            0,    0.9987742,   0.04949815
robot_81
   -25.58064,     1.943645,            0,            0,            0,   -0.7621543,    0.6473954
robot_167
    21.91918,    -11.89312,            0,            0,            0,   -0.6333491,    0.7738663
robot_25
    9.975472,    -2.222923,            0,            0,            0,  -0.03804967,    0.9992758
robot_168
    -26.7697,    -6.031895,            0,            0,            0,    0.9921339,    0.1251809
robot_96
   0.8850471,    -17.98152,            0,            0,            0,   -0.4844929,    0.8747952
robot_166
  -0.7213552,     13.98259,            0,            0,            0,   -0.9958742,    0.0907449
robot_102
    9.441583,    -30.03278,            0,            0,            0,    0.3255295,    0.9455319
robot_192
   -29.09202,     22.00952,            0,            0,            0,   -0.7700406,    0.6379948
robot_179
    1.952369,     8.812925,            0,            0,            0,   -0.3883458,    0.9215137
robot_142
    29.95687,    -10.44637,            0,            0,            0,    0.6210587,    0.7837641
robot_1
   -37.44356,     18.01414,            0,            0,            0,    0.2475129,    0.9688846
robot_44
     34.1228,    -17.89133,            0,            0,            0,    0.9605008,    0.2782771
robot_163
   -21.00905,    -34.03304,            0,            0,            0,   -0.8363429,    0.5482067
robot_79
   -34.11931,    -13.86156,            0,            0,            0,    0.8851024,    0.4653964
robot_8
   -7.052058,    -1.989455,            0,            0,            0,   -0.9733191,    0.2294559
robot_20
    37.95318,    -27.17558,            0,            0,            0,    -0.664703,    0.7471077
robot_143
    21.86153,    -13.86176,            0,            0,            0,    0.6085359,    0.7935263
robot_138
     33.9067,     -24.0941,            0,            0,            0,   -0.9604669,    0.2783942
robot_123
    6.293359,     14.05914,            0,            0,            0,    0.9742713,    0.2253786
robot_193
   -37.79851,     21.91533,            0,            0,            0,    0.4032241,    0.9151012
robot_187
   -2.076105,    -20.81421,            0,            0,            0,   -0.3019661,    0.9533187
robot_176
    13.78284,    -25.83316,            0,            0,            0,   -0.5596788,    0.8287096
robot_66
   -13.10589,     25.98282,            0,            0,            0,  -0.09918058,    0.9950695
robot_63
   -23.86083,     -17.9756,            0,            0,            0,    0.8561397,    0.5167444
robot_31
   -25.94981,     10.18083,            0,            0,            0,   -0.6977495,    0.7163418
robot_159
    21.96171,     24.58262,            0,            0,            0,    0.3642355,    0.9313069
robot_160
     13.9063,     13.05573,            0,            0,            0,    0.9600733,    0.2797486
robot_151
    33.95451,     16.45734,            0,            0,            0,    0.8233928,    0.5674719
robot_150
   -20.05707,     38.02809,            0,            0,            0,   -0.9237799,    0.3829239
robot_137
   -22.19788,    -29.86463,            0,            0,            0,    0.8701106,    0.4928565
robot_199
   -25.17746,    -29.96779,            0,            0,            0,    0.8034044,    0.5954338
robot_54
   -38.47339,     33.90119,            0,            0,            0,    0.5567402,    0.8306867
robot_117
    26.33946,     10.04765,            0,            0,            0,   -0.7130668,    0.7010961
robot_36
   -39.03156,      25.9744,            0,            0,            0,   -0.9309429,    0.3651648
robot_33
   -10.08826,    -22.37572,            0,            0,            0,    0.9597885,    0.2807242
robot_146
    25.96095,     22.10782,            0,            0,            0,   -0.5240516,    0.8516865
robot_156
   -7.118648,     21.98649,            0,            0,            0,    -0.475399,    0.8797703
robot_112
   -18.13334,     34.21014,            0,            0,            0,   -0.9792757,    0.2025316
robot_19
   -34.09704,     38.05836,            0,            0,            0,   -0.8323275,    0.5542841
robot_141
    34.53852,     -13.9989,            0,            0,            0,   -0.4181448,    0.9083804
robot_35
   -10.07624,     14.99608,            0,            0,            0,   -0.5274863,    0.8495635
robot_184
    38.03509,    -10.09995,            0,            0,            0,   -0.9998021,   0.01989491
robot_98
    32.57048,    -37.98667,            0,            0,            0,   -0.3056405,     0.952147
robot_100
    23.81461,    -9.988603,            0,            0,            0,   -0.9973101,   0.07329765
robot_164
    33.94175,    -29.17615,            0,            0,            0,    0.9758012,    0.2186597
robot_59
   -3.867649,    -22.00724,            0,            0,            0,   0.07423659,    0.9972407
robot_144
   -6.077173,      33.9683,            0,            0,            0,    0.9998406,   0.01785623
robot_101
   -34.04944,    -3.206298,            0,            0,            0,    0.7311043,    0.6822658
robot_161
    21.92128,     30.97227,            0,            0,            0,     0.114837,    0.9933844
robot_149
   -26.39176,      18.0025,            0,            0,            0,   0.09430572,    0.9955433
robot_86
    27.27939,    -9.993883,            0,            0,            0,   -0.9771817,     0.212405
robot_191
   -13.87671,    -22.01365,            0,            0,            0,    0.9400532,    0.3410278
robot_126
     10.8544,     5.992645,            0,            0,            0,   -0.5212765,    0.8533878
robot_190
    29.91413,     20.84889,            0,            0,            0,    0.8358572,     0.548947
robot_131
    31.08186,    -14.00566,            0,            0,            0,   -0.8940167,    0.4480336
robot_154
    10.35063,     21.91523,            0,            0,            0,    0.7929518,    0.6092844
robot_9
    9.905193,    -10.26819,            0,            0,            0,   -0.8139386,    0.5809509
robot_27
    1.908169,    -25.58277,            0,            0,            0,    0.8070456,    0.5904892
robot_34
   -22.04429,    -14.33635,            0,            0,            0,   -0.2014019,    0.9795087
robot_114
     25.9147,     -32.5556,            0,            0,            0,   -0.3173674,    0.9483026
robot_51
   -27.25377,     6.005145,            0,            0,            0,   -0.9989302,    0.0462441
robot_108
    9.941071,    -26.60218,            0,            0,            0,   0.05292173,    0.9985987
robot_147
   -35.57226,     26.01309,            0,            0,            0,   -0.9538083,    0.3004161
robot_183
   -29.67949,     29.90559,            0,            0,            0,   -0.6583627,    0.7527008
robot_48
    5.530278,    -9.937098,            0,            0,            0,    0.6511999,    0.7589062
robot_60
    6.227584,    -13.99141,            0,            0,            0,   -0.4303029,    0.9026846
robot_75
   -22.07816,     34.95958,            0,            0,            0,    0.9393408,    0.3429853
robot_152
   -30.06182,     25.45875,            0,            0,            0,   -0.2141857,     0.976793
robot_26
    2.300642,    -33.92373,            0,            0,            0,    0.4941362,    0.8693845
robot_182
   -2.071728,     22.10563,            0,            0,            0,    0.7638804,    0.6453579
robot_172
    9.601426,    -17.96323,            0,            0,            0,   -0.8044445,    0.5940279
robot_43
   -34.09709,     24.70643,            0,            0,            0,   -0.9995778,   0.02905667
robot_170
    32.88383,     38.03031,            0,            0,            0,   -0.6287288,    0.7776247
robot_177
     12.1344,    -18.02331,            0,            0,            0,    0.8200048,    0.5723566
robot_80
   -30.55872,     5.917989,            0,            0,            0,    0.2329036,    0.9724998
robot_16
    29.84983,     6.002766,            0,            0,            0,   -0.6139379,    0.7893543
robot_13
    10.94048,    -21.98913,            0,            0,            0,   -0.8495757,    0.5274667
robot_178
   -1.581641,    -18.05929,            0,            0,            0,   -0.8513584,    0.5245845
robot_88
   -10.11095,     10.28536,            0,            0,            0,   -0.9910336,    0.1336128
robot_194
   -29.97681,    -6.117038,            0,            0,            0,   -0.5123198,    0.8587948
robot_29
   -13.90304,    -6.074219,            0,            0,            0,    0.4333482,    0.9012266
robot_92
    -13.5732,     5.992547,            0,            0,            0,    0.5438281,    0.8391966
robot_87
 -0.06294696,     18.00777,            0,            0,            0,   -0.3376813,    0.9412605
robot_68
    31.91716,     21.97887,            0,            0,            0,    0.4224331,    0.9063941
robot_22
   -10.05876,     33.30418,            0,            0,            0,    0.7873976,    0.6164455
robot_38
     16.3914,     29.98429,            0,            0,            0,    0.4823163,    0.8759972
robot_2
   -30.08705,     35.08734,            0,            0,            0,   -0.6229452,    0.7822655
robot_110
   -14.06389,     3.286201,            0,            0,            0,   -0.9265616,     0.376143
robot_14
   -33.92117,    -38.02664,            0,            0,            0,   -0.9923715,    0.1232836
robot_181
   -29.77204,     38.02587,            0,            0,            0,    -0.999894,   0.01455696
robot_61
    37.87068,    -33.68985,            0,            0,            0,   -0.6068782,    0.7947949
robot_30
   -32.97756,     6.001144,            0,            0,            0,    -0.289925,    0.9570494
robot_122
    3.792568,     5.993095,            0,            0,            0,    0.5229323,    0.8523742
robot_132
     12.0905,    -37.96903,            0,            0,            0,    0.7033199,    0.7108735
robot_45
   -25.63297,    -9.938129,            0,            0,            0,   -0.8289048,    0.5593897
robot_21
    21.93808,     11.89551,            0,            0,            0,    0.3412656,    0.9399669
robot_39
   -22.08691,    -27.44356,            0,            0,            0,   -0.4401227,    0.8979377
robot_134
   -18.06752,    -32.59066,            0,            0,            0,    0.3299604,    0.9439948
robot_15
   -36.90095,     14.00563,            0,            0,            0,    0.8749165,    0.4842738
robot_145
    26.78554,     17.97954,            0,            0,            0,     0.627092,    0.7789452
robot_140
   -13.99411,     9.667315,            0,            0,            0,    0.7814574,    0.6239586
robot_196
   -10.04649,     6.569793,            0,            0,            0,     0.957438,    0.2886389
robot_188
     14.7917,     21.98582,            0,            0,            0,   -0.4584169,    0.8887373
robot_4
    2.211702,     25.91495,            0,            0,            0,   -0.9948175,    0.1016767
robot_155
    9.910444,    0.4978579,            0,            0,            0,   -0.4996063,    0.8662526
robot_135
    14.73251,     33.99624,            0,            0,            0,    0.6339086,     0.773408
robot_93
   -10.01857,    -17.95708,            0,            0,            0,    0.9940992,    0.1084748
robot_111
    -30.1749,    -2.232765,            0,            0,            0,     0.305804,    0.9520945
robot_0
    34.64109,    -25.97729,            0,            0,            0,   -0.7642901,    0.6448726
robot_49
   -30.03693,     -24.2612,            0,            0,            0,   -0.6494944,    0.7603664
robot_113
    32.15263,      26.0139,            0,            0,            0,    0.9815369,    0.1912727
