tuw_multi_robot_msgs::RobotGoalsArray @1970-01-01T00:17:06.900000
frame_id: map
        1026,    900000000
robot_84
   -30.04712,     23.35885,            0,            0,            0,    0.9450282,    0.3269889
robot_116
   -30.08279,    -23.75488,            0,            0,            0,   -0.9874509,    0.1579263
robot_74
    5.915189,      15.5037,            0,            0,            0,   -0.8167471,    0.5769959
robot_41
    5.818618,    -17.84629,            0,            0,            0,    0.8392051,    0.5438151
robot_125
   -10.05028,   -0.9136556,            0,            0,            0,   -0.7544787,    0.6563245
robot_136
   -33.99662,     29.67214,            0,            0,            0,    0.9768036,     0.214137
robot_173
   -18.28345,     6.139342,            0,            0,            0,   -0.6093704,    0.7928857
robot_67
    1.626273,     33.91218,            0,            0,            0,    0.9840436,    0.1779277
robot_197
    13.90707,    -14.73525,            0,            0,            0,    0.5374065,    0.8433233
robot_119
    25.87831,     10.15998,            0,            0,            0,   -0.5039029,    0.8637603
robot_82
    33.96331,     9.635369,            0,            0,            0,    0.9501348,    0.3118394
robot_77
   -22.13553,    -22.02179,            0,            0,            0,   -0.3747873,    0.9271108
robot_5
    20.60211,    -2.020912,            0,            0,            0,   -0.1389026,     0.990306
robot_133
   -30.08514,      13.0232,            0,            0,            0,    0.3635325,    0.9315815
robot_99
   -21.31671,    -5.993944,            0,            0,            0,   -0.0842774,    0.9964423
robot_171
   -22.00787,     22.05085,            0,            0,            0,   -0.9980275,   0.06277895
robot_180
   -18.52905,     -25.9539,            0,            0,            0, -0.008613847,    0.9999629
robot_56
    14.29414,    -33.95095,            0,            0,            0,    0.7685825,    0.6397507
robot_3
    18.16535,     22.03423,            0,            0,            0,   -0.7186154,    0.6954077
robot_81
   -29.93568,    -14.05705,            0,            0,            0,    0.9875957,    0.1570182
robot_167
    9.909882,    -36.35324,            0,            0,            0,    0.4621691,    0.8867918
robot_25
    23.10475,     21.96871,            0,            0,            0,   -0.9297681,    0.3681458
robot_168
    33.02133,      29.9873,            0,            0,            0,   -0.6037182,    0.7971978
robot_96
    33.71582,      25.9818,            0,            0,            0,    0.9186205,     0.395141
robot_166
 0.009848387,    -6.004096,            0,            0,            0,   -0.3457808,    0.9383153
robot_102
    1.948935,    -19.54023,            0,            0,            0,  -0.06065584,    0.9981587
robot_192
   -2.084372,    -25.97535,            0,            0,            0,    0.3547804,    0.9349497
robot_179
    11.38666,     37.98496,            0,            0,            0,   -0.5957078,    0.8032012
robot_142
    -35.2436,    -9.980168,            0,            0,            0,    0.9006279,     0.434591
robot_1
    17.92224,    -28.29033,            0,            0,            0,    -0.515893,    0.8566531
robot_44
   -27.42991,      30.0097,            0,            0,            0,   -0.1784363,    0.9839515
robot_163
   -3.882198,     5.994922,            0,            0,            0,   -0.9078078,    0.4193864
robot_79
   -30.08853,      39.2089,            0,            0,            0,   -0.3960131,    0.9182449
robot_8
   -14.46094,    -22.01881,            0,            0,            0,   -0.8879289,    0.4599807
robot_20
    21.93387,     27.42162,            0,            0,            0,   -0.6054885,     0.795854
robot_143
   -29.93283,    -34.17542,            0,            0,            0,   -0.9497195,     0.313102
robot_138
    22.15248,      -6.1189,            0,            0,            0,    0.9991868,   0.04032103
robot_123
   -18.03472,    -10.83538,            0,            0,            0,    0.6754375,    0.7374172
robot_193
   -18.23353,     21.94844,            0,            0,            0,   -0.9329031,    0.3601274
robot_187
   -34.06493,     1.608255,            0,            0,            0,    0.4369518,    0.8994849
