tuw_multi_robot_msgs::RobotGoalsArray @1970-01-01T01:40:02.800000
frame_id: map
        6002,    800000000
robot_84
   -26.07821,     37.04131,            0,            0,            0,   -0.5115219,    0.8592703
robot_116
   -14.09924,     33.05862,            0,            0,            0,    0.9953371,    0.0964578
robot_74
   -14.07321,    -12.78317,            0,            0,            0,   -0.9494617,     0.313883
robot_41
    33.75968,     38.15792,            0,            0,            0,   -0.6121325,    0.7907552
robot_125
   -13.86816,    -1.850095,            0,            0,            0,    0.9990867,   0.04272789
robot_136
   -15.64034,     -18.0169,            0,            0,            0,   -0.7785536,    0.6275781
robot_173
    23.95955,     1.976286,            0,            0,            0,   -0.9451027,    0.3267735
robot_67
    25.95323,     4.129546,            0,            0,            0,   -0.7521912,    0.6589449
robot_197
   -10.09563,    -31.20919,            0,            0,            0,    0.5924075,    0.8056385
robot_119
   -18.08669,     17.30455,            0,            0,            0,   -0.3795047,    0.9251898
robot_82
    13.96997,     9.686453,            0,            0,            0,   -0.5760434,    0.8174191
robot_77
    12.66816,    -5.999511,            0,            0,            0,   -0.8601891,    0.5099752
robot_5
    14.24562,    -10.07702,            0,            0,            0,   -0.7530187,    0.6579991
robot_133
    13.94356,     32.81693,            0,            0,            0,    0.3672669,    0.9301156
robot_99
    33.91263,     1.847606,            0,            0,            0,    0.7163335,    0.6977581
robot_171
   -18.11637,    -38.26513,            0,            0,            0,   0.08425849,    0.9964439
robot_180
    37.56337,    -10.01414,            0,            0,            0,   -0.9618366,    0.2736244
robot_56
    17.82906,    -18.21517,            0,            0,            0,   -0.9953656,   0.09616261
robot_3
    13.03525,     14.01232,            0,            0,            0,    0.1227518,    0.9924374
robot_81
    -10.0788,    -13.85855,            0,            0,            0,    0.5349751,    0.8448679
robot_167
   -14.06835,     15.98273,            0,            0,            0,   -0.9990538,   0.04349179
robot_25
     21.9462,    -34.36119,            0,            0,            0,   -0.1885184,    0.9820697
robot_168
    21.94935,    -21.75064,            0,            0,            0,   -0.9044667,    0.4265443
robot_96
    3.231041,     9.976727,            0,            0,            0,   -0.5780244,    0.8160195
robot_166
   -22.07695,    -37.55664,            0,            0,            0,    0.8872889,    0.4612141
robot_102
    9.904015,    -15.17932,            0,            0,            0,     0.981978,    0.1889951
robot_192
   -14.12254,     10.33674,            0,            0,            0,    0.2013154,    0.9795265
robot_179
   -11.72925,    -26.03078,            0,            0,            0,    -0.990219,    0.1395216
robot_142
   -29.99523,     34.02613,            0,            0,            0,   -0.9475372,    0.3196454
robot_1
    -14.2096,    -34.04798,            0,            0,            0,    0.9804901,    0.1965687
robot_44
    17.92373,    -32.17077,            0,            0,            0,     0.700808,      0.71335
robot_163
    13.96465,     36.37228,            0,            0,            0,    0.6528581,    0.7574802
robot_79
    1.920546,    -15.84379,            0,            0,            0,    0.7061276,    0.7080847
robot_8
   -2.153899,    -9.958343,            0,            0,            0,    0.9550871,    0.2963252
robot_20
    9.960499,    -8.500767,            0,            0,            0,    0.6985645,    0.7155471
robot_143
   -10.03218,    -22.22814,            0,            0,            0,    0.6991556,    0.7149695
robot_138
   -6.057555,     1.070766,            0,            0,            0,   -0.1339611,    0.9909866
robot_123
    33.90643,    -9.079768,            0,            0,            0,   -0.9993676,   0.03555818
robot_193
    5.900316,    -21.84938,            0,            0,            0,   -0.8546456,    0.5192118
robot_187
   -34.12566,    -29.94831,            0,            0,            0,   0.07584508,    0.9971196
robot_176
    8.488206,    -10.02021,            0,            0,            0,    0.6149866,    0.7885376
robot_66
   -34.08608,    -4.085698,            0,            0,            0,    0.9478945,    0.3185844
robot_63
   -15.15361,    -37.97715,            0,            0,            0,   -0.6137552,    0.7894964
robot_31
   -3.173798,    -30.01544,            0,            0,            0,   -0.4155818,    0.9095558
robot_159
   -6.703736,     6.017004,            0,            0,            0,  -0.03952734,    0.9992185
robot_160
    1.964043,     26.88753,            0,            0,            0,    0.9938994,    0.1102906
robot_151
    38.04764,     29.99976,            0,            0,            0,  -0.09933717,    0.9950538
robot_150
   -18.21104,    -1.898258,            0,            0,            0,    0.2240968,    0.9745669
robot_137
    14.44129,    -2.032508,            0,            0,            0,    0.3218277,    0.9467982
robot_199
    5.414339,     33.99336,            0,            0,            0,    -0.947473,    0.3198358
robot_54
    5.983851,    -34.21371,            0,            0,            0,    0.8892883,    0.4573471
robot_117
   -17.99471,     38.08217,            0,            0,            0,   -0.8846004,    0.4663498
robot_36
    13.99342,     30.23846,            0,            0,            0,   -0.6701793,    0.7421992
robot_33
   -30.09701,     31.99737,            0,            0,            0,   -0.5502714,    0.8349859
robot_146
    33.83729,    -14.16352,            0,            0,            0,    0.2431475,    0.9699893
robot_156
    6.070996,    -13.86841,            0,            0,            0,   -0.3981425,    0.9173236
robot_112
    -3.48049,    -17.98691,            0,            0,            0,    0.4767674,    0.8790295
robot_19
   -18.20216,     -14.0215,            0,            0,            0,   -0.9509615,    0.3093094
robot_141
  -0.7160542,     13.97845,            0,            0,            0,     0.882607,    0.4701116
robot_35
   -33.98198,    -26.02014,            0,            0,            0,    0.8714724,    0.4904445
robot_184
   -6.167054,     37.98944,            0,            0,            0,    0.8854444,    0.4647453
robot_98
     10.1485,     37.98223,            0,            0,            0,    0.9507412,    0.3099857
robot_100
    23.42378,    -37.96982,            0,            0,            0,   -0.2840912,    0.9587973
robot_164
    25.92884,     6.888472,            0,            0,            0,   -0.9663073,     0.257391
robot_59
    37.90571,     23.55933,            0,            0,            0,    0.9784149,    0.2066503
robot_144
   -30.07507,     13.08953,            0,            0,            0,    -0.990494,    0.1375562
robot_101
   -36.30079,     5.992305,            0,            0,            0,  -0.02476075,    0.9996934
robot_161
    34.18437,     29.99794,            0,            0,            0,    0.9763112,    0.2163711
robot_149
   -30.09962,    -24.81411,            0,            0,            0,    0.1283236,    0.9917324
robot_86
   -30.09173,     28.90284,            0,            0,            0,    0.8630958,    0.5050402
robot_191
   -38.99956,    -30.02607,            0,            0,            0,   -0.6834152,    0.7300299
robot_126
    17.91813,     23.13796,            0,            0,            0,     0.313843,    0.9494749
robot_190
    26.34308,     18.00079,            0,            0,            0,    -0.893259,    0.4495424
robot_131
    10.90275,     2.010336,            0,            0,            0,   -0.2221937,    0.9750025
robot_154
    26.32217,     9.902415,            0,            0,            0,    0.5211692,    0.8534533
robot_9
    6.240339,      -5.9828,            0,            0,            0,    0.2962794,    0.9551013
robot_27
    18.16123,     14.12132,            0,            0,            0,   -0.6596829,     0.751544
robot_34
   -6.097056,     31.20028,            0,            0,            0,   -0.7711729,    0.6366258
robot_114
    1.932027,    -33.19254,            0,            0,            0,    0.9851115,    0.1719164
robot_51
    24.56949,    -33.99866,            0,            0,            0,    0.9895562,    0.1441479
robot_108
   -32.33856,     29.98848,            0,            0,            0,   -0.4733872,    0.8808545
robot_147
    21.42682,     21.98347,            0,            0,            0,   -0.9999053,    0.0137586
robot_183
    22.69325,     14.01157,            0,            0,            0,   -0.3603558,    0.9328149
robot_48
    -7.04923,    -21.98629,            0,            0,            0,     -0.19645,    0.9805138
robot_60
    25.87573,      34.0331,            0,            0,            0,   -0.8218306,    0.5697319
robot_75
    11.16416,     17.98682,            0,            0,            0,   -0.4502023,    0.8929266
robot_152
   -5.849481,     26.09325,            0,            0,            0,    0.5506173,    0.8347578
robot_26
   -2.084974,    -26.37734,            0,            0,            0,   -0.8466051,    0.5322217
robot_182
   -27.98247,    -26.02055,            0,            0,            0,   -0.9997476,   0.02246748
robot_172
    15.30465,    -26.00857,            0,            0,            0,   -0.8761359,    0.4820642
robot_43
    9.690566,    -5.997762,            0,            0,            0,   -0.1945801,    0.9808866
robot_170
   -38.00695,    -6.012088,            0,            0,            0,    0.1597264,    0.9871613
robot_177
   -25.06185,    -29.97726,            0,            0,            0,    0.2742584,     0.961656
robot_80
    30.13131,     33.96925,            0,            0,            0,   -0.9288534,    0.3704475
robot_16
   -10.98775,    -2.010283,            0,            0,            0,    0.2877998,    0.9576906
robot_13
   -21.40805,    -2.011448,            0,            0,            0,   -0.6040852,    0.7969198
robot_178
    9.934665,    -3.538538,            0,            0,            0,    0.8799161,     0.475129
robot_88
    5.637869,     13.97521,            0,            0,            0,   -0.6643371,    0.7474331
robot_194
   -20.55341,     21.97088,            0,            0,            0,    0.8164899,    0.5773597
robot_29
    17.77079,     25.83085,            0,            0,            0,   -0.3497323,    0.9368497
robot_92
    30.26679,    -9.962005,            0,            0,            0,   -0.1959911,    0.9806057
robot_87
    10.11747,     26.14124,            0,            0,            0,    0.9622523,    0.2721589
robot_68
   -39.27754,    -13.98888,            0,            0,            0,   -0.9987639,   0.04970663
robot_22
   -34.11784,    -22.13164,            0,            0,            0,   -0.9998081,   0.01958949
robot_38
    29.95157,    -38.73569,            0,            0,            0,   -0.7338433,    0.6793187
robot_2
    9.770402,     33.91229,            0,            0,            0,    0.9564114,    0.2920228
robot_110
   -3.155086,     5.998802,            0,            0,            0,    -0.318484,    0.9479282
robot_14
   -1.848933,    -22.06673,            0,            0,            0,   -0.1211601,     0.992633
robot_181
     5.97309,     18.27119,            0,            0,            0,    0.8029579,    0.5960357
robot_61
   -10.08083,     32.67695,            0,            0,            0,  -0.04853315,    0.9988216
robot_30
   -4.117427,    -10.00224,            0,            0,            0,    0.9299671,    0.3676426
robot_122
    29.93826,     38.44049,            0,            0,            0,   -0.8157183,    0.5784493
robot_132
   -30.11614,    -2.299422,            0,            0,            0,   -0.9674166,    0.2531901
robot_45
   -25.24988,     10.01058,            0,            0,            0,   -0.1070564,    0.9942529
robot_21
    13.76378,      21.9954,            0,            0,            0,   -0.4803577,    0.8770727
robot_39
    27.10299,    -2.023449,            0,            0,            0,    0.5025468,      0.86455
robot_134
    25.82699,    -22.20961,            0,            0,            0,   -0.3187632,    0.9478344
robot_15
    21.84825,     1.969263,            0,            0,            0,   -0.9853003,    0.1708313
robot_145
    32.03195,    -21.96859,            0,            0,            0,    0.5881734,    0.8087349
robot_140
    17.95929,    -25.58893,            0,            0,            0,    0.8711079,    0.4910917
robot_196
   -10.08889,     13.40952,            0,            0,            0,    0.9980471,   0.06246656
robot_188
    33.90219,     23.68169,            0,            0,            0,   -0.8242291,    0.5662564
robot_4
    30.16592,    -25.90475,            0,            0,            0,    0.7635276,    0.6457752
robot_155
    21.92153,    -4.052707,            0,            0,            0,    0.2415491,    0.9703886
robot_135
   -10.08269,    -19.07939,            0,            0,            0,    0.8509104,    0.5253108
robot_93
    10.01922,     22.08768,            0,            0,            0,     0.927161,    0.3746633
robot_111
   -18.01935,     30.31981,            0,            0,            0,    0.7771763,    0.6292829
robot_0
    11.53543,     30.00896,            0,            0,            0,    0.4787818,    0.8779339
robot_49
    12.14664,     38.02588,            0,            0,            0,   -0.8913421,    0.4533314
robot_113
    22.05547,     17.91622,            0,            0,            0,   -0.5677671,    0.8231892
robot_94
    17.93451,    -5.459701,            0,            0,            0,   -0.6714246,    0.7410728
robot_40
   0.7535752,    -17.97542,            0,            0,            0,    0.9922817,    0.1240041
robot_103
    20.37976,     5.993207,            0,            0,            0,   -0.7735789,       0.6337
robot_6
   -10.07931,     -15.8791,            0,            0,            0,   -0.9782107,    0.2076145
robot_71
    37.37233,    -21.96708,            0,            0,            0,    0.8043622,    0.5941393
robot_17
    13.90912,    -36.89915,            0,            0,            0,  -0.03896688,    0.9992405
robot_120
    23.78272,     -2.00656,            0,            0,            0,    -0.195279,    0.9807477
robot_189
   -33.59096,    -9.934633,            0,            0,            0,   -0.8886434,    0.4585989
robot_148
    26.00828,     22.13672,            0,            0,            0,    0.9177036,    0.3972657
robot_186
    38.54414,     18.02419,            0,            0,            0,   -0.3154202,    0.9489521
robot_198
    -30.0279,     17.93301,            0,            0,            0,   -0.9502507,    0.3114862
robot_107
     5.78246,     30.10642,            0,            0,            0,     0.648911,    0.7608643
robot_18
    33.90231,     19.55123,            0,            0,            0,   -0.9934905,    0.1139149
robot_23
   -21.91796,     17.84085,            0,            0,            0,   -0.5003085,    0.8658472
robot_46
   -18.11039,     -22.1223,            0,            0,            0,    0.4640831,    0.8857917
robot_109
   -21.76476,    -18.05009,            0,            0,            0,    0.2989109,     0.954281
robot_10
   -29.60068,     -33.9912,            0,            0,            0,   -0.9961072,   0.08815024
robot_157
   -30.04207,     23.50279,            0,            0,            0,    0.7033142,    0.7108791
robot_70
    1.925919,     30.90269,            0,            0,            0,    0.9963273,   0.08562623
robot_55
    25.94803,    -14.36577,            0,            0,            0,   0.07005277,    0.9975433
robot_73
   -38.03973,     24.50505,            0,            0,            0,   0.09434401,    0.9955397
robot_69
   -19.31031,     -29.9925,            0,            0,            0,   -0.2321433,    0.9726816
robot_65
    26.70293,     14.00402,            0,            0,            0,    0.2745984,     0.961559
robot_124
    2.028753,    -21.96571,            0,            0,            0,   -0.9694876,    0.2451404
robot_115
    25.67028,    -38.01997,            0,            0,            0,     0.779622,    0.6262504
robot_130
   -18.04416,     10.83616,            0,            0,            0,   -0.2414698,    0.9704083
robot_85
   -4.322092,      33.9907,            0,            0,            0,    0.1338106,    0.9910069
robot_91
    9.485019,    -18.00349,            0,            0,            0,   -0.7938629,    0.6080968
robot_47
    14.87284,    -5.973514,            0,            0,            0,    -0.721273,    0.6926509
robot_52
   -34.06012,     18.22481,            0,            0,            0,   -0.2759273,    0.9611785
robot_195
   -38.04886,    -28.08747,            0,            0,            0,   -0.8916749,    0.4526763
robot_72
    13.85637,    -30.04735,            0,            0,            0,   -0.1351848,    0.9908204
robot_158
   -20.06762,     34.02693,            0,            0,            0,   -0.4759011,    0.8794988
robot_153
    21.45785,     9.924398,            0,            0,            0,     0.900628,    0.4345908
robot_105
   -14.15768,     29.92756,            0,            0,            0,    -0.459934,    0.8879531
robot_162
     33.9112,     -17.4475,            0,            0,            0,    0.4187634,    0.9080954
robot_97
   -22.13169,      38.3127,            0,            0,            0,  -0.04961604,    0.9987684
robot_90
    -34.0619,    -36.08503,            0,            0,            0,   -0.6999647,    0.7141775
robot_165
   -34.04672,     9.103038,            0,            0,            0,   -0.3426292,    0.9394707
robot_42
    37.54946,     9.978631,            0,            0,            0,   -0.9873849,    0.1583384
robot_7
    37.92551,    -31.75443,            0,            0,            0,    0.8333029,    0.5528167
robot_28
    17.95042,    -39.45129,            0,            0,            0,    0.8946489,      0.44677
robot_118
   -30.09076,     37.49329,            0,            0,            0,    0.0832626,    0.9965276
robot_139
    -9.72921,    -34.05139,            0,            0,            0,   -0.9845296,    0.1752185
robot_129
   -28.80039,     -37.9681,            0,            0,            0,   0.09790028,    0.9951962
robot_57
     22.9868,     30.03193,            0,            0,            0,   -0.4948677,    0.8689683
robot_24
   -29.03618,    -10.01502,            0,            0,            0,   -0.9285064,    0.3713165
robot_106
   -6.038957,    -34.99567,            0,            0,            0,   -0.9801395,    0.1983091
robot_185
    26.08228,     29.95103,            0,            0,            0,     0.724763,    0.6889982
robot_174
    33.69711,    -2.004814,            0,            0,            0,    0.7511123,    0.6601744
robot_58
    5.113761,     21.97363,            0,            0,            0,   0.05171364,     0.998662
robot_12
    9.915348,    -26.32545,            0,            0,            0,    0.3009791,    0.9536307
robot_95
    29.95941,     13.43154,            0,            0,            0,   -0.1598254,    0.9871453
robot_78
    18.02188,     10.29818,            0,            0,            0,    0.0500228,    0.9987481
robot_62
    -3.74594,    -14.03014,            0,            0,            0,   -0.1776246,    0.9840983
robot_121
    14.12181,    -14.00444,            0,            0,            0,    0.8496575,    0.5273349
robot_83
  -0.9763478,      26.0079,            0,            0,            0,   -0.4711333,     0.882062
robot_127
   -10.05928,    -36.17944,            0,            0,            0,   -0.4596778,    0.8880858
robot_128
    -21.6091,     6.061837,            0,            0,            0,    0.9979426,   0.06411355
robot_32
    29.92807,    -23.98509,            0,            0,            0,    0.4344627,    0.9006898
robot_89
   -11.51265,     2.032772,            0,            0,            0,    0.9326875,    0.3606854
robot_11
    17.86772,    -9.955137,            0,            0,            0,    0.5799373,    0.8146611
robot_37
   -14.04245,     35.85841,            0,            0,            0,   -0.1136332,    0.9935228
robot_175
   -2.129743,     29.70305,            0,            0,            0,   -0.8683992,    0.4958657
robot_50
   -30.46925,    -18.02598,            0,            0,            0,   -0.5900744,    0.8073489
robot_64
   -14.24855,    -21.93588,            0,            0,            0,   0.07255354,    0.9973645
robot_76
   -8.523871,    -37.97872,            0,            0,            0,   -0.4426416,    0.8966986
robot_104
    18.30801,     37.96155,            0,            0,            0,   -0.6545156,    0.7560485
robot_169
    22.09145,     37.87117,            0,            0,            0,   -0.8363706,    0.5481644
robot_53
    14.31767,    -22.04839,            0,            0,            0,   -0.1061337,    0.9943519
