tuw_multi_robot_msgs::RobotGoalsArray @1970-01-01T00:12:45.300000
frame_id: map
         765,    300000000
robot_84
    21.58005,     29.92261,            0,            0,            0,   -0.8649968,    0.5017773
robot_116
   -30.05772,     34.46861,            0,            0,            0,    0.5778205,    0.8161639
robot_74
   -30.07072,    -14.93981,            0,            0,            0,   -0.9673201,    0.2535583
robot_41
     20.3147,     33.98029,            0,            0,            0,   -0.7278457,     0.685741
robot_125
    33.92254,    -10.09008,            0,            0,            0,    0.9512856,     0.308311
robot_136
   -14.08741,      25.2101,            0,            0,            0,   -0.2643749,      0.96442
robot_173
    9.910745,    -32.37514,            0,            0,            0,   -0.7189606,    0.6950509
robot_67
    13.62681,     2.072713,            0,            0,            0,    0.6356808,     0.771952
robot_197
    25.57675,    -18.00497,            0,            0,            0,    0.4368574,    0.8995308
robot_119
    -34.5119,     29.98689,            0,            0,            0,  0.003351795,    0.9999944
robot_82
   -33.90784,     18.07954,            0,            0,            0,   -0.2540264,    0.9671973
robot_77
    25.92423,    -27.66631,            0,            0,            0,   -0.2276159,     0.973751
robot_5
    2.064595,    -9.814492,            0,            0,            0,   -0.4042001,    0.9146706
robot_133
    7.596041,     22.03332,            0,            0,            0,    0.1058129,    0.9943861
robot_99
    25.70797,    -30.08091,            0,            0,            0,    0.3926466,    0.9196894
robot_171
   -26.09726,    -21.41825,            0,            0,            0,   -0.9989237,   0.04638338
robot_180
     5.89073,     17.72849,            0,            0,            0,   -0.9998732,   0.01592282
robot_56
   -34.05846,    -30.93482,            0,            0,            0,    0.6946278,    0.7193693
robot_3
      13.515,    -9.926451,            0,            0,            0,    -0.639098,    0.7691253
robot_81
   -22.12412,     30.11165,            0,            0,            0,   -0.1095284,    0.9939837
robot_167
    13.93687,     8.746874,            0,            0,            0,    0.5401684,     0.841557
robot_25
    5.917985,     24.73778,            0,            0,            0,   -0.9757381,     0.218941
robot_168
   -26.09563,    -36.36793,            0,            0,            0,   -0.7604323,    0.6494173
robot_96
    9.691951,     33.92188,            0,            0,            0,   -0.1640011,    0.9864602
robot_166
   -18.00363,     10.08205,            0,            0,            0,   -0.8717438,     0.489962
robot_102
     19.9448,     18.02453,            0,            0,            0,    0.1923909,    0.9813184
robot_192
     32.5276,    -21.99651,            0,            0,            0,   -0.4484913,    0.8937872
robot_179
    1.952491,     27.38258,            0,            0,            0,    0.9498368,    0.3127459
robot_142
     15.8363,    -10.01581,            0,            0,            0,   -0.2288086,    0.9734714
robot_1
    37.96369,    -21.72269,            0,            0,            0,   -0.9874424,    0.1579795
robot_44
   -12.18814,    -9.995958,            0,            0,            0,    0.2382391,    0.9712065
robot_163
   -25.98962,    -18.09254,            0,            0,            0,   -0.9606069,    0.2779106
robot_79
   -19.63665,    -6.016089,            0,            0,            0,     0.401837,    0.9157112
robot_8
    5.923775,     15.22994,            0,            0,            0,    0.3670861,     0.930187
robot_20
     37.9506,    -30.52958,            0,            0,            0,     0.762909,    0.6465058
robot_143
   -38.04002,    -21.08739,            0,            0,            0,    -0.996966,    0.0778389
robot_138
    37.53053,     21.97293,            0,            0,            0,   -0.9101031,    0.4143818
robot_123
    26.04407,     1.909987,            0,            0,            0,    0.1275541,    0.9918316
robot_193
   -18.05191,    -33.93992,            0,            0,            0,   -0.9984016,   0.05651803
robot_187
    -38.0998,     24.42018,            0,            0,            0,    0.2829701,    0.9591287
