tuw_multi_robot_msgs::RobotGoalsArray @1970-01-01T01:31:09.200000
frame_id: map
        5469,    200000000
robot_84
   -29.88328,    -2.063571,            0,            0,            0,    0.5593343,    0.8289422
robot_116
    3.538658,     14.03122,            0,            0,            0,    0.1203472,    0.9927319
robot_74
   -10.19242,     37.84387,            0,            0,            0,    0.2089258,    0.9779315
robot_41
    34.37895,    -18.01423,            0,            0,            0,    0.9283288,    0.3717601
robot_125
   -9.936282,    -38.05623,            0,            0,            0,   -0.7122959,    0.7018793
robot_136
    18.52179,     -1.97994,            0,            0,            0,    0.9138277,     0.406102
robot_173
    18.00548,     30.24359,            0,            0,            0,    0.9914882,    0.1301964
robot_67
   -1.875399,    -13.94749,            0,            0,            0,   0.02799123,    0.9996082
robot_197
    21.79257,     34.04936,            0,            0,            0,    0.9577446,    0.2876202
robot_119
    29.60327,     -1.92836,            0,            0,            0,   -0.4327694,    0.9015046
robot_82
     37.9198,    -22.18358,            0,            0,            0,    0.2574174,    0.9663003
robot_77
    33.91756,     31.20319,            0,            0,            0,   -0.9797634,    0.2001593
robot_5
   -23.03418,     37.99718,            0,            0,            0,   -0.7813627,    0.6240772
robot_133
   -34.00462,    -6.086357,            0,            0,            0,    -0.657899,    0.7531062
robot_99
    5.769819,     22.07359,            0,            0,            0,    0.8756304,    0.4829817
robot_171
    38.95243,    -18.03075,            0,            0,            0,   -0.4856208,    0.8741696
robot_180
    24.11596,     29.98125,            0,            0,            0,    -0.785325,    0.6190837
robot_56
    20.08657,     5.975131,            0,            0,            0,   -0.6634262,    0.7482417
robot_3
    29.93645,     10.75538,            0,            0,            0,   -0.6743058,    0.7384522
robot_81
   -6.039851,     20.25416,            0,            0,            0,  -0.06325172,    0.9979976
robot_167
   -20.19793,     -14.0023,            0,            0,            0,     0.993939,    0.1099329
robot_25
   -22.04801,     13.79677,            0,            0,            0,    0.6163363,     0.787483
robot_168
    26.03257,     34.11848,            0,            0,            0,    0.6240228,    0.7814061
robot_96
    21.96146,     15.90978,            0,            0,            0,   -0.9970802,   0.07636201
robot_166
   -22.13715,    -9.787803,            0,            0,            0,    0.6684994,    0.7437127
robot_102
   -22.07814,     19.66177,            0,            0,            0,  0.004259302,    0.9999909
robot_192
    37.53231,     25.91765,            0,            0,            0,    0.5173784,    0.8557567
robot_179
   -14.40347,      38.0925,            0,            0,            0,   -0.2711016,    0.9625507
robot_142
   -36.96071,    -29.96715,            0,            0,            0,     0.926497,    0.3763023
robot_1
    31.92168,    -29.98199,            0,            0,            0,   -0.7562343,     0.654301
robot_44
   -26.04583,     27.78043,            0,            0,            0,   -0.5768804,    0.8168286
robot_163
    29.95388,     22.45428,            0,            0,            0,   -0.6862279,    0.7273866
robot_79
    7.737773,     25.96968,            0,            0,            0,   -0.5243001,    0.8515336
robot_8
    6.118757,     -22.0493,            0,            0,            0,    0.7742942,    0.6328257
robot_20
     18.4973,    -37.99404,            0,            0,            0,   -0.5307295,    0.8475413
robot_143
    13.92488,    -23.75057,            0,            0,            0,   -0.9306941,    0.3657984
robot_138
   -22.35973,    -33.93679,            0,            0,            0,   -0.8612743,    0.5081404
robot_123
   -10.05933,     30.13182,            0,            0,            0,    0.1695952,    0.9855138
robot_193
    27.06518,     9.996815,            0,            0,            0,    0.9998987,   0.01423161
robot_187
    9.904418,     13.10902,            0,            0,            0,   -0.3062486,    0.9519516
robot_176
    16.63632,     25.97267,            0,            0,            0,  -0.02479152,    0.9996926
robot_66
    20.68583,    -13.98456,            0,            0,            0,     0.957409,    0.2887352
robot_63
    -18.0873,     -27.3565,            0,            0,            0,   -0.8338384,    0.5520086
robot_31
    2.321588,     21.91856,            0,            0,            0,    0.6601859,    0.7511023
robot_159
   -10.06466,     -14.8021,            0,            0,            0,    0.8085037,    0.5884911
robot_160
    25.90818,     14.90383,            0,            0,            0,   -0.5600468,     0.828461
robot_151
    -34.0899,     3.955676,            0,            0,            0,   -0.8282752,    0.5603215
robot_150
    38.39445,    -9.939876,            0,            0,            0,    0.8583145,     0.513124
robot_137
    10.00918,    -37.65073,            0,            0,            0,    0.9239572,    0.3824959
robot_199
   -13.66557,     25.97774,            0,            0,            0,   -0.2244755,    0.9744797
robot_54
   -30.24519,     -26.0239,            0,            0,            0,   -0.9546085,    0.2978634
robot_117
     30.9645,     1.975473,            0,            0,            0,   -0.6888882,    0.7248676
robot_36
    22.06479,    -5.983467,            0,            0,            0,     0.916672,    0.3996404
robot_33
    -14.0942,    -20.88574,            0,            0,            0,    0.8728363,    0.4880132
robot_146
    29.94992,    -9.472914,            0,            0,            0,   -0.9907028,    0.1360441
robot_156
    17.67142,     9.929195,            0,            0,            0,   -0.8761764,    0.4819905
robot_112
   -29.36764,     2.003262,            0,            0,            0,    0.4486401,    0.8937125
robot_19
   -1.989074,     5.995529,            0,            0,            0,   -0.5781599,    0.8159235
robot_141
   -24.22565,    -9.995282,            0,            0,            0,   -0.9906239,    0.1366175
robot_35
    19.11322,     38.02869,            0,            0,            0,   -0.9125336,    0.4090018
robot_184
   -34.09766,      23.9415,            0,            0,            0,   -0.6162547,     0.787547
robot_98
   -17.77588,     18.03322,            0,            0,            0,   -0.3356661,     0.941981
robot_100
   -6.277116,     33.91737,            0,            0,            0,   -0.5927725,    0.8053699
robot_164
    13.10658,     18.02577,            0,            0,            0,    0.5785382,    0.8156553
robot_59
   -34.04218,     -20.6829,            0,            0,            0,   -0.2488105,    0.9685522
robot_144
    35.95104,     14.00255,            0,            0,            0,    0.0474765,    0.9988724
robot_101
   -21.97885,    -38.23626,            0,            0,            0,   0.07468638,    0.9972071
robot_161
   -38.07655,     22.47252,            0,            0,            0,    0.0330563,    0.9994535
robot_149
    28.69616,     2.018186,            0,            0,            0,   -0.6653984,    0.7464884
robot_86
    -24.7069,     6.027836,            0,            0,            0,   -0.9843982,     0.175955
robot_191
   -9.213351,    -2.032927,            0,            0,            0,    0.1901899,    0.9817473
robot_126
   -22.09118,     16.67344,            0,            0,            0,    0.4695385,     0.882912
robot_190
   -30.08189,     23.41778,            0,            0,            0,   -0.4942647,    0.8693115
robot_131
   -33.34781,     9.980588,            0,            0,            0,   0.06775866,    0.9977017
robot_154
    33.81939,     14.23313,            0,            0,            0,   -0.5023915,    0.8646402
robot_9
    17.85484,    -9.688208,            0,            0,            0,   -0.6374691,    0.7704759
robot_27
   -38.04298,     6.627185,            0,            0,            0,    0.5418886,    0.8404504
robot_34
    9.496276,      17.9465,            0,            0,            0,   -0.3810471,    0.9245556
robot_114
   -39.31502,     30.02176,            0,            0,            0,   -0.4968118,    0.8678583
robot_51
    33.90801,     21.46954,            0,            0,            0,   -0.6806712,    0.7325891
robot_108
   -13.95425,    -9.963966,            0,            0,            0,    0.8946573,    0.4467532
robot_147
    18.11501,    -17.94069,            0,            0,            0,    -0.586376,     0.810039
robot_183
   -21.93818,     10.10185,            0,            0,            0,    0.9234704,    0.3836698
robot_48
    5.937929,    -30.06571,            0,            0,            0,   -0.9757223,    0.2190112
robot_60
   -26.17294,     29.99963,            0,            0,            0,    0.8032474,    0.5956455
robot_75
    -25.9477,     34.22465,            0,            0,            0,    0.9861769,    0.1656958
robot_152
    17.96361,     32.45711,            0,            0,            0,    0.9869112,    0.1612645
robot_26
    31.79402,    -18.00393,            0,            0,            0,    0.9876113,    0.1569203
robot_182
   -30.01222,    -14.13996,            0,            0,            0,    0.9727618,    0.2318068
robot_172
   -1.838796,     9.845626,            0,            0,            0,    0.3354523,    0.9420572
robot_43
   -6.626597,     1.995135,            0,            0,            0,    0.2072974,     0.978278
robot_170
    33.96685,    -31.07008,            0,            0,            0,  -0.02851786,    0.9995933
robot_177
   -2.048273,    -23.52523,            0,            0,            0,    0.1454212,    0.9893698
robot_80
    37.96339,    -29.92643,            0,            0,            0,     0.968858,     0.247617
robot_16
    25.97876,    -2.094584,            0,            0,            0,   -0.8607758,    0.5089844
robot_13
     13.9594,    -5.758729,            0,            0,            0,    0.7243637,    0.6894181
robot_178
   -30.19907,     9.804215,            0,            0,            0,    0.5313877,    0.8471288
robot_88
   -34.05321,    -8.655403,            0,            0,            0,    0.5007495,    0.8655923
robot_194
   -18.04908,    -12.90064,            0,            0,            0,   -0.6969505,    0.7171192
robot_29
   -15.82139,    -6.028546,            0,            0,            0,   -0.1368543,    0.9905912
robot_92
    25.94888,    -11.99216,            0,            0,            0,  -0.08129629,      0.99669
robot_87
   -24.32166,    -34.02173,            0,            0,            0,    0.9969663,    0.0778346
robot_68
    10.32339,     6.011032,            0,            0,            0,   0.01882697,    0.9998228
robot_22
   -2.071894,    -32.70026,            0,            0,            0,   -0.9812721,    0.1926268
robot_38
   -18.07013,     31.17388,            0,            0,            0,    0.9767276,    0.2144837
robot_2
   -14.18371,    -17.92307,            0,            0,            0,   -0.9757631,    0.2188295
robot_110
    22.06155,     -25.7901,            0,            0,            0,    0.7955151,    0.6059338
robot_14
    7.198842,     1.991874,            0,            0,            0,   -0.9458042,    0.3247375
robot_181
    17.50869,    -5.927958,            0,            0,            0,    0.9849469,     0.172857
robot_61
    25.92915,    -25.85442,            0,            0,            0,    0.8600086,    0.5102795
robot_30
    21.86194,     26.01866,            0,            0,            0,    0.9975584,   0.06983762
robot_122
   -21.83713,     30.10799,            0,            0,            0,   -0.3405663,    0.9402205
robot_132
    32.17046,    -1.994305,            0,            0,            0,    0.8551449,     0.518389
robot_45
    1.992959,    -21.96465,            0,            0,            0,  -0.08781079,    0.9961372
robot_21
    1.876649,    -17.83781,            0,            0,            0,   -0.9654037,    0.2607599
robot_39
    13.94889,    -34.51827,            0,            0,            0,   -0.7868657,    0.6171243
robot_134
   -35.26724,     14.00784,            0,            0,            0,    0.5893808,    0.8078553
robot_15
    1.513882,    -26.05362,            0,            0,            0,    0.5454264,    0.8381587
robot_145
   -15.12789,     5.974205,            0,            0,            0,  -0.09282189,    0.9956827
robot_140
    1.949385,     8.797534,            0,            0,            0,    0.4171279,    0.9088478
robot_196
   -22.21498,    -6.085242,            0,            0,            0,    0.4945177,    0.8691675
robot_188
   -30.02547,    -18.31824,            0,            0,            0,   -0.9766717,    0.2147381
robot_4
   -19.59699,    -25.99783,            0,            0,            0,    0.7517323,    0.6594683
robot_155
    6.133672,     9.907016,            0,            0,            0,     0.332191,    0.9432121
robot_135
   -18.26019,    -6.102893,            0,            0,            0,    0.9665151,    0.2566097
robot_93
    29.76002,      13.9674,            0,            0,            0,    -0.213886,    0.9768586
robot_111
    21.92068,     11.09165,            0,            0,            0,    0.8006579,    0.5991217
robot_0
   -22.12877,     34.28654,            0,            0,            0,    0.2935908,    0.9559312
robot_49
   -12.36324,     38.00777,            0,            0,            0,    -0.999719,   0.02370377
robot_113
    25.53379,    -33.90398,            0,            0,            0,   -0.9645456,    0.2639164
