tuw_multi_robot_msgs::RobotGoalsArray @1970-01-01T01:16:17
frame_id: map
        4577,            0
robot_84
   -21.04247,    -6.005348,            0,            0,            0,   -0.9858343,    0.1677224
robot_116
    18.07677,    -13.90912,            0,            0,            0,    0.5972878,     0.802027
robot_74
    6.034241,    -17.98425,            0,            0,            0,   -0.6284709,    0.7778331
robot_41
   -10.07453,     30.26029,            0,            0,            0,     0.999999,  0.001409448
robot_125
   -6.672557,    -17.97739,            0,            0,            0,    0.4552217,    0.8903781
robot_136
    25.87775,     6.197856,            0,            0,            0,    0.1106578,    0.9938586
robot_173
     33.9454,    -16.04008,            0,            0,            0,    0.9677771,    0.2518086
robot_67
    33.94004,   0.08335037,            0,            0,            0,   -0.9942996,    0.1066224
robot_197
   -1.683693,     10.00643,            0,            0,            0,   -0.9885854,    0.1506617
robot_119
   -26.03565,     -23.2766,            0,            0,            0,    0.5358791,    0.8442947
robot_82
     4.96466,     25.99053,            0,            0,            0,    0.9911793,    0.1325278
robot_77
   -18.10774,     22.28555,            0,            0,            0,   -0.9027452,    0.4301757
robot_5
   -21.68415,    -22.07557,            0,            0,            0,    -0.956448,    0.2919027
robot_133
   -10.99958,     21.99181,            0,            0,            0,   -0.9681526,    0.2503607
robot_99
    2.598449,     13.99888,            0,            0,            0,    0.9827689,    0.1848386
robot_171
   -30.23449,     18.02833,            0,            0,            0,    0.9715783,    0.2367184
robot_180
    1.966011,     23.76387,            0,            0,            0,    0.9476172,    0.3194083
robot_56
   -6.071214,     23.74961,            0,            0,            0,    0.9934659,    0.1141294
robot_3
    9.529873,     30.04032,            0,            0,            0,   -0.7590188,    0.6510687
robot_81
    21.60542,    -18.03323,            0,            0,            0,   -0.3663164,    0.9304903
robot_167
   -10.02107,     34.25484,            0,            0,            0,    0.2598153,    0.9656583
robot_25
   -29.64041,    -29.95216,            0,            0,            0,   -0.6104268,    0.7920726
robot_168
    17.60474,     34.07571,            0,            0,            0,    0.8896225,    0.4566966
robot_96
   -12.94193,     14.01052,            0,            0,            0,     0.639468,    0.7688177
robot_166
      21.918,    -14.50156,            0,            0,            0,    0.1410773,    0.9899986
robot_102
     5.77104,     33.90642,            0,            0,            0,    0.9419496,    0.3357544
robot_192
    29.01121,     37.98087,            0,            0,            0,   -0.6497725,    0.7601288
robot_179
    33.92778,    -34.59475,            0,            0,            0,    -0.341645,    0.9398291
robot_142
    1.708572,    -30.07282,            0,            0,            0,   -0.9522989,    0.3051667
robot_1
    2.019371,     -26.3106,            0,            0,            0,     0.685206,    0.7283493
robot_44
   -1.898309,     25.85298,            0,            0,            0,    0.8870589,    0.4616562
robot_163
    37.85001,     17.98944,            0,            0,            0,   -0.8247241,    0.5655353
robot_79
    6.001924,    -33.86046,            0,            0,            0,    0.9991085,     0.042215
robot_8
    14.85261,     17.97922,            0,            0,            0,    0.8917465,    0.4525352
robot_20
    31.33156,     37.99508,            0,            0,            0,    0.9215016,    0.3883746
robot_143
    29.90274,     4.850684,            0,            0,            0,    0.9828237,     0.184547
robot_138
    7.491828,    -38.02569,            0,            0,            0,   -0.9263464,    0.3766728
robot_123
    9.512181,    -13.96381,            0,            0,            0,   -0.9126772,    0.4086813
robot_193
   -18.36137,    -34.06409,            0,            0,            0,   -0.9403895,    0.3400993
robot_187
    -29.4564,    -26.02605,            0,            0,            0,   -0.9986324,    0.0522819
robot_176
    9.834247,     25.84993,            0,            0,            0,    0.6855838,    0.7279937
robot_66
   -14.08746,     4.043192,            0,            0,            0,    0.9153696,    0.4026145
robot_63
    13.98227,     30.20484,            0,            0,            0,   -0.4898503,    0.8718066
robot_31
    22.18548,    -6.057314,            0,            0,            0,   -0.9351392,    0.3542804
robot_159
    30.75161,      30.0054,            0,            0,            0,    0.9866002,    0.1631567
robot_160
    34.61759,    -10.02868,            0,            0,            0,    0.5247973,    0.8512272
robot_151
   -32.66571,    -10.00511,            0,            0,            0,   -0.4570058,    0.8894637
robot_150
   -38.05543,     22.30101,            0,            0,            0,  -0.09524375,     0.995454
robot_137
    -26.0876,    -37.78845,            0,            0,            0,    0.6747441,    0.7380518
robot_199
   -30.01381,     1.945457,            0,            0,            0,    0.3028288,     0.953045
robot_54
   -14.08006,    -16.08389,            0,            0,            0,  -0.06512668,     0.997877
robot_117
     21.9116,    -24.73016,            0,            0,            0,   -0.3720214,    0.9282241
robot_36
   -34.04973,    -32.19116,            0,            0,            0,   -0.4082869,    0.9128537
robot_33
   -13.95143,    -37.92474,            0,            0,            0,   -0.5009375,    0.8654835
robot_146
    13.13333,     37.99975,            0,            0,            0,   -0.6761498,    0.7367642
robot_156
   -5.969151,     14.04802,            0,            0,            0,   -0.8364521,    0.5480401
robot_112
   -16.17901,      30.0071,            0,            0,            0,   -0.5508776,     0.834586
robot_19
   -18.00972,     33.64978,            0,            0,            0,   -0.9880926,    0.1538603
robot_141
   -38.04406,     10.54572,            0,            0,            0,    0.8174313,    0.5760261
robot_35
   -14.24802,     33.90486,            0,            0,            0,  -0.01326839,     0.999912
robot_184
    17.97458,    -1.647111,            0,            0,            0,     0.435323,    0.9002743
robot_98
   -18.48641,      -29.916,            0,            0,            0,    -0.552116,    0.8337673
robot_100
   -30.56424,    -22.08978,            0,            0,            0,    0.8757424,    0.4827786
robot_164
    5.983587,     38.07639,            0,            0,            0,    0.9939005,     0.110281
robot_59
    35.01268,     33.99959,            0,            0,            0,   -0.9314737,    0.3638086
robot_144
   -34.08641,     4.438428,            0,            0,            0,   -0.9172026,    0.3984212
robot_101
    26.39446,    -10.01611,            0,            0,            0,   -0.6348885,    0.7726038
robot_161
   -34.07404,     26.77489,            0,            0,            0,    0.9990937,   0.04256542
robot_149
   -34.08875,    -3.619851,            0,            0,            0,   -0.9969875,   0.07756177
robot_86
   -31.03354,     -14.0162,            0,            0,            0,   -0.7835877,    0.6212812
robot_191
    25.93696,     24.35169,            0,            0,            0,   -0.7917463,    0.6108501
robot_126
    6.192155,    -22.00654,            0,            0,            0,   -0.9972352,   0.07430932
robot_190
   -6.056666,    -14.52507,            0,            0,            0,   -0.5184578,    0.8551032
robot_131
   -14.07353,    -3.699761,            0,            0,            0,    0.9102264,     0.414111
robot_154
   -14.04519,     26.69985,            0,            0,            0,   -0.9505218,    0.3106579
robot_9
   -14.99939,    -5.974328,            0,            0,            0,   -0.6830327,    0.7303878
robot_27
    29.97721,    -2.357251,            0,            0,            0,    0.6584294,    0.7526425
robot_34
   -9.719557,     2.098993,            0,            0,            0,     0.767492,    0.6410585
robot_114
   -18.05728,      16.4423,            0,            0,            0,   -0.8991365,    0.4376684
robot_51
    17.57104,    -30.05784,            0,            0,            0,   -0.2568763,    0.9664443
robot_108
    13.90746,    0.8044274,            0,            0,            0,   0.03975163,    0.9992096
robot_147
    36.38544,    -5.974487,            0,            0,            0,    0.8308614,    0.5564794
robot_183
   -29.05929,      10.0131,            0,            0,            0,     0.906953,    0.4212318
robot_48
    22.37253,     33.96995,            0,            0,            0,   -0.6141383,    0.7891984
robot_60
   -14.42315,    -10.07354,            0,            0,            0,   -0.8496711,     0.527313
robot_75
    25.91067,    -36.73198,            0,            0,            0,   0.00477689,    0.9999886
robot_152
   -37.82664,    -29.92922,            0,            0,            0,    -0.586111,    0.8102308
robot_26
   -23.28825,    -38.02441,            0,            0,            0,   0.04182528,    0.9991249
robot_182
    33.93953,    -32.46828,            0,            0,            0,    0.9557945,    0.2940355
robot_172
    13.59964,    -9.913234,            0,            0,            0,    0.6537268,    0.7567307
