tuw_multi_robot_msgs::RobotGoalsArray @1970-01-01T00:51:51.400000
frame_id: map
        3111,    400000000
robot_84
   -6.205144,    -25.98237,            0,            0,            0,     0.899769,    0.4363666
robot_116
    37.56208,      17.9543,            0,            0,            0,    0.9815222,    0.1913484
robot_74
    16.53363,     18.03168,            0,            0,            0,    -0.620102,    0.7845212
robot_41
   -22.05286,      22.2332,            0,            0,            0,  -0.08992994,    0.9959481
robot_125
   -26.08002,     4.058178,            0,            0,            0,   -0.8079659,    0.5892293
robot_136
   -38.91122,     10.00476,            0,            0,            0,    0.4499998,    0.8930286
robot_173
   -26.07248,     -25.6941,            0,            0,            0,    0.3965139,    0.9180287
robot_67
   -17.38725,    -38.01801,            0,            0,            0,     0.875155,    0.4838427
robot_197
    9.964401,    -10.46563,            0,            0,            0,   -0.2025826,    0.9792652
robot_119
    2.776262,     5.974317,            0,            0,            0,   -0.9882059,    0.1531311
robot_82
    17.93471,     15.46342,            0,            0,            0,    0.8472793,    0.5311475
robot_77
    30.34087,     14.04111,            0,            0,            0,    -0.997478,   0.07097598
robot_5
     30.7092,    -2.015571,            0,            0,            0,   -0.5801097,    0.8145383
robot_133
    5.919478,     5.540902,            0,            0,            0,    0.8199075,    0.5724961
robot_99
   -30.07407,      18.0267,            0,            0,            0,   -0.7524326,    0.6586693
robot_171
   -9.873506,     21.92253,            0,            0,            0,    0.9982807,   0.05861477
robot_180
   -29.99393,     6.076034,            0,            0,            0,    0.7867071,    0.6173264
robot_56
    13.57742,     2.006201,            0,            0,            0,   -0.9297156,    0.3682783
robot_3
   -10.44051,     37.99731,            0,            0,            0,   -0.2623216,    0.9649805
robot_81
    25.96458,     10.23622,            0,            0,            0,   -0.6940406,    0.7199359
robot_167
    17.08052,    -17.97848,            0,            0,            0,   -0.1174383,    0.9930802
robot_25
    5.752501,    -26.13637,            0,            0,            0,     0.265122,    0.9642149
robot_168
   -14.50337,     -33.9045,            0,            0,            0,   0.03648846,    0.9993341
robot_96
    21.50972,    -18.08987,            0,            0,            0,   0.09528135,    0.9954504
robot_166
    18.51987,     18.01669,            0,            0,            0,   -0.7441436,    0.6680197
robot_102
    37.92017,     32.66748,            0,            0,            0,   -0.9941785,    0.1077454
robot_192
   -34.17072,    -29.91541,            0,            0,            0,    0.9909052,    0.1345616
robot_179
   -16.61859,    -22.03125,            0,            0,            0,    0.5957401,    0.8031773
robot_142
    29.91936,    -9.132053,            0,            0,            0,   -0.5503679,    0.8349222
robot_1
    30.05632,    -21.96416,            0,            0,            0,    0.5503056,    0.8349634
robot_44
   -6.346139,     33.91916,            0,            0,            0,    0.8437076,    0.5368031
robot_163
    13.75663,    -30.08776,            0,            0,            0,    0.7698914,    0.6381749
robot_79
   -11.08782,    -13.97483,            0,            0,            0,     0.990426,    0.1380446
robot_8
   -34.27841,    -6.002613,            0,            0,            0,    0.6366401,    0.7711611
robot_20
    33.84802,     9.697326,            0,            0,            0,    0.3121784,    0.9500235
robot_143
   -14.07171,     10.82515,            0,            0,            0,   0.07597022,    0.9971101
robot_138
     5.58173,     9.931871,            0,            0,            0,     0.705151,    0.7090572
robot_123
   -26.07267,     6.870476,            0,            0,            0,   -0.9984625,   0.05543082
robot_193
   -30.08798,     36.90883,            0,            0,            0,   -0.1486184,    0.9888946
robot_187
    18.30802,     1.906811,            0,            0,            0,   -0.9453982,    0.3259176
robot_176
    10.29655,    -14.04236,            0,            0,            0,    0.7594744,    0.6505372
robot_66
   -14.06653,     29.43141,            0,            0,            0,    0.7811183,     0.624383
robot_63
    37.93286,     10.28123,            0,            0,            0,   0.08215881,    0.9966193
robot_31
   -34.09548,    -18.08863,            0,            0,            0,   -0.7008785,    0.7132806
robot_159
  0.08812784,     30.02464,            0,            0,            0,   -0.6569716,    0.7539153
robot_160
    17.95132,    -34.02626,            0,            0,            0,    0.8498922,    0.5269566
robot_151
   -10.05778,   -0.9873253,            0,            0,            0,    0.5541763,    0.8323993
robot_150
    25.91896,    -2.038546,            0,            0,            0,   -0.6642153,    0.7475413
robot_137
   -22.12103,    -14.26452,            0,            0,            0,   -0.5087606,    0.8609081
robot_199
   -34.51207,     -25.9033,            0,            0,            0,    0.8906545,    0.4546808
robot_54
    39.11214,    -6.005562,            0,            0,            0,   -0.3636115,    0.9315507
robot_117
   -18.05377,     23.64164,            0,            0,            0,    0.6793915,     0.733776
robot_36
    19.20339,     38.02296,            0,            0,            0,   -0.9930789,    0.1174495
robot_33
   -15.80245,     14.01049,            0,            0,            0,    0.6886364,    0.7251068
robot_146
    16.70839,    -1.977737,            0,            0,            0,    0.5927021,    0.8054218
robot_156
   -18.04323,       33.258,            0,            0,            0,    0.6184275,    0.7858419
robot_112
   -9.345678,    -18.01117,            0,            0,            0,   -0.8770725,    0.4803581
robot_19
    9.946942,    -32.55496,            0,            0,            0,   -0.9813865,     0.192043
robot_141
    33.70327,     18.08908,            0,            0,            0,   -0.9141748,    0.4053201
robot_35
   -17.23254,    -17.99228,            0,            0,            0,   -0.5319041,    0.8468046
