tuw_multi_robot_msgs::RobotGoalsArray @1970-01-01T01:38:31.600000
frame_id: map
        5911,    600000000
robot_84
   -30.07167,     -13.8834,            0,            0,            0,   -0.4964232,    0.8680807
robot_116
     37.9128,    -31.18273,            0,            0,            0,    0.8312949,    0.5558317
robot_74
    21.04607,     18.01029,            0,            0,            0,    0.1713957,    0.9852023
robot_41
     22.3228,    -22.06875,            0,            0,            0,   -0.9862999,    0.1649624
robot_125
    26.06956,     5.934385,            0,            0,            0,    0.3757773,      0.92671
robot_136
   -14.20679,     5.829607,            0,            0,            0,    0.5185128,    0.8550698
robot_173
   -33.92869,    -6.200769,            0,            0,            0,    0.9678803,    0.2514113
robot_67
    -26.0324,     30.25716,            0,            0,            0,   -0.2658734,     0.964008
robot_197
    -38.4242,     17.94299,            0,            0,            0,   -0.6481594,    0.7615047
robot_119
    21.14736,     14.03009,            0,            0,            0,    0.7607651,    0.6490273
robot_82
    29.96125,    -4.798426,            0,            0,            0,   -0.9261946,    0.3770459
robot_77
   -30.10705,     13.96155,            0,            0,            0,   -0.7806017,    0.6250288
robot_5
    13.57354,     25.91655,            0,            0,            0,    0.5842347,    0.8115848
robot_133
    13.88454,     18.13682,            0,            0,            0,    0.9165845,     0.399841
robot_99
    33.46899,     25.94654,            0,            0,            0,    0.7066037,    0.7076095
robot_171
   -18.06454,    -9.361685,            0,            0,            0,    0.5967215,    0.8024484
robot_180
       25.91,    -24.57259,            0,            0,            0,    -0.771534,    0.6361881
robot_56
    9.855053,    -14.10631,            0,            0,            0,    0.7233334,     0.690499
robot_3
    12.72069,     37.99273,            0,            0,            0,    0.9586805,     0.284485
robot_81
    18.08138,    -33.87598,            0,            0,            0,   -0.8830433,    0.4692916
robot_167
   -21.92241,     1.994867,            0,            0,            0,   -0.7686037,    0.6397252
robot_25
    32.62968,    -17.96839,            0,            0,            0,   -0.5317952,     0.846873
robot_168
    13.95318,     30.44908,            0,            0,            0,    0.8287016,    0.5596907
robot_96
   -1.962652,    -30.19354,            0,            0,            0,   -0.9954456,    0.0953311
robot_166
    22.10268,    -10.04035,            0,            0,            0,    0.6005302,    0.7996021
robot_102
    -26.0356,     23.80255,            0,            0,            0,    0.9999986,  0.001699747
robot_192
    25.86813,    -17.72207,            0,            0,            0,   -0.3042675,    0.9525866
robot_179
    13.94315,    -10.17734,            0,            0,            0,    0.9997844,    0.0207646
robot_142
    -11.8059,    -37.99205,            0,            0,            0,     0.942708,    0.3336189
robot_1
   -35.64882,     14.01854,            0,            0,            0,   -0.9769544,    0.2134479
robot_44
    35.33242,     30.01322,            0,            0,            0,    0.7993418,    0.6008766
robot_163
    19.54446,     21.98877,            0,            0,            0,   -0.1940047,    0.9810006
robot_79
   -14.07561,     19.37648,            0,            0,            0,    0.9752344,    0.2211737
robot_8
    5.962781,    -15.70505,            0,            0,            0,    0.4746736,    0.8801619
robot_20
    25.83669,     22.25781,            0,            0,            0,    0.6169378,    0.7870119
robot_143
    5.915048,    -33.55476,            0,            0,            0,    0.7535643,    0.6573742
robot_138
    6.056653,     10.22304,            0,            0,            0,   -0.8450622,     0.534668
robot_123
    29.93023,     1.227508,            0,            0,            0,   -0.5027942,    0.8644062
robot_193
   -10.19156,    -26.03648,            0,            0,            0,   -0.9780515,    0.2083631
robot_187
   -17.75974,     9.901546,            0,            0,            0,    0.9243842,    0.3814628
robot_176
    10.12087,     38.05887,            0,            0,            0,   -0.9976433,   0.06861339
robot_66
   -7.312867,     17.98582,            0,            0,            0,    -0.609689,    0.7926408
robot_63
    30.15435,    -2.062815,            0,            0,            0,   -0.6165724,    0.7872982
robot_31
    18.88299,     17.98404,            0,            0,            0,    0.9909867,    0.1339603
robot_159
    22.56967,     30.00121,            0,            0,            0,    0.4719531,    0.8816236
robot_160
     12.0648,    -6.017992,            0,            0,            0,    0.2064082,     0.978466
robot_151
   -26.09107,     38.85502,            0,            0,            0,    0.4098398,    0.9121575
robot_150
    9.939047,    -3.837495,            0,            0,            0,   -0.4712512,     0.881999
robot_137
   -17.02484,    -33.99492,            0,            0,            0,    0.9988466,   0.04801633
robot_199
    18.43291,    -2.068908,            0,            0,            0,   -0.5430166,     0.839722
robot_54
   -10.06427,     5.664996,            0,            0,            0,   -0.3445149,    0.9387808
robot_117
   -26.06709,     2.883668,            0,            0,            0,   -0.7275119,    0.6860951
robot_36
   -25.09897,     18.01377,            0,            0,            0,    0.9075048,    0.4200416
robot_33
    37.27842,    -9.984521,            0,            0,            0,    0.9996929,   0.02478266
robot_146
   -37.80423,     9.960205,            0,            0,            0,   -0.9980083,   0.06308281
robot_156
   -38.28312,    -25.94093,            0,            0,            0,    0.7651722,    0.6438257
robot_112
    34.09369,    -14.22029,            0,            0,            0,    0.8666836,    0.4988582
robot_19
   -33.64115,     -18.0013,            0,            0,            0,    0.3621006,     0.932139
robot_141
   -10.95582,     38.00197,            0,            0,            0,    0.8520532,    0.5234552
robot_35
   -6.165351,    -10.11574,            0,            0,            0,   -0.4651902,    0.8852107
robot_184
    20.74827,    -17.99345,            0,            0,            0,    0.8426353,    0.5384847
robot_98
   -14.04282,    -26.75289,            0,            0,            0,    0.6665312,    0.7454772
robot_100
   -20.07582,    -5.997303,            0,            0,            0,    0.8635943,    0.5041874
robot_164
   -26.09365,    -35.45871,            0,            0,            0,   -0.3479872,    0.9374993
robot_59
   -18.41719,    -18.05341,            0,            0,            0,    0.9999207,   0.01259018
robot_144
   -7.513832,    -25.98625,            0,            0,            0,    0.8397644,     0.542951
robot_101
   -29.91028,    -17.83807,            0,            0,            0,    0.7438609,    0.6683345
robot_161
    15.77143,     37.98235,            0,            0,            0,    0.9951887,   0.09797726
robot_149
   -2.036768,     6.915278,            0,            0,            0,   -0.9994942,   0.03180069
robot_86
     2.98508,     26.00106,            0,            0,            0,    0.5700533,    0.8216077
robot_191
    10.12699,      13.9791,            0,            0,            0,   -0.4360315,    0.8999314
robot_126
    4.662861,    -30.01007,            0,            0,            0,   -0.9702161,    0.2422412
robot_190
    33.93316,     35.23458,            0,            0,            0,    0.4175363,    0.9086602
robot_131
    26.56225,     30.01471,            0,            0,            0,   -0.3715676,    0.9284059
robot_154
    13.08874,     34.00647,            0,            0,            0,    0.9849896,    0.1726137
robot_9
   -6.039996,     34.85367,            0,            0,            0,    0.9497547,    0.3129953
robot_27
   -23.00177,     10.00859,            0,            0,            0,    0.1421676,    0.9898426
robot_34
   -34.04126,     11.55604,            0,            0,            0,    0.9343804,    0.3562769
robot_114
    33.96668,     2.214772,            0,            0,            0,    -0.438376,    0.8987917
robot_51
    13.94575,     27.91082,            0,            0,            0,   -0.1671575,    0.9859302
robot_108
     18.0672,    -10.07186,            0,            0,            0,    -0.957062,    0.2898834
robot_147
    21.92215,    -29.66195,            0,            0,            0,    0.9964702,   0.08394708
robot_183
    36.30062,    -29.99103,            0,            0,            0,   -0.9851066,    0.1719445
robot_48
    14.18541,    -2.067842,            0,            0,            0,   -0.8604539,    0.5095283
robot_60
   -6.070305,     -35.6198,            0,            0,            0,    0.7644813,    0.6446459
robot_75
   -32.26932,    -29.98819,            0,            0,            0,   -0.8675947,    0.4972719
robot_152
    30.08943,    -33.87307,            0,            0,            0,    0.9381137,    0.3463273
robot_26
     38.1518,     30.09917,            0,            0,            0,    0.7858801,    0.6183789
robot_182
   -21.62343,     29.95848,            0,            0,            0,    0.0168147,    0.9998586
robot_172
    38.24553,     13.97021,            0,            0,            0,     0.858922,    0.5121065
robot_43
    17.90611,     27.92301,            0,            0,            0,    0.9743436,    0.2250656
robot_170
   -18.05681,     21.12727,            0,            0,            0,    0.2890664,     0.957309
robot_177
    -13.7826,     38.04888,            0,            0,            0,    0.9429899,    0.3328214
robot_80
   -23.18426,     21.99443,            0,            0,            0,    0.2830955,    0.9590917
robot_16
   -22.87038,    -26.03196,            0,            0,            0,   -0.8600496,    0.5102105
robot_13
   -14.67174,     2.025131,            0,            0,            0,    -0.956345,      0.29224
robot_178
    9.953217,    0.4727681,            0,            0,            0,   -0.8551167,    0.5184355
robot_88
    29.95622,     25.73096,            0,            0,            0,   -0.4541387,     0.890931
robot_194
    25.95152,     3.008343,            0,            0,            0,   -0.5363559,    0.8439919
robot_29
    38.04487,     34.00618,            0,            0,            0,   -0.9606439,     0.277783
robot_92
   -26.04195,   -0.7720647,            0,            0,            0,    0.8860102,    0.4636658
robot_87
   -6.087625,    -16.18502,            0,            0,            0,   -0.2084702,    0.9780287
robot_68
   -30.26316,    -22.05078,            0,            0,            0,   -0.4035349,    0.9149643
robot_22
   -6.687923,      14.0326,            0,            0,            0,    0.9983831,   0.05684388
robot_38
   -31.81685,    -10.00301,            0,            0,            0,     0.696905,    0.7171634
robot_2
    31.96467,    -26.02623,            0,            0,            0,   -0.5566512,    0.8307463
robot_110
    5.945252,     19.55659,            0,            0,            0,   -0.7590996,    0.6509745
robot_14
   -38.11023,    -10.22911,            0,            0,            0,   -0.6759181,    0.7369767
robot_181
   -8.939237,     29.99315,            0,            0,            0,   -0.3998139,    0.9165963
robot_61
    16.51113,    -6.015979,            0,            0,            0,   -0.9272584,    0.3744221
robot_30
   -7.906967,    -2.032577,            0,            0,            0,    0.4332544,    0.9012717
robot_122
     24.2678,    -1.990817,            0,            0,            0,   -0.7752649,    0.6316362
robot_132
    10.07261,    -9.888929,            0,            0,            0,   -0.7984199,    0.6021011
robot_45
   -39.17495,    -17.98665,            0,            0,            0,   -0.4035323,    0.9149654
robot_21
   -10.51772,     22.05803,            0,            0,            0,    0.4042252,    0.9146595
robot_39
   -22.05933,    -29.96445,            0,            0,            0,   -0.1154386,    0.9933146
robot_134
    12.50915,    -18.01152,            0,            0,            0,    0.3954757,    0.9184764
robot_15
   -13.99138,     21.87107,            0,            0,            0,   -0.4920092,      0.87059
robot_145
    26.24438,     -38.0706,            0,            0,            0,   -0.2207303,    0.9753349
robot_140
    -18.2382,     30.12675,            0,            0,            0,    0.4851185,    0.8744484
robot_196
   -14.55632,      34.0567,            0,            0,            0,   -0.0657756,    0.9978344
robot_188
    3.429137,     -10.0202,            0,            0,            0,     0.750301,    0.6610964
robot_4
     33.9646,     14.21245,            0,            0,            0,   -0.9295726,    0.3686391
robot_155
     30.3114,    -18.09632,            0,            0,            0,   0.01381392,    0.9999046
robot_135
    36.67935,    -6.029638,            0,            0,            0,      -0.9674,    0.2532531
robot_93
   -6.064058,     21.00003,            0,            0,            0,    0.9928233,    0.1195907
robot_111
    21.82772,     10.01571,            0,            0,            0,    0.8509439,    0.5252566
robot_0
    29.76325,    -9.927953,            0,            0,            0,    0.3730982,    0.9277918
robot_49
    5.958044,    -28.39958,            0,            0,            0,   -0.9837573,    0.1795035
robot_113
   -34.06259,     31.93383,            0,            0,            0,    0.4050208,    0.9143075
robot_94
    38.20147,     6.092627,            0,            0,            0,   -0.3775602,     0.925985
robot_40
    2.078908,     17.78067,            0,            0,            0,    0.9447566,    0.3277728
robot_103
   -30.03368,     19.70938,            0,            0,            0,   -0.2645842,    0.9643626
robot_6
   -30.22784,     29.98622,            0,            0,            0,    0.7334509,    0.6797424
robot_71
    30.17092,     21.90942,            0,            0,            0,   -0.2532668,    0.9673965
robot_17
    25.95629,    -31.22129,            0,            0,            0,   -0.9993786,   0.03524761
robot_120
   -2.479298,     33.93079,            0,            0,            0,   -0.9975012,   0.07064943
robot_189
    29.90307,    -15.98338,            0,            0,            0,   -0.9959116,   0.09033322
robot_148
   -4.255818,    -14.02944,            0,            0,            0,    0.5281529,    0.8491493
robot_186
   -36.22467,    -9.968644,            0,            0,            0,    0.4047565,    0.9144245
robot_198
    17.22962,     13.99665,            0,            0,            0,   -0.4424554,    0.8967905
robot_107
   -22.04164,    -20.93923,            0,            0,            0,   -0.9965437,   0.08307042
robot_18
    37.96511,     23.23362,            0,            0,            0,    0.9115159,    0.4112648
robot_23
   -14.00915,    -2.265275,            0,            0,            0,    0.6673571,    0.7447379
robot_46
    9.904738,      32.6643,            0,            0,            0,    0.8392618,    0.5437276
robot_109
   -10.09118,     17.82688,            0,            0,            0,    0.9652302,    0.2614013
robot_10
    1.938329,     30.78962,            0,            0,            0,    0.2178001,    0.9759934
robot_157
   -10.18709,    -2.202281,            0,            0,            0,   -0.5974654,    0.8018947
robot_70
   -35.17371,     21.98007,            0,            0,            0,    0.2201671,    0.9754622
robot_55
   -9.568211,    -33.98831,            0,            0,            0,    0.3217785,     0.946815
