tuw_multi_robot_msgs::RobotGoalsArray @1970-01-01T00:50:12.400000
frame_id: map
        3012,    400000000
robot_84
   -30.04325,     34.65966,            0,            0,            0,   -0.9796014,    0.2009506
robot_116
   -17.98984,     6.239461,            0,            0,            0,   -0.3612923,    0.9324526
robot_74
   -21.95354,     6.040992,            0,            0,            0,     0.977095,    0.2128033
robot_41
    21.91188,    -35.16036,            0,            0,            0,   -0.9588916,    0.2837727
robot_125
    24.46338,     9.972735,            0,            0,            0,    0.3015046,    0.9534647
robot_136
    33.94073,      29.8215,            0,            0,            0,  -0.05708406,    0.9983694
robot_173
    17.91111,     21.90406,            0,            0,            0,   -0.3885141,    0.9214428
robot_67
   -13.46567,     29.99852,            0,            0,            0,  -0.01024666,    0.9999475
robot_197
   -13.65626,      22.0391,            0,            0,            0,   -0.1983898,    0.9801232
robot_119
    5.597391,     5.957222,            0,            0,            0,    0.9422575,    0.3348893
robot_82
    -7.87047,     30.01073,            0,            0,            0,      -0.2434,     0.969926
robot_77
   -15.94406,    -18.01396,            0,            0,            0,    0.1524745,    0.9883074
robot_5
    17.85565,      2.34261,            0,            0,            0,   -0.9780988,    0.2081414
robot_133
   -14.09802,    -22.03362,            0,            0,            0,   -0.8696811,    0.4936141
robot_99
   -10.17466,    -9.993395,            0,            0,            0,   -0.1638505,    0.9864852
robot_171
   -38.09417,    -6.984689,            0,            0,            0,  -0.07946245,    0.9968379
robot_180
    33.91859,    -3.257877,            0,            0,            0,   -0.9436448,    0.3309599
robot_56
    17.91123,       8.5144,            0,            0,            0,   -0.9849981,    0.1725653
robot_3
   -38.07122,    -10.85034,            0,            0,            0,     0.993385,    0.1148313
robot_81
    33.90327,    -23.00278,            0,            0,            0,    0.5831179,    0.8123875
robot_167
    13.78409,    -9.772664,            0,            0,            0,   -0.9984413,   0.05581187
robot_25
   -30.07218,    -22.15486,            0,            0,            0,   -0.7562852,    0.6542421
robot_168
    10.07508,    -18.04656,            0,            0,            0,    0.7525585,    0.6585254
robot_96
   -29.97894,     30.34773,            0,            0,            0,   -0.5583091,     0.829633
robot_166
   -6.555123,     6.057011,            0,            0,            0,   -0.9994247,   0.03391424
robot_102
   -38.51912,    -22.00387,            0,            0,            0,    0.2916002,    0.9565403
robot_192
   -26.05693,     37.51093,            0,            0,            0,   -0.6536481,    0.7567986
robot_179
   -30.12045,      5.86066,            0,            0,            0,   -0.9747502,    0.2232982
robot_142
    14.42211,    -26.05232,            0,            0,            0,     0.969866,     0.243639
robot_1
    29.96123,     15.00868,            0,            0,            0,    0.2622414,    0.9650023
robot_44
    20.77619,     25.98384,            0,            0,            0,   -0.4537297,    0.8911394
robot_163
    6.002136,     -33.8017,            0,            0,            0,    0.2545843,    0.9670506
robot_79
     17.9681,    -17.85561,            0,            0,            0,   -0.6987588,    0.7153574
robot_8
   -37.88272,     14.10208,            0,            0,            0,    0.3207287,    0.9471711
robot_20
   -37.91522,    -30.13974,            0,            0,            0,    0.9363009,    0.3511988
robot_143
    9.978917,     25.92843,            0,            0,            0,    0.0610836,    0.9981327
robot_138
   -34.03722,      13.0061,            0,            0,            0,  -0.03165182,     0.999499
robot_123
    10.09848,     13.97114,            0,            0,            0,    0.6930583,    0.7208816
robot_193
   -9.686612,      25.9105,            0,            0,            0,   -0.8746704,    0.4847182
robot_187
    9.934277,     7.740631,            0,            0,            0,   -0.9785256,    0.2061256
robot_176
    20.22239,     1.987805,            0,            0,            0,    0.8399246,    0.5427031
robot_66
    25.96289,      17.9406,            0,            0,            0,    -0.600915,    0.7993129
robot_63
      21.941,    -16.99673,            0,            0,            0,    -0.790575,    0.6123652
robot_31
    13.95639,    -5.760278,            0,            0,            0,    0.8704022,    0.4923414
robot_159
    29.88905,     38.33135,            0,            0,            0,   -0.5505263,    0.8348178
robot_160
   -34.11755,    -13.81148,            0,            0,            0,    0.9601808,    0.2793795
robot_151
   -6.079091,    -36.35705,            0,            0,            0,   -0.7050777,    0.7091301
robot_150
   -25.81835,     13.97039,            0,            0,            0,    0.5740373,    0.8188291
robot_137
   -22.07416,    -15.58289,            0,            0,            0,    0.3014937,    0.9534682
robot_199
    37.90131,     31.86496,            0,            0,            0,   0.03184132,    0.9994929
robot_54
    9.985016,    -1.873989,            0,            0,            0,   -0.9364986,    0.3506713
robot_117
     13.9625,     6.234046,            0,            0,            0,    0.6491798,     0.760635
robot_36
    17.94384,    -28.57508,            0,            0,            0,    0.9264806,    0.3763425
robot_33
    16.96394,    -21.98212,            0,            0,            0,   -0.4437746,    0.8961385
robot_146
   -30.06663,      39.0432,            0,            0,            0,   -0.2501042,    0.9682189
robot_156
    -17.5832,    -13.97491,            0,            0,            0,   -0.9777138,    0.2099423
robot_112
    38.10171,     25.88375,            0,            0,            0,    -0.857325,    0.5147756
robot_19
   -18.04939,    -3.278509,            0,            0,            0,   -0.9737093,    0.2277943
robot_141
   -26.35115,     2.053163,            0,            0,            0,    0.9960586,   0.08869804
robot_35
   -9.160288,     1.975877,            0,            0,            0,   -0.9945837,     0.103939
