tuw_multi_robot_msgs::RobotGoalsArray @1970-01-01T00:02:05.900000
frame_id: map
         125,    900000000
robot_84
   -16.49203,    -34.00453,            0,            0,            0,   -0.8699881,    0.4930726
robot_116
    29.55919,     25.93709,            0,            0,            0,   -0.6555216,    0.7551764
robot_74
   -38.05167,     30.99296,            0,            0,            0,    0.1659847,    0.9861283
robot_41
     22.2559,    -38.06771,            0,            0,            0,   -0.7027282,    0.7114584
robot_125
    25.52048,     17.98627,            0,            0,            0,     0.999964,  0.008488392
robot_136
   -33.98094,     -2.25544,            0,            0,            0,   -0.1277569,    0.9918055
robot_173
    18.91381,     34.02506,            0,            0,            0,   -0.7967533,    0.6043048
robot_67
   -34.07672,    -14.64446,            0,            0,            0,   -0.3045399,    0.9524996
robot_197
    -21.7794,    -18.06236,            0,            0,            0,    0.5823405,     0.812945
robot_119
   -6.034286,    -35.05452,            0,            0,            0,    0.9590947,    0.2830854
robot_82
    13.91243,     34.05298,            0,            0,            0,   -0.2230507,    0.9748069
robot_77
    38.08862,    -25.78239,            0,            0,            0,    0.2678758,    0.9634535
robot_5
     17.9302,     29.66043,            0,            0,            0,    0.4395908,    0.8981982
robot_133
    25.86437,     10.01718,            0,            0,            0,   -0.3692227,     0.929341
robot_99
    7.968097,    -9.967072,            0,            0,            0,   -0.3231385,    0.9463517
robot_171
   -32.61614,    -29.98883,            0,            0,            0,     0.661743,    0.7497308
robot_180
    25.92209,     13.97425,            0,            0,            0,   0.07727544,    0.9970098
robot_56
     18.1186,     -5.95342,            0,            0,            0,  0.008500565,    0.9999639
robot_3
   -12.29621,      13.9771,            0,            0,            0,   -0.7083772,    0.7058341
robot_81
   -6.002346,    -25.67766,            0,            0,            0,    0.3845127,    0.9231197
robot_167
   -14.08461,      29.5925,            0,            0,            0,   -0.9659288,    0.2588081
robot_25
    17.92858,    -36.70907,            0,            0,            0,    0.8890401,    0.4578293
robot_168
    5.148525,     21.98212,            0,            0,            0,   -0.6272946,     0.778782
robot_96
    26.00137,    -34.20918,            0,            0,            0,   -0.7690102,    0.6392366
robot_166
   -22.07585,       -31.26,            0,            0,            0,   -0.7931206,    0.6090646
