tuw_multi_robot_msgs::RobotGoalsArray @1970-01-01T01:13:52.800000
frame_id: map
        4432,    800000000
robot_84
   -32.63502,    -13.98695,            0,            0,            0,   -0.4245131,    0.9054218
robot_116
     21.4518,    -14.08749,            0,            0,            0,   -0.9006878,     0.434467
robot_74
   -22.09764,     20.68628,            0,            0,            0,   -0.9186999,    0.3949564
robot_41
   -14.09201,    -25.39175,            0,            0,            0,   0.09472006,    0.9955039
robot_125
    26.34716,     9.903983,            0,            0,            0,    -0.395514,      0.91846
robot_136
    10.20619,     5.958819,            0,            0,            0,    0.6412928,    0.7672962
robot_173
   -22.05243,      16.1568,            0,            0,            0,   -0.9811043,    0.1934795
robot_67
    -22.0552,    -14.03541,            0,            0,            0,   -0.3851219,    0.9228657
robot_197
   -14.02738,     14.11897,            0,            0,            0,    -0.978421,    0.2066211
robot_119
    5.437556,     26.09746,            0,            0,            0,   -0.9797617,    0.2001675
robot_82
    -33.9901,     38.32442,            0,            0,            0,   -0.1741763,    0.9847145
robot_77
    9.043679,     9.969763,            0,            0,            0,    0.2603198,    0.9655225
robot_5
    31.29009,     17.99364,            0,            0,            0,   -0.2177079,     0.976014
robot_133
    11.09603,    -13.99489,            0,            0,            0,    -0.999995,  0.003160946
robot_99
   -6.062609,    -19.52959,            0,            0,            0,    0.9736713,    0.2279564
robot_171
    1.946248,     28.55019,            0,            0,            0,    -0.909766,    0.4151214
robot_180
    23.21284,    -2.018213,            0,            0,            0,   -0.5371582,    0.8434815
robot_56
   -11.86922,    -33.97442,            0,            0,            0,   -0.8924932,    0.4510608
robot_3
   -6.160153,     5.935502,            0,            0,            0,   -0.9987431,   0.05012239
robot_81
    21.86908,     14.08493,            0,            0,            0,   -0.1144984,    0.9934234
robot_167
    33.92617,    -9.401342,            0,            0,            0,   -0.6113988,    0.7913226
robot_25
   -30.08674,     38.90148,            0,            0,            0,     0.347245,    0.9377745
robot_168
    37.84427,    -33.82266,            0,            0,            0,   -0.8964924,    0.4430591
robot_96
    9.974788,     38.25292,            0,            0,            0,   -0.6595562,    0.7516553
robot_166
   -38.06471,    -17.79817,            0,            0,            0,    -0.646084,    0.7632663
robot_102
    30.00967,     14.34069,            0,            0,            0,    0.9735426,    0.2285054
robot_192
    33.91319,    -37.18974,            0,            0,            0,    0.9127676,    0.4084792
robot_179
    15.83613,     -10.0311,            0,            0,            0,   -0.8096816,    0.5868694
robot_142
   -38.07699,     9.340804,            0,            0,            0,   -0.5852846,    0.8108279
robot_1
   -22.09072,    -25.11703,            0,            0,            0,    0.9785513,    0.2060034
robot_44
    -25.5837,    -21.98387,            0,            0,            0,     0.928454,    0.3714473
robot_163
   -6.542755,      21.9726,            0,            0,            0,    0.8158976,    0.5781965
robot_79
    -34.0514,     15.63163,            0,            0,            0,    -0.927716,    0.3732868
robot_8
   -26.08511,    -4.082575,            0,            0,            0,   -0.9650343,    0.2621236
robot_20
    9.970656,     1.853826,            0,            0,            0,    0.6070344,    0.7946756
robot_143
     21.8337,      34.0191,            0,            0,            0,    0.2185555,    0.9758245
robot_138
    30.31748,    -13.98291,            0,            0,            0,   -0.3732924,    0.9277137
robot_123
    1.545206,     22.06844,            0,            0,            0,    -0.517731,    0.8555434
robot_193
   -14.02492,    -14.32502,            0,            0,            0,   -0.3803911,    0.9248257
robot_187
    13.95774,     8.495107,            0,            0,            0,    0.5254531,    0.8508226
robot_176
    1.907528,    -30.98423,            0,            0,            0,     -0.88258,    0.4701622
robot_66
   -18.07109,      5.74585,            0,            0,            0,    0.8380483,     0.545596
robot_63
    17.64639,      17.9079,            0,            0,            0,    0.8258108,    0.5639473
robot_31
   -11.86674,     -25.9849,            0,            0,            0,    0.5490683,    0.8357775
robot_159
   -14.04795,       6.8093,            0,            0,            0,   -0.7425533,     0.669787
robot_160
    33.87792,     -22.0776,            0,            0,            0,    0.6296478,    0.7768807
robot_151
  -0.3165462,     26.00468,            0,            0,            0,    0.9990467,   0.04365478
robot_150
   -34.06897,    -1.046228,            0,            0,            0,    -0.887433,    0.4609368
robot_137
    21.94045,     28.51786,            0,            0,            0,    -0.307572,    0.9515248
robot_199
   -34.08372,     5.376698,            0,            0,            0,    0.3950622,    0.9186544
robot_54
    -2.94242,    -5.972696,            0,            0,            0,    0.1915337,     0.981486
robot_117
   -10.18524,     38.06266,            0,            0,            0,    0.2568028,    0.9664638
robot_36
    37.94073,     10.59044,            0,            0,            0,   -0.5562516,    0.8310139
robot_33
   -26.03392,     26.77421,            0,            0,            0,   -0.9542086,    0.2991421
robot_146
    2.211299,       17.928,            0,            0,            0,   -0.5429579,    0.8397599
robot_156
    25.59488,    -25.97479,            0,            0,            0,   -0.9999225,   0.01244594
robot_112
    -9.99296,     21.83087,            0,            0,            0,    0.1762285,    0.9843493
robot_19
    2.305161,    -26.00487,            0,            0,            0,   -0.1954358,    0.9807165
robot_141
    25.94505,     22.34905,            0,            0,            0,   -0.9091768,    0.4164104
robot_35
   -26.53158,    -17.91925,            0,            0,            0,   -0.8443491,    0.5357934
robot_184
   -18.10873,    -38.03269,            0,            0,            0,    -0.652277,    0.7579807
robot_98
    25.90999,     12.49864,            0,            0,            0,    0.5045509,     0.863382
robot_100
    17.31093,    -17.97293,            0,            0,            0,    0.5579541,    0.8298718
robot_164
    -26.4179,     22.05542,            0,            0,            0,    0.7588144,     0.651307
robot_59
    36.49628,     34.00897,            0,            0,            0,    0.8098638,     0.586618
robot_144
   -23.33491,     1.972477,            0,            0,            0,    0.4026216,    0.9153665
robot_101
   -15.05719,    -6.006802,            0,            0,            0,   -0.0643262,    0.9979289
robot_161
   -25.77975,    -1.977959,            0,            0,            0,   -0.9999065,   0.01367612
robot_149
    21.90869,     3.067678,            0,            0,            0,   0.02743606,    0.9996236
robot_86
    5.919049,     3.648778,            0,            0,            0,    0.9991943,   0.04013446
robot_191
   -38.04886,     15.93486,            0,            0,            0,   -0.9828522,    0.1843953
robot_126
    37.21739,    -18.02286,            0,            0,            0,     0.793319,    0.6088061
robot_190
    19.90888,    -25.98856,            0,            0,            0,    0.5970626,    0.8021946
robot_131
    34.03513,     30.05795,            0,            0,            0,   -0.9981989,    0.0599918
robot_154
    17.83687,    -5.806775,            0,            0,            0,   -0.5140609,    0.8577537
robot_9
    28.96154,     9.993489,            0,            0,            0,     0.128993,    0.9916455
robot_27
   -6.075841,    -10.33644,            0,            0,            0,    0.9692923,    0.2459116
robot_34
    21.83798,     5.842433,            0,            0,            0,   -0.6544648,    0.7560925
robot_114
   -14.11348,     30.03326,            0,            0,            0,     0.502715,    0.8644522
robot_51
   -34.05915,     11.98693,            0,            0,            0,    -0.959872,    0.2804385
