tuw_multi_robot_msgs::RobotGoalsArray @1970-01-01T00:15:49.400000
frame_id: map
         949,    400000000
robot_84
    5.715891,    -6.032478,            0,            0,            0,    0.3262535,    0.9452823
robot_116
   -6.082996,     21.08495,            0,            0,            0,    0.8652736,    0.5012999
robot_74
   -26.04128,      25.6358,            0,            0,            0,    0.9388242,    0.3443968
robot_41
   -37.98387,     -25.8976,            0,            0,            0,   -0.8505073,    0.5259633
robot_125
    -10.0632,    -9.431241,            0,            0,            0,    0.8410043,    0.5410285
robot_136
    2.197959,    -30.07641,            0,            0,            0,    0.7671329,    0.6414882
robot_173
    -18.0757,    -28.53646,            0,            0,            0,      0.98718,    0.1596109
robot_67
     2.34708,    -14.02992,            0,            0,            0,   -0.9659866,    0.2585922
robot_197
   -2.155762,    -26.19077,            0,            0,            0,    -0.997066,    0.0765461
robot_119
   -6.096864,     31.18113,            0,            0,            0,    0.9967329,   0.08076808
robot_82
     5.86241,    -14.01056,            0,            0,            0,    0.6511767,    0.7589262
robot_77
   -24.14052,    -33.96675,            0,            0,            0,   -0.6173397,    0.7866967
robot_5
     5.96653,    -31.42442,            0,            0,            0,    0.8722788,    0.4890088
robot_133
   -30.08991,     3.935813,            0,            0,            0,   -0.8784495,    0.4778352
robot_99
    14.18622,     22.07801,            0,            0,            0,  -0.08469895,    0.9964066
robot_171
    38.06346,     -26.1866,            0,            0,            0,    0.3002043,    0.9538749
robot_180
   -26.08238,     30.41138,            0,            0,            0,    0.9884162,    0.1517675
robot_56
    5.921298,      1.58367,            0,            0,            0,     0.456453,    0.8897475
robot_3
   -2.075964,     16.14934,            0,            0,            0,    0.9811968,    0.1930099
robot_81
   -2.362873,     29.98277,            0,            0,            0,   -0.8489691,    0.5284425
robot_167
   -25.66361,     10.00545,            0,            0,            0,   -0.1730174,    0.9849188
robot_25
    1.922502,    -26.00038,            0,            0,            0,    0.5997445,    0.8001915
robot_168
   -26.17934,    -5.769542,            0,            0,            0,   -0.9851355,    0.1717793
robot_96
   -10.03922,     17.75048,            0,            0,            0,   -0.9134619,    0.4069243
robot_166
    13.94404,     4.180202,            0,            0,            0,   -0.9917865,    0.1279044
robot_102
    16.07161,     26.00435,            0,            0,            0,   -0.7187912,     0.695226
robot_192
     10.0056,     22.36028,            0,            0,            0,    0.8936725,    0.4487198
robot_179
   -29.67187,    -34.04779,            0,            0,            0,     0.941264,    0.3376717
robot_142
   -37.74807,     22.03093,            0,            0,            0,    0.9921363,    0.1251618
robot_1
   -2.066139,     33.46071,            0,            0,            0,    0.1499815,    0.9886888
robot_44
     33.9536,    -31.86146,            0,            0,            0,    0.7236435,    0.6901739
robot_163
    2.149979,    -18.06964,            0,            0,            0,    0.5428762,    0.8398127
robot_79
   -30.54098,      17.9124,            0,            0,            0,   -0.9985478,   0.05387294
robot_8
   -34.08728,    -38.51285,            0,            0,            0,   -0.9999405,   0.01091242
robot_20
    6.404281,    -2.034557,            0,            0,            0,   -0.1409689,     0.990014
robot_143
   -26.05282,    -13.78189,            0,            0,            0,   0.02128038,    0.9997735
robot_138
    10.70918,    -9.984258,            0,            0,            0,    0.4673989,    0.8840465
robot_123
    10.47937,    -33.98228,            0,            0,            0,    0.3149428,    0.9491106
robot_193
    -2.07269,    -17.50168,            0,            0,            0,    0.5140111,    0.8577835
robot_187
    10.94619,     18.00273,            0,            0,            0,    0.9725272,    0.2327893
