tuw_multi_robot_msgs::RobotGoalsArray @1970-01-01T01:19:37.600000
frame_id: map
        4777,    600000000
robot_84
   -37.98862,     6.360191,            0,            0,            0,    0.3923456,    0.9198179
robot_116
     33.9102,     4.638752,            0,            0,            0,     0.326664,    0.9451405
robot_74
    3.256714,    -30.02929,            0,            0,            0,   -0.3102307,    0.9506613
robot_41
    17.79599,     5.777239,            0,            0,            0,    -0.084702,    0.9964063
robot_125
    25.90249,     5.985282,            0,            0,            0,   -0.7563149,    0.6542077
robot_136
    37.95716,      25.9555,            0,            0,            0,   -0.9846998,    0.1742592
robot_173
   -38.14198,     21.89897,            0,            0,            0,   -0.9623984,    0.2716421
robot_67
   -18.00043,    -26.01526,            0,            0,            0,    0.5891441,     0.808028
robot_197
   -22.06661,     23.69064,            0,            0,            0,    0.8833108,    0.4687879
robot_119
    9.014684,     30.01316,            0,            0,            0,    0.9090089,    0.4167766
robot_82
    -2.15826,     18.25657,            0,            0,            0,   -0.9997326,   0.02312334
robot_77
    4.677972,    -26.00709,            0,            0,            0,   -0.3155454,    0.9489105
robot_5
    17.32263,      18.0315,            0,            0,            0,   -0.9531703,    0.3024341
robot_133
   -15.78539,     29.99571,            0,            0,            0,   -0.9835545,    0.1806114
robot_99
   -14.03712,    -20.01146,            0,            0,            0,   -0.8221265,    0.5693048
robot_171
    16.17439,     30.01484,            0,            0,            0,    0.8524221,    0.5228543
robot_180
    9.919646,      38.2725,            0,            0,            0,   -0.5135757,    0.8580443
robot_56
   -10.09252,   -0.5141643,            0,            0,            0,    0.9357802,     0.352584
robot_3
   -14.04387,     14.52963,            0,            0,            0,   -0.7173288,    0.6967348
robot_81
   -38.09851,    -20.75589,            0,            0,            0,  -0.03126536,    0.9995111
robot_167
    9.602937,     -26.0342,            0,            0,            0,   -0.6792647,    0.7338933
robot_25
    12.14684,     21.97814,            0,            0,            0,   -0.5852595,     0.810846
robot_168
   -23.78746,     14.00887,            0,            0,            0,    0.9920214,    0.1260697
robot_96
    12.68072,    -21.98662,            0,            0,            0,    0.8356436,    0.5492721
robot_166
   -26.05867,    -2.456017,            0,            0,            0,   -0.9975513,   0.06993814
robot_102
    38.14144,    -21.98765,            0,            0,            0,   -0.5358489,    0.8443139
robot_192
   -22.25635,     38.13979,            0,            0,            0,    0.6081426,    0.7938278
robot_179
    33.39826,     1.983652,            0,            0,            0,    0.9732575,    0.2297169
robot_142
   -6.974231,    -2.031158,            0,            0,            0,     0.800016,    0.5999787
robot_1
   -22.25404,     -6.01955,            0,            0,            0,   -0.9168842,    0.3991533
robot_44
    1.905521,      21.0197,            0,            0,            0,    0.1582566,     0.987398
robot_163
   -10.03059,     5.938448,            0,            0,            0,    0.3714951,    0.9284349
robot_79
   -6.404318,     38.07084,            0,            0,            0,    0.7033473,    0.7108463
robot_8
    26.15014,     -30.0923,            0,            0,            0,   -0.8390866,    0.5439979
robot_20
    29.99081,    -14.35187,            0,            0,            0,   -0.6598755,     0.751375
robot_143
   -14.07139,    -1.759897,            0,            0,            0,   -0.2657075,    0.9640537
robot_138
    3.932451,    -14.00631,            0,            0,            0,    0.1106925,    0.9938547
robot_123
   -18.08299,    -35.55854,            0,            0,            0,     -0.86559,    0.5007534
robot_193
    34.28579,    -21.92867,            0,            0,            0,   0.02293733,    0.9997369
robot_187
    29.95236,    -5.837546,            0,            0,            0,   -0.3082673,    0.9512998
robot_176
   -34.12403,     9.767081,            0,            0,            0,   -0.4408345,    0.8975884
robot_66
    1.927271,      24.6596,            0,            0,            0,   0.04015147,    0.9991936
robot_63
   -6.071048,    -29.93494,            0,            0,            0,   -0.1411446,     0.989989
robot_31
   -6.264129,     5.892164,            0,            0,            0,    0.8390965,    0.5439826
robot_159
   -29.93353,    -25.93808,            0,            0,            0,   -0.3389014,    0.9408219
robot_160
    21.92027,      24.4485,            0,            0,            0,   -0.7885483,    0.6149728
robot_151
   -7.253843,     25.98714,            0,            0,            0,    0.3267553,     0.945109
robot_150
   -26.43116,     21.95261,            0,            0,            0,    0.5531491,    0.8330823
robot_137
   -36.51307,     17.97608,            0,            0,            0,   -0.9974032,   0.07202048
robot_199
   -30.04433,    -11.89562,            0,            0,            0,    0.9243343,    0.3815837
robot_54
   -22.05908,    -16.91035,            0,            0,            0,   -0.9417215,    0.3363935
robot_117
    33.96232,    -29.99093,            0,            0,            0,   -0.6191913,    0.7852401
robot_36
    26.13359,     26.04093,            0,            0,            0,   -0.9773391,    0.2116795
robot_33
   -18.18862,    -18.08985,            0,            0,            0,   -0.9387704,    0.3445433
robot_146
   -10.05955,    -34.02078,            0,            0,            0,   -0.9599439,    0.2801921
robot_156
   -1.125854,    -29.99429,            0,            0,            0,    0.9797514,    0.2002178
robot_112
   -35.89429,     25.98276,            0,            0,            0,    0.9191051,    0.3940124
robot_19
   -18.08183,    -30.31338,            0,            0,            0,     -0.31741,    0.9482884
robot_141
   -2.071218,    -23.15418,            0,            0,            0,    0.7435562,    0.6686734
robot_35
    10.04616,     6.075253,            0,            0,            0,    0.8887067,    0.4584761
robot_184
    25.71834,    -34.11284,            0,            0,            0,    0.8359827,    0.5487558
robot_98
    33.91883,    -11.15268,            0,            0,            0,     0.125906,    0.9920422
robot_100
    13.92829,    -33.84732,            0,            0,            0,   -0.2660965,    0.9639464
robot_164
    33.96596,    -34.91193,            0,            0,            0,    0.9569726,    0.2901782
robot_59
    17.93489,     37.22506,            0,            0,            0,   -0.2096895,     0.977768
robot_144
   -18.09781,    -4.305389,            0,            0,            0,    0.8492752,    0.5279504
robot_101
    17.89886,    -2.222216,            0,            0,            0,   -0.1212956,    0.9926164
robot_161
    34.07204,     9.870007,            0,            0,            0,    0.8594815,    0.5111668
robot_149
    -13.7174,     21.90933,            0,            0,            0,  -0.08799139,    0.9961212
robot_86
    18.31382,     1.922469,            0,            0,            0,    0.4734386,    0.8808268
robot_191
   -7.386879,    -37.98716,            0,            0,            0,   -0.4517939,    0.8921224
robot_126
   -8.038527,     2.006778,            0,            0,            0,    0.7593682,    0.6506611
robot_190
   -38.02212,     25.89972,            0,            0,            0,    0.3335593,    0.9427291
robot_131
   -12.64624,    -17.97541,            0,            0,            0,   -0.9448063,    0.3276293
robot_154
    24.93269,     14.03155,            0,            0,            0,    0.1830211,     0.983109
robot_9
   -34.04988,     28.76915,            0,            0,            0,    -0.699703,    0.7144338
robot_27
   -30.28769,     10.13676,            0,            0,            0,    0.1500431,    0.9886795
robot_34
    13.90928,    -2.562198,            0,            0,            0,   -0.6920963,    0.7218052
robot_114
   -22.04769,     21.60432,            0,            0,            0,   -0.9504174,    0.3109771
robot_51
    26.38202,    -25.97525,            0,            0,            0,    0.3452756,    0.9385013
robot_108
   -6.083188,     29.75788,            0,            0,            0,   -0.9848886,     0.173189
robot_147
  -0.7102875,     14.02866,            0,            0,            0,   -0.9828216,    0.1845579
robot_183
    6.036745,    -10.19069,            0,            0,            0,    0.9870813,    0.1602203
robot_48
   -30.03718,       6.6618,            0,            0,            0,   -0.1375567,    0.9904939
robot_60
    7.827063,     38.03189,            0,            0,            0,   -0.9775526,    0.2106913
robot_75
    38.79819,     10.02231,            0,            0,            0,    0.9973403,   0.07288629
robot_152
    21.93574,    -31.35376,            0,            0,            0,   -0.9486447,    0.3163435
robot_26
    30.07221,     34.05262,            0,            0,            0,    0.9524774,    0.3046094
robot_182
    8.376584,    -21.99453,            0,            0,            0,    0.5849288,    0.8110847
robot_172
    37.88844,     -33.8385,            0,            0,            0,   0.03648478,    0.9993342
robot_43
   -14.04729,     3.958608,            0,            0,            0,    0.9850704,    0.1721523
robot_170
   -20.21832,     17.97114,            0,            0,            0,    0.6768788,    0.7360945
robot_177
   -10.03282,      -6.2572,            0,            0,            0,   -0.3481661,    0.9374329
robot_80
    10.15897,    -18.02773,            0,            0,            0,    0.9831459,    0.1828229
robot_16
    -6.06398,     13.60416,            0,            0,            0,     0.153282,    0.9881825
robot_13
   -19.24499,    -38.01557,            0,            0,            0,     0.611974,    0.7908779
robot_178
    8.397139,     2.015596,            0,            0,            0,  -0.05897432,    0.9982595
robot_88
    4.107328,     34.03232,            0,            0,            0,    0.8574914,    0.5144984
robot_194
    3.568574,     10.00756,            0,            0,            0,   -0.5857659,    0.8104803
robot_29
   -22.18463,    -22.22287,            0,            0,            0,   0.01429954,    0.9998978
