tuw_multi_robot_msgs::RobotGoalsArray @1970-01-01T01:18:51.500000
frame_id: map
        4731,    500000000
robot_84
   -21.77739,    -18.05031,            0,            0,            0,    0.9925041,    0.1222112
robot_116
    29.91902,     -16.3687,            0,            0,            0,   -0.9805262,    0.1963882
robot_74
    29.96132,     10.82634,            0,            0,            0,   -0.4048477,    0.9143841
robot_41
   -34.36662,     21.90813,            0,            0,            0,    0.9998693,   0.01616449
robot_125
     37.9391,    -33.93378,            0,            0,            0,   -0.8491449,    0.5281599
robot_136
   -4.495889,     34.00758,            0,            0,            0,    0.6061775,    0.7953294
robot_173
      29.967,  -0.01017558,            0,            0,            0,    0.5433382,    0.8395139
robot_67
    37.96475,    -15.30379,            0,            0,            0,   -0.8624637,    0.5061189
robot_197
     14.0403,    -14.21779,            0,            0,            0,     0.980789,    0.1950717
robot_119
    26.35169,    -26.09118,            0,            0,            0,    0.5961068,    0.8029051
robot_82
   -1.207084,      25.9878,            0,            0,            0,    0.9824947,    0.1862908
robot_77
    29.94592,    -25.93246,            0,            0,            0,    0.4738616,    0.8805994
robot_5
    18.22797,    -30.05008,            0,            0,            0,    0.9693364,    0.2457375
robot_133
    25.84502,     18.22012,            0,            0,            0,     0.996886,   0.07885606
robot_99
   -38.06821,      26.0048,            0,            0,            0,    0.6475238,    0.7620452
robot_171
    3.524218,    -33.97708,            0,            0,            0,    0.9373503,    0.3483882
robot_180
    17.97548,    -21.75836,            0,            0,            0,     0.869367,    0.4941669
robot_56
    14.23208,    -9.921692,            0,            0,            0,    0.7105319,     0.703665
robot_3
    5.920769,    -33.50132,            0,            0,            0,    0.6455946,    0.7636803
robot_81
   -2.021758,    -10.13184,            0,            0,            0,    0.3391231,     0.940742
robot_167
   -14.17083,     33.79436,            0,            0,            0,    0.9449785,    0.3271326
robot_25
   -6.789764,    -38.00239,            0,            0,            0,    0.5993724,    0.8004703
robot_168
   -15.99728,    -37.97854,            0,            0,            0,    0.6368276,    0.7710062
robot_96
   -16.13424,    -29.96863,            0,            0,            0,   -0.4491817,    0.8934404
robot_166
    9.806329,    -1.940471,            0,            0,            0,    0.3708052,    0.9287107
robot_102
   -30.11847,    -33.94426,            0,            0,            0,      0.34276,     0.939423
robot_192
    9.957371,     24.93796,            0,            0,            0,    0.9944254,    0.1054423
robot_179
    29.91561,     27.97196,            0,            0,            0,    -0.533441,    0.8458373
robot_142
   -18.94453,      13.9948,            0,            0,            0,    0.8086747,    0.5882562
robot_1
    -10.1029,     10.29397,            0,            0,            0,   -0.7275781,    0.6860249
robot_44
    21.92876,     37.86188,            0,            0,            0,   -0.9594786,    0.2817815
robot_163
    29.93071,     2.788813,            0,            0,            0,   -0.9341926,    0.3567691
robot_79
    -5.68671,     29.92377,            0,            0,            0,    0.8102675,    0.5860602
robot_8
    21.93674,    -21.47707,            0,            0,            0,   -0.9741626,     0.225848
robot_20
   -22.08053,     11.24358,            0,            0,            0,    0.8323617,    0.5542328
robot_143
   -31.63454,     37.98754,            0,            0,            0,   -0.9963286,   0.08561144
robot_138
    10.04921,     10.18306,            0,            0,            0,  -0.05956542,    0.9982244
robot_123
    2.318111,     6.009157,            0,            0,            0,   -0.4299195,    0.9028672
robot_193
    7.384613,    -29.98989,            0,            0,            0,   -0.2114272,    0.9773937
robot_187
    17.54483,    -14.07828,            0,            0,            0,     0.161774,    0.9868278
robot_176
    32.61795,    -26.01765,            0,            0,            0,   -0.9777253,    0.2098884
robot_66
    23.65721,     -38.0045,            0,            0,            0,   -0.1898565,    0.9818119
robot_63
   -2.199428,     33.77797,            0,            0,            0,    0.4664977,    0.8845224
robot_31
     21.9404,    -23.66734,            0,            0,            0,    0.8802397,    0.4745292
robot_159
   -33.99251,    -33.80416,            0,            0,            0,   -0.6695911,    0.7427299
robot_160
    5.906453,     16.76703,            0,            0,            0,    0.9974021,   0.07203541
robot_151
    34.12998,    -9.865487,            0,            0,            0,   -0.9982554,   0.05904319
robot_150
    23.70008,    -6.016333,            0,            0,            0,    0.9774912,    0.2109761
robot_137
    13.91395,    -22.08873,            0,            0,            0,     0.741802,     0.670619
robot_199
    9.962661,       16.794,            0,            0,            0,    0.9098702,     0.414893
robot_54
    8.754211,    -21.98964,            0,            0,            0,   -0.5290543,     0.848588
robot_117
    -12.8172,    -30.02809,            0,            0,            0,   -0.1771407,    0.9841855
robot_36
   -10.03656,    -6.112478,            0,            0,            0,    0.5430122,    0.8397248
robot_33
    -9.38707,    -18.02911,            0,            0,            0,    0.6254199,    0.7802883
robot_146
    5.954021,     7.501921,            0,            0,            0,    0.9727805,    0.2317285
robot_156
   -18.15376,    -9.777077,            0,            0,            0,   -0.6023359,    0.7982427
robot_112
    25.95619,     34.78236,            0,            0,            0,   -0.2001807,     0.979759
robot_19
    18.02795,    -5.881707,            0,            0,            0,    0.8148888,    0.5796173
robot_141
    13.91187,     6.695037,            0,            0,            0,    0.9568914,    0.2904458
robot_35
   -10.09805,     36.75886,            0,            0,            0,   -0.2000434,     0.979787
robot_184
   -14.03795,     30.89271,            0,            0,            0,    0.9568101,    0.2907138
robot_98
   -23.48768,    -37.97497,            0,            0,            0,    0.2721758,    0.9622476
robot_100
     32.6304,     22.01818,            0,            0,            0,    0.9673015,    0.2536293
robot_164
    37.86499,     10.18466,            0,            0,            0,    0.8869951,    0.4617789
robot_59
   -28.84005,     21.99556,            0,            0,            0,     0.972596,    0.2325017
robot_144
    22.67151,    -9.991324,            0,            0,            0,   -0.9379793,    0.3466913
robot_101
   -10.06956,     22.47621,            0,            0,            0,    0.3753635,    0.9268777
robot_161
     30.2501,     25.90792,            0,            0,            0,   -0.9714991,    0.2370431
robot_149
   -34.06206,     14.89102,            0,            0,            0,    0.6820978,     0.731261
robot_86
   -10.05648,    -15.26974,            0,            0,            0,   -0.5013152,    0.8652647
robot_191
   -22.09436,     19.42982,            0,            0,            0,   -0.5349374,    0.8448917
robot_126
    1.920993,     32.65226,            0,            0,            0,   -0.9620229,    0.2729689
robot_190
   -38.20523,    -14.05984,            0,            0,            0,   -0.9101621,    0.4142524
robot_131
    28.32738,    -10.01075,            0,            0,            0,   -0.2818673,    0.9594534
robot_154
     33.9922,      14.0614,            0,            0,            0,   -0.4612214,    0.8872851
robot_9
   -10.07811,    -37.69394,            0,            0,            0,     0.769106,    0.6391212
robot_27
   -10.76991,     26.01623,            0,            0,            0,     0.968677,    0.2483241
robot_34
   -6.048641,     28.03198,            0,            0,            0,   0.02512804,    0.9996842
robot_114
   -6.004817,    -13.91582,            0,            0,            0,    0.9868496,    0.1616415
robot_51
    1.866079,     13.82043,            0,            0,            0,    0.8179784,     0.575249
robot_108
    2.089865,     25.84977,            0,            0,            0,     0.657162,    0.7537494
robot_147
    33.90072,     23.62317,            0,            0,            0,   -0.8059451,    0.5919903
robot_183
    17.88605,     30.13101,            0,            0,            0,    0.8196919,    0.5728047
robot_48
    26.13338,     2.066057,            0,            0,            0,    0.1717677,    0.9851375
robot_60
   -12.07378,    -22.02616,            0,            0,            0,     0.249199,    0.9684523
robot_75
   -30.00297,      26.2835,            0,            0,            0,    0.7490364,    0.6625288
robot_152
     6.08536,     13.86534,            0,            0,            0,    0.1532328,    0.9881901
robot_26
    -3.57972,    -34.00832,            0,            0,            0,   0.04912119,    0.9987928
robot_182
    14.20935,     -38.0475,            0,            0,            0,   -0.5073463,    0.8617423
robot_172
    5.936778,  -0.05912702,            0,            0,            0,   0.07635148,     0.997081
robot_43
    37.96254,     17.02063,            0,            0,            0,   -0.9945073,    0.1046673
robot_170
    18.81923,    -25.98036,            0,            0,            0,    0.0868132,    0.9962246
robot_177
   -31.47534,     22.02263,            0,            0,            0,     0.232086,    0.9726953
robot_80
     13.9191,    -16.67502,            0,            0,            0,   -0.5089631,    0.8607883
robot_16
   -2.051275,     30.14163,            0,            0,            0,   -0.9538091,    0.3004134
robot_13
   -34.09207,    -6.912801,            0,            0,            0,    0.4581039,    0.8888987
robot_178
    25.91506,     10.23511,            0,            0,            0,    -0.692435,    0.7214803
robot_88
   -36.08386,    -22.01166,            0,            0,            0,   -0.9917179,    0.1284351
robot_194
    11.75335,       25.971,            0,            0,            0,     0.678668,    0.7344452
robot_29
   -30.38398,     18.01904,            0,            0,            0,   -0.5725568,    0.8198651
