tuw_multi_robot_msgs::RobotGoalsArray @1970-01-01T01:49:08.900000
frame_id: map
        6548,    900000000
robot_84
    -34.0856,     34.98349,            0,            0,            0,    0.8763794,    0.4816214
robot_116
     9.69033,    -5.962534,            0,            0,            0,    0.4397136,     0.898138
robot_74
    5.965483,     22.59679,            0,            0,            0,   -0.9841414,     0.177386
robot_41
   -17.58012,     34.05068,            0,            0,            0,   -0.9768394,    0.2139738
robot_125
   -26.04176,     1.328288,            0,            0,            0,     0.268983,    0.9631449
robot_136
   -26.03482,    -14.18216,            0,            0,            0,   -0.7499117,     0.661538
robot_173
   -14.18125,     1.964156,            0,            0,            0,    0.6474548,    0.7621039
robot_67
   -26.07112,     8.298735,            0,            0,            0,    0.8610082,     0.508591
robot_197
   -1.922765,     17.93664,            0,            0,            0,    0.6519596,    0.7582537
robot_119
     37.5076,     14.00655,            0,            0,            0,    0.9876986,    0.1563697
robot_82
   -10.27718,     34.08398,            0,            0,            0,   -0.3282472,    0.9445919
robot_77
   -14.08871,      31.9061,            0,            0,            0,   0.03694801,    0.9993172
robot_5
    -30.3185,    -38.08904,            0,            0,            0,   -0.9906705,    0.1362788
robot_133
   -19.56327,     38.03253,            0,            0,            0,   -0.4367935,    0.8995618
robot_99
    5.952135,    -22.97419,            0,            0,            0,   -0.6703543,    0.7420412
robot_171
   -6.166177,     -13.8694,            0,            0,            0,   -0.7468846,    0.6649537
robot_180
    3.304531,     21.99771,            0,            0,            0,   -0.9419939,      0.33563
robot_56
    -22.0342,     16.13502,            0,            0,            0,    0.3623543,    0.9320404
robot_3
   -4.740065,    -10.02689,            0,            0,            0,    0.6461227,    0.7632336
robot_81
   -18.06517,     17.05207,            0,            0,            0,   -0.9749428,    0.2224556
