tuw_multi_robot_msgs::RobotGoalsArray @1970-01-01T01:22:46.100000
frame_id: map
        4966,    100000000
robot_84
   -38.03598,    -28.25937,            0,            0,            0,   -0.7328852,    0.6803523
robot_116
    -1.76229,     9.962902,            0,            0,            0,    0.0343415,    0.9994102
robot_74
    1.924323,    -31.45022,            0,            0,            0,   -0.5607374,    0.8279937
robot_41
    13.93898,     18.80491,            0,            0,            0,   -0.9860559,    0.1664145
robot_125
    33.87473,    -26.27888,            0,            0,            0,    -0.848052,     0.529913
robot_136
   -9.984593,     30.22802,            0,            0,            0,   -0.2501143,    0.9682163
robot_173
    33.46695,     29.93157,            0,            0,            0,   -0.9237031,    0.3831091
robot_67
   -38.04732,    -22.49206,            0,            0,            0,    0.1909378,    0.9816021
robot_197
     37.9583,      22.3155,            0,            0,            0,   -0.9946488,     0.103314
robot_119
   -22.06995,    -31.48412,            0,            0,            0,   -0.7526411,     0.658431
