tuw_multi_robot_msgs::RobotGoalsArray @1970-01-01T00:53:52.700000
frame_id: map
        3232,    700000000
robot_84
     29.9619,     22.85528,            0,            0,            0,    0.3477038,    0.9376044
robot_116
    34.31766,     13.94648,            0,            0,            0,    0.2850622,     0.958509
robot_74
   -30.08065,    -1.376597,            0,            0,            0,    0.2006895,    0.9796549
robot_41
   -18.05057,     14.26943,            0,            0,            0,    0.3699641,    0.9290461
robot_125
   -30.54922,     2.015721,            0,            0,            0,   -0.9937551,    0.1115831
robot_136
   -1.949476,    -33.84265,            0,            0,            0,    0.8791497,    0.4765457
robot_173
   -14.01247,      5.86175,            0,            0,            0,    0.3654495,    0.9308312
robot_67
    18.13103,     5.944903,            0,            0,            0,    0.9691916,    0.2463082
robot_197
    29.95168,     9.384494,            0,            0,            0,    0.5388672,    0.8423908
robot_119
   -14.07921,    -15.70184,            0,            0,            0,   -0.1602409,    0.9870779
robot_82
   -10.09795,     21.58521,            0,            0,            0,    -0.430028,    0.9028155
robot_77
    19.25173,    -25.99626,            0,            0,            0,    0.6482662,    0.7614138
robot_5
   -10.47692,     26.00578,            0,            0,            0,    0.4356961,    0.9000939
robot_133
    10.08818,     25.99864,            0,            0,            0,   -0.9411845,     0.337893
robot_99
    37.90767,    -25.16329,            0,            0,            0,     0.492068,    0.8705568
robot_171
    9.125255,     37.98485,            0,            0,            0,  -0.04410334,     0.999027
robot_180
   -26.07313,     -31.1428,            0,            0,            0,    0.5120915,    0.8589309
robot_56
    18.07201,     -18.1581,            0,            0,            0,    0.1333845,    0.9910644
robot_3
    1.837274,      21.7929,            0,            0,            0,    0.9999896,  0.004568871
robot_81
     -26.092,    -12.22855,            0,            0,            0,    0.7859838,    0.6182471
robot_167
   -13.13419,     25.98066,            0,            0,            0,   -0.9736975,    0.2278445
robot_25
   -21.90728,     22.07135,            0,            0,            0,   -0.7741627,    0.6329867
robot_168
    9.722223,    -5.989371,            0,            0,            0,     0.688625,    0.7251177
robot_96
    1.935137,     10.27086,            0,            0,            0,   -0.2223502,    0.9749669
robot_166
    23.55097,     29.98995,            0,            0,            0,   -0.0901064,    0.9959321
robot_102
   -6.064249,     28.00491,            0,            0,            0,    0.9980814,   0.06191477
robot_192
    18.79923,     13.97941,            0,            0,            0,    0.9902076,    0.1396028
robot_179
    5.847286,     22.16633,            0,            0,            0,     0.124676,    0.9921975
robot_142
    14.43012,     33.91015,            0,            0,            0,    0.4465882,    0.8947396
robot_1
    2.819381,     34.01932,            0,            0,            0,   -0.8462164,    0.5328393
robot_44
    13.93224,     31.53952,            0,            0,            0,    0.2869023,    0.9579598
robot_163
    12.53919,    -38.01728,            0,            0,            0,    0.4390169,    0.8984788
robot_79
    21.55693,    -26.06797,            0,            0,            0,   -0.7246227,    0.6891458
robot_8
   -14.06922,    -7.208689,            0,            0,            0,   -0.5465172,    0.8374479
robot_20
    29.77445,    -37.79933,            0,            0,            0,    0.5535458,    0.8328187
robot_143
   -6.091351,     37.64796,            0,            0,            0,    0.1674638,    0.9858782
robot_138
   -22.53094,    -1.937797,            0,            0,            0,   -0.6460934,    0.7632584
robot_123
    32.66435,     33.98195,            0,            0,            0,    0.9890327,    0.1476966
robot_193
   -22.06648,     19.09873,            0,            0,            0,    0.6873139,    0.7263605
robot_187
   -10.09104,     32.40759,            0,            0,            0,   -0.2195295,    0.9756059
robot_176
    23.66458,     38.02516,            0,            0,            0,    0.9059459,    0.4233935
robot_66
   -2.249172,    -9.923003,            0,            0,            0,   -0.4096508,    0.9122424
robot_63
   -2.431451,     30.02047,            0,            0,            0,   -0.7881386,    0.6154979
robot_31
   -34.06226,     9.265169,            0,            0,            0,    0.1707904,    0.9853074
robot_159
    8.015085,    -21.96666,            0,            0,            0,   -0.9681788,    0.2502597
robot_160
   -14.05128,     14.50401,            0,            0,            0,   -0.9836301,    0.1801992
robot_151
   -6.413245,     6.097758,            0,            0,            0,   -0.1828216,    0.9831461
robot_150
   -22.05047,     31.78967,            0,            0,            0,    0.8027041,    0.5963775
robot_137
   -29.99554,    -6.154891,            0,            0,            0,    0.9397801,    0.3417798
robot_199
   -19.32184,    -26.00036,            0,            0,            0,    0.9223487,    0.3863585
robot_54
    13.84227,     5.657774,            0,            0,            0,   -0.8295253,    0.5584691
robot_117
   -22.07619,        11.04,            0,            0,            0,    0.9387223,    0.3446744
robot_36
    30.16918,     25.96834,            0,            0,            0,   -0.3197812,    0.9474914
robot_33
   -19.29924,     6.017007,            0,            0,            0,  -0.03934278,    0.9992258
robot_146
   -38.03689,     7.234245,            0,            0,            0,    0.4017237,    0.9157609
robot_156
   -34.00494,     30.15218,            0,            0,            0,    -0.847215,    0.5312502
robot_112
   -18.25245,    -34.14634,            0,            0,            0,   -0.1849372,    0.9827503
robot_19
    12.71668,    -9.968079,            0,            0,            0,   -0.2784154,    0.9604608
robot_141
   -9.604328,    -25.94044,            0,            0,            0,    0.4486584,    0.8937033
robot_35
    5.904311,    -30.89749,            0,            0,            0,    0.9238853,    0.3826695
robot_184
    13.63703,    -2.087906,            0,            0,            0,    0.6311008,    0.7757008
robot_98
    37.96928,    -33.68738,            0,            0,            0,    0.9516897,    0.3070613
robot_100
    9.946148,    -19.60002,            0,            0,            0,    0.9813929,    0.1920105
robot_164
    13.96784,    -30.32037,            0,            0,            0,     0.219563,    0.9755983
robot_59
    20.03585,     9.976086,            0,            0,            0,  -0.02861813,    0.9995904
robot_144
   -34.08686,    -27.07706,            0,            0,            0,   -0.2044323,    0.9788807
robot_101
    33.96046,     7.078934,            0,            0,            0,    0.8197713,    0.5726911
robot_161
    21.92023,     27.96737,            0,            0,            0,    0.9974354,   0.07157284
robot_149
    16.03087,     14.01412,            0,            0,            0,    0.1838977,    0.9829454
robot_86
    37.93712,     20.95283,            0,            0,            0,    0.9615632,    0.2745837
