tuw_multi_robot_msgs::RobotGoalsArray @1970-01-01T00:52:51.500000
frame_id: map
        3171,    500000000
robot_84
    32.22541,     6.012343,            0,            0,            0,    0.2334246,    0.9723749
robot_116
   -29.85653,    -34.01583,            0,            0,            0,     0.204246,    0.9789196
robot_74
   -10.12038,     6.353155,            0,            0,            0,    0.7516654,    0.6595446
robot_41
    19.57506,     1.986946,            0,            0,            0,   -0.5791694,    0.8152072
robot_125
   -17.95483,    -17.77257,            0,            0,            0,    0.9783068,    0.2071611
robot_136
   -26.04074,     27.18377,            0,            0,            0,   -0.2785151,    0.9604318
robot_173
    10.69412,    -6.008959,            0,            0,            0,    0.9819129,    0.1893334
robot_67
   -8.238254,     14.00725,            0,            0,            0,    0.8605089,    0.5094354
robot_197
     17.9046,    0.7448793,            0,            0,            0,   -0.2326986,    0.9725489
robot_119
    -14.1618,    -17.98331,            0,            0,            0,   -0.9355606,    0.3531662
robot_82
   -18.17733,     1.980683,            0,            0,            0,    0.4989485,    0.8666317
robot_77
    29.92838,     12.60576,            0,            0,            0,    0.9021547,    0.4314127
robot_5
   -39.55358,      26.0059,            0,            0,            0,   -0.8377453,    0.5460611
robot_133
    5.982697,    -1.967612,            0,            0,            0,   -0.9701445,    0.2425276
robot_99
    22.08008,     38.09271,            0,            0,            0,     0.990446,    0.1379014
robot_171
   -21.73274,     30.06047,            0,            0,            0,   -0.9988936,   0.04702684
robot_180
    1.922641,     29.18748,            0,            0,            0,   -0.8445469,    0.5354816
robot_56
    19.63123,     10.00248,            0,            0,            0,    0.8017715,    0.5976307
robot_3
   -13.96507,     38.11778,            0,            0,            0,    0.9784646,    0.2064147
robot_81
    1.854593,    -30.11858,            0,            0,            0,   -0.3888496,    0.9213012
robot_167
    4.662361,     9.983603,            0,            0,            0,   -0.9985207,   0.05437322
robot_25
   -14.30338,    -34.06739,            0,            0,            0,    0.4828581,    0.8756986
robot_168
    38.11277,     30.12733,            0,            0,            0,   -0.9054339,    0.4244874
robot_96
   -14.05098,     6.825695,            0,            0,            0,   -0.9039746,    0.4275862
robot_166
   -9.589578,    -38.00341,            0,            0,            0,   -0.9488354,     0.315771
robot_102
   -26.05946,      6.41879,            0,            0,            0,    0.2233039,    0.9747489
robot_192
   -13.99217,     18.07329,            0,            0,            0,   -0.2121772,    0.9772312
robot_179
     29.8349,     5.695073,            0,            0,            0,    -0.978924,    0.2042249
robot_142
    31.43093,    -21.97095,            0,            0,            0,   -0.6103011,    0.7921695
robot_1
   -2.067548,    -14.45298,            0,            0,            0,    0.9895786,    0.1439935
robot_44
    13.78007,     1.993748,            0,            0,            0,     -0.53843,    0.8426702
robot_163
   -20.55307,     9.985881,            0,            0,            0,   -0.9984067,   0.05642753
robot_79
    1.541049,     13.98486,            0,            0,            0,   -0.9440997,      0.32966
robot_8
   -34.10861,     34.12127,            0,            0,            0,    0.8034334,    0.5953946
robot_20
   0.6946142,     10.01601,            0,            0,            0,    0.4956085,     0.868546
robot_143
    1.838235,    -34.01262,            0,            0,            0,   -0.9830407,    0.1833873
robot_138
   -12.31579,     21.97844,            0,            0,            0,   0.02215174,    0.9997546
robot_123
    -14.0996,      -26.501,            0,            0,            0,    0.6334361,     0.773795
robot_193
    25.96631,    -11.49319,            0,            0,            0,   -0.9999938,  0.003526947
robot_187
   -18.18216,     38.13317,            0,            0,            0,    0.9722019,     0.234144
robot_176
   -10.06925,     11.86509,            0,            0,            0,    0.8940746,    0.4479181
robot_66
    29.91745,    -26.95426,            0,            0,            0,   -0.1342341,    0.9909496
robot_63
   -34.16348,    -17.74173,            0,            0,            0,    0.2441737,    0.9697315
robot_31
   -7.793777,     6.023673,            0,            0,            0,    0.1649196,     0.986307
robot_159
    5.963348,     38.75911,            0,            0,            0,   -0.1719226,    0.9851105
robot_160
   -34.24505,     14.02693,            0,            0,            0,     0.153857,    0.9880931
robot_151
    34.39333,    -14.02819,            0,            0,            0,    0.2221574,    0.9750108
robot_150
   -22.06423,    -31.02448,            0,            0,            0,   -0.6065856,    0.7950182
robot_137
   -12.97139,     25.96862,            0,            0,            0,    0.9999311,   0.01173856
robot_199
    38.28719,     -9.97036,            0,            0,            0,    0.9849337,    0.1729322
robot_54
   -10.09734,   -0.2753771,            0,            0,            0,    0.9985149,   0.05447887
robot_117
   -6.089275,     23.47748,            0,            0,            0,    0.9915466,     0.129751
robot_36
    25.92296,     38.85258,            0,            0,            0,   -0.7503558,    0.6610342
robot_33
   -25.76236,     -2.05466,            0,            0,            0,   -0.9112274,    0.4119037
robot_146
   -34.01946,     26.08858,            0,            0,            0,   0.06547511,    0.9978542
robot_156
    -10.6527,    -26.02698,            0,            0,            0,   -0.9988765,      0.04739
robot_112
   -19.30613,     -29.9765,            0,            0,            0,    0.9733592,    0.2292855
robot_19
   -1.765619,    -9.960666,            0,            0,            0,    0.9178469,    0.3969346
robot_141
   -3.253514,     9.991901,            0,            0,            0,    0.5128955,    0.8584511
robot_35
    -39.4427,     29.96986,            0,            0,            0,   -0.2520764,    0.9677073
