tuw_multi_robot_msgs::RobotGoalsArray @1970-01-01T01:11:54.400000
frame_id: map
        4314,    400000000
robot_84
    17.90036,     37.25127,            0,            0,            0,   -0.9265018,    0.3762902
robot_116
    22.57155,    -30.02971,            0,            0,            0,   -0.6733507,    0.7393232
robot_74
   -27.09273,    -22.02921,            0,            0,            0,   -0.5931063,    0.8051241
robot_41
   -22.03856,    -25.26461,            0,            0,            0,   -0.4370093,     0.899457
robot_125
     20.3438,    -38.02231,            0,            0,            0,    0.9924484,    0.1226629
robot_136
    37.95563,     25.30164,            0,            0,            0,   -0.2724807,    0.9621612
robot_173
   -14.05625,     -11.2804,            0,            0,            0,   -0.6561698,    0.7546133
robot_67
    26.17224,    -38.08098,            0,            0,            0,    0.4800844,    0.8772223
robot_197
    5.938451,     1.420771,            0,            0,            0,    0.9953167,   0.09666737
robot_119
    13.55239,    -9.910668,            0,            0,            0,    0.9060817,    0.4231029
robot_82
    30.73894,     10.00099,            0,            0,            0,    0.9424783,    0.3342672
robot_77
   -37.96429,     33.87892,            0,            0,            0,   -0.1250528,    0.9921501
robot_5
    19.43977,     18.01076,            0,            0,            0,    0.8745352,     0.484962
robot_133
    18.05296,    -37.94464,            0,            0,            0,    -0.984236,    0.1768603
robot_99
    25.70516,     13.89526,            0,            0,            0,    0.8053934,    0.5927407
robot_171
   -2.066349,     11.15223,            0,            0,            0,    0.9528919,    0.3033101
robot_180
    17.97229,     2.175827,            0,            0,            0,    0.8275656,     0.561369
robot_56
    29.94898,    -20.69274,            0,            0,            0,   0.02573412,    0.9996688
robot_3
   -34.50276,     10.00882,            0,            0,            0,   -0.8561871,    0.5166659
robot_81
    17.91579,    -31.25688,            0,            0,            0,    0.7209308,    0.6930071
robot_167
    -10.0881,     31.88928,            0,            0,            0,    0.9921593,      0.12498
robot_25
   -18.04408,    -9.354464,            0,            0,            0,    0.9961436,   0.08773834
robot_168
   -6.068035,     35.10485,            0,            0,            0,   -0.2219799,    0.9750513
robot_96
    29.92029,     39.30929,            0,            0,            0,   -0.9982942,   0.05838336
robot_166
   -26.28892,    -38.16612,            0,            0,            0,   -0.9998912,   0.01475159
robot_102
   -18.01693,    -33.91227,            0,            0,            0,   -0.6054067,    0.7959163
robot_192
   -23.01001,     9.998674,            0,            0,            0,    0.2181572,    0.9759136
robot_179
    37.79749,    -5.972376,            0,            0,            0,      0.86947,    0.4939858
robot_142
   -14.05343,     -18.5618,            0,            0,            0,    0.9991481,   0.04126887
robot_1
   -14.05947,    -2.367234,            0,            0,            0,    0.3490065,    0.9371203
robot_44
   -11.73582,     21.99017,            0,            0,            0,   -0.9967465,   0.08060063
robot_163
    37.43825,    -9.907504,            0,            0,            0,  -0.09792881,    0.9951934
robot_79
   -29.97013,     -25.9077,            0,            0,            0,    0.2710925,    0.9625533
robot_8
   -22.21347,     33.90627,            0,            0,            0,   -0.7865065,    0.6175819
robot_20
    5.929343,     18.25204,            0,            0,            0,    0.9420369,    0.3355092
robot_143
   -22.06517,     39.20018,            0,            0,            0,   -0.7233561,    0.6904751
robot_138
   -11.05462,     1.990669,            0,            0,            0,    -0.996292,   0.08603653
robot_123
     5.89145,     26.30799,            0,            0,            0,   -0.9384943,    0.3452947
robot_193
    -30.4823,    -22.06726,            0,            0,            0,    -0.715173,    0.6989475
robot_187
   -26.05761,    -30.95442,            0,            0,            0,    0.8989214,    0.4381099
robot_176
    30.61635,    -9.969557,            0,            0,            0,    0.4207194,    0.9071908
robot_66
    -22.0962,    -32.52333,            0,            0,            0,   -0.9929046,    0.1189136
robot_63
   -38.06436,    -22.23453,            0,            0,            0,    0.9866328,     0.162959
robot_31
    9.924339,     15.66471,            0,            0,            0,    0.1421275,    0.9898484
robot_159
    1.781373,    -21.86043,            0,            0,            0,   -0.3812326,    0.9244792
robot_160
    21.94869,      16.0785,            0,            0,            0,   -0.7670518,    0.6415852
robot_151
    9.938124,      11.0014,            0,            0,            0,    0.6336827,     0.773593
robot_150
   -6.440393,    -29.96007,            0,            0,            0,    0.2732085,    0.9619548
robot_137
   -6.166347,     10.07914,            0,            0,            0,    0.4117847,    0.9112812
robot_199
     14.0631,    -22.01137,            0,            0,            0,    0.8631418,    0.5049615
robot_54
   -26.04708,     28.58049,            0,            0,            0,    0.5327205,    0.8462912
robot_117
    1.904002,    -29.04501,            0,            0,            0,     0.308039,    0.9513737
robot_36
   -22.01836,     13.80806,            0,            0,            0,  -0.00864381,    0.9999626
robot_33
    9.938172,    -36.97481,            0,            0,            0,   -0.6132141,    0.7899168
robot_146
     9.92612,    -16.19941,            0,            0,            0,   -0.8677727,    0.4969612
robot_156
    9.919444,      -25.264,            0,            0,            0,    0.3975726,    0.9175707
robot_112
    22.60598,    -33.97521,            0,            0,            0,   -0.1351716,    0.9908222
robot_19
    3.804224,     9.999819,            0,            0,            0,   -0.3836483,    0.9234793
robot_141
    5.981746,    -17.65409,            0,            0,            0,   -0.6975564,    0.7165299
robot_35
   -13.81423,     18.09539,            0,            0,            0,   -0.8065547,    0.5911595
robot_184
    13.94061,     30.80155,            0,            0,            0,    -0.984071,    0.1777761
robot_98
   -12.41002,     25.97748,            0,            0,            0,    -0.157788,     0.987473
robot_100
   -38.09161,     17.61872,            0,            0,            0,    0.7036498,    0.7105469
robot_164
    23.89917,    -17.99591,            0,            0,            0,    0.9713062,    0.2378325
robot_59
   -6.033412,     26.84059,            0,            0,            0,   -0.9102051,    0.4141579
robot_144
   -1.937949,    -30.04287,            0,            0,            0,    0.4452834,    0.8953897
robot_101
   -22.07028,    -28.35477,            0,            0,            0,   -0.3092691,    0.9509746
robot_161
   -5.945621,     21.91028,            0,            0,            0,    0.9411686,    0.3379373
robot_149
     29.9053,     15.58381,            0,            0,            0,    0.2284297,    0.9735604
robot_86
    21.58228,      29.9189,            0,            0,            0,   0.09849026,     0.995138
robot_191
    1.902949,      33.5533,            0,            0,            0,    0.6880716,    0.7256428
robot_126
    25.96441,    -29.47913,            0,            0,            0,   -0.6105802,    0.7919544
robot_190
    1.905224,     6.064328,            0,            0,            0,    0.9822942,    0.1873449
robot_131
   -21.96763,    -5.848806,            0,            0,            0,    0.4972252,    0.8676215
robot_154
   -10.50933,    -5.917072,            0,            0,            0,    0.3273811,    0.9448924
robot_9
    5.793918,    -6.140973,            0,            0,            0,   -0.8450791,    0.5346414
robot_27
   -26.05861,    -28.57025,            0,            0,            0,    0.9559753,    0.2934472
robot_34
    36.57376,    -14.01502,            0,            0,            0,     0.899949,    0.4359953
robot_114
    17.52522,     -34.0338,            0,            0,            0,    0.9825431,    0.1860353
robot_51
   -26.06135,     14.81478,            0,            0,            0,   -0.7414871,    0.6709672
