tuw_multi_robot_msgs::RobotGoalsArray @1970-01-01T00:51:26.400000
frame_id: map
        3086,    400000000
robot_84
    17.86604,     37.78418,            0,            0,            0,    0.8676977,    0.4970922
robot_116
   -13.09115,     22.00453,            0,            0,            0,   -0.4489005,    0.8935817
robot_74
     12.3908,    -21.97883,            0,            0,            0,    0.9994023,   0.03456925
robot_41
    -20.5676,     9.989731,            0,            0,            0,    0.9186871,    0.3949861
robot_125
    1.823593,     29.93667,            0,            0,            0,    0.1930234,    0.9811942
robot_136
     -30.046,    -34.24838,            0,            0,            0,   -0.9546339,     0.297782
robot_173
    38.20284,     30.09549,            0,            0,            0,    0.9504648,    0.3108321
robot_67
    9.674951,     6.072745,            0,            0,            0,   -0.9262003,    0.3770319
robot_197
    21.85272,    -34.31325,            0,            0,            0,      0.98771,    0.1562979
robot_119
   -23.34184,     18.02757,            0,            0,            0,   -0.9719125,    0.2353426
robot_82
   -14.19794,    -18.05063,            0,            0,            0,   -0.2526795,      0.96755
robot_77
     33.5794,     38.04137,            0,            0,            0,    0.6646215,    0.7471802
robot_5
   -10.06339,    -6.898811,            0,            0,            0,    0.1722297,    0.9850568
robot_133
   -2.069428,     23.64711,            0,            0,            0,   -0.9360473,    0.3518741
robot_99
    5.990595,    -10.26275,            0,            0,            0,     -0.46986,    0.8827409
robot_171
   -39.28262,     22.02892,            0,            0,            0,   -0.9994905,   0.03191747
robot_180
   -11.59266,     5.995357,            0,            0,            0,   -0.6377746,    0.7702231
robot_56
    -26.0925,    -11.85387,            0,            0,            0,  -0.08904051,     0.996028
robot_3
   -16.96126,      5.98976,            0,            0,            0,    0.6433868,    0.7655413
robot_81
   -10.06486,    -32.76073,            0,            0,            0,  -0.06706719,    0.9977485
robot_167
     24.6973,     5.999768,            0,            0,            0,   -0.4023641,    0.9154797
robot_25
   -14.25519,     -14.1293,            0,            0,            0,   -0.3282422,    0.9445936
robot_168
   -1.658355,     18.00815,            0,            0,            0,     0.694824,    0.7191799
robot_96
   -26.57052,     9.970523,            0,            0,            0,   -0.3575005,     0.933913
robot_166
    5.916743,    -38.31405,            0,            0,            0,   -0.8398105,    0.5428797
robot_102
   -9.879128,     14.13209,            0,            0,            0,   -0.9107194,    0.4130257
robot_192
    -22.6024,     9.995917,            0,            0,            0,   -0.1936355,    0.9810735
robot_179
     22.0176,    -6.059608,            0,            0,            0,    0.9232317,    0.3842436
robot_142
    9.922637,    -25.21846,            0,            0,            0,   -0.9999128,   0.01320323
robot_1
    7.999387,     9.977233,            0,            0,            0,   -0.2186507,    0.9758032
robot_44
    18.56129,    -37.99086,            0,            0,            0,    0.4977487,    0.8673213
robot_163
   -38.24483,     30.14161,            0,            0,            0,    0.2505831,    0.9680951
robot_79
    13.52661,     -5.97087,            0,            0,            0,    0.6836932,    0.7297695
robot_8
    6.032444,      37.9371,            0,            0,            0,  -0.02163139,     0.999766
robot_20
    -34.7795,     33.97589,            0,            0,            0,  0.008890341,    0.9999605
robot_143
    29.07988,     9.977161,            0,            0,            0,     0.994338,     0.106264
robot_138
    17.18401,     6.027651,            0,            0,            0,   -0.9286672,     0.370914
robot_123
    -8.84727,     33.99676,            0,            0,            0,   -0.1820884,    0.9832822
robot_193
    29.69189,    -5.915876,            0,            0,            0,   -0.5492109,    0.8356838
robot_187
    10.01158,    -33.76213,            0,            0,            0,    0.9082462,    0.4184362
robot_176
    27.43482,     38.00284,            0,            0,            0,    0.5793266,    0.8150955
robot_66
    21.90167,     20.45729,            0,            0,            0,    0.7161195,    0.6979777
robot_63
    17.91707,     -7.21819,            0,            0,            0,   -0.7605661,    0.6492605
robot_31
    9.938676,     19.28767,            0,            0,            0,  -0.03878869,    0.9992474
robot_159
     24.6105,     34.03116,            0,            0,            0,    0.6553981,    0.7552836
robot_160
   -30.05189,    0.9701929,            0,            0,            0,   -0.7432006,    0.6690687
robot_151
   -34.16797,     25.95611,            0,            0,            0,    0.4602063,     0.887812
robot_150
   -22.68967,    -38.02301,            0,            0,            0,    0.2843834,    0.9587106
robot_137
    29.95874,     37.79103,            0,            0,            0,    0.7291815,    0.6843203
robot_199
    21.93422,     31.88409,            0,            0,            0,    0.2649308,    0.9642674
robot_54
    29.96476,     -12.3114,            0,            0,            0,   -0.5228883,    0.8524012
robot_117
   -34.08544,     10.13244,            0,            0,            0,  0.009426997,    0.9999556
robot_36
   -29.66871,    -38.08271,            0,            0,            0,    0.3978014,    0.9174715
robot_33
    13.82811,    -2.181361,            0,            0,            0,    0.5875959,    0.8091546
robot_146
    33.90562,    -12.38308,            0,            0,            0,   -0.5562772,    0.8309968
robot_156
    37.92516,     28.05005,            0,            0,            0,    0.2105059,    0.9775926
robot_112
   -37.97256,    -21.98159,            0,            0,            0,    -0.988082,    0.1539284
robot_19
    5.949032,    -12.89141,            0,            0,            0,   -0.9987708,   0.04956659
robot_141
    13.95474,    -33.64288,            0,            0,            0,     0.954736,    0.2974544
robot_35
    33.93411,     5.197261,            0,            0,            0,     0.855293,    0.5181447
