tuw_multi_robot_msgs::RobotGoalsArray @1970-01-01T01:31:35.100000
frame_id: map
        5495,    100000000
robot_84
   -38.07943,     27.03573,            0,            0,            0,   -0.6235457,    0.7817869
robot_116
    37.88644,     22.05076,            0,            0,            0,  -0.06188406,    0.9980833
robot_74
   -5.959514,      13.9765,            0,            0,            0,    0.9811566,    0.1932141
robot_41
    -30.2578,     2.071951,            0,            0,            0,   -0.4206398,    0.9072277
robot_125
    18.42105,     -5.96914,            0,            0,            0,    0.7254008,    0.6883268
robot_136
      22.109,    -1.948043,            0,            0,            0,   -0.6284662,    0.7778369
robot_173
    9.957148,    -4.508184,            0,            0,            0,   -0.9569109,    0.2903818
robot_67
   -17.94531,    -13.79907,            0,            0,            0,   -0.3208708,     0.947123
robot_197
    13.96256,      27.4639,            0,            0,            0,   -0.7388175,    0.6739056
robot_119
    4.372967,    -5.998371,            0,            0,            0,   -0.5095622,    0.8604338
robot_82
   -30.15571,     37.79179,            0,            0,            0,   -0.9392696,    0.3431801
robot_77
    5.926089,    -7.251147,            0,            0,            0,    0.3208552,    0.9471283
robot_5
   -26.07394,     -36.7557,            0,            0,            0,   0.06466096,    0.9979073
robot_133
   -5.975787,    -34.14686,            0,            0,            0,   -0.8649021,    0.5019406
robot_99
    29.84685,    -30.08654,            0,            0,            0,   -0.8392728,    0.5437105
robot_171
    13.92777,    -26.97636,            0,            0,            0,    0.4397688,     0.898111
robot_180
   -25.78696,     14.06051,            0,            0,            0,   -0.7111789,    0.7030111
robot_56
   -13.76508,     25.93056,            0,            0,            0,    0.7708754,    0.6369859
robot_3
   -21.87129,     21.91156,            0,            0,            0,    0.2914981,    0.9565714
robot_81
   -30.95993,    -30.02727,            0,            0,            0,   -0.7806334,    0.6249892
robot_167
   -38.05537,    -17.09832,            0,            0,            0,    0.7684772,    0.6398772
robot_25
   -30.10847,    -1.727895,            0,            0,            0,   -0.8065478,    0.5911688
robot_168
    -23.0513,    -6.032421,            0,            0,            0,   -0.8327111,    0.5537078
robot_96
   -1.621466,     13.90031,            0,            0,            0,    0.8859095,    0.4638581
robot_166
     29.9008,    -6.381619,            0,            0,            0,    -0.934317,    0.3564432
robot_102
   -33.97951,     30.18303,            0,            0,            0,    0.1812842,    0.9834308
robot_192
   -30.03202,     5.938608,            0,            0,            0,    0.3971865,    0.9177379
robot_179
     17.6784,    -2.002543,            0,            0,            0,   -0.3764557,    0.9264346
robot_142
   -30.04257,     24.48682,            0,            0,            0,     0.902877,    0.4298991
robot_1
   -2.854006,    -22.00379,            0,            0,            0,   0.02492783,    0.9996893
robot_44
    1.347681,    -21.98879,            0,            0,            0,    0.3834337,    0.9235684
robot_163
   -1.825282,    -17.99699,            0,            0,            0,   -0.9950101,   0.09977396
robot_79
     9.76881,    -21.88009,            0,            0,            0,    0.5314204,    0.8471083
robot_8
   -13.00203,     6.003029,            0,            0,            0,   -0.6417895,    0.7668808
robot_20
    1.960439,     14.18615,            0,            0,            0,   -0.6849063,    0.7286312
robot_143
   -22.01181,    -14.19878,            0,            0,            0,    0.8608636,    0.5088358
robot_138
    21.93858,    -17.22602,            0,            0,            0,    0.2801181,    0.9599655
robot_123
   -13.98925,    -33.74009,            0,            0,            0,   -0.6547532,    0.7558428
robot_193
   -14.04003,     32.24418,            0,            0,            0,   -0.8240452,    0.5665241
robot_187
     33.9127,     -38.8059,            0,            0,            0,    0.7687619,    0.6395352
robot_176
    9.972077,     2.231055,            0,            0,            0,    0.9456864,    0.3250805
robot_66
    9.938667,     31.59668,            0,            0,            0,   -0.1959484,    0.9806142
robot_63
   -17.80118,    -38.06615,            0,            0,            0,    0.9805632,    0.1962036
robot_31
   -6.155478,     -30.0039,            0,            0,            0,   -0.4495619,    0.8932492
robot_159
    38.30736,    -6.045471,            0,            0,            0,   -0.9981296,   0.06113278
robot_160
   -8.188343,    -22.00611,            0,            0,            0,    0.1598919,    0.9871345
robot_151
   -18.16127,     37.70253,            0,            0,            0,      0.99984,   0.01788587
robot_150
    37.99134,     13.74564,            0,            0,            0,   -0.8665877,    0.4990247
robot_137
   -30.14469,    -6.257368,            0,            0,            0,    0.8742312,    0.4855099
robot_199
    33.34785,     37.97909,            0,            0,            0,   -0.4372792,    0.8993258
robot_54
   -14.05244,      -27.511,            0,            0,            0,    -0.973311,    0.2294903
robot_117
    -14.0064,     10.14617,            0,            0,            0,   -0.9769108,    0.2136475
robot_36
    -14.2497,    -1.897434,            0,            0,            0,    0.6828238,    0.7305831
robot_33
    22.02203,     21.98704,            0,            0,            0,   -0.3959346,    0.9182787
robot_146
   -9.342866,     9.994638,            0,            0,            0,    0.7785956,     0.627526
robot_156
    28.62235,     1.975561,            0,            0,            0,   -0.9067696,    0.4216265
robot_112
    26.05295,    -2.207111,            0,            0,            0,   -0.5022989,    0.8646941
robot_19
    1.942584,    -6.150412,            0,            0,            0,   -0.2138506,    0.9768664
robot_141
    1.325749,     17.99826,            0,            0,            0,    0.1402552,    0.9901154
robot_35
    30.32272,    -14.03304,            0,            0,            0,   0.08930189,    0.9960046
robot_184
   -22.09002,     23.86797,            0,            0,            0,    0.4680645,    0.8836943
robot_98
   -14.08932,    -20.08706,            0,            0,            0,    0.9264691,    0.3763707
robot_100
    22.03596,    -10.15911,            0,            0,            0,   -0.1496279,    0.9887424
robot_164
   -17.80407,     2.056882,            0,            0,            0,  -0.09054274,    0.9958926
robot_59
   -14.45546,    -14.06189,            0,            0,            0,     0.999803,   0.01984943
robot_144
   -6.085073,     4.591974,            0,            0,            0,    0.6969097,    0.7171589
robot_101
   -28.15468,     38.02331,            0,            0,            0,   -0.8372437,    0.5468299
robot_161
    13.86884,     21.85821,            0,            0,            0,    0.9728783,    0.2313176
robot_149
     25.9998,    -26.26822,            0,            0,            0,    0.9548762,     0.297004
robot_86
    18.06123,     34.14103,            0,            0,            0,   -0.9997237,   0.02350577
robot_191
    22.26389,     -29.9722,            0,            0,            0,    0.9992561,   0.03856544
robot_126
   -26.05114,    -8.070933,            0,            0,            0,    0.2567748,    0.9664713
robot_190
    31.85064,     10.00409,            0,            0,            0,   -0.9458413,    0.3246294
robot_131
   -17.69976,     6.021521,            0,            0,            0,   -0.9654132,    0.2607248
robot_154
    1.727848,     29.95625,            0,            0,            0,    -0.580212,    0.8144655
robot_9
    14.46059,    -34.03134,            0,            0,            0,   -0.9028033,    0.4300538
robot_27
    25.33967,     34.00907,            0,            0,            0,   -0.9952204,   0.09765378
robot_34
    -34.0844,    -14.80584,            0,            0,            0,    0.8782647,    0.4781749
robot_114
    32.14678,    -5.988529,            0,            0,            0,   -0.6465369,    0.7628827
robot_51
     10.1382,    -14.04118,            0,            0,            0,    0.6033375,     0.797486
robot_108
   -29.12043,    -17.99136,            0,            0,            0,    0.6303802,    0.7762866
robot_147
    21.94568,     12.98529,            0,            0,            0,   -0.9005713,    0.4347084
robot_183
    18.24185,    -29.94307,            0,            0,            0,    0.0396281,    0.9992145
robot_48
    -18.0383,    -22.50321,            0,            0,            0,    0.9840132,    0.1780957
robot_60
   -26.74675,    -33.98923,            0,            0,            0,    0.3062638,    0.9519467
robot_75
   -31.18397,    -13.96656,            0,            0,            0,    0.6158686,    0.7878488
robot_152
    26.10769,     26.06422,            0,            0,            0,   -0.6669053,    0.7451425
robot_26
    11.56753,      18.0015,            0,            0,            0,   -0.2937041,    0.9558964
robot_182
   -4.731358,    -26.02447,            0,            0,            0,    0.9988725,   0.04747415
robot_172
   -36.24642,    -14.00981,            0,            0,            0,   0.05090668,    0.9987034
robot_43
    22.50303,     -37.9909,            0,            0,            0,    0.6307988,    0.7759464
robot_170
   -22.55896,    -2.019402,            0,            0,            0,    -0.127977,    0.9917771
robot_177
   -24.23067,    -13.99028,            0,            0,            0,   -0.7000859,    0.7140586
robot_80
    10.63573,     5.967633,            0,            0,            0,   -0.9145802,    0.4044045
robot_16
    6.431172,     22.07156,            0,            0,            0,    0.4724925,    0.8813347
robot_13
   -19.52671,     -33.9684,            0,            0,            0,    0.9194341,     0.393244
robot_178
   -34.46906,      21.9779,            0,            0,            0,    -0.354662,    0.9349946
robot_88
    29.95435,    -10.75848,            0,            0,            0,  -0.05583418,    0.9984401
robot_194
    35.51985,    -34.00491,            0,            0,            0,    0.5835504,     0.812077
robot_29
    33.91458,    -25.72262,            0,            0,            0,    0.3911412,    0.9203307
robot_92
    13.55326,     13.95557,            0,            0,            0,     0.969554,    0.2448776
robot_87
   -10.09724,     6.164338,            0,            0,            0,   -0.5310186,    0.8473602
robot_68
    -10.4673,     -5.96446,            0,            0,            0,    0.7407676,    0.6717614
robot_22
    25.93692,     2.949913,            0,            0,            0,   -0.9573093,    0.2890656
robot_38
   -14.07141,    -22.14625,            0,            0,            0,   -0.6750687,    0.7377549
robot_2
   -25.86544,    -22.16271,            0,            0,            0,   -0.9974566,   0.07127656
robot_110
   -9.916395,     29.86994,            0,            0,            0,     0.991583,    0.1294725
robot_14
    -6.19537,    -37.93091,            0,            0,            0,   -0.5734815,    0.8192185
robot_181
     5.90848,    -27.92714,            0,            0,            0,   -0.6110367,    0.7916023
robot_61
    25.56727,    -34.06174,            0,            0,            0,    0.9709316,    0.2393571
robot_30
   -14.07307,    -36.09513,            0,            0,            0,    0.9543727,    0.2986181
robot_122
   -23.49814,     29.97571,            0,            0,            0,    0.8445216,    0.5355215
robot_132
   -30.08194,      30.2058,            0,            0,            0,  -0.06022037,    0.9981851
robot_45
   -2.989645,     34.02865,            0,            0,            0,    0.9267321,    0.3757229
robot_21
    1.687498,    -25.99549,            0,            0,            0,   -0.3764548,     0.926435
robot_39
   -2.087241,    -14.51304,            0,            0,            0,   -0.5868579,    0.8096899
robot_134
   -9.899909,    -37.82451,            0,            0,            0,    -0.473006,    0.8810592
robot_15
    37.86626,     9.826433,            0,            0,            0,     0.766214,    0.6425855
robot_145
   -34.07825,    -38.29818,            0,            0,            0,   -0.3185191,    0.9479164
robot_140
    10.20389,     10.06267,            0,            0,            0,    0.7482216,    0.6634489
robot_196
    26.84136,      17.9693,            0,            0,            0,   -0.6657377,    0.7461858
robot_188
   -30.03359,     34.62772,            0,            0,            0,   -0.9720845,     0.234631
robot_4
   -38.04714,    -8.604541,            0,            0,            0,   -0.2431019,    0.9700008
robot_155
   -15.35609,    -38.00353,            0,            0,            0,    0.8092657,    0.5874428
robot_135
   -6.151338,     38.26454,            0,            0,            0,   -0.2309952,    0.9729549
robot_93
   -6.093889,     35.19786,            0,            0,            0,   -0.1791917,    0.9838142
robot_111
    17.95034,     17.83802,            0,            0,            0,    0.8521487,    0.5232997
robot_0
    35.18149,    -5.998729,            0,            0,            0,   -0.9975314,   0.07022155
robot_49
   -29.97165,    -9.859104,            0,            0,            0,    0.4149558,    0.9098416
robot_113
    21.97042,    -13.96019,            0,            0,            0,    0.3364892,    0.9416873
