tuw_multi_robot_msgs::RobotGoalsArray @1970-01-01T01:47:10
frame_id: map
        6430,            0
robot_84
    10.16291,    -33.86384,            0,            0,            0,   -0.9978476,   0.06557575
robot_116
   -11.55028,     38.01143,            0,            0,            0,  0.006100777,    0.9999814
robot_74
    9.924429,     26.83538,            0,            0,            0,    0.9985461,   0.05390505
robot_41
   -2.078468,    -21.32115,            0,            0,            0,   -0.8280254,    0.5606905
robot_125
   -14.07452,     2.768192,            0,            0,            0,    0.9137544,    0.4062669
robot_136
    29.96284,     6.526618,            0,            0,            0,    0.4388145,    0.8985777
robot_173
   -6.279175,     29.93404,            0,            0,            0,   -0.7850206,    0.6194696
robot_67
    17.95415,    -15.80142,            0,            0,            0,    0.7875491,    0.6162519
robot_197
    22.09655,      29.8522,            0,            0,            0,    0.1168263,    0.9931524
robot_119
   -10.08431,    -19.10117,            0,            0,            0,   -0.4643823,    0.8856349
robot_82
     34.1225,     30.15894,            0,            0,            0,    0.9707387,    0.2401383
robot_77
    -1.53988,    -29.97411,            0,            0,            0,    0.7343724,    0.6787467
robot_5
   -25.58643,    -2.083275,            0,            0,            0,   -0.3856764,    0.9226341
robot_133
   -30.64059,    -25.96729,            0,            0,            0,    0.5137895,    0.8579163
robot_99
    26.00751,     33.93531,            0,            0,            0,    0.7261258,    0.6875619
robot_171
   -1.901896,    -33.95776,            0,            0,            0,   -0.5144629,    0.8575127
robot_180
    -13.8178,     21.92948,            0,            0,            0,    0.9270009,     0.375059
robot_56
    9.830864,     29.93716,            0,            0,            0,     0.414418,    0.9100866
robot_3
   -18.78524,     29.96747,            0,            0,            0,     0.979002,    0.2038509
robot_81
    33.56232,    -26.09974,            0,            0,            0,   -0.7441883,    0.6679699
