tuw_multi_robot_msgs::RobotGoalsArray @1970-01-01T01:40:04.100000
frame_id: map
        6004,    100000000
robot_84
    14.03247,     13.68562,            0,            0,            0,   -0.3178735,    0.9481331
robot_116
    17.95938,      16.0019,            0,            0,            0,    0.1181393,     0.992997
robot_74
    -6.21394,     34.10333,            0,            0,            0,   0.02029015,    0.9997941
robot_41
   -8.469119,     18.01505,            0,            0,            0,    0.8631406,    0.5049637
robot_125
    35.95254,     -29.9979,            0,            0,            0,    0.2953387,    0.9553926
robot_136
   -26.11102,    -26.14227,            0,            0,            0,   -0.4053382,    0.9141668
robot_173
   -38.02995,     26.00294,            0,            0,            0,     0.905761,    0.4237889
robot_67
    29.95833,    -25.13171,            0,            0,            0,    0.8949736,    0.4461191
robot_197
    5.923869,     17.95062,            0,            0,            0,   -0.4375643,    0.8991871
robot_119
    1.210938,     17.98753,            0,            0,            0,    0.7151056,    0.6990164
robot_82
     25.9105,    -10.72434,            0,            0,            0,    0.8731725,    0.4874113
robot_77
    9.588422,     34.09026,            0,            0,            0,   -0.8340899,    0.5516286
robot_5
   -22.77389,     26.02455,            0,            0,            0,   -0.9911528,    0.1327258
robot_133
   -15.26039,    -38.02354,            0,            0,            0,    0.6995234,    0.7146097
robot_99
   -21.18956,    -1.975386,            0,            0,            0,     -0.41982,    0.9076074
robot_171
   -26.09907,      4.39823,            0,            0,            0,   0.03101474,    0.9995189
robot_180
    -14.0405,    -15.40901,            0,            0,            0,   -0.8708014,    0.4916349
robot_56
   -18.27035,     37.83497,            0,            0,            0,   -0.6033728,    0.7974593
robot_3
   -18.09491,    -25.86676,            0,            0,            0,   -0.9999783,  0.006590216
robot_81
   -2.551818,    -30.09327,            0,            0,            0,    0.2152224,    0.9765651
robot_167
   -22.28409,      37.8965,            0,            0,            0,    -0.739763,    0.6728675
robot_25
    26.12152,      13.8609,            0,            0,            0,   -0.3495878,    0.9369036
robot_168
    24.69249,    -21.98615,            0,            0,            0,    0.9678246,     0.251626
robot_96
   -26.04651,     30.42417,            0,            0,            0,   -0.5496128,    0.8354195
robot_166
    14.14051,    -18.00757,            0,            0,            0,   -0.8894646,     0.457004
robot_102
   -21.99743,    -5.634754,            0,            0,            0,   -0.9757716,    0.2187918
robot_192
   -6.954193,     25.98654,            0,            0,            0,   -0.9992612,   0.03843198
robot_179
    2.228646,    -29.99653,            0,            0,            0,    0.2451164,    0.9694937
robot_142
    33.75571,      -6.1449,            0,            0,            0,    0.9868593,    0.1615821
robot_1
     33.9491,     8.711437,            0,            0,            0,   -0.3533692,    0.9354839
robot_44
   -26.04588,     19.21755,            0,            0,            0,     0.750964,    0.6603432
robot_163
    5.962413,     7.422522,            0,            0,            0,   -0.2133223,    0.9769819
robot_79
   0.6669339,      14.0189,            0,            0,            0,   -0.6608399,    0.7505269
robot_8
   -28.39906,     10.01925,            0,            0,            0,  -0.09031229,    0.9959135
robot_20
    21.82594,     22.14933,            0,            0,            0,   -0.5081201,    0.8612862
robot_143
    9.903854,    -25.59358,            0,            0,            0,   -0.2804719,    0.9598622
robot_138
    5.949902,    -31.76245,            0,            0,            0,    -0.640259,    0.7681591
robot_123
    38.01024,    -18.34921,            0,            0,            0,    0.7410818,    0.6714148
robot_193
   -30.53648,    -10.02197,            0,            0,            0,   -0.5593841,    0.8289086
robot_187
   -18.08327,     -1.33579,            0,            0,            0,   -0.3510656,    0.9363509
robot_176
    26.07168,     30.15505,            0,            0,            0,    0.7842721,    0.6204171
robot_66
    33.80332,     37.82846,            0,            0,            0,   -0.8973161,    0.4413885
robot_63
   -18.08616,    -4.539439,            0,            0,            0,    0.7718792,    0.6357692
robot_31
    9.653139,    -29.91477,            0,            0,            0,    0.8171023,    0.5764927
robot_159
    9.615775,    -1.983852,            0,            0,            0,   -0.8627355,    0.5056555
robot_160
    17.94051,     4.935136,            0,            0,            0,  -0.01241845,    0.9999229
robot_151
    17.93358,     -22.9894,            0,            0,            0,    0.9977869,   0.06649271
robot_150
    37.49065,    -14.01008,            0,            0,            0,   -0.8173255,    0.5761761
robot_137
     29.9627,     22.08929,            0,            0,            0,   -0.4043918,    0.9145858
robot_199
    34.12878,     34.08779,            0,            0,            0,   -0.8582214,    0.5132796
robot_54
   -36.31338,     21.99156,            0,            0,            0,   -0.7895317,    0.6137098
robot_117
    6.119331,    -17.96172,            0,            0,            0,    0.8199335,    0.5724588
robot_36
   -8.220798,    -33.98786,            0,            0,            0,    -0.456589,    0.8896777
robot_33
   -22.03447,     10.66874,            0,            0,            0,    0.7833759,    0.6215482
robot_146
    19.88034,    -10.01111,            0,            0,            0,    0.0706589,    0.9975005
robot_156
    34.10515,     26.08663,            0,            0,            0,    -0.334135,    0.9425252
robot_112
    9.476212,     25.90771,            0,            0,            0,    0.9464036,    0.3229864
robot_19
    -34.0885,     27.07117,            0,            0,            0,     0.305794,    0.9520977
robot_141
   -23.98715,    -18.01623,            0,            0,            0,    0.9303102,    0.3667737
robot_35
    3.451247,    -13.97191,            0,            0,            0,   -0.3980601,    0.9173593
robot_184
    33.99979,     17.85193,            0,            0,            0,    0.3858369,     0.922567
robot_98
    27.13983,     21.99363,            0,            0,            0,   -0.6856806,    0.7279025
robot_100
    37.92621,     33.84138,            0,            0,            0,      0.17792,     0.984045
robot_164
    29.69243,       6.0011,            0,            0,            0,   -0.9959983,   0.08937265
robot_59
   -14.09762,    -22.73512,            0,            0,            0,   -0.8859059,    0.4638649
robot_144
   -21.97234,    -25.65972,            0,            0,            0,  -0.08515965,    0.9963673
robot_101
    0.335427,     34.00678,            0,            0,            0,    0.1319859,    0.9912516
robot_161
    13.93544,     27.87906,            0,            0,            0,    0.9816563,     0.190659
robot_149
    29.96632,    -20.74736,            0,            0,            0,   -0.5089118,    0.8608187
robot_86
     9.28361,     29.98546,            0,            0,            0,    0.8238442,    0.5668163
robot_191
    12.71315,     38.00278,            0,            0,            0,   -0.6152855,    0.7883044
robot_126
    32.67722,    -2.030925,            0,            0,            0,    0.9531863,    0.3023837
robot_190
    21.92521,     38.39881,            0,            0,            0,   -0.9639581,    0.2660541
robot_131
   -33.68437,    -6.005222,            0,            0,            0,  -0.08064336,     0.996743
robot_154
    17.53098,     25.90274,            0,            0,            0,   -0.9462185,    0.3235283
robot_9
    0.134087,    -5.974834,            0,            0,            0,    0.8061836,    0.5916655
robot_27
   -18.01619,    -22.16899,            0,            0,            0,   -0.1294933,    0.9915803
robot_34
   -34.03793,    -13.73921,            0,            0,            0,   -0.8825426,    0.4702324
robot_114
    29.50004,    -1.979854,            0,            0,            0,     0.295449,    0.9553585
robot_51
   -14.04772,     29.27443,            0,            0,            0,   0.08245946,    0.9965944
robot_108
    13.99756,    -14.15282,            0,            0,            0,    0.7260709,    0.6876199
robot_147
    33.91346,    -12.50443,            0,            0,            0,    0.7946931,    0.6070114
robot_183
   -2.076879,     16.24242,            0,            0,            0,    0.9121338,    0.4098926
robot_48
   -38.51813,    -13.91052,            0,            0,            0,    0.6785607,    0.7345443
robot_60
    25.95057,    -16.77885,            0,            0,            0,   -0.4552987,    0.8903388
robot_75
    33.92947,     -28.9982,            0,            0,            0,    0.8536659,     0.520821
robot_152
   -10.04861,    -35.01673,            0,            0,            0,    0.8968076,    0.4424208
robot_26
    -14.0647,     8.608135,            0,            0,            0,    0.5445976,    0.8386975
robot_182
    25.13813,    -38.02209,            0,            0,            0,    -0.980643,    0.1958045
robot_172
   -9.905883,     22.18517,            0,            0,            0,   -0.7663492,    0.6424242
robot_43
    18.37406,    -33.94143,            0,            0,            0,    0.5204081,    0.8539177
robot_170
    29.81899,    -10.07191,            0,            0,            0,     0.250095,    0.9682213
robot_177
    9.952804,     2.299339,            0,            0,            0,   -0.3272909,    0.9449236
robot_80
    9.964254,    -5.298093,            0,            0,            0,    0.2064778,    0.9784513
robot_16
   -30.09841,    -28.42535,            0,            0,            0,    0.8904269,    0.4551262
robot_13
   -22.07885,     35.37177,            0,            0,            0,   0.02073993,    0.9997849
robot_178
    11.55019,    -33.97612,            0,            0,            0,    0.5515879,    0.8341168
robot_88
   -29.99005,     5.835261,            0,            0,            0,   -0.5933384,    0.8049532
robot_194
    1.782907,    -10.01129,            0,            0,            0,  -0.09964816,    0.9950227
robot_29
   -26.24947,     9.949303,            0,            0,            0,    0.7756399,    0.6311757
robot_92
   -36.49563,     29.99389,            0,            0,            0,   -0.9561436,    0.2928982
robot_87
   -6.156212,      -34.178,            0,            0,            0,   -0.9947797,    0.1020454
robot_68
   -34.77291,    -25.96684,            0,            0,            0,   -0.2293607,    0.9733415
robot_22
    7.604007,    -34.02645,            0,            0,            0,    0.9147172,    0.4040947
robot_38
    1.943747,     21.71074,            0,            0,            0,    -0.944276,    0.3291547
robot_2
    10.17748,    -9.975432,            0,            0,            0,    0.1469754,    0.9891402
robot_110
   -18.05079,     -12.0729,            0,            0,            0,   -0.3384262,    0.9409929
robot_14
   -6.792807,     13.99951,            0,            0,            0,    0.5941772,    0.8043342
robot_181
   -26.21843,    -13.81706,            0,            0,            0,    -0.994056,    0.1088698
robot_61
   -9.647467,    -5.995422,            0,            0,            0,    0.2363867,    0.9716591
robot_30
   -18.50366,     6.000234,            0,            0,            0,   -0.9815895,    0.1910026
robot_122
   -6.644775,    -38.01589,            0,            0,            0,   0.08042394,    0.9967607
robot_132
   -20.66332,    -13.96661,            0,            0,            0,    0.9999632,  0.008582977
robot_45
   -6.745808,    -10.00585,            0,            0,            0,   -0.3406765,    0.9401806
robot_21
   -2.096103,     24.40815,            0,            0,            0,   -0.5953409,    0.8034732
robot_39
   -18.07423,     13.32102,            0,            0,            0,   -0.1489306,    0.9888476
robot_134
    16.18293,     22.00507,            0,            0,            0,   -0.7707561,    0.6371304
robot_15
    21.18193,     25.98007,            0,            0,            0,    0.6176083,    0.7864859
robot_145
    5.921363,     4.551862,            0,            0,            0,     -0.80172,    0.5976998
robot_140
    28.63877,    -29.98405,            0,            0,            0,    0.1408511,    0.9900308
robot_196
    26.40196,    -29.93943,            0,            0,            0,    0.9788134,    0.2047544
robot_188
    27.28722,     1.969213,            0,            0,            0,    -0.822235,    0.5691482
robot_4
    1.907942,     16.08521,            0,            0,            0,   -0.6831266,       0.7303
robot_155
   -34.04562,    -22.97351,            0,            0,            0,   -0.5046987,    0.8632956
robot_135
    6.009389,     9.968477,            0,            0,            0,    -0.811339,    0.5845759
robot_93
   -13.21033,     33.98182,            0,            0,            0,    0.7846129,     0.619986
robot_111
    6.014066,     25.70585,            0,            0,            0,   -0.6482394,    0.7614366
robot_0
   -22.09912,     13.46789,            0,            0,            0,    0.9686601,    0.2483899
robot_49
   -34.04598,     7.388055,            0,            0,            0,   -0.4401046,    0.8979465
robot_113
   -22.09828,     22.94793,            0,            0,            0,   -0.9578843,    0.2871545
robot_94
   -30.05919,     12.50136,            0,            0,            0,   -0.9889425,    0.1482995
robot_40
    5.568071,    -33.93096,            0,            0,            0,   -0.9812809,     0.192582
robot_103
   -26.02665,    -5.855476,            0,            0,            0,   -0.7921689,    0.6103019
robot_6
   -30.18717,      38.0199,            0,            0,            0,    0.4004072,    0.9163373
robot_71
   -30.04715,     34.33878,            0,            0,            0,   -0.9439074,    0.3302103
robot_17
    24.27389,     2.003933,            0,            0,            0,   -0.1252602,    0.9921239
robot_120
    -38.2687,    -33.97093,            0,            0,            0,   -0.3708537,    0.9286913
robot_189
   -14.37739,    -17.92583,            0,            0,            0,    0.4291403,    0.9032378
robot_148
    17.85503,     38.03012,            0,            0,            0,   -0.5722232,    0.8200979
robot_186
   -6.096734,    -27.46149,            0,            0,            0,   -0.5939939,    0.8044695
robot_198
   -5.590289,     22.02652,            0,            0,            0,    0.3374235,     0.941353
robot_107
   -22.06942,    -22.40878,            0,            0,            0,    0.9882186,     0.153049
robot_18
    -38.0671,      14.8114,            0,            0,            0,    0.9996089,   0.02796349
robot_23
   -18.03064,    -37.89877,            0,            0,            0,    -0.952698,    0.3039187
robot_46
   -5.951841,    -17.92443,            0,            0,            0,    0.9927669,     0.120058
robot_109
   -29.53911,     2.015035,            0,            0,            0,   -0.7793555,     0.626582
robot_10
    9.966832,     13.55156,            0,            0,            0,   -0.9315155,    0.3637016
robot_157
    17.48319,     9.927527,            0,            0,            0,   -0.9393617,     0.342928
robot_70
    17.01304,    -18.00567,            0,            0,            0,    0.9763825,    0.2160493
robot_55
   -6.095004,     2.575849,            0,            0,            0,   -0.9739749,    0.2266558
robot_73
    22.64927,     14.00307,            0,            0,            0,   -0.7280101,    0.6855664
robot_69
    30.16874,     29.96982,            0,            0,            0,   -0.9981106,   0.06144369
robot_65
   -30.10267,     26.24015,            0,            0,            0,   -0.1616962,    0.9868406
robot_124
   -10.07663,     29.57272,            0,            0,            0,   -0.1373817,    0.9905182
robot_115
    26.28069,     6.010414,            0,            0,            0,    0.7888037,    0.6146451
robot_130
   -26.08149,    -1.150282,            0,            0,            0,    0.9303767,     0.366605
robot_85
   -6.050409,    -1.210241,            0,            0,            0,   -0.4437535,    0.8961489
robot_91
    5.962064,     21.85577,            0,            0,            0,    0.4770302,    0.8788869
robot_47
   -14.36009,     17.99945,            0,            0,            0,   -0.7449703,    0.6670976
robot_52
   -38.13304,    -10.17354,            0,            0,            0,   -0.4177494,    0.9085623
robot_195
    10.22741,    -14.05857,            0,            0,            0,     0.596962,    0.8022695
robot_72
   -38.06528,    -7.303018,            0,            0,            0,   -0.9284525,    0.3714512
robot_158
   -26.11626,     -17.7204,            0,            0,            0,    0.9736185,    0.2281821
robot_153
   -17.60774,    -10.09097,            0,            0,            0,   -0.2660715,    0.9639533
robot_105
   -31.39983,    -5.971673,            0,            0,            0,   -0.9969942,   0.07747655
robot_162
    15.90894,    -29.99165,            0,            0,            0,   -0.9688085,    0.2478106
robot_97
    33.95561,    -34.19198,            0,            0,            0,     -0.87007,    0.4929282
robot_90
    1.950211,     6.475552,            0,            0,            0,   -0.6454458,     0.763806
robot_165
    19.67217,    -6.015002,            0,            0,            0,    -0.965132,    0.2617638
robot_42
   -22.21027,     1.935303,            0,            0,            0,    0.7402846,    0.6722936
robot_7
    38.16667,    -10.09234,            0,            0,            0,    0.6071525,    0.7945854
robot_28
   -18.23453,     1.997315,            0,            0,            0,    0.8148576,    0.5796613
robot_118
   -2.256221,     -17.8804,            0,            0,            0,   -0.9241889,    0.3819357
robot_139
   -13.50339,     25.96877,            0,            0,            0,   -0.7894877,    0.6137664
robot_129
    13.90839,    -3.602628,            0,            0,            0,    -0.128574,    0.9916999
robot_57
    -35.2947,     33.99112,            0,            0,            0,    0.5933532,    0.8049422
robot_24
       17.91,    -29.17992,            0,            0,            0,    0.9205218,    0.3906911
robot_106
   -14.34035,     21.98228,            0,            0,            0,   -0.7381382,    0.6746495
robot_185
    26.45331,    -26.00216,            0,            0,            0,   -0.4307174,    0.9024869
robot_174
    36.65008,     22.01847,            0,            0,            0,    0.9952892,   0.09695079
robot_58
   -17.92094,     21.81284,            0,            0,            0,    0.4901193,    0.8716554
robot_12
    1.832635,     -26.0881,            0,            0,            0,    0.4240455,    0.9056409
robot_95
   -28.66187,    -34.00172,            0,            0,            0,   -0.3644563,    0.9312205
robot_78
    5.527055,    -26.03623,            0,            0,            0,     0.936843,    0.3497503
robot_62
   -36.23111,    -10.03188,            0,            0,            0,    0.3947879,    0.9187723
robot_121
   -10.03775,     4.003746,            0,            0,            0,   -0.5129412,    0.8584238
robot_83
    9.946502,    -38.18365,            0,            0,            0,   -0.8665398,     0.499108
robot_127
    2.059785,     9.874322,            0,            0,            0,   -0.2604888,    0.9654769
robot_128
    26.11909,    -2.012135,            0,            0,            0,    0.9855899,    0.1691526
robot_32
   -14.04201,    -25.87248,            0,            0,            0,   -0.2035758,    0.9790592
robot_89
     37.7798,     6.013049,            0,            0,            0,   -0.6047202,     0.796438
robot_11
   -22.11229,    -38.30611,            0,            0,            0,    0.3528096,    0.9356951
robot_37
    38.98837,    -29.97918,            0,            0,            0,    0.7403029,    0.6722734
robot_175
    17.94344,    -8.331557,            0,            0,            0,   -0.8787259,    0.4773266
robot_50
   -6.213654,      6.15327,            0,            0,            0,    0.9224307,    0.3861626
robot_64
   -32.17513,     18.03325,            0,            0,            0,    0.9892362,    0.1463276
robot_76
   -24.33195,    -2.017353,            0,            0,            0,    0.9050806,    0.4252401
robot_104
    22.77494,    -38.03133,            0,            0,            0,   -0.3367989,    0.9415766
robot_169
    30.82767,    -5.994499,            0,            0,            0,   -0.7963789,     0.604798
robot_53
   -33.83626,    -10.01919,            0,            0,            0,    0.9999319,   0.01166696
