tuw_multi_robot_msgs::RobotGoalsArray @1970-01-01T01:03:06.100000
frame_id: map
        3786,    100000000
robot_84
    5.923348,     37.69903,            0,            0,            0,    -0.537065,    0.8435409
robot_116
    25.95364,      5.78359,            0,            0,            0,    0.1303925,    0.9914625
robot_74
    16.78021,    -29.96703,            0,            0,            0,   -0.9683828,     0.249469
robot_41
   -18.03647,     6.633583,            0,            0,            0,   -0.8749063,    0.4842922
robot_125
    -1.07129,     29.96889,            0,            0,            0,    0.8447513,     0.535159
robot_136
     5.96312,    -23.68993,            0,            0,            0,  -0.08481267,    0.9963969
robot_173
   -1.392728,    -10.02234,            0,            0,            0,  -0.08299744,    0.9965498
robot_67
   -14.06345,     -37.5232,            0,            0,            0,   -0.7570114,    0.6534016
robot_197
   -34.05653,     39.22722,            0,            0,            0,   -0.2468755,    0.9690472
robot_119
   -37.94859,     6.002333,            0,            0,            0,    0.8781842,    0.4783226
