tuw_multi_robot_msgs::RobotGoalsArray @1970-01-01T01:25:07.600000
frame_id: map
        5107,    600000000
robot_84
    2.137146,    -17.95251,            0,            0,            0,    0.7692851,    0.6389056
robot_116
     17.9588,     4.817995,            0,            0,            0,   -0.9635036,    0.2676955
robot_74
   -26.10782,     38.08037,            0,            0,            0,    0.8062931,    0.5915162
robot_41
    33.93852,     16.18462,            0,            0,            0,   -0.2817398,    0.9594909
robot_125
   -5.678898,     13.96628,            0,            0,            0,    0.8757455,     0.482773
robot_136
    -9.58404,     9.941975,            0,            0,            0,    0.7153679,     0.698748
robot_173
    9.896123,     17.67615,            0,            0,            0,   -0.9567118,     0.291037
robot_67
     -33.991,     18.34472,            0,            0,            0,    0.5673586,    0.8234709
robot_197
   -29.98829,    -13.88406,            0,            0,            0,    0.9929859,    0.1182331
robot_119
   -14.05263,     26.27477,            0,            0,            0,    0.1127285,    0.9936258
robot_82
    29.95466,     18.16536,            0,            0,            0,   0.01654256,    0.9998632
robot_77
    24.00654,     2.000494,            0,            0,            0,   -0.8840714,    0.4673519
robot_5
   -6.893511,     22.00115,            0,            0,            0,    0.7608672,    0.6489077
robot_133
   -7.026219,     17.97751,            0,            0,            0,    0.9987222,   0.05053641
robot_99
   -37.96012,    -26.01223,            0,            0,            0,      0.91455,    0.4044728
robot_171
   -17.89797,    -10.01304,            0,            0,            0,   -0.4099267,    0.9121185
robot_180
   -28.43485,     25.99049,            0,            0,            0,   -0.5162127,    0.8564604
robot_56
    9.022468,     30.00385,            0,            0,            0,   -0.8908834,    0.4542322
robot_3
    25.90315,    -24.61516,            0,            0,            0,    0.9366714,    0.3502096
robot_81
   -10.30738,     5.999323,            0,            0,            0,    0.3972037,    0.9177305
robot_167
   -34.24478,    -34.05901,            0,            0,            0,   0.08504373,    0.9963772
robot_25
   -18.09315,    -8.044783,            0,            0,            0,   -0.6688506,    0.7433969
robot_168
   0.1036558,     6.000567,            0,            0,            0,    0.8246855,    0.5655915
robot_96
   -18.55814,     13.91804,            0,            0,            0,    0.3602076,    0.9328722
robot_166
    21.95318,     5.598771,            0,            0,            0,    0.6148562,    0.7886392
robot_102
    9.839854,    -21.71617,            0,            0,            0,    -0.667332,    0.7447604
robot_192
    -34.0556,     8.733598,            0,            0,            0,   -0.1806835,    0.9835413
robot_179
   -30.07074,     16.03428,            0,            0,            0,    0.7824317,    0.6227364
robot_142
     22.0151,    -13.79696,            0,            0,            0,    -0.999938,   0.01113859
robot_1
    -10.0611,    -18.26662,            0,            0,            0,   -0.5122973,    0.8588082
robot_44
   -14.45078,     10.04686,            0,            0,            0,    -0.998284,   0.05855884
robot_163
   -14.04316,     38.74473,            0,            0,            0,    0.9946631,    0.1031763
robot_79
    17.92448,    -3.747904,            0,            0,            0,     0.996868,   0.07908319
robot_8
   -34.03901,     27.96336,            0,            0,            0,     0.707981,    0.7062314
robot_20
   -10.15639,      25.9239,            0,            0,            0,    0.5957192,    0.8031928
robot_143
   -18.03606,    -27.19852,            0,            0,            0,   -0.1399735,    0.9901553
robot_138
   -30.42251,    -29.93184,            0,            0,            0,   -0.6733087,    0.7393615
robot_123
    30.07518,    -34.13737,            0,            0,            0,   -0.9545185,    0.2981517
robot_193
   -38.72998,     25.98971,            0,            0,            0,    0.4611569,    0.8873186
robot_187
    5.958274,     23.02773,            0,            0,            0,   -0.5842615,    0.8115654
robot_176
    5.944493,     -30.7503,            0,            0,            0,   -0.9729591,    0.2309776
robot_66
    31.48625,     -21.9958,            0,            0,            0,   -0.9949557,    0.1003154
robot_63
   -39.67147,     22.00333,            0,            0,            0,    0.3095216,    0.9508924
robot_31
   -22.34179,     -22.0282,            0,            0,            0,    0.7223428,    0.6915351
robot_159
    20.72411,     25.99173,            0,            0,            0,   -0.9667649,    0.2556671
robot_160
   -29.91131,    -18.08911,            0,            0,            0,    0.6217822,    0.7831902
robot_151
   -19.42818,    -21.99406,            0,            0,            0,   -0.8109999,    0.5850462
robot_150
    38.02764,     -22.1712,            0,            0,            0,    0.5022779,    0.8647063
robot_137
   -6.030309,    -6.120683,            0,            0,            0,    0.9727706,      0.23177
robot_199
    -10.5282,    -34.07614,            0,            0,            0,   -0.3181252,    0.9480487
robot_54
    -17.7569,    -1.942309,            0,            0,            0,  -0.03619655,    0.9993447
robot_117
   -1.936794,    -29.95549,            0,            0,            0,   -0.9991479,   0.04127224
robot_36
    33.28747,    -14.02382,            0,            0,            0,  -0.01251374,    0.9999217
robot_33
    24.08917,     34.00415,            0,            0,            0,    0.8152998,     0.579039
robot_146
   -23.83935,    -25.99377,            0,            0,            0,   -0.8617762,    0.5072887
robot_156
    29.76832,    -1.897617,            0,            0,            0,    0.8593428,    0.5114001
robot_112
    14.02245,     38.18727,            0,            0,            0,    0.9850952,    0.1720098
robot_19
    30.03447,    -14.11385,            0,            0,            0,   -0.9820456,    0.1886434
robot_141
    12.99329,      14.0156,            0,            0,            0,   -0.9993028,   0.03733453
robot_35
    13.93832,    -39.14237,            0,            0,            0,     0.012298,    0.9999244
robot_184
   -29.98915,    -1.979094,            0,            0,            0,    0.5038434,     0.863795
robot_98
     29.6099,     2.096188,            0,            0,            0,    0.5866729,     0.809824
robot_100
    25.95186,    -12.08682,            0,            0,            0,    0.9977632,   0.06684778
robot_164
    32.52974,    -6.009776,            0,            0,            0,    0.3187055,    0.9478538
robot_59
     11.5079,    -17.98203,            0,            0,            0,   -0.9630425,    0.2693494
robot_144
    21.94278,    -31.55175,            0,            0,            0,    0.2516126,     0.967828
robot_101
   -22.04329,     12.34405,            0,            0,            0,    0.3279292,    0.9447023
robot_161
   -10.02973,      18.1402,            0,            0,            0,    0.8959782,    0.4440981
robot_149
    9.950263,     -11.2883,            0,            0,            0,   -0.5305081,    0.8476799
robot_86
   -37.56517,     -10.0084,            0,            0,            0,   -0.8120971,    0.5835224
robot_191
   -22.23595,      37.9975,            0,            0,            0,    0.7466342,    0.6652348
robot_126
    -3.64085,    -18.01116,            0,            0,            0,    0.8109976,    0.5850495
robot_190
    17.95018,    -31.39379,            0,            0,            0,    0.4250961,    0.9051482
robot_131
   -22.05108,     27.65215,            0,            0,            0,   -0.9916004,    0.1293394
robot_154
    21.96413,     35.78216,            0,            0,            0,    -0.872417,    0.4887623
robot_9
    25.95616,    0.5142764,            0,            0,            0,    -0.941635,    0.3366355
robot_27
    37.84166,     9.829242,            0,            0,            0,    0.4282658,    0.9036528
robot_34
    13.86047,    -14.35432,            0,            0,            0,    -0.263423,    0.9646804
robot_114
   -6.140268,     6.278397,            0,            0,            0,    0.9344177,     0.356179
robot_51
    37.96408,     12.08997,            0,            0,            0,   -0.9505434,    0.3105919
robot_108
   -2.811597,     14.01801,            0,            0,            0,    0.9129209,    0.4081366
robot_147
   -7.629828,     29.97331,            0,            0,            0,    -0.902169,    0.4313827
robot_183
    29.92345,     -36.1722,            0,            0,            0,   -0.8822753,    0.4707337
robot_48
    3.082961,     17.97643,            0,            0,            0,   -0.5523266,    0.8336278
robot_60
   -35.44892,    -22.02945,            0,            0,            0,   -0.9993535,   0.03595292
robot_75
    -14.0688,    -14.80577,            0,            0,            0,    -0.999793,   0.02034595
robot_152
    9.922818,     14.88951,            0,            0,            0,    0.9916379,    0.1290517
robot_26
    37.91111,     14.78304,            0,            0,            0,   -0.3499176,    0.9367805
robot_182
    14.30209,     22.01111,            0,            0,            0,    -0.971976,    0.2350801
robot_172
    9.943194,     38.57475,            0,            0,            0,    0.8904961,    0.4549908
robot_43
   -33.86221,    -10.00978,            0,            0,            0,   -0.5825258,    0.8128122
robot_170
   -17.96686,     33.84516,            0,            0,            0,    0.9743681,    0.2249598
robot_177
   -20.61995,     -29.9702,            0,            0,            0,   -0.4479377,    0.8940648
robot_80
    23.10467,     38.00943,            0,            0,            0,     0.960248,    0.2791485
robot_16
    9.658819,     22.04198,            0,            0,            0,    0.7217497,    0.6921542
robot_13
    -12.9669,    -18.03174,            0,            0,            0,   -0.2295565,    0.9732953
robot_178
   -22.07196,    -24.35236,            0,            0,            0,    0.9957262,   0.09235388
robot_88
    1.963104,     30.66495,            0,            0,            0,   -0.6814427,    0.7318715
robot_194
    30.05443,     34.14336,            0,            0,            0,   -0.8567624,    0.5157113
robot_29
   -33.94765,     34.10771,            0,            0,            0,    0.7328268,    0.6804153
robot_92
    37.96604,     7.199751,            0,            0,            0,    0.9926658,    0.1208906
robot_87
   -2.025777,    -6.070151,            0,            0,            0,    0.7303944,    0.6830257
robot_68
    -18.0827,     24.11935,            0,            0,            0,    -0.891796,    0.4524377
robot_22
   -9.808343,     30.09041,            0,            0,            0,    0.6808674,    0.7324067
robot_38
    29.95061,    -10.11057,            0,            0,            0,   -0.8942942,    0.4474795
robot_2
    24.87982,    -30.00359,            0,            0,            0,   -0.2424161,    0.9701724
robot_110
   -19.85767,     29.98941,            0,            0,            0,    0.7742258,    0.6329094
robot_14
   -32.32016,    -13.97196,            0,            0,            0,     0.194399,    0.9809225
robot_181
   -33.69255,    -1.935191,            0,            0,            0,    0.6837666,    0.7297008
robot_61
    29.51215,     -5.91205,            0,            0,            0,    -0.412173,    0.9111056
