tuw_multi_robot_msgs::RobotGoalsArray @1970-01-01T01:15:43.500000
frame_id: map
        4543,    500000000
robot_84
    13.93986,     32.29956,            0,            0,            0,   -0.3731259,    0.9277807
robot_116
   -5.984634,    -29.99318,            0,            0,            0,   -0.6541856,     0.756334
robot_74
    9.960105,     9.125676,            0,            0,            0,    0.8160391,    0.5779967
robot_41
   -26.07606,    -1.356615,            0,            0,            0,    0.6300244,    0.7765754
robot_125
   -30.07189,    -26.60938,            0,            0,            0,   -0.9909626,    0.1341387
robot_136
    1.935999,    -20.45167,            0,            0,            0,   -0.8265357,    0.5628843
robot_173
    5.581603,     5.910959,            0,            0,            0,   -0.2321937,    0.9726696
robot_67
   -18.25643,     1.972502,            0,            0,            0,     0.701598,     0.712573
robot_197
    37.91114,     19.40463,            0,            0,            0,   -0.5895924,    0.8077009
robot_119
   -30.09368,     23.32483,            0,            0,            0,    -0.563674,    0.8259973
robot_82
    2.452022,     22.00697,            0,            0,            0,   -0.5855157,     0.810661
robot_77
   -20.83163,     14.00509,            0,            0,            0,    0.6326228,      0.77446
robot_5
   -30.18551,    -22.05208,            0,            0,            0,    0.5635433,    0.8260865
robot_133
    -21.8464,     21.90128,            0,            0,            0,    -0.207769,    0.9781779
robot_99
     30.8258,    -17.97219,            0,            0,            0,    0.7948871,    0.6067573
robot_171
   -18.56478,     30.08541,            0,            0,            0,   0.02572642,     0.999669
robot_180
    -22.0457,    -24.64697,            0,            0,            0,    0.9768048,    0.2141316
robot_56
   -6.099347,    -26.76728,            0,            0,            0,   -0.7541242,    0.6567318
robot_3
     16.7618,     9.997769,            0,            0,            0,    0.8550508,    0.5185443
robot_81
    39.00774,     33.98666,            0,            0,            0,   0.00520356,    0.9999865
robot_167
    6.245475,    -10.01698,            0,            0,            0,   -0.3370098,    0.9415011
robot_25
   -10.27737,     -33.8502,            0,            0,            0,    0.1410792,    0.9899983
robot_168
    34.24638,    -9.983293,            0,            0,            0,    0.8321586,    0.5545377
robot_96
   -30.06163,    -8.935453,            0,            0,            0,    0.7912703,    0.6114665
robot_166
   -30.04382,     34.43695,            0,            0,            0,   -0.7405382,    0.6720143
robot_102
    22.23378,    -9.920356,            0,            0,            0,    -0.991122,    0.1329559
robot_192
    10.74052,    -38.02749,            0,            0,            0,    0.8911219,    0.4537641
robot_179
     25.9017,     12.95753,            0,            0,            0,    0.7070566,    0.7071569
robot_142
    25.72752,    -1.951751,            0,            0,            0,    0.5503407,    0.8349402
robot_1
    -15.5321,     29.97549,            0,            0,            0,   -0.2912711,    0.9566406
robot_44
    9.951574,    -32.71481,            0,            0,            0,    0.5107383,    0.8597362
robot_163
   -34.06472,     -15.7242,            0,            0,            0,    0.3806178,    0.9247324
robot_79
    -32.4834,     9.988439,            0,            0,            0,   -0.5862484,    0.8101314
robot_8
    -26.0672,    -14.12889,            0,            0,            0,    0.3735817,    0.9275973
robot_20
    9.589261,     17.98809,            0,            0,            0,   -0.6414099,    0.7671984
robot_143
    26.74526,    -17.99627,            0,            0,            0,   -0.2527874,    0.9675218
robot_138
    9.915064,     38.93256,            0,            0,            0,   -0.9309679,    0.3651011
robot_123
   -2.078981,     26.49967,            0,            0,            0,   -0.4525622,    0.8917328
robot_193
  -0.7745378,      10.0278,            0,            0,            0,    0.9997716,   0.02137105
robot_187
   -21.22187,     33.98311,            0,            0,            0,   -0.8052421,    0.5929461
robot_176
    29.59007,     33.96943,            0,            0,            0,   -0.3557831,    0.9345686
robot_66
    27.36611,      37.9864,            0,            0,            0,   -0.9132233,    0.4074595
robot_63
   -6.318516,     2.089812,            0,            0,            0,   -0.5868473,    0.8096976
robot_31
    5.858117,     34.09927,            0,            0,            0,   -0.7654791,    0.6434607
robot_159
    17.90106,    -22.54994,            0,            0,            0,   -0.5190566,    0.8547398
robot_160
   -34.03871,     34.10045,            0,            0,            0,   -0.9767341,    0.2144539
robot_151
   -20.12846,     10.00977,            0,            0,            0,    0.7722421,    0.6353284
robot_150
   -2.296027,    -21.87499,            0,            0,            0,   -0.9994528,   0.03307659
robot_137
    19.63601,    -38.00522,            0,            0,            0,   0.02076385,    0.9997844
robot_199
   -27.66785,    -30.00733,            0,            0,            0,   0.02085806,    0.9997824
robot_54
    25.29234,    -33.97701,            0,            0,            0,    0.6945777,    0.7194177
robot_117
   -17.88083,     18.15756,            0,            0,            0,   -0.2442534,    0.9697114
robot_36
    37.34299,    -13.97509,            0,            0,            0,   -0.9519477,    0.3062607
robot_33
    17.94109,     19.75297,            0,            0,            0,    0.8852547,    0.4651065
robot_146
    22.33908,     18.07227,            0,            0,            0,    0.7358556,    0.6771385
robot_156
   -14.03226,    -9.826227,            0,            0,            0,   -0.2449748,    0.9695295
robot_112
   -31.86292,    -18.01469,            0,            0,            0,   -0.6578353,    0.7531618
robot_19
   -37.98001,     29.98702,            0,            0,            0,   -0.9938893,    0.1103815
robot_141
   -25.91163,      2.02006,            0,            0,            0,   -0.5923892,    0.8056519
robot_35
    38.48884,     22.01943,            0,            0,            0,    -0.711421,     0.702766
robot_184
    22.87134,    -2.013049,            0,            0,            0,     0.699726,    0.7144114
robot_98
     2.91718,       33.974,            0,            0,            0,   -0.6811694,    0.7321258
robot_100
    5.943618,     2.893135,            0,            0,            0,    0.7504501,    0.6609271
robot_164
    21.90361,     39.13824,            0,            0,            0,   -0.1490736,    0.9888261
robot_59
    -6.16342,    -38.00192,            0,            0,            0,    0.5740571,    0.8188153
robot_144
   -25.95705,     37.79127,            0,            0,            0,    0.9089617,    0.4168797
robot_101
    18.39157,    -2.045265,            0,            0,            0,   -0.9788995,    0.2043425
robot_161
   -16.12439,    -33.97008,            0,            0,            0,   -0.9579336,      0.28699
robot_149
    18.02873,     34.29039,            0,            0,            0,   -0.9956555,   0.09311354
robot_86
    -2.07773,     -6.82882,            0,            0,            0,    0.9874526,    0.1579156
robot_191
   -34.06156,     19.69941,            0,            0,            0,   -0.2711426,    0.9625392
robot_126
    -36.4077,    -6.030609,            0,            0,            0,   -0.8673572,    0.4976861
robot_190
   -24.36277,    -34.01111,            0,            0,            0,    0.4346222,    0.9006129
robot_131
   -34.04478,    -21.98642,            0,            0,            0,    0.3089539,     0.951077
robot_154
   -25.97094,    -25.80855,            0,            0,            0,   -0.8953404,    0.4453825
robot_9
   -10.16922,     2.071943,            0,            0,            0,   0.02661094,    0.9996459
robot_27
   -22.03507,     8.818041,            0,            0,            0,    0.1012567,    0.9948603
robot_34
    1.953333,     24.58905,            0,            0,            0,   -0.7074665,    0.7067468
robot_114
    13.99847,     18.35621,            0,            0,            0,   -0.1904482,    0.9816972
robot_51
   -10.07975,     29.21341,            0,            0,            0,   -0.3445564,    0.9387656
robot_108
    9.820102,    -30.07041,            0,            0,            0,   0.04612461,    0.9989357
robot_147
    29.92914,    -3.453169,            0,            0,            0,   -0.9546066,    0.2978694
robot_183
   -38.41899,     -25.9713,            0,            0,            0,   -0.9625273,    0.2711849
robot_48
    5.951631,    -36.04207,            0,            0,            0,   -0.7834757,    0.6214224
robot_60
    2.396028,    -17.95574,            0,            0,            0,    0.3077124,    0.9514794
robot_75
   -13.99668,    -33.71516,            0,            0,            0,    0.9880944,    0.1538488
robot_152
    17.68736,     21.99487,            0,            0,            0,   0.04885918,    0.9988057
robot_26
    30.04609,     18.04489,            0,            0,            0,   -0.8377536,    0.5460485
robot_182
    15.61698,     26.02833,            0,            0,            0,   -0.7878398,    0.6158802
robot_172
   -32.36697,     38.01598,            0,            0,            0,    0.5051313,    0.8630425
