tuw_multi_robot_msgs::RobotGoalsArray @1970-01-01T00:47:22
frame_id: map
        2842,            0
robot_84
   -30.09992,     38.51586,            0,            0,            0,   -0.3382223,    0.9410663
robot_116
   -25.12269,     14.01492,            0,            0,            0,    0.4229871,    0.9061357
robot_74
     0.90612,    -30.00681,            0,            0,            0,   -0.8105569,    0.5856599
robot_41
   -29.93081,    -38.22125,            0,            0,            0,    0.5956391,    0.8032522
robot_125
   -10.01514,    -9.698116,            0,            0,            0,    0.7289649,    0.6845511
robot_136
    37.96389,    -26.45482,            0,            0,            0,   -0.6728213,    0.7398051
robot_173
    21.92753,     4.892149,            0,            0,            0,   -0.7626121,     0.646856
robot_67
    -34.0734,    -21.10288,            0,            0,            0,   -0.9256279,    0.3784349
robot_197
    19.78199,    -21.99998,            0,            0,            0,   -0.5322704,    0.8465744
robot_119
   -29.90574,     33.92341,            0,            0,            0,    0.9630889,    0.2691833
robot_82
     18.6765,    -18.02616,            0,            0,            0,    0.2075916,    0.9782156
robot_77
   -38.08158,    -29.32449,            0,            0,            0,    0.7861625,    0.6180199
robot_5
    14.73042,    -22.02154,            0,            0,            0,     0.564368,    0.8255234
robot_133
     17.2845,    -21.98873,            0,            0,            0,    0.8832554,    0.4688922
robot_99
   -26.07646,    -36.54866,            0,            0,            0,   -0.9959531,   0.08987414
robot_171
   -30.07163,     13.29482,            0,            0,            0,   -0.2715746,    0.9624174
robot_180
    20.55834,    -9.995756,            0,            0,            0,      -0.9741,    0.2261174
robot_56
    29.14029,     -9.99223,            0,            0,            0,    0.2314627,    0.9728438
robot_3
   -22.09341,     -32.9302,            0,            0,            0,    0.5542752,    0.8323335
robot_81
    27.65546,     5.979816,            0,            0,            0,   0.03912244,    0.9992344
robot_167
   -2.149221,     10.05576,            0,            0,            0,     -0.23285,    0.9725127
robot_25
    2.428772,     33.96795,            0,            0,            0,    0.9952041,   0.09782013
robot_168
     -21.972,    -18.05391,            0,            0,            0,    0.9505153,    0.3106777
robot_96
    32.45989,    -18.03306,            0,            0,            0,    0.7696281,    0.6384925
robot_166
   -6.084058,    -14.27865,            0,            0,            0,   0.01512317,    0.9998856
robot_102
    2.160737,     14.10556,            0,            0,            0,    0.9909353,    0.1343403
robot_192
    21.91956,     16.91797,            0,            0,            0,   -0.9278914,    0.3728505
robot_179
    6.005997,    -21.71813,            0,            0,            0,    0.4424684,    0.8967841
robot_142
    1.575328,    -22.06357,            0,            0,            0,    0.2316634,     0.972796
robot_1
     37.9568,     18.89259,            0,            0,            0,    0.9675965,    0.2525014
robot_44
   -30.09639,     8.913087,            0,            0,            0,     0.933204,     0.359347
robot_163
   -18.00264,     33.73138,            0,            0,            0,     0.532156,    0.8466463
robot_79
    5.936932,     25.85293,            0,            0,            0,   -0.9968635,   0.07913977
robot_8
    13.93528,     37.08084,            0,            0,            0,   -0.3617635,    0.9322699
robot_20
    21.94095,     30.98737,            0,            0,            0,    0.8014914,    0.5980062
robot_143
    19.86928,     37.97345,            0,            0,            0,     0.464093,    0.8857865
robot_138
    30.13093,     25.89777,            0,            0,            0,    0.9779242,    0.2089599
robot_123
    17.91591,    -13.51897,            0,            0,            0,    0.4467173,    0.8946752
robot_193
    33.54609,     5.954357,            0,            0,            0,    0.9979238,   0.06440557
robot_187
   -25.02086,     33.99964,            0,            0,            0,   -0.5286645,    0.8488309
robot_176
    21.92216,    -33.50541,            0,            0,            0,   -0.4926991,    0.8701997
robot_66
    21.94923,    -25.39568,            0,            0,            0,   0.07965633,    0.9968224
robot_63
    37.74514,     10.00374,            0,            0,            0,    0.8320141,    0.5547545
robot_31
    3.601943,     6.008995,            0,            0,            0,    0.9664306,    0.2569276
robot_159
    -26.0843,     8.174329,            0,            0,            0,    0.3978224,    0.9174624
robot_160
     15.0405,     9.990094,            0,            0,            0,    0.8530765,    0.5217859
robot_151
    1.918142,     -12.6801,            0,            0,            0,   -0.8421523,    0.5392398
robot_150
   -34.07549,    0.7247468,            0,            0,            0,  -0.03333205,    0.9994443
robot_137
    38.25667,    -30.08084,            0,            0,            0,    0.5670966,    0.8236513
robot_199
    -11.5224,    -37.99844,            0,            0,            0,    0.9558635,     0.293811
