tuw_multi_robot_msgs::RobotGoalsArray @1970-01-01T01:41:21.600000
frame_id: map
        6081,    600000000
robot_84
   -10.13601,    -6.297537,            0,            0,            0,   -0.9825349,    0.1860785
robot_116
   -2.039054,    -19.67756,            0,            0,            0,    0.4250147,    0.9051865
robot_74
    24.31821,     21.99709,            0,            0,            0,   -0.3364518,    0.9417007
robot_41
   -10.11499,     10.13895,            0,            0,            0,   -0.7641317,    0.6450603
robot_125
   -37.02762,      -5.9871,            0,            0,            0,     -0.17583,    0.9844205
robot_136
    37.57236,     30.02375,            0,            0,            0,   0.04546732,    0.9989658
robot_173
   -21.91692,    -10.09903,            0,            0,            0,   -0.4938774,    0.8695316
robot_67
   -34.03831,    -31.09193,            0,            0,            0,    0.2603562,    0.9655126
robot_197
   -25.20432,    -30.01318,            0,            0,            0,   -0.4837152,    0.8752254
robot_119
    23.06057,     10.02537,            0,            0,            0,   -0.7112791,    0.7029097
robot_82
   -34.04469,     7.150872,            0,            0,            0,   -0.9446259,    0.3281493
robot_77
   -18.08133,    -34.38081,            0,            0,            0,   -0.9953859,   0.09595236
robot_5
    6.423329,    -6.068187,            0,            0,            0,    0.7538779,    0.6570145
robot_133
   -38.07496,     13.32563,            0,            0,            0,     0.916538,    0.3999475
robot_99
   -22.83187,    -6.018606,            0,            0,            0,   -0.9539269,     0.300039
robot_171
    9.859047,    -22.31904,            0,            0,            0,   -0.8989607,    0.4380293
robot_180
    9.903323,    -10.16836,            0,            0,            0,   -0.8794487,    0.4759937
robot_56
    -6.09851,     24.08168,            0,            0,            0,   -0.9870787,    0.1602361
robot_3
    9.908613,     4.277291,            0,            0,            0,    -0.809791,    0.5867184
robot_81
    9.741518,    -13.91795,            0,            0,            0,    0.9914582,    0.1304247
robot_167
    -22.2198,    -34.23155,            0,            0,            0,   -0.3643305,    0.9312697
robot_25
   -14.06593,    -14.10392,            0,            0,            0,   -0.8528934,    0.5220852
robot_168
   -38.24453,    -9.992134,            0,            0,            0,   -0.7440155,    0.6681624
robot_96
    34.37711,     26.08189,            0,            0,            0,    0.2392151,    0.9709666
robot_166
   -10.07182,    -26.00506,            0,            0,            0,   -0.7340542,    0.6790909
robot_102
   -14.07808,     35.66572,            0,            0,            0,    0.8480801,     0.529868
robot_192
    38.73506,    -17.98961,            0,            0,            0,   -0.6996963,    0.7144404
robot_179
   -10.05609,      29.9336,            0,            0,            0,    0.9997981,   0.02009611
robot_142
    33.78041,     9.990826,            0,            0,            0,   -0.9998625,   0.01658288
robot_1
   -2.064889,       16.937,            0,            0,            0,   -0.5586601,    0.8293967
robot_44
   -34.07647,    -9.910779,            0,            0,            0,    0.4640745,    0.8857962
robot_163
    24.24498,     18.03112,            0,            0,            0,    0.9612534,    0.2756661
robot_79
    30.01651,     22.11255,            0,            0,            0,   -0.5608084,    0.8279456
robot_8
   -38.04094,     20.06921,            0,            0,            0,   -0.1856222,    0.9826212
robot_20
     15.5486,     34.01222,            0,            0,            0,   -0.7162164,    0.6978782
robot_143
   -29.34776,     2.020638,            0,            0,            0,    0.4241612,    0.9055867
robot_138
    3.450077,    -33.96672,            0,            0,            0,    0.9938723,    0.1105339
robot_123
   -10.20032,     14.01082,            0,            0,            0,   0.01715884,    0.9998528
robot_193
    -26.0111,     17.96081,            0,            0,            0,   -0.6607771,    0.7505822
robot_187
   -21.62028,     -30.0412,            0,            0,            0,   -0.9506459,     0.310278
robot_176
   -18.04792,    -16.58874,            0,            0,            0,    0.9999994,  0.001124326
robot_66
   0.4644596,    -18.00473,            0,            0,            0,   -0.6949183,    0.7190887
robot_63
    26.69029,    -10.00336,            0,            0,            0,   -0.6826599,    0.7307362
robot_31
    13.76242,    -14.15919,            0,            0,            0,   -0.6604423,    0.7508768
robot_159
   -14.04874,     -22.3643,            0,            0,            0,    0.5845914,    0.8113278
robot_160
   -25.82056,     33.95876,            0,            0,            0,   -0.5733809,    0.8192889
robot_151
    9.852405,     26.18977,            0,            0,            0,   -0.1250533,      0.99215
robot_150
   -18.49171,    -1.928992,            0,            0,            0,    0.2566564,    0.9665027
robot_137
   -10.08585,    -39.25096,            0,            0,            0,   0.05587889,    0.9984376
robot_199
    26.97988,     5.985415,            0,            0,            0,    0.7785846,    0.6275397
robot_54
   -29.23575,     33.96883,            0,            0,            0,    0.3671835,    0.9301485
robot_117
    13.20667,     22.00864,            0,            0,            0,    -0.904604,    0.4262531
robot_36
    17.93504,     16.31215,            0,            0,            0,    0.9601536,    0.2794727
robot_33
    0.306324,    -26.02411,            0,            0,            0,    0.5072824,    0.8617799
robot_146
    1.881989,    -13.92488,            0,            0,            0,    0.9192244,     0.393734
robot_156
   -6.105073,     -18.0843,            0,            0,            0,   -0.5085518,    0.8610314
robot_112
    12.04867,    -37.99874,            0,            0,            0,   -0.3805878,    0.9247448
robot_19
   -34.06935,     39.38794,            0,            0,            0,   -0.6962979,    0.7177529
robot_141
    29.92377,     3.737636,            0,            0,            0,    0.7534349,    0.6575226
robot_35
    34.24404,    -17.99395,            0,            0,            0,    0.2800768,    0.9599776
robot_184
    -29.8962,    -10.14616,            0,            0,            0,   -0.9860719,    0.1663194
robot_98
    17.90059,    -24.55102,            0,            0,            0,   -0.5005708,    0.8656956
robot_100
     25.4194,    -22.00527,            0,            0,            0,    0.9628223,    0.2701355
robot_164
   -26.04272,    -7.441965,            0,            0,            0,   -0.3138066,    0.9494869
robot_59
   -18.11327,     14.31807,            0,            0,            0,   -0.7225337,    0.6913357
robot_144
    27.40116,     26.03257,            0,            0,            0,   -0.9631698,    0.2688941
robot_101
    37.93208,      33.5982,            0,            0,            0,   -0.9747134,    0.2234589
robot_161
   -19.21692,     18.00809,            0,            0,            0,   -0.8645114,    0.5026132
robot_149
   -37.74602,    -18.01081,            0,            0,            0,   -0.9983276,   0.05781009
robot_86
    1.867023,     6.343688,            0,            0,            0,    0.9955332,   0.09441225
robot_191
    5.922977,     18.60235,            0,            0,            0,   -0.8573897,    0.5146678
robot_126
   -36.91246,     22.02235,            0,            0,            0,    0.8986297,    0.4387079
robot_190
   -7.886491,    -2.023789,            0,            0,            0,    0.1867432,    0.9824088
robot_131
   -34.05912,     -4.29398,            0,            0,            0,    0.9934059,    0.1146504
robot_154
    -18.8292,     25.98625,            0,            0,            0,   -0.8614803,     0.507791
robot_9
    37.93837,     11.95705,            0,            0,            0,    0.8743721,     0.485256
robot_27
   -34.29266,    -17.94112,            0,            0,            0,    0.4034399,    0.9150062
robot_34
   -26.74072,    -13.99913,            0,            0,            0,  -0.07513212,    0.9971736
robot_114
    1.953379,    -31.38023,            0,            0,            0,   -0.7318525,    0.6814631
robot_51
   -14.73907,     37.98212,            0,            0,            0,    0.9189918,    0.3942766
robot_108
    20.12238,    -37.96732,            0,            0,            0,    0.6420071,    0.7666987
robot_147
    19.30058,    -5.966588,            0,            0,            0,    -0.940093,    0.3409181
robot_183
   -6.269704,    -9.837271,            0,            0,            0,   -0.9004732,    0.4349115
robot_48
   -6.015214,     26.22079,            0,            0,            0,    0.4357823,    0.9000521
robot_60
     -4.8764,     5.980113,            0,            0,            0,   -0.8985176,    0.4389375
robot_75
    33.72838,    -6.121419,            0,            0,            0,     -0.72527,    0.6884645
robot_152
   -22.08428,     9.928248,            0,            0,            0,    0.9734871,    0.2287418
robot_26
    37.20867,     -21.9763,            0,            0,            0,   -0.9436463,    0.3309556
robot_182
   -6.083409,    -7.299108,            0,            0,            0,   -0.1623433,    0.9867343
robot_172
    21.92908,     25.94024,            0,            0,            0,    0.5288718,    0.8487017
robot_43
    5.732825,    -18.03446,            0,            0,            0,   -0.7577986,    0.6524886
robot_170
    17.89192,     14.04896,            0,            0,            0,   -0.9491822,    0.3147272
robot_177
     12.9713,    -33.98049,            0,            0,            0,  -0.08781945,    0.9961364
robot_80
    -17.6717,     1.902627,            0,            0,            0,    0.4580041,    0.8889501
robot_16
    13.90832,    -7.178723,            0,            0,            0,    0.9987542,   0.04990121
robot_13
    33.96253,     13.88911,            0,            0,            0,   -0.3791961,    0.9253163
robot_178
   -10.05828,    -35.13859,            0,            0,            0,   -0.1446992,    0.9894757
robot_88
      33.734,    -22.13065,            0,            0,            0,     0.566681,    0.8239373
robot_194
    30.71248,      29.9732,            0,            0,            0,   -0.1016954,    0.9948156
robot_29
    22.04965,     5.978084,            0,            0,            0,  -0.07517508,    0.9971704
robot_92
    13.95155,    -4.883673,            0,            0,            0,    0.9490911,    0.3150017
robot_87
    13.88876,    -1.975388,            0,            0,            0,   -0.1402391,    0.9901177
robot_68
   -6.265283,     10.16445,            0,            0,            0,   0.09927805,    0.9950597
robot_22
   -26.07788,      6.98528,            0,            0,            0,    0.8208002,    0.5712154
robot_38
   -36.37306,     9.995409,            0,            0,            0,   -0.4417975,    0.8971148
robot_2
   -22.47647,       22.065,            0,            0,            0,    0.8029723,    0.5960163
robot_110
   -13.69774,     17.99606,            0,            0,            0,    0.7375761,     0.675264
robot_14
   -31.74367,    -37.97611,            0,            0,            0,    0.1786455,    0.9839135
robot_181
   -21.63209,    -14.00205,            0,            0,            0,    0.9562002,    0.2927135
robot_61
   -30.22297,     25.79701,            0,            0,            0,   -0.2336915,    0.9723108
robot_30
   -6.110292,    -14.30729,            0,            0,            0,    -0.758704,    0.6514355
robot_122
   -1.636051,    -29.96237,            0,            0,            0,  -0.05542628,    0.9984628
robot_132
    37.88769,    -33.84672,            0,            0,            0,    0.9783219,      0.20709
robot_45
    25.85104,    -38.06837,            0,            0,            0,    -0.991064,    0.1333869
robot_21
    17.10537,    -13.97906,            0,            0,            0,   -0.4300531,    0.9028036
robot_39
    12.31988,    -22.00518,            0,            0,            0,   -0.7181194,    0.6959199
robot_134
   -1.693196,    -13.99123,            0,            0,            0,   -0.7386149,    0.6741277
robot_15
     33.9107,     4.348102,            0,            0,            0,    0.9234062,    0.3838243
robot_145
    30.49975,     26.03339,            0,            0,            0,   -0.3224966,    0.9465706
robot_140
   -14.08248,     25.68972,            0,            0,            0,    0.9983895,    0.0567315
robot_196
    25.93616,     -14.4545,            0,            0,            0,    0.5460268,    0.8377677
robot_188
    2.150877,     17.93687,            0,            0,            0,   -0.2474937,    0.9688895
robot_4
    29.98526,    -37.85013,            0,            0,            0,    0.7935229,    0.6085403
robot_155
    9.915962,     11.29504,            0,            0,            0,    0.6135578,    0.7896498
robot_135
   -26.08141,     3.927283,            0,            0,            0,   -0.4048552,    0.9143808
robot_93
    5.537532,    -25.99608,            0,            0,            0,   -0.4459801,    0.8950429
robot_111
    38.27645,    -14.05223,            0,            0,            0,    0.9291422,    0.3697227
robot_0
    1.503594,     -10.0488,            0,            0,            0,    -0.978451,    0.2064793
robot_49
    18.01018,    -10.33305,            0,            0,            0,   -0.9517115,     0.306994
robot_113
    30.33622,    -25.97412,            0,            0,            0,    0.3264432,    0.9452168
robot_94
    18.06847,     22.04357,            0,            0,            0,   -0.9853508,    0.1705399
robot_40
    27.22104,     9.975203,            0,            0,            0,   -0.5720988,    0.8201847
robot_103
   -30.03676,    -29.22998,            0,            0,            0,   -0.4936677,    0.8696506
robot_6
    2.619795,     34.01353,            0,            0,            0,   -0.7579348,    0.6523304
robot_71
    5.937013,     6.480939,            0,            0,            0,   0.06872238,    0.9976358
robot_17
    11.86172,     25.97125,            0,            0,            0,   -0.9483417,    0.3172506
robot_120
    9.911641,    -1.818946,            0,            0,            0,    0.2027987,    0.9792204
robot_189
    15.40077,     1.991749,            0,            0,            0,   -0.5219326,    0.8529867
robot_148
    -22.4245,    -26.05724,            0,            0,            0,    0.9978473,   0.06557991
robot_186
    8.285863,     34.01348,            0,            0,            0,   -0.7134371,    0.7007193
robot_198
   -4.635305,    -29.98525,            0,            0,            0,   -0.3799731,    0.9249976
robot_107
    -22.0638,    -23.37938,            0,            0,            0,   -0.9962634,   0.08636655
robot_18
    -1.50982,     5.976521,            0,            0,            0,    0.7504969,     0.660874
robot_23
   -33.94483,    -26.09903,            0,            0,            0,      0.91063,    0.4132227
robot_46
    1.923965,     26.25828,            0,            0,            0,    0.9773284,     0.211729
robot_109
   -30.05359,     17.97553,            0,            0,            0,   -0.1543542,    0.9880156
robot_10
    -14.0288,    -33.71631,            0,            0,            0,   -0.8766103,    0.4812009
robot_157
   -28.53936,    -1.989729,            0,            0,            0,   -0.8566692,    0.5158662
robot_70
    29.95873,     35.79293,            0,            0,            0,   -0.9886737,    0.1500807
robot_55
   -17.91875,    -5.984491,            0,            0,            0,    0.7484787,    0.6631588
robot_73
    21.93795,    -2.911509,            0,            0,            0,   -0.3543389,    0.9351171
robot_69
    33.95953,     -10.5283,            0,            0,            0,   -0.3328567,    0.9429774
robot_65
    5.645167,     10.08548,            0,            0,            0,   -0.1057625,    0.9943914
robot_124
    5.852151,     30.19715,            0,            0,            0,   -0.5172337,    0.8558442
robot_115
   -1.958756,     34.03034,            0,            0,            0,    0.9277724,    0.3731465
robot_130
   -26.21612,      37.9104,            0,            0,            0,    0.3623838,     0.932029
robot_85
   -34.16831,     29.92844,            0,            0,            0,    0.2667337,    0.9637703
robot_91
   -10.03533,    -19.01101,            0,            0,            0,    0.9983607,   0.05723517
robot_47
    -26.0924,     25.28683,            0,            0,            0,   -0.7207876,     0.693156
robot_52
   -10.07457,    -3.747713,            0,            0,            0,  -0.08717873,    0.9961927
robot_195
    1.924064,       10.929,            0,            0,            0,   -0.9999903,  0.004410225
robot_72
    9.949424,     20.86229,            0,            0,            0,   -0.7395139,    0.6731413
robot_158
    8.252169,    -38.00772,            0,            0,            0,    0.8885541,    0.4587718
robot_153
    25.90179,     31.94234,            0,            0,            0,   -0.3923225,    0.9198277
robot_105
   -22.89508,     34.00895,            0,            0,            0,    0.6246761,     0.780884
robot_162
     21.9124,       21.397,            0,            0,            0,   -0.9622116,    0.2723028
robot_97
   -8.192354,    -6.002368,            0,            0,            0,    0.9924031,    0.1230287
robot_90
    21.98264,     34.10984,            0,            0,            0,    0.6100698,    0.7923477
robot_165
    2.070367,     30.15233,            0,            0,            0,    0.2258163,    0.9741699
robot_42
    34.22922,    -33.97099,            0,            0,            0,   -0.9836069,    0.1803261
robot_7
   -2.202248,     9.905556,            0,            0,            0,   -0.8908034,    0.4543889
robot_28
   -38.08939,    -22.87011,            0,            0,            0,   -0.1916645,    0.9814605
robot_118
   -38.27047,     29.87812,            0,            0,            0,   -0.9436933,    0.3308217
robot_139
    13.93898,     18.41752,            0,            0,            0,   -0.8193383,    0.5733103
robot_129
   -34.06425,     -34.6954,            0,            0,            0,    0.4675419,    0.8839709
robot_57
    22.05429,     1.967558,            0,            0,            0,   -0.3142713,    0.9493332
robot_24
    -22.0597,     1.086945,            0,            0,            0,   -0.9991523,   0.04116617
robot_106
   -7.418578,     2.005944,            0,            0,            0,    -0.741467,    0.6709894
robot_185
    -34.2071,    -13.81866,            0,            0,            0,    0.6322722,    0.7747464
robot_174
   -26.27729,    -22.14597,            0,            0,            0,   -0.4881239,    0.8727743
robot_58
   -31.33676,     30.02783,            0,            0,            0,   -0.4317756,    0.9019811
robot_12
   -34.07274,      21.8932,            0,            0,            0,    -0.118901,    0.9929061
robot_95
    15.90314,    -6.030201,            0,            0,            0,    0.4259048,     0.904768
robot_78
    21.90982,     18.45269,            0,            0,            0,    0.8495512,    0.5275062
robot_62
   -15.57623,    -37.98619,            0,            0,            0,   -0.3142034,    0.9493557
robot_121
    9.935893,    -25.08176,            0,            0,            0,    0.3739195,    0.9274612
robot_83
   -34.03491,    -20.24613,            0,            0,            0,    0.2937475,    0.9558831
robot_127
     29.2485,    -2.032528,            0,            0,            0,   -0.9965211,   0.08334047
robot_128
    29.90648,    -11.62593,            0,            0,            0,     0.930934,    0.3651874
robot_32
   -13.04386,     29.98616,            0,            0,            0,    0.9045773,    0.4263096
robot_89
    9.915784,     16.54833,            0,            0,            0,    0.9456199,    0.3252737
robot_11
    21.03822,     9.987024,            0,            0,            0,    0.9986091,   0.05272532
robot_37
    9.913925,    -36.68279,            0,            0,            0,    0.6489615,    0.7608212
robot_175
   -10.50076,      34.0119,            0,            0,            0,   -0.8472556,    0.5311854
robot_50
    18.03714,     30.03386,            0,            0,            0,   -0.5512741,    0.8343242
robot_64
    4.587401,    -29.97668,            0,            0,            0,   -0.1527728,    0.9882613
robot_76
    26.72944,    -6.008292,            0,            0,            0,   -0.5210626,    0.8535184
robot_104
    33.61489,    -1.919991,            0,            0,            0,    0.8221867,    0.5692179
robot_169
   -29.15395,    -5.973668,            0,            0,            0,   -0.9044972,    0.4264796
robot_53
   -26.17592,     10.10362,            0,            0,            0,   -0.7563551,    0.6541612
