tuw_multi_robot_msgs::RobotGoalsArray @1970-01-01T01:42:17.700000
frame_id: map
        6137,    700000000
robot_84
    29.42443,    -18.01375,            0,            0,            0,    0.2856665,    0.9583291
robot_116
    37.90715,     8.503721,            0,            0,            0,    0.3378207,    0.9412105
robot_74
    21.70468,     -21.8522,            0,            0,            0,   -0.9373166,     0.348479
robot_41
     13.7088,    -25.99323,            0,            0,            0,     0.782363,    0.6228227
robot_125
   -38.05679,    -20.26962,            0,            0,            0,    0.4008484,    0.9161444
robot_136
    17.95846,    -32.60395,            0,            0,            0,   -0.3351018,    0.9421819
robot_173
   -22.04759,    -25.53829,            0,            0,            0,   -0.9999292,   0.01190271
robot_67
   -20.95418,     37.99369,            0,            0,            0,    -0.946952,     0.321375
robot_197
    33.72993,     21.98636,            0,            0,            0,   0.08233268,    0.9966049
robot_119
    6.384905,      30.0802,            0,            0,            0,   0.04850974,    0.9988227
robot_82
   -14.03941,    -12.91823,            0,            0,            0,    0.7022195,    0.7119605
robot_77
   -5.999127,     34.12107,            0,            0,            0, -0.003449906,     0.999994
robot_5
    26.75187,    -26.01344,            0,            0,            0,   -0.9897697,     0.142674
robot_133
    33.92695,    -8.303686,            0,            0,            0,   -0.8304492,    0.5570944
robot_99
   -35.16931,     25.97338,            0,            0,            0,   -0.5678298,     0.823146
robot_171
   -31.52434,    -10.02513,            0,            0,            0,    0.6311902,    0.7756281
robot_180
    9.936454,    -8.073527,            0,            0,            0,   -0.6957172,    0.7183158
robot_56
    36.63178,     26.02827,            0,            0,            0,    0.4291375,    0.9032392
robot_3
    25.90682,     10.75776,            0,            0,            0,    0.9871036,    0.1600829
robot_81
   -10.05448,     28.72591,            0,            0,            0,  -0.05632971,    0.9984122
