tuw_multi_robot_msgs::RobotGoalsArray @1970-01-01T01:20:10.200000
frame_id: map
        4810,    200000000
robot_84
   -14.06826,     9.022962,            0,            0,            0,    0.3423826,    0.9395606
robot_116
    33.90897,     25.60644,            0,            0,            0,   -0.9968228,   0.07965057
robot_74
   -30.07039,     16.29984,            0,            0,            0,   -0.9762139,    0.2168095
robot_41
    32.68492,    -30.01923,            0,            0,            0,     0.305366,    0.9522351
robot_125
    25.56255,    -25.94518,            0,            0,            0,    0.2516319,     0.967823
robot_136
    -34.0706,    -12.56745,            0,            0,            0,    0.7406909,     0.671846
robot_173
   -14.43184,    -38.01808,            0,            0,            0,    0.7302501,    0.6831799
robot_67
     22.1353,    -25.84759,            0,            0,            0,     0.569827,    0.8217647
robot_197
   -18.06972,    -36.03691,            0,            0,            0,    -0.964733,    0.2632305
robot_119
   -26.06269,    -7.483663,            0,            0,            0,    0.9964333,   0.08438462
robot_82
   -22.03886,    -38.15795,            0,            0,            0,    0.8233044,    0.5676001
robot_77
   -18.07372,     -12.9112,            0,            0,            0,    0.6221498,    0.7828982
robot_5
    17.94503,    -1.610305,            0,            0,            0,   -0.8567307,     0.515764
robot_133
   -21.24967,     -29.9774,            0,            0,            0,    0.8581038,    0.5134763
robot_99
    1.452238,    -30.02332,            0,            0,            0,    0.7775303,    0.6288455
robot_171
    13.79129,    -29.83002,            0,            0,            0,    0.8321937,    0.5544851
robot_180
    31.92635,     18.01661,            0,            0,            0,   -0.2871105,    0.9578975
robot_56
   -10.05771,     27.28219,            0,            0,            0,    0.9128618,    0.4082688
robot_3
   -32.71771,    -33.97994,            0,            0,            0,    0.3740964,    0.9273898
robot_81
   -34.09886,    -22.76277,            0,            0,            0,   -0.9980216,   0.06287143
robot_167
    33.48039,     38.07648,            0,            0,            0,   -0.8466357,    0.5321729
robot_25
    33.94005,     34.75665,            0,            0,            0,     0.103269,    0.9946535
robot_168
    22.14176,     6.152541,            0,            0,            0,    -0.889183,    0.4575517
robot_96
    9.993396,     -38.1481,            0,            0,            0,   -0.7782855,    0.6279106
robot_166
   -21.98423,      34.1135,            0,            0,            0,    0.9523069,    0.3051418
robot_102
    33.90402,    -9.797672,            0,            0,            0,   -0.6771728,    0.7358241
robot_192
   -2.033898,    -32.89387,            0,            0,            0,   -0.4565913,    0.8896766
robot_179
    12.26678,      13.9872,            0,            0,            0,   -0.9998961,   0.01441178
robot_142
   -28.96581,     37.96846,            0,            0,            0,    0.7724469,    0.6350794
robot_1
    13.94973,    -16.35892,            0,            0,            0,    0.6551486,       0.7555
robot_44
   -14.75139,    -18.01834,            0,            0,            0,    0.9338628,    0.3576314
robot_163
   -10.03574,    -28.70967,            0,            0,            0,     -0.26216,    0.9650244
robot_79
   -26.01064,     2.185865,            0,            0,            0,     0.973265,    0.2296849
robot_8
    30.03301,     5.827526,            0,            0,            0,   0.06903516,    0.9976142
robot_20
   -26.46337,    -2.029982,            0,            0,            0,    0.3143497,    0.9493073
robot_143
    33.54926,    -34.04078,            0,            0,            0,    -0.412149,    0.9111165
robot_138
    5.036176,    -14.01249,            0,            0,            0,    0.6215971,    0.7833371
robot_123
    15.26763,    -10.02754,            0,            0,            0,    0.9982074,   0.05984963
robot_193
    5.937612,    -22.76295,            0,            0,            0,   -0.7707523,     0.637135
robot_187
    33.59348,     21.95411,            0,            0,            0,    0.6862427,    0.7273726
robot_176
   -9.614084,    -17.94438,            0,            0,            0,   -0.9580185,    0.2867064
robot_66
   -8.228149,    -2.028148,            0,            0,            0,   -0.6110227,    0.7916131
robot_63
   -14.25182,     5.997122,            0,            0,            0,   -0.3205698,    0.9472249
robot_31
    6.384591,     29.95792,            0,            0,            0,   -0.9999838,  0.005695275
robot_159
    29.76976,     9.829267,            0,            0,            0,   -0.9831275,    0.1829217
robot_160
    19.48478,     10.01891,            0,            0,            0,   -0.9016526,    0.4324612
robot_151
   -17.93179,     17.83272,            0,            0,            0,   -0.3909295,    0.9204206
robot_150
   -30.04294,    -38.22819,            0,            0,            0,    -0.989111,    0.1471712
robot_137
    17.58907,     5.910691,            0,            0,            0,   -0.9811539,    0.1932281
robot_199
    13.96646,     17.48189,            0,            0,            0,   -0.6671467,    0.7449264
robot_54
   -34.05263,     -28.7269,            0,            0,            0,    0.8236361,    0.5671187
robot_117
   -22.01417,    -17.64093,            0,            0,            0,    0.7966236,    0.6044756
robot_36
   -22.07455,    -5.542235,            0,            0,            0,    0.1272532,    0.9918703
robot_33
   -14.04997,     27.66698,            0,            0,            0,    0.2412694,    0.9704582
robot_146
   -34.23691,     33.83757,            0,            0,            0,    0.4194095,    0.9077972
robot_156
   -32.43077,     2.027743,            0,            0,            0,   -0.9241716,    0.3819775
robot_112
    29.57401,    -10.06075,            0,            0,            0,    0.9839492,     0.178449
robot_19
   -14.07109,    -6.748086,            0,            0,            0,    0.7312014,    0.6821617
robot_141
   -32.07307,    -10.01906,            0,            0,            0,   0.05062646,    0.9987177
robot_35
   -34.38239,    -9.954344,            0,            0,            0,    0.8161924,    0.5777802
robot_184
     29.9438,    -34.77819,            0,            0,            0,    -0.614094,    0.7892329
robot_98
    26.34163,    -5.900668,            0,            0,            0,   -0.9009601,    0.4339019
robot_100
      29.938,    -3.632347,            0,            0,            0,   -0.7484923,    0.6631435
robot_164
    37.94269,     31.73253,            0,            0,            0,    -0.678983,     0.734154
robot_59
   -32.86008,     22.02215,            0,            0,            0,     0.981578,    0.1910619
robot_144
    14.06071,    -13.83555,            0,            0,            0,   -0.8797122,    0.4755066
robot_101
   -5.994526,     29.69128,            0,            0,            0,    0.1505857,     0.988597
robot_161
    25.80159,    -37.86168,            0,            0,            0,    0.4508417,    0.8926039
robot_149
    29.93734,     -1.23357,            0,            0,            0,    0.8618163,    0.5072205
robot_86
   -10.07824,      9.48588,            0,            0,            0,   -0.9738894,    0.2270228
robot_191
    18.53275,    -6.026096,            0,            0,            0,    0.9908537,    0.1349404
robot_126
    12.00519,     10.02126,            0,            0,            0,    0.1902391,    0.9817378
robot_190
    5.851194,     22.01163,            0,            0,            0,    0.9474196,    0.3199939
robot_131
    13.96981,    -34.21476,            0,            0,            0,   -0.9186313,    0.3951159
robot_154
    13.39401,     26.02788,            0,            0,            0,   -0.4763282,    0.8792676
robot_9
    -9.59159,     21.94936,            0,            0,            0,   -0.9994376,   0.03353291
robot_27
   -38.47952,     25.99774,            0,            0,            0,    0.9988869,   0.04716947
robot_34
    9.945879,    -10.85408,            0,            0,            0,    0.7517686,     0.659427
robot_114
    2.774295,     25.99765,            0,            0,            0,   -0.1611825,    0.9869246
robot_51
   -22.31609,     21.96078,            0,            0,            0,   -0.5722241,    0.8200973
robot_108
   -34.06784,     24.72182,            0,            0,            0,    -0.562055,    0.8270999
robot_147
   -14.18919,    -14.15402,            0,            0,            0,    0.6462892,    0.7630925
robot_183
    15.62011,     25.99063,            0,            0,            0,    0.2167817,    0.9762201
robot_48
    20.79883,     1.970289,            0,            0,            0,    0.5144705,    0.8575081
robot_60
    38.48021,     22.02933,            0,            0,            0,   -0.7612786,    0.6484249
robot_75
    9.446283,    -5.949612,            0,            0,            0,   -0.2935291,    0.9559501
robot_152
   -13.67114,     2.009105,            0,            0,            0,  -0.09060516,    0.9958869
robot_26
    18.07824,    -30.21793,            0,            0,            0,   -0.9130718,    0.4077988
robot_182
     38.9269,    -22.01502,            0,            0,            0,    0.3866233,    0.9222377
robot_172
    18.02912,     21.71205,            0,            0,            0,    0.4909425,     0.871192
robot_43
   -26.06942,     38.25097,            0,            0,            0,    0.9651961,    0.2615273
robot_170
   -6.063892,     15.10971,            0,            0,            0,    -0.968089,    0.2506067
robot_177
   -5.262626,    -25.99053,            0,            0,            0,    0.7596225,    0.6503642
robot_80
   -35.87154,     26.01895,            0,            0,            0,    -0.762804,    0.6466298
robot_16
    25.77533,     22.11744,            0,            0,            0,    0.7123777,    0.7017962
robot_13
    9.942688,    -26.80285,            0,            0,            0,     0.923233,    0.3842406
robot_178
   -28.85579,     -26.0073,            0,            0,            0,    0.9735408,    0.2285135
robot_88
   -26.28136,     33.89911,            0,            0,            0,    0.9804986,    0.1965259
robot_194
   -22.08963,    -21.16342,            0,            0,            0,    0.9492037,    0.3146623
robot_29
    7.834955,    -33.97672,            0,            0,            0,    -0.511938,    0.8590224
