tuw_multi_robot_msgs::RobotGoalsArray @1970-01-01T01:46:59.300000
frame_id: map
        6419,    300000000
robot_84
   -22.12384,    -17.97667,            0,            0,            0,   -0.9315095,    0.3637169
robot_116
   -14.07444,    -39.22966,            0,            0,            0,   -0.3247394,    0.9458035
robot_74
    5.932912,    -18.38254,            0,            0,            0,  -0.04633995,    0.9989257
robot_41
    29.96031,     17.91053,            0,            0,            0,   -0.9727261,    0.2319569
robot_125
    37.96125,     17.44687,            0,            0,            0,      0.85175,    0.5239485
robot_136
     1.91227,     32.05888,            0,            0,            0,    0.9266517,    0.3759211
robot_173
    17.90163,    0.1690619,            0,            0,            0,    0.4304774,    0.9026013
robot_67
   -27.01016,     37.97535,            0,            0,            0,    0.2734802,    0.9618776
robot_197
    9.722214,      2.15182,            0,            0,            0,   -0.3264978,     0.945198
robot_119
    17.49086,    -33.94303,            0,            0,            0,    0.0730686,    0.9973269
robot_82
    33.98458,      6.24182,            0,            0,            0,   0.01159512,    0.9999328
robot_77
   -14.05595,     21.23362,            0,            0,            0,   -0.9518243,     0.306644
robot_5
    38.03821,    -6.175352,            0,            0,            0,    0.4916519,    0.8707918
robot_133
   -30.61799,    -38.01053,            0,            0,            0,   -0.7316767,    0.6816518
robot_99
    37.93348,     14.89004,            0,            0,            0,    0.3672572,    0.9301194
robot_171
    13.96542,     18.68126,            0,            0,            0,    0.9750904,    0.2218077
robot_180
   -17.04556,     5.967694,            0,            0,            0,    0.1989419,    0.9800113
robot_56
   -5.807404,     26.01036,            0,            0,            0,   -0.3724869,    0.9280375
robot_3
    1.922005,    -6.019914,            0,            0,            0,   -0.3218915,    0.9467766
robot_81
    17.94712,     25.02173,            0,            0,            0,    0.9995872,   0.02873046
