tuw_multi_robot_msgs::RobotGoalsArray @1970-01-01T01:26:58.100000
frame_id: map
        5218,    100000000
robot_84
    27.81607,     33.99852,            0,            0,            0,    0.8171435,    0.5764342
robot_116
    33.68559,    -2.081117,            0,            0,            0,   -0.1397542,    0.9901862
robot_74
   -6.424236,    -18.01919,            0,            0,            0,    0.7649923,    0.6440394
robot_41
    21.88984,    -5.962941,            0,            0,            0,   -0.3666743,    0.9303494
robot_125
   -7.958896,    -37.97399,            0,            0,            0,    0.6911764,    0.7226861
robot_136
    9.944529,    -17.68944,            0,            0,            0,    0.2569973,    0.9664121
robot_173
   -10.01832,    -1.847935,            0,            0,            0,   -0.9574833,    0.2884887
robot_67
   -31.53611,     26.01627,            0,            0,            0,    0.9994966,   0.03172689
robot_197
   -29.97596,     14.01037,            0,            0,            0,   -0.9866777,    0.1626873
robot_119
    37.93004,    -13.78215,            0,            0,            0,    0.7673392,    0.6412414
robot_82
    14.08724,    -9.949554,            0,            0,            0,     0.746382,    0.6655178
robot_77
    21.90804,    -11.09386,            0,            0,            0,    0.6515497,    0.7586059
robot_5
    17.93427,    -36.81089,            0,            0,            0,    0.6778993,    0.7351547
robot_133
   -14.08368,    -3.931308,            0,            0,            0,   -0.9631999,    0.2687859
robot_99
    -18.0215,     34.21386,            0,            0,            0,    0.7361017,    0.6768709
robot_171
   -30.06589,    -35.52349,            0,            0,            0,    0.5147988,     0.857311
robot_180
    2.292286,      34.0254,            0,            0,            0,   -0.9417539,    0.3363028
robot_56
    -38.3599,     9.929684,            0,            0,            0,   -0.8806136,    0.4738352
robot_3
   -38.11659,    -14.29764,            0,            0,            0,     0.785096,     0.619374
robot_81
    -38.0389,    -6.902176,            0,            0,            0,   -0.9730043,     0.230787
robot_167
    19.55839,    -13.98167,            0,            0,            0,   -0.1890192,    0.9819734
robot_25
    13.94728,     35.85712,            0,            0,            0,   -0.3911392,    0.9203315
robot_168
     30.3112,     26.09788,            0,            0,            0,   -0.5980995,    0.8014218
robot_96
   -22.26886,     22.08887,            0,            0,            0,    -0.330941,    0.9436514
robot_166
   -15.39938,     34.00061,            0,            0,            0,   -0.9674574,    0.2530338
robot_102
     27.5927,    -34.00036,            0,            0,            0,    0.8832119,    0.4689742
robot_192
   -14.08113,     27.87724,            0,            0,            0,   -0.7225276,    0.6913421
robot_179
   -14.07656,    -28.26297,            0,            0,            0,    0.9994482,   0.03321568
robot_142
   -21.92549,    -5.928544,            0,            0,            0,    0.8081839,    0.5889302
robot_1
   -30.19929,     9.788111,            0,            0,            0,    0.9986713,   0.05153365
robot_44
    33.72595,     18.04373,            0,            0,            0,    -0.949643,     0.313334
robot_163
   -19.77857,    -5.995203,            0,            0,            0,    0.2888236,    0.9573823
robot_79
   -33.83302,    -10.06378,            0,            0,            0,    0.3616486,    0.9323145
robot_8
   -20.53794,    -30.01979,            0,            0,            0,     0.486495,    0.8736833
robot_20
     25.7806,     10.09589,            0,            0,            0,    0.7057404,    0.7084706
robot_143
    9.851012,     6.347913,            0,            0,            0,   -0.9291383,    0.3697323
robot_138
    -16.4237,     22.02601,            0,            0,            0,     0.944402,     0.328793
robot_123
   -10.07188,     28.74031,            0,            0,            0,    0.5285905,    0.8488769
robot_193
   -17.52906,     29.98739,            0,            0,            0,   -0.9996474,   0.02655231
robot_187
   -2.081187,    -5.982305,            0,            0,            0,   -0.1914577,    0.9815009
robot_176
   -26.04469,    -4.447875,            0,            0,            0,     0.725288,    0.6884456
robot_66
    22.03189,     34.23619,            0,            0,            0,    0.0374275,    0.9992993
robot_63
    22.06277,     9.860228,            0,            0,            0,   -0.5449802,    0.8384489
robot_31
    17.49102,    -9.929118,            0,            0,            0,   -0.9036321,    0.4283094
robot_159
    1.905699,     16.51601,            0,            0,            0,   -0.6747152,    0.7380782
robot_160
   -7.324564,    -9.991307,            0,            0,            0,    0.4154138,    0.9096325
robot_151
    14.21047,     13.96941,            0,            0,            0,    0.6674066,    0.7446935
robot_150
   -10.17456,    -29.95793,            0,            0,            0,     0.215083,    0.9765958
robot_137
   -31.37176,     21.99673,            0,            0,            0,    0.2213006,    0.9752056
robot_199
    -6.08981,     14.15285,            0,            0,            0,    0.8365018,    0.5479642
robot_54
     25.9375,    -20.02038,            0,            0,            0,    0.8571842,      0.51501
robot_117
   -12.84667,    -14.00285,            0,            0,            0,    0.1025694,    0.9947258
robot_36
   -36.60828,       29.969,            0,            0,            0,    0.7092952,    0.7049116
robot_33
   -38.06189,     14.19806,            0,            0,            0,   -0.9811477,    0.1932596
robot_146
    5.926312,    -17.99458,            0,            0,            0,   -0.9911708,    0.1325911
robot_156
    26.42095,    -18.03693,            0,            0,            0,     0.725349,    0.6883813
robot_112
    32.10679,    -17.97205,            0,            0,            0,    0.9889827,    0.1480312
robot_19
    38.00457,     21.82482,            0,            0,            0,    0.9797941,    0.2000088
robot_141
    -1.79073,    -21.97848,            0,            0,            0,    0.8059312,    0.5920093
robot_35
   -33.54453,     21.96804,            0,            0,            0,   -0.8859732,    0.4637364
robot_184
    26.53075,     1.982677,            0,            0,            0,   -0.7623078,    0.6472147
robot_98
   -21.87642,      10.0233,            0,            0,            0,    0.4629862,    0.8863655
robot_100
    38.58672,      18.0216,            0,            0,            0,   -0.8949168,     0.446233
robot_164
    33.93561,    -7.273883,            0,            0,            0,    0.2841105,    0.9587915
robot_59
   -10.04044,    -8.958028,            0,            0,            0,     0.495783,    0.8684465
robot_144
   -2.042199,    -17.44257,            0,            0,            0,    0.9391725,    0.3434457
robot_101
    18.00077,    -1.739415,            0,            0,            0,    0.5410989,     0.840959
robot_161
    3.719268,    -9.983292,            0,            0,            0,   -0.4703021,    0.8825055
robot_149
   -14.12663,    -17.96756,            0,            0,            0,   -0.8716915,    0.4900551
robot_86
   -28.69777,     22.01561,            0,            0,            0,   -0.9265503,    0.3761709
robot_191
    14.18194,     26.01964,            0,            0,            0,    0.4657858,    0.8848975
robot_126
    33.94516,    -12.62822,            0,            0,            0,   -0.3899094,    0.9208532
robot_190
    8.613457,    -10.00746,            0,            0,            0,   -0.8806958,    0.4736823
robot_131
    8.664163,     -14.0211,            0,            0,            0,    0.9963678,   0.08515436
robot_154
     5.95583,     36.66525,            0,            0,            0,    0.9540462,    0.2996596
robot_9
   -29.57402,     25.91614,            0,            0,            0,    0.9901752,    0.1398324
robot_27
   -6.182349,      10.0281,            0,            0,            0,    0.6515219,    0.7586298
robot_34
     5.87698,    -6.158537,            0,            0,            0,  -0.08818174,    0.9961044
robot_114
   -38.17748,     33.92879,            0,            0,            0,   -0.4997809,    0.8661519
robot_51
   -17.02627,    -6.018028,            0,            0,            0,    0.9729856,    0.2308659
robot_108
    26.35369,    -26.01117,            0,            0,            0,     0.934991,    0.3546715
robot_147
     5.95169,    -25.36365,            0,            0,            0,    0.1501701,    0.9886602
robot_183
   -33.60488,     18.03761,            0,            0,            0,   -0.9991151,    0.0420591
robot_48
    37.79404,    -25.92815,            0,            0,            0,   -0.7661963,    0.6426066
robot_60
   -8.822627,     10.00987,            0,            0,            0,   0.06126145,    0.9981218
robot_75
   -2.054868,     17.45573,            0,            0,            0,    0.9504179,    0.3109755
robot_152
    17.96373,     30.04317,            0,            0,            0,    0.5978325,    0.8016211
robot_26
   -25.83383,      26.1479,            0,            0,            0,    0.8402676,    0.5421719
robot_182
   -18.14101,    -26.07436,            0,            0,            0,    0.5401165,    0.8415903
robot_172
    2.135121,      9.94999,            0,            0,            0,    0.5071742,    0.8618436
robot_43
   -6.525835,     30.08086,            0,            0,            0,    -0.361906,    0.9322146
robot_170
   -26.07999,      36.4783,            0,            0,            0,    0.8534632,    0.5211532
robot_177
   -39.68711,    -9.976876,            0,            0,            0,   -0.9338045,    0.3577837
robot_80
    5.962095,    -9.073338,            0,            0,            0,   -0.7474712,    0.6642942
robot_16
    9.818065,     38.00687,            0,            0,            0,    0.5241918,    0.8516003
robot_13
     33.7378,    -9.934487,            0,            0,            0,   -0.9464001,    0.3229967
robot_178
   0.7203907,     29.97068,            0,            0,            0,   -0.7356268,    0.6773871
robot_88
    29.93962,     16.54583,            0,            0,            0,    0.9234229,    0.3837839
robot_194
     13.9619,    -17.43687,            0,            0,            0,    0.9340453,    0.3571545
robot_29
    6.239886,     21.91378,            0,            0,            0,   -0.9958905,   0.09056503
robot_92
    7.675656,     18.03345,            0,            0,            0,    0.9557205,    0.2942758
robot_87
    3.746822,    -30.01223,            0,            0,            0,   -0.9464496,    0.3228516
robot_68
   -35.59526,     26.01422,            0,            0,            0,    0.1906008,    0.9816676
robot_22
    33.65293,     14.01027,            0,            0,            0,   -0.5128453,     0.858481
robot_38
   -22.03335,     31.98407,            0,            0,            0,    0.2333374,    0.9723958
robot_2
    9.768595,    -25.94949,            0,            0,            0,   -0.6093305,    0.7929164
robot_110
   -10.05998,    -38.04209,            0,            0,            0,   -0.6114125,    0.7913121
robot_14
   -18.33763,    -29.91107,            0,            0,            0,   -0.4790777,    0.8777725
robot_181
    13.93296,    -21.89751,            0,            0,            0,    0.9288285,    0.3705099
robot_61
     1.90002,     6.237293,            0,            0,            0,   -0.9978747,   0.06516165
robot_30
    33.95721,    -32.58958,            0,            0,            0,    0.1389534,    0.9902989
robot_122
   -24.66233,     1.986651,            0,            0,            0,   -0.9979139,   0.06455891
robot_132
    13.95836,    -36.85363,            0,            0,            0,   -0.9761026,    0.2173102
robot_45
     22.0289,    -29.67715,            0,            0,            0,    0.5747471,    0.8183311
robot_21
    16.18911,     25.99969,            0,            0,            0,   -0.2180221,    0.9759438
robot_39
   -9.584842,     17.92904,            0,            0,            0,    0.9191092,    0.3940029
robot_134
    19.19376,     21.98591,            0,            0,            0,    0.2207704,    0.9753258
robot_15
   -34.03511,     37.34738,            0,            0,            0,     0.842889,    0.5380874
robot_145
    -37.7674,     18.00475,            0,            0,            0,    0.1567939,    0.9876313
robot_140
    23.51013,    -33.98105,            0,            0,            0,    0.6750448,    0.7377767
