tuw_multi_robot_msgs::RobotGoalsArray @1970-01-01T01:23:18.900000
frame_id: map
        4998,    900000000
robot_84
   -22.02809,     29.66488,            0,            0,            0,   -0.4262707,    0.9045957
robot_116
   -6.068584,    -19.99115,            0,            0,            0,    0.7305739,    0.6828337
robot_74
     29.7783,     9.835729,            0,            0,            0,   -0.8631999,    0.5048622
robot_41
     13.9101,     3.420422,            0,            0,            0,     0.730981,    0.6823978
robot_125
    18.12708,    -18.09802,            0,            0,            0,   -0.6300037,    0.7765921
robot_136
    5.926755,     -12.8299,            0,            0,            0,  -0.06500881,    0.9978847
robot_173
   -6.050358,     27.84973,            0,            0,            0,    0.9996774,    0.0253969
robot_67
   -19.04674,     21.99221,            0,            0,            0,    0.1791862,    0.9838152
robot_197
   -14.03979,     17.78111,            0,            0,            0,    0.5634683,    0.8261377
robot_119
    18.78008,     34.02962,            0,            0,            0,  -0.06950889,    0.9975813
