tuw_multi_robot_msgs::RobotGoalsArray @1970-01-01T01:41:04.900000
frame_id: map
        6064,    900000000
robot_84
   -18.28806,    -30.01512,            0,            0,            0,    -0.992447,    0.1226745
robot_116
   -24.11991,     26.02231,            0,            0,            0,   -0.7617167,    0.6479102
robot_74
    29.70559,    -29.97183,            0,            0,            0,   -0.6260491,    0.7797837
robot_41
    29.87777,     1.680461,            0,            0,            0,    0.3111138,    0.9503727
robot_125
    -25.8103,    -33.99478,            0,            0,            0,   -0.7835543,    0.6213234
robot_136
   -38.08588,     15.31001,            0,            0,            0,   -0.9999322,   0.01164216
robot_173
   -10.05934,     12.31769,            0,            0,            0,   -0.1838736,    0.9829499
robot_67
   -14.04461,   -0.5152653,            0,            0,            0,   -0.1279125,    0.9917855
robot_197
    22.00341,    -26.18182,            0,            0,            0,    0.2720839,    0.9622735
robot_119
    36.97608,     17.98572,            0,            0,            0,   -0.1802337,    0.9836238
robot_82
    -12.6778,     17.98966,            0,            0,            0,    0.9726151,    0.2324218
robot_77
    21.94673,    -4.347991,            0,            0,            0,   -0.5450637,    0.8383947
robot_5
   -9.890805,    -25.99399,            0,            0,            0,   -0.9999996, 0.0009378988
robot_133
    22.39073,    -33.90619,            0,            0,            0,   -0.4318554,    0.9019429
robot_99
    29.27544,     22.01005,            0,            0,            0,    0.3759358,    0.9266457
robot_171
    21.93225,     15.64706,            0,            0,            0,    0.9864153,    0.1642704
robot_180
   -20.75485,     37.97508,            0,            0,            0,   -0.9927098,     0.120529
robot_56
    1.992489,    -18.05185,            0,            0,            0,    0.4559963,    0.8899817
robot_3
   -11.92824,     14.02517,            0,            0,            0,    0.9894996,    0.1445356
robot_81
    5.909743,    -38.62008,            0,            0,            0,    0.2948706,    0.9555372
robot_167
   -26.05838,     30.77258,            0,            0,            0,    0.8278835,       0.5609
robot_25
    10.81783,    -30.02283,            0,            0,            0,    0.4847909,    0.8746301
robot_168
    17.72692,    -14.07662,            0,            0,            0,   -0.6907926,    0.7230529
robot_96
    6.615188,    -29.98254,            0,            0,            0,    -0.378687,    0.9255248
robot_166
    13.96357,     33.91498,            0,            0,            0,   -0.1656702,    0.9861812
robot_102
   -29.72327,    -30.01403,            0,            0,            0,    0.9286851,    0.3708692
robot_192
    33.95653,     38.81689,            0,            0,            0,   -0.9196659,    0.3927016
robot_179
    29.94336,      -5.1998,            0,            0,            0,    0.9823778,    0.1869062
robot_142
   -18.03966,     26.23173,            0,            0,            0,    0.9971632,   0.07526965
robot_1
    18.67373,     6.027094,            0,            0,            0,    0.1813253,    0.9834232
robot_44
   -22.09294,     15.09476,            0,            0,            0,    0.3171045,    0.9483906
robot_163
    28.52739,      5.98935,            0,            0,            0,   -0.8882093,    0.4594391
robot_79
   -16.86203,    -26.02721,            0,            0,            0,   -0.8395668,    0.5432565
robot_8
   -34.06879,     36.96554,            0,            0,            0,   -0.9921733,    0.1248683
robot_20
    10.20871,    -2.086473,            0,            0,            0,   -0.3349918,    0.9422211
robot_143
   -29.60789,    -1.961158,            0,            0,            0,    -0.481324,    0.8765428
robot_138
   -22.06679,     9.840299,            0,            0,            0,    0.1850653,    0.9827262
robot_123
    5.057504,    -33.97227,            0,            0,            0,   -0.4228789,    0.9061862
robot_193
   -21.45894,    -37.98201,            0,            0,            0,    0.9914826,    0.1302388
robot_187
    37.95785,      15.2585,            0,            0,            0,    0.9952368,   0.09748677
robot_176
    -38.2676,    -29.86907,            0,            0,            0,     0.276192,    0.9611025
robot_66
   -2.036756,     25.54108,            0,            0,            0,    -0.719318,     0.694681
robot_63
   -31.48135,     14.00489,            0,            0,            0,    0.2359414,    0.9717673
robot_31
    -39.0257,    -5.987694,            0,            0,            0,    0.4003557,    0.9163598
robot_159
   -23.99948,    -22.02713,            0,            0,            0,     0.331362,    0.9435037
robot_160
   -19.58994,    -34.01635,            0,            0,            0,   -0.4330256,    0.9013816
robot_151
    21.31182,    -10.01853,            0,            0,            0,   -0.4005742,    0.9162643
robot_150
    5.980318,     38.21804,            0,            0,            0,   -0.9267655,    0.3756405
robot_137
    10.08986,     34.08616,            0,            0,            0,    0.9493297,    0.3142819
robot_199
   -5.558008,    -13.99178,            0,            0,            0,     0.449423,    0.8933191
robot_54
    37.94171,     26.08145,            0,            0,            0,    0.3008213,    0.9536805
robot_117
   -38.08471,     20.55259,            0,            0,            0,   -0.8971609,    0.4417039
robot_36
   -36.79285,    -14.02518,            0,            0,            0,     0.968365,     0.249538
robot_33
    6.286669,     34.07131,            0,            0,            0,   -0.5448717,    0.8385195
robot_146
   -2.073338,     18.67126,            0,            0,            0,   -0.0952249,    0.9954558
robot_156
   -21.95722,    -1.785876,            0,            0,            0,     -0.24601,    0.9692673
robot_112
   -2.526133,     30.04525,            0,            0,            0,    0.2234948,    0.9747051
robot_19
    28.53145,     14.02409,            0,            0,            0,    0.9982314,    0.0594481
robot_141
    3.523973,    -21.98262,            0,            0,            0,   -0.9539917,     0.299833
robot_35
   -6.081482,     13.67721,            0,            0,            0,   -0.9566904,    0.2911072
robot_184
   -17.09716,     5.990299,            0,            0,            0,    0.9519803,    0.3061593
robot_98
   -30.03821,    -9.790763,            0,            0,            0,    0.9999986,  0.001657877
robot_100
   -3.103512,     -6.02208,            0,            0,            0,  -0.05165904,    0.9986648
robot_164
    -29.9386,    -37.78765,            0,            0,            0,      0.76941,    0.6387552
robot_59
    18.45235,    -29.97364,            0,            0,            0,   -0.7700536,    0.6379792
robot_144
   -14.07706,     8.147437,            0,            0,            0,   -0.9809065,      0.19448
robot_101
    33.90369,     32.99206,            0,            0,            0,   -0.9723621,    0.2334778
robot_161
   -23.94277,     22.02828,            0,            0,            0,    0.7823129,    0.6228857
robot_149
    25.69129,     10.02788,            0,            0,            0,   -0.1106304,    0.9938616
robot_86
   -1.957631,     9.979766,            0,            0,            0,   -0.6347673,    0.7727034
robot_191
    5.932193,    -26.42884,            0,            0,            0,    0.4492607,    0.8934007
robot_126
   -33.26081,      30.0255,            0,            0,            0,    0.9477437,    0.3190326
robot_190
   -34.07952,    -7.666227,            0,            0,            0,   -0.9654321,    0.2606547
robot_131
    38.08119,    -22.03261,            0,            0,            0,    0.7918431,    0.6107246
robot_154
    21.95186,     8.781906,            0,            0,            0,    0.8476946,    0.5304846
robot_9
    33.93644,     29.65565,            0,            0,            0,    0.3663818,    0.9304646
robot_27
   -30.07158,    -35.68413,            0,            0,            0,    0.1176036,    0.9930606
robot_34
   -14.15741,     25.85527,            0,            0,            0,   -0.5208595,    0.8536424
robot_114
   -6.066551,    -19.73456,            0,            0,            0,     0.767355,    0.6412226
robot_51
   -26.07626,     12.24553,            0,            0,            0,   -0.8168217,    0.5768901
robot_108
    18.01691,     -2.04207,            0,            0,            0,    0.9834138,    0.1813763
robot_147
   -3.285573,     34.03074,            0,            0,            0,    0.8130396,    0.5822084
robot_183
    18.96121,     30.02708,            0,            0,            0,    0.1761588,    0.9843618
robot_48
   -27.97128,    -38.00352,            0,            0,            0,     0.458346,    0.8887738
robot_60
   -35.81916,     25.98432,            0,            0,            0,    0.2728759,    0.9620492
robot_75
   -30.09416,     30.41289,            0,            0,            0,   -0.7128911,    0.7012748
robot_152
    14.43601,      29.9671,            0,            0,            0,   -0.4717718,    0.8817207
robot_26
    37.98405,    -6.166029,            0,            0,            0,   -0.7917579,     0.610835
robot_182
    5.939772,     30.64162,            0,            0,            0,    0.9970273,   0.07704868
robot_172
     33.8826,     17.77843,            0,            0,            0,   -0.7352775,    0.6777661
robot_43
    31.15786,    -2.028686,            0,            0,            0,   -0.2995075,    0.9540939
robot_170
    13.96292,    -18.32505,            0,            0,            0,    0.8584589,    0.5128823
robot_177
    30.06838,     10.17706,            0,            0,            0,   -0.4610422,    0.8873782
robot_80
     -5.6634,     29.98373,            0,            0,            0,   -0.5675587,     0.823333
robot_16
   -26.24121,    -21.84758,            0,            0,            0,   -0.4535776,    0.8912168
robot_13
   -34.47216,     13.95824,            0,            0,            0,   -0.9527533,    0.3037451
robot_178
    22.00193,     1.898379,            0,            0,            0,   -0.9628113,    0.2701749
robot_88
    25.90451,    -34.88344,            0,            0,            0,    0.1279695,    0.9917781
robot_194
   -18.04348,    -35.83126,            0,            0,            0,   -0.5811712,    0.8137813
robot_29
   -29.63209,     21.94253,            0,            0,            0,   -0.9267082,    0.3757818
robot_92
   -10.06539,    -33.53082,            0,            0,            0,   -0.5561389,    0.8310894
robot_87
    29.84253,    -9.932961,            0,            0,            0,    0.9986945,   0.05108136
robot_68
    -22.0651,     26.07305,            0,            0,            0,   -0.8593379,    0.5114082
robot_22
    5.146784,     5.972692,            0,            0,            0,   -0.3787186,    0.9255119
robot_38
   -22.03816,    -15.05034,            0,            0,            0,    0.9934545,    0.1142284
robot_2
   -26.43274,    -18.03144,            0,            0,            0,   -0.5343736,    0.8452484
robot_110
   -14.19947,     22.00228,            0,            0,            0,   -0.8912449,    0.4535223
robot_14
   -33.92585,     9.948645,            0,            0,            0,    0.1309727,     0.991386
robot_181
   -14.08067,    -5.987931,            0,            0,            0,   -0.6612769,    0.7501419
robot_61
    16.56364,     37.97107,            0,            0,            0,   -0.5265946,    0.8501165
robot_30
    13.71598,     26.09134,            0,            0,            0,   -0.9479813,    0.3183261
robot_122
   -14.01667,     1.766657,            0,            0,            0,    0.5341212,    0.8454079
robot_132
   -34.24315,    -34.13334,            0,            0,            0,   -0.8889471,    0.4580099
robot_45
    13.91531,     23.83234,            0,            0,            0,    0.2676303,    0.9635217
robot_21
   -14.79703,     38.00702,            0,            0,            0,   -0.5504228,    0.8348861
robot_39
   -18.66609,     -2.02387,            0,            0,            0,   -0.9999634,  0.008557291
robot_134
   -30.09494,    -22.48271,            0,            0,            0,   -0.1117763,    0.9937334
robot_15
   -5.850951,     22.07343,            0,            0,            0,    0.8427437,    0.5383149
robot_145
     26.0095,     30.25006,            0,            0,            0,    0.9517549,    0.3068592
robot_140
    7.512549,     22.01077,            0,            0,            0,   -0.9003438,    0.4351793
robot_196
  -0.3040887,    -13.96729,            0,            0,            0,    0.9988102,   0.04876711
robot_188
   -37.97656,     26.08343,            0,            0,            0,    0.9290295,    0.3700055
robot_4
   -38.09609,     12.87458,            0,            0,            0,     0.795317,    0.6061938
robot_155
    33.58171,    -1.964749,            0,            0,            0,   -0.9634997,    0.2677094
robot_135
    30.69307,     30.00099,            0,            0,            0,    0.9997399,   0.02280744
robot_93
    -2.03008,    -9.664583,            0,            0,            0,    0.8087884,    0.5880998
robot_111
    21.90521,      35.8012,            0,            0,            0,   -0.8599109,    0.5104441
robot_0
    32.31972,     6.028282,            0,            0,            0,   -0.5536207,    0.8327689
robot_49
   -14.06593,      14.5997,            0,            0,            0,    0.9234642,    0.3836846
robot_113
    5.962885,    -3.491036,            0,            0,            0,   -0.9820566,    0.1885867
robot_94
    9.919814,     31.14039,            0,            0,            0,    0.9918428,    0.1274674
robot_40
   -10.50374,    -1.992104,            0,            0,            0,    0.7979618,    0.6027081
robot_103
    5.906649,     11.89752,            0,            0,            0,    0.5586896,    0.8293768
robot_6
    17.74735,     22.05876,            0,            0,            0,   -0.8945714,    0.4469251
robot_71
    29.69722,     -34.0738,            0,            0,            0,    0.4804857,    0.8770025
robot_17
   -29.86686,    -6.082205,            0,            0,            0,   -0.5158319,    0.8566898
robot_120
    12.37081,     -22.0075,            0,            0,            0,   0.01163237,    0.9999323
robot_189
    33.93631,     14.66423,            0,            0,            0,     0.199744,    0.9798481
robot_148
    33.71657,    -18.08012,            0,            0,            0,     0.461507,    0.8871366
robot_186
    1.958036,     22.28729,            0,            0,            0,    0.4171983,    0.9088155
robot_198
   -17.96502,     14.09335,            0,            0,            0,     0.494643,    0.8690962
robot_107
    17.90784,    -5.537423,            0,            0,            0,   -0.7853321,    0.6190747
robot_18
    6.358777,     13.98029,            0,            0,            0,    0.2199318,    0.9755153
robot_23
    21.22535,    -17.97038,            0,            0,            0,   -0.5175222,    0.8556698
robot_46
    25.96373,    -13.52534,            0,            0,            0,     0.614955,    0.7885622
robot_109
    29.95567,     17.21167,            0,            0,            0,    -0.995831,   0.09121705
robot_10
   -6.096325,    -31.20135,            0,            0,            0,   -0.9886804,    0.1500371
robot_157
    21.74406,    -38.14728,            0,            0,            0,   -0.6868244,    0.7268234
robot_70
   -4.841052,      25.9856,            0,            0,            0,   -0.4882969,    0.8726776
robot_55
   -14.07569,    -13.04378,            0,            0,            0,    0.5117776,     0.859118
robot_73
   -38.04753,    -8.782613,            0,            0,            0,   -0.8385459,    0.5448309
robot_69
    25.74477,    -18.05379,            0,            0,            0,   -0.6269957,    0.7790227
robot_65
    19.68351,     34.02069,            0,            0,            0,   -0.9316352,    0.3633949
robot_124
    25.89669,    -29.89374,            0,            0,            0,  -0.09714196,    0.9952705
robot_115
   -30.08546,     2.820391,            0,            0,            0,   -0.5422229,    0.8402347
robot_130
     17.8914,    -10.02719,            0,            0,            0,    0.4251144,    0.9051396
robot_85
    13.95887,     8.012875,            0,            0,            0,    0.7596166,    0.6503711
robot_91
   -23.36614,     2.010729,            0,            0,            0,    0.1101349,    0.9939166
robot_47
   -4.930625,    -22.00513,            0,            0,            0,    0.8257512,    0.5640345
robot_52
    17.96339,     15.28588,            0,            0,            0,    0.7563096,    0.6542138
robot_195
   -14.04909,     10.32187,            0,            0,            0,   -0.2859153,    0.9582549
robot_72
    33.91534,    -6.585986,            0,            0,            0,   -0.9828762,    0.1842673
robot_158
   -30.08024,     10.56673,            0,            0,            0,    0.1291231,    0.9916286
robot_153
   -36.14768,     17.98134,            0,            0,            0,    0.9723958,    0.2333377
robot_105
    5.966636,     27.69048,            0,            0,            0,    0.7556142,    0.6550169
robot_162
    1.957102,    -27.56802,            0,            0,            0,    0.9970472,   0.07679071
robot_97
   -15.50872,    -21.96986,            0,            0,            0,   -0.2335807,    0.9723374
robot_90
   -26.46209,    -25.90622,            0,            0,            0,  -0.02047343,    0.9997904
robot_165
   -26.05073,   -0.1789509,            0,            0,            0,    -0.800628,    0.5991618
robot_42
    13.51374,     37.93668,            0,            0,            0,   -0.5191745,    0.8546683
robot_7
   -8.726381,    -10.02093,            0,            0,            0,   -0.8198024,    0.5726465
robot_28
    9.907662,     21.10705,            0,            0,            0,   -0.5404015,    0.8414073
robot_118
    9.936458,      15.8576,            0,            0,            0,    0.4762971,    0.8792844
robot_139
   -22.08734,     -4.58188,            0,            0,            0,   -0.2130436,    0.9770427
robot_129
   -14.07884,    -20.34525,            0,            0,            0,    0.9009374,    0.4339491
robot_57
    -34.0611,     19.27363,            0,            0,            0,   -0.9502364,    0.3115299
robot_24
     9.94632,    -25.92806,            0,            0,            0,    0.3974999,    0.9176022
robot_106
   -10.09339,     33.69631,            0,            0,            0,   -0.5698306,    0.8217622
robot_185
   -9.179775,     -29.9954,            0,            0,            0,   -0.2783561,    0.9604779
robot_174
    12.86524,    -38.02066,            0,            0,            0,    0.9970053,   0.07733334
robot_58
    15.42583,     22.00191,            0,            0,            0,   -0.8254927,    0.5644127
robot_12
   -18.03804,     7.895376,            0,            0,            0,    0.1979669,    0.9802087
robot_95
   -10.09758,     4.072271,            0,            0,            0,    0.8069883,    0.5905674
robot_78
    17.93863,    -26.69358,            0,            0,            0,   -0.7601727,     0.649721
robot_62
   -9.721082,     22.01713,            0,            0,            0,    0.2226125,     0.974907
robot_121
    33.93908,    -34.10725,            0,            0,            0,    -0.823258,    0.5676673
robot_83
   -5.802083,    -33.91944,            0,            0,            0,    0.8003965,     0.599471
robot_127
   -2.035861,    -12.92113,            0,            0,            0,   -0.9902105,    0.1395823
robot_128
   -6.092969,    -39.03282,            0,            0,            0,      0.30481,    0.9524132
robot_32
    9.968239,    -38.06981,            0,            0,            0, -0.003821476,    0.9999927
robot_89
    2.315143,     9.956406,            0,            0,            0,    0.3029784,    0.9529974
robot_11
    9.959383,    -32.75873,            0,            0,            0,   -0.5560443,    0.8311527
robot_37
   -14.06165,    -39.14874,            0,            0,            0,   -0.1186774,    0.9929329
robot_175
   -17.88608,    -10.13775,            0,            0,            0,    0.1545638,    0.9879828
robot_50
    33.88541,    -26.08326,            0,            0,            0,    0.7931079,    0.6090811
robot_64
    23.13111,    -29.99499,            0,            0,            0,   0.09456176,     0.995519
robot_76
    25.94664,     5.785834,            0,            0,            0,   -0.3790326,    0.9253833
robot_104
   -36.56752,    -5.981963,            0,            0,            0,   0.02458718,    0.9996977
robot_169
    13.95517,     -10.5317,            0,            0,            0,     0.940323,    0.3402832
robot_53
    22.51886,    -22.00609,            0,            0,            0,   0.05100432,    0.9986984
