tuw_multi_robot_msgs::RobotGoalsArray @1970-01-01T01:17:38.700000
frame_id: map
        4658,    700000000
robot_84
    -5.55626,     21.99723,            0,            0,            0,  -0.07272223,    0.9973522
robot_116
   -37.77029,     9.932772,            0,            0,            0,     0.564863,    0.8251847
robot_74
    21.94154,    -8.757017,            0,            0,            0,    0.9196185,    0.3928127
robot_41
   -33.69874,      22.0463,            0,            0,            0,   0.09744664,    0.9952408
robot_125
     32.4246,    -29.96784,            0,            0,            0,    -0.955055,    0.2964287
robot_136
    -1.88735,     26.02755,            0,            0,            0,    0.8962392,     0.443571
robot_173
    1.958268,    -21.59359,            0,            0,            0,    0.7407507,      0.67178
robot_67
    21.90795,    -18.52496,            0,            0,            0,    0.1974877,    0.9803054
robot_197
   -30.07506,    -22.92522,            0,            0,            0,   -0.6332901,    0.7739145
robot_119
    -10.0673, -0.006583745,            0,            0,            0,   -0.8532334,    0.5215293
robot_82
    13.84866,    -38.31581,            0,            0,            0,    0.3270536,    0.9450058
robot_77
   -34.98156,     29.97047,            0,            0,            0,    0.9758849,    0.2182856
robot_5
   -25.97211,    -29.79114,            0,            0,            0,   -0.8839348,    0.4676102
robot_133
   -32.61238,    -5.999961,            0,            0,            0,    0.1497452,    0.9887246
robot_99
   -6.118688,    -33.83803,            0,            0,            0,     0.567357,    0.8234719
robot_171
    32.36455,    -6.015826,            0,            0,            0,    0.8107423,    0.5854032
robot_180
    29.96046,    -17.51023,            0,            0,            0,    0.3441169,    0.9389268
robot_56
   -18.12541,     34.11919,            0,            0,            0,  -0.04494645,    0.9989894
robot_3
   -10.09161,    -27.88065,            0,            0,            0,   -0.8568564,    0.5155551
robot_81
   -30.04284,    -16.35126,            0,            0,            0,     0.730011,    0.6834354
robot_167
     32.3746,    -34.02771,            0,            0,            0,    0.5983544,    0.8012315
robot_25
   -10.09899,    -30.52399,            0,            0,            0,   -0.9935133,    0.1137156
robot_168
   -2.047504,     23.50756,            0,            0,            0,    0.9221162,     0.386913
robot_96
   -30.18641,     2.142288,            0,            0,            0,    0.5093058,    0.8605856
robot_166
    33.89615,    -9.668318,            0,            0,            0,     0.339385,    0.9406475
robot_102
   -37.88843,     18.14744,            0,            0,            0,     0.996716,   0.08097686
robot_192
   -10.05679,     19.86248,            0,            0,            0,    0.6703244,    0.7420682
robot_179
    16.76588,    -30.00538,            0,            0,            0,     0.896811,    0.4424138
robot_142
   -26.13015,      26.1258,            0,            0,            0,    0.8530791,    0.5217817
robot_1
    33.57722,     34.00017,            0,            0,            0,    0.9657532,    0.2594623
robot_44
    13.87851,     5.643664,            0,            0,            0,    0.8953846,    0.4452935
robot_163
   -18.05229,     30.07531,            0,            0,            0,    0.5438935,    0.8391543
robot_79
   -33.98557,     9.835474,            0,            0,            0,   -0.7966314,    0.6044654
robot_8
    1.832215,     26.02809,            0,            0,            0,   -0.9643143,    0.2647602
robot_20
   -18.18921,     6.138328,            0,            0,            0,   -0.6156443,    0.7880242
robot_143
   -30.03441,    -11.05378,            0,            0,            0,   -0.9216916,    0.3879235
robot_138
    29.92443,     25.51594,            0,            0,            0,    0.5355111,    0.8445282
robot_123
   -9.946239,     2.073118,            0,            0,            0,    -0.852458,    0.5227957
robot_193
    9.931565,    -8.332395,            0,            0,            0,    0.9506874,    0.3101506
robot_187
   -18.04878,     11.74559,            0,            0,            0,    -0.867175,    0.4980036
robot_176
    11.60589,    -22.02587,            0,            0,            0,   -0.6614247,    0.7500115
robot_66
   -30.08858,    -31.97335,            0,            0,            0,   0.02175499,    0.9997633
robot_63
    29.77159,    -22.01081,            0,            0,            0,    0.4690835,    0.8831538
robot_31
   -38.22838,    -10.04206,            0,            0,            0,    0.4252571,    0.9050726
robot_159
   -22.03341,      35.1187,            0,            0,            0,   -0.4990784,    0.8665568
robot_160
     1.91694,     16.05946,            0,            0,            0,   -0.1622896,    0.9867432
robot_151
    10.54026,     -34.0008,            0,            0,            0,    0.9846146,    0.1747398
robot_150
    10.43791,    -6.009316,            0,            0,            0,    0.9775339,    0.2107784
robot_137
   -26.07401,     23.29048,            0,            0,            0,    0.5907906,    0.8068249
robot_199
    18.27319,     -1.97079,            0,            0,            0,    0.3122274,    0.9500074
robot_54
    30.10288,     34.09477,            0,            0,            0,    0.4338042,    0.9010072
robot_117
    21.93513,     14.56702,            0,            0,            0,    0.8611141,    0.5084117
robot_36
    22.01087,     17.77394,            0,            0,            0,    -0.956619,     0.291342
robot_33
    21.88418,     9.849228,            0,            0,            0,   -0.9058188,    0.4236654
robot_146
    33.55757,     18.02473,            0,            0,            0,   -0.3639186,    0.9314308
robot_156
    31.59851,    -10.02662,            0,            0,            0,    0.9958258,    0.0912743
robot_112
   -38.08251,     29.94206,            0,            0,            0,    0.6568348,    0.7540345
robot_19
    6.128202,    -5.854912,            0,            0,            0,   -0.8260895,    0.5635389
robot_141
   -26.34216,     6.028239,            0,            0,            0,   0.05433671,    0.9985227
robot_35
    24.93026,    -14.00346,            0,            0,            0,   -0.8324185,    0.5541475
robot_184
    13.92333,     30.09141,            0,            0,            0,   -0.7822147,    0.6230089
robot_98
    25.95826,     17.81815,            0,            0,            0,    0.9758442,    0.2184677
robot_100
     5.54741,    -17.98449,            0,            0,            0,    -0.209269,    0.9778581
robot_164
    17.91601,    -4.420143,            0,            0,            0,   -0.9914302,    0.1306372
robot_59
    17.98293,     5.869458,            0,            0,            0,   -0.6522313,      0.75802
robot_144
      13.926,    -18.41335,            0,            0,            0,   -0.2161483,    0.9763605
robot_101
    32.46269,      25.9768,            0,            0,            0,      0.62727,    0.7788019
robot_161
    22.38882,    -33.92039,            0,            0,            0,    0.4878101,    0.8729498
robot_149
   -2.256131,    -6.007286,            0,            0,            0,   -0.1296564,     0.991559
robot_86
    5.916908,     26.70448,            0,            0,            0,    0.6383169,    0.7697737
robot_191
   -26.25268,    -1.850525,            0,            0,            0,   -0.6136252,    0.7895974
robot_126
    29.80674,     9.819635,            0,            0,            0,    0.8065249,    0.5912001
robot_190
   -14.40548,    -25.97747,            0,            0,            0,     -0.61254,    0.7904396
robot_131
    26.41327,    -2.005262,            0,            0,            0,    0.9858726,    0.1674969
robot_154
   -26.13464,     -14.3004,            0,            0,            0,   -0.9469165,    0.3214797
robot_9
   -6.127505,    -38.29777,            0,            0,            0,    0.4584606,    0.8887148
robot_27
   -18.45815,     38.00049,            0,            0,            0,    0.1518812,    0.9883988
robot_34
   -22.13525,      37.6719,            0,            0,            0,    0.8046239,    0.5937848
robot_114
   -17.32009,    -21.97767,            0,            0,            0,    0.8480862,    0.5298583
robot_51
    29.74678,    -5.911464,            0,            0,            0,    0.5682458,    0.8228589
robot_108
   -22.05869,    -2.450021,            0,            0,            0,   -0.4548266,      0.89058
robot_147
   -21.85818,    -34.11242,            0,            0,            0,     0.440578,    0.8977143
robot_183
   -5.347434,      30.0298,            0,            0,            0,   -0.2277677,    0.9737155
robot_48
    1.938821,    -16.83457,            0,            0,            0,   -0.1618878,    0.9868092
robot_60
    5.488809,    -10.09555,            0,            0,            0,    0.1412468,    0.9899744
robot_75
   -8.373333,    -38.01196,            0,            0,            0,   -0.4935131,    0.8697384
robot_152
    25.92627,    -22.05742,            0,            0,            0,   -0.7316988,    0.6816281
robot_26
   -14.29525,    -5.969108,            0,            0,            0,   -0.8217056,    0.5699122
robot_182
   -22.01714,    -13.94598,            0,            0,            0,    0.8152871,     0.579057
robot_172
    14.25686,     9.908838,            0,            0,            0,    -0.599486,    0.8003853
