tuw_multi_robot_msgs::RobotGoalsArray @1970-01-01T01:30:58.500000
frame_id: map
        5458,    500000000
robot_84
    1.786167,    -29.96369,            0,            0,            0,   -0.3851183,    0.9228672
robot_116
   -31.47618,     37.98063,            0,            0,            0,     0.421152,    0.9069901
robot_74
    37.90497,     29.25627,            0,            0,            0,   -0.9539066,    0.3001035
robot_41
     32.9294,     1.991997,            0,            0,            0,   -0.9034821,    0.4286259
robot_125
     18.3037,    -1.907969,            0,            0,            0,    0.5670031,    0.8237156
robot_136
   -38.02556,    -17.93214,            0,            0,            0,    0.7233046,    0.6905292
robot_173
   -38.77776,    -34.01297,            0,            0,            0,    0.9995059,   0.03143163
robot_67
    29.91402,    -27.07371,            0,            0,            0,     0.194655,    0.9808718
robot_197
   -10.08942,    -3.017409,            0,            0,            0,    0.3109476,    0.9504271
robot_119
    25.71203,    -13.94709,            0,            0,            0,    0.8102955,    0.5860214
robot_82
   -12.98069,    -25.99165,            0,            0,            0,    0.2585342,    0.9660021
robot_77
   -26.00847,    -13.88348,            0,            0,            0,    0.6774713,    0.7355492
robot_5
     9.95579,     12.25187,            0,            0,            0,   -0.4285847,    0.9035016
robot_133
    -10.3482,    -14.03541,            0,            0,            0,     0.279821,    0.9600522
robot_99
    2.015078,    -10.32923,            0,            0,            0,    0.8921495,    0.4517403
robot_171
   -17.61277,    -14.01803,            0,            0,            0,    0.2195278,    0.9756062
robot_180
    33.61281,    -10.06872,            0,            0,            0,   -0.1277634,    0.9918047
robot_56
   -27.55028,     26.03083,            0,            0,            0,   -0.5606152,    0.8280764
robot_3
   -6.052871,    -32.29826,            0,            0,            0,    0.9659962,    0.2585563
robot_81
   -30.16154,     10.27314,            0,            0,            0,    0.9604407,    0.2784847
robot_167
    37.91186,    -10.69583,            0,            0,            0,   -0.9985795,   0.05328246
robot_25
   -29.98252,    -38.09849,            0,            0,            0,    0.9214255,    0.3885552
robot_168
   -34.02144,    -10.24971,            0,            0,            0,    0.9560171,    0.2933109
robot_96
   -22.27621,     5.876021,            0,            0,            0,   -0.2020033,    0.9793848
robot_166
   -26.01451,     17.97584,            0,            0,            0,    0.8144304,    0.5802613
robot_102
    17.97994,     25.77025,            0,            0,            0,     0.615633,     0.788033
robot_192
   -22.08718,     15.19444,            0,            0,            0,    0.9599223,    0.2802662
robot_179
    5.887271,     -33.9604,            0,            0,            0,    0.1470514,    0.9891289
robot_142
    15.37912,     -29.9958,            0,            0,            0,   -0.5053769,    0.8628987
robot_1
    -25.6521,     9.983021,            0,            0,            0,   -0.9433936,    0.3316753
robot_44
    22.31868,     17.93353,            0,            0,            0,    0.9976622,   0.06833848
robot_163
    -25.9473,     -21.7699,            0,            0,            0,     0.964893,    0.2626432
robot_79
   -33.94796,    -1.930315,            0,            0,            0,    0.1620082,    0.9867894
robot_8
   -33.90289,    -17.82557,            0,            0,            0,    0.8020593,    0.5972444
robot_20
    1.859346,     13.68452,            0,            0,            0,    0.9578643,    0.2872211
robot_143
    17.93675,    0.2632044,            0,            0,            0,   0.03721026,    0.9993075
robot_138
    37.62245,    -30.07199,            0,            0,            0,    -0.993451,    0.1142589
robot_123
     17.9308,    -39.18641,            0,            0,            0,    0.9518358,    0.3066083
robot_193
    25.76859,    -30.12802,            0,            0,            0,   -0.5248743,    0.8511798
robot_187
   -15.07115,     10.03328,            0,            0,            0,    0.9821563,    0.1880667
robot_176
     9.64761,     34.06809,            0,            0,            0,    0.8281259,    0.5605422
robot_66
    6.585053,     25.97212,            0,            0,            0,   -0.9872104,    0.1594226
robot_63
    9.977883,    -29.89757,            0,            0,            0,   -0.7270426,    0.6865923
robot_31
    14.07869,    -5.878079,            0,            0,            0,   -0.9919573,    0.1265733
robot_159
    29.94277,    -35.09366,            0,            0,            0,    0.8425413,    0.5386318
robot_160
    -30.2962,    -21.98845,            0,            0,            0,    0.9824961,    0.1862831
robot_151
    15.40103,     -21.9829,            0,            0,            0,   -0.5525581,    0.8334744
robot_150
   -34.06389,     29.97375,            0,            0,            0,  -0.06412817,    0.9979417
robot_137
    17.90893,    -27.86681,            0,            0,            0,   -0.9793447,    0.2021978
robot_199
   -6.045183,    -12.46325,            0,            0,            0,   -0.7984506,    0.6020603
robot_54
   -22.00493,    -9.946619,            0,            0,            0,    0.7545168,    0.6562808
robot_117
   -8.894037,    -34.01684,            0,            0,            0,   -0.2372334,    0.9714527
robot_36
   -14.10369,    -29.78659,            0,            0,            0,   -0.8544591,    0.5195187
robot_33
    29.92293,     25.99806,            0,            0,            0,    0.3001797,    0.9538827
robot_146
   -21.97712,     18.30309,            0,            0,            0,   -0.9057532,    0.4238056
robot_156
   -26.03837,     -27.0415,            0,            0,            0,   -0.1310351,    0.9913777
robot_112
     29.9436,     18.57779,            0,            0,            0,     0.878771,    0.4772436
robot_19
    14.00582,    -2.360742,            0,            0,            0,    0.9509942,    0.3092089
robot_141
    29.93476,    -8.443168,            0,            0,            0,   0.06275681,    0.9980288
robot_35
   -20.92287,     34.03281,            0,            0,            0,    0.9706859,    0.2403515
robot_184
    1.947684,    -13.50791,            0,            0,            0,   -0.9159987,    0.4011813
robot_98
    20.72557,    -13.98471,            0,            0,            0,   -0.9579814,    0.2868303
robot_100
   -34.05681,    -19.79147,            0,            0,            0,    0.2899492,     0.957042
robot_164
    33.38797,    -30.01953,            0,            0,            0,   -0.0978391,    0.9952022
robot_59
   -9.901891,    -26.12589,            0,            0,            0,    0.9997624,   0.02179694
robot_144
   -29.89159,    -30.01599,            0,            0,            0,   -0.6887793,    0.7249711
robot_101
   -22.18321,      38.0161,            0,            0,            0,   -0.7188728,    0.6951416
robot_161
   -32.59602,     14.00663,            0,            0,            0,     0.725133,    0.6886089
robot_149
   -14.06821,    -10.94902,            0,            0,            0,    0.6929501,    0.7209855
robot_86
     20.5743,     33.97683,            0,            0,            0,    0.9999749,  0.007079236
robot_191
    25.94095,     35.35284,            0,            0,            0,   -0.9884815,    0.1513417
robot_126
    23.65259,     9.982238,            0,            0,            0,    0.9697831,    0.2439688
robot_190
   -30.94397,    -18.03017,            0,            0,            0,    0.9901932,    0.1397049
robot_131
   -30.09308,    -6.159613,            0,            0,            0,   -0.5867621,    0.8097594
robot_154
    33.59318,     37.97308,            0,            0,            0,   -0.5490474,    0.8357912
robot_9
   -10.02115,    -18.12762,            0,            0,            0,    0.7999612,    0.6000517
robot_27
    13.90592,     25.91722,            0,            0,            0,    0.9297767,     0.368124
robot_34
   -22.26318,    -17.85728,            0,            0,            0,    0.6220953,    0.7829415
robot_114
    1.748784,    -25.93332,            0,            0,            0,   -0.2458062,     0.969319
robot_51
   -5.971038,     9.705804,            0,            0,            0,    0.2817916,    0.9594756
robot_108
    5.558392,     9.919459,            0,            0,            0,   0.06942453,    0.9975872
robot_147
    33.50439,     -13.9965,            0,            0,            0,   -0.1506032,    0.9885943
robot_183
   -38.08841,    -29.57585,            0,            0,            0,    0.5547817,    0.8319959
robot_48
   -38.04282,    -8.342567,            0,            0,            0,   -0.9081048,    0.4187429
robot_60
    1.542209,     17.91818,            0,            0,            0,    0.6299595,     0.776628
robot_75
   -37.85052,    -21.84091,            0,            0,            0,    0.9446731,    0.3280134
robot_152
    4.695611,     6.016216,            0,            0,            0,   -0.8107235,    0.5854293
robot_26
     29.9764,     2.186804,            0,            0,            0,    0.9491077,    0.3149517
robot_182
   -3.737154,    -9.988149,            0,            0,            0,   0.07949241,    0.9968355
robot_172
    -2.07075,     18.03086,            0,            0,            0,    0.9145726,    0.4044218
robot_43
   -25.84592,    -34.06938,            0,            0,            0,    0.2256419,    0.9742103
robot_170
    -22.0827,    -25.47531,            0,            0,            0,   -0.9327483,    0.3605282
robot_177
   -22.08485,    -7.951673,            0,            0,            0,    0.9379327,    0.3468173
robot_80
   -30.12777,    -13.68483,            0,            0,            0,   -0.4382236,     0.898866
robot_16
   -26.18717,     22.14583,            0,            0,            0,   -0.6451195,    0.7640817
robot_13
   -14.05577,     14.27046,            0,            0,            0,    0.3252536,    0.9456268
robot_178
    6.327081,     21.92335,            0,            0,            0,    -0.734949,    0.6781224
robot_88
    8.431884,     6.025883,            0,            0,            0,    0.7799003,    0.6259038
robot_194
    17.93425,     -20.6961,            0,            0,            0,   -0.1559347,    0.9877674
robot_29
    29.99397,     10.10507,            0,            0,            0,   -0.3265945,    0.9451646
robot_92
    25.93188,     21.37384,            0,            0,            0,   -0.4985374,    0.8668682
robot_87
     15.6389,     9.972182,            0,            0,            0,   -0.8666985,    0.4988324
robot_68
   -22.05346,    -27.63308,            0,            0,            0,   -0.7474427,    0.6643262
robot_22
    13.86388,     5.716327,            0,            0,            0,  -0.09872186,    0.9951151
robot_38
   -9.918948,    -30.00919,            0,            0,            0,    0.2654511,    0.9641243
robot_2
    37.96136,     27.14268,            0,            0,            0,    0.1431807,    0.9896966
robot_110
    2.377946,    -18.09795,            0,            0,            0,    0.7130271,    0.7011365
robot_14
     6.05153,      18.1522,            0,            0,            0,    0.2433593,    0.9699362
robot_181
   -23.93117,     29.96989,            0,            0,            0,   -0.3838241,    0.9234062
robot_61
    33.93448,     26.99491,            0,            0,            0,    0.7555022,    0.6551462
robot_30
    7.802721,    -22.01335,            0,            0,            0,    0.9425057,    0.3341901
robot_122
    8.770553,    -38.01952,            0,            0,            0,   -0.2687872,    0.9631996
robot_132
   -1.658013,     25.98885,            0,            0,            0,   -0.9800504,    0.1987492
robot_45
    33.53979,    -37.97273,            0,            0,            0,    0.3980132,    0.9173797
robot_21
    27.37222,    -25.99775,            0,            0,            0,    0.2321134,    0.9726887
robot_39
   -38.05313,     30.94209,            0,            0,            0,    0.9998139,    0.0192927
robot_134
   -37.90626,    -25.93497,            0,            0,            0,    0.9699412,    0.2433393
robot_15
    37.89081,     14.06682,            0,            0,            0,     0.653339,    0.7570655
robot_145
   -30.04834,     13.80237,            0,            0,            0,    0.5678883,    0.8231056
robot_140
   -18.22831,    -1.821843,            0,            0,            0,   -0.7097609,    0.7044427
robot_196
    27.81998,     26.02263,            0,            0,            0,    0.9994413,   0.03342311
robot_188
   -25.61792,     38.08794,            0,            0,            0,    0.9564101,     0.292027
robot_4
    25.70009,    -33.97705,            0,            0,            0,    -0.976411,      0.21592
robot_155
   -14.07167,     28.00305,            0,            0,            0,    -0.748267,    0.6633977
robot_135
   -23.06302,    -38.00673,            0,            0,            0,   -0.2466726,    0.9690989
robot_93
    13.88231,     29.88033,            0,            0,            0,    0.9132609,    0.4073751
robot_111
   -16.19484,     18.02998,            0,            0,            0,   -0.2383882,    0.9711699
robot_0
    -18.4015,     37.95972,            0,            0,            0,    0.4164285,    0.9091684
robot_49
    33.71764,    -25.89392,            0,            0,            0,    0.9583534,    0.2855849
robot_113
   -26.06382,    -19.18373,            0,            0,            0,   -0.7709418,    0.6369056
