tuw_multi_robot_msgs::RobotGoalsArray @1970-01-01T00:47:41.500000
frame_id: map
        2861,    500000000
robot_84
   -18.07158,    -20.84176,            0,            0,            0,   -0.5623481,    0.8269006
robot_116
    39.17509,    -25.99653,            0,            0,            0,  -0.09996337,    0.9949911
robot_74
    29.88148,    -22.13765,            0,            0,            0,   -0.6806103,    0.7326457
robot_41
   -8.842522,     6.032022,            0,            0,            0,     0.514066,    0.8577506
robot_125
    32.70369,     22.01759,            0,            0,            0,     0.934169,    0.3568309
robot_136
    30.08035,    -30.11837,            0,            0,            0,  -0.03955756,    0.9992173
robot_173
    -25.5813,     2.015761,            0,            0,            0,    0.9350146,    0.3546092
robot_67
    13.64088,    -26.02734,            0,            0,            0,    0.9126045,    0.4088435
robot_197
   -10.11086,    -26.24772,            0,            0,            0,   -0.9757697,    0.2188001
robot_119
     -2.4294,    -22.03119,            0,            0,            0,   -0.6624096,    0.7491419
robot_82
    26.56173,    -30.02336,            0,            0,            0,    0.5808069,    0.8140413
robot_77
   -22.26249,    -30.06662,            0,            0,            0,    0.1663101,    0.9860735
robot_5
   -16.47622,    -10.01452,            0,            0,            0,   -0.1465117,    0.9892089
robot_133
    17.95071,    -18.16529,            0,            0,            0,   -0.9946908,    0.1029089
robot_99
    33.84315,    -26.07302,            0,            0,            0,    -0.622082,    0.7829521
robot_171
     25.9327,     30.81469,            0,            0,            0,  -0.07799276,    0.9969539
robot_180
   -2.184984,     -13.8869,            0,            0,            0,    0.6040815,    0.7969226
robot_56
   -21.79156,     10.08929,            0,            0,            0,    0.9343143,    0.3564502
robot_3
   -38.46824,    -18.04294,            0,            0,            0,   -0.7897331,    0.6134506
robot_81
   -15.21677,      29.9731,            0,            0,            0,    0.2396068,      0.97087
robot_167
    17.90848,     10.03815,            0,            0,            0,    -0.860146,    0.5100479
robot_25
    24.13357,     26.01429,            0,            0,            0,   -0.9896514,    0.1434928
robot_168
    5.980058,     6.069648,            0,            0,            0,    0.3765938,    0.9263785
robot_96
   -30.06555,    -16.70305,            0,            0,            0,    0.6648276,    0.7469968
robot_166
   -6.264468,    -9.945248,            0,            0,            0,    0.7100456,    0.7041557
robot_102
   -14.08007,    -5.713953,            0,            0,            0,    0.0899857,    0.9959431
robot_192
    38.02465,    -22.13947,            0,            0,            0,    -0.703061,    0.7111296
robot_179
   -6.242923,     13.84987,            0,            0,            0,    0.7898271,    0.6133296
robot_142
    9.504456,     6.052957,            0,            0,            0,    0.7729466,    0.6344711
robot_1
   -34.02856,     37.98667,            0,            0,            0,     0.343688,    0.9390839
robot_44
   -30.13889,     10.22061,            0,            0,            0,   -0.8184747,    0.5745425
robot_163
    9.925858,     15.73598,            0,            0,            0,    0.9874853,     0.157711
robot_79
   -10.04502,     20.26241,            0,            0,            0,    0.4765166,    0.8791655
robot_8
   -22.05204,    -6.529206,            0,            0,            0,    0.7103078,    0.7038912
robot_20
     21.9452,     11.49815,            0,            0,            0,   -0.8655412,    0.5008377
robot_143
    22.04405,     6.161651,            0,            0,            0,   -0.7565276,    0.6539617
robot_138
   -29.63356,    -10.06021,            0,            0,            0,     0.984393,    0.1759844
robot_123
   -30.16727,     5.980098,            0,            0,            0,     0.497856,    0.8672597
robot_193
    30.30509,     33.92716,            0,            0,            0,   0.04931903,    0.9987831
robot_187
    2.229046,    -33.99944,            0,            0,            0,   -0.9648914,    0.2626492
robot_176
   -18.06577,  -0.09136697,            0,            0,            0,    0.9799918,    0.1990379
robot_66
     3.18558,    -10.01391,            0,            0,            0,   -0.9313753,    0.3640605
robot_63
   -30.00284,    -21.90253,            0,            0,            0,   -0.6140246,    0.7892869
robot_31
    37.82211,    -9.826006,            0,            0,            0,   -0.5045372,      0.86339
robot_159
    -19.6912,     14.00899,            0,            0,            0,   -0.9075261,    0.4199958
robot_160
    9.919157,    -2.292737,            0,            0,            0,   -0.5085876,    0.8610102
robot_151
   -18.07025,      9.66298,            0,            0,            0,    0.3443511,    0.9388409
robot_150
    33.94155,    -7.520321,            0,            0,            0,  -0.02869076,    0.9995883
robot_137
    -14.0333,    -29.59689,            0,            0,            0,    0.3855517,    0.9226862
robot_199
   -2.035341,    -30.91326,            0,            0,            0,     0.638139,    0.7699212
