tuw_multi_robot_msgs::RobotGoalsArray @1970-01-01T01:40:34.900000
frame_id: map
        6034,    900000000
robot_84
    18.97684,       5.9853,            0,            0,            0,    0.1362227,    0.9906782
robot_116
   -13.99272,     9.869462,            0,            0,            0,    0.1031749,    0.9946632
robot_74
   -24.93478,    -29.98222,            0,            0,            0,   -0.5183134,    0.8551907
robot_41
   -14.02376,     5.684257,            0,            0,            0,    0.3195679,    0.9475634
robot_125
    29.90975,     33.66306,            0,            0,            0,   -0.4295196,    0.9030575
robot_136
    30.28016,     21.97452,            0,            0,            0,    0.8376373,    0.5462268
robot_173
   -10.52347,    -22.08494,            0,            0,            0,    0.8043244,    0.5941904
robot_67
    6.067647,    -21.91981,            0,            0,            0,   -0.1507495,     0.988572
robot_197
    20.15062,    -38.01484,            0,            0,            0,    0.3903515,    0.9206659
robot_119
    9.728857,     9.999888,            0,            0,            0,    0.1972278,    0.9803577
robot_82
   -30.09068,      10.4302,            0,            0,            0,   -0.7948299,    0.6068322
robot_77
    25.87461,      33.9301,            0,            0,            0,   -0.9525846,    0.3042739
robot_5
   -22.41795,     26.00858,            0,            0,            0,   -0.5189317,    0.8548157
robot_133
    26.28798,    -38.01236,            0,            0,            0,   -0.2270465,    0.9738839
robot_99
    17.93088,     14.93547,            0,            0,            0,   -0.9978959,   0.06483637
robot_171
    22.06324,    -38.07953,            0,            0,            0,   -0.9972884,   0.07359187
robot_180
   -29.95082,     22.15944,            0,            0,            0,    0.9518914,    0.3064355
robot_56
   -22.08534,    -3.484078,            0,            0,            0,    0.9859149,     0.167248
robot_3
   -1.666454,    -13.96121,            0,            0,            0,    0.9747523,    0.2232888
robot_81
    3.723205,    -6.018597,            0,            0,            0,    0.9128276,    0.4083451
robot_167
    13.98366,     22.14277,            0,            0,            0,    -0.534149,    0.8453904
robot_25
     25.9104,    -23.84359,            0,            0,            0,    0.3884712,    0.9214609
robot_168
  0.08546309,     30.03119,            0,            0,            0,   -0.5399753,    0.8416808
robot_96
   -7.311215,    -22.02266,            0,            0,            0,    0.9163607,    0.4003537
robot_166
   -38.05945,     10.73104,            0,            0,            0,    0.2722875,    0.9622159
robot_102
   -33.55371,     9.977994,            0,            0,            0,   -0.8290517,     0.559172
robot_192
    9.931718,    -8.312723,            0,            0,            0,    0.9633444,    0.2682677
robot_179
   -32.65327,    -33.97278,            0,            0,            0,    0.2173813,    0.9760868
robot_142
    14.19934,    -25.93019,            0,            0,            0,  -0.09679034,    0.9953048
robot_1
    13.91927,     5.218441,            0,            0,            0,   -0.4649721,    0.8853253
robot_44
    33.96123,    -20.31063,            0,            0,            0,    0.4876741,    0.8730258
robot_163
   -26.06325,    -12.00485,            0,            0,            0,    0.9721558,    0.2343355
robot_79
    7.895613,    -18.00348,            0,            0,            0,   -0.9088192,    0.4171902
robot_8
     25.9424,     37.75669,            0,            0,            0,   -0.9032162,    0.4291858
robot_20
     13.5217,     30.09131,            0,            0,            0,    0.5203782,    0.8539359
robot_143
    5.949855,    -3.166169,            0,            0,            0,   -0.9856157,     0.169002
robot_138
    33.94601,    -7.257789,            0,            0,            0,   -0.9118927,    0.4104286
robot_123
    9.905983,     12.18872,            0,            0,            0,    0.9695005,    0.2450893
robot_193
   -6.044049,    -13.48816,            0,            0,            0,   -0.9982417,    0.0592743
robot_187
    22.31831,      -10.002,            0,            0,            0,    0.1088945,    0.9940533
robot_176
    33.96696,     17.78605,            0,            0,            0,   -0.4743084,    0.8803588
robot_66
   -22.08093,     17.19428,            0,            0,            0,    0.9588243,    0.2839999
robot_63
   -25.63117,     33.99416,            0,            0,            0,   0.07267331,    0.9973558
robot_31
   -25.33906,    -9.990901,            0,            0,            0,    0.7478598,    0.6638567
robot_159
    30.72936,     13.99425,            0,            0,            0,   -0.5414064,     0.840761
robot_160
    33.96437,     -4.14355,            0,            0,            0,   -0.8872106,    0.4613646
robot_151
   -22.22012,    -30.14841,            0,            0,            0,   -0.8218404,    0.5697178
robot_150
    -26.0443,    -27.50379,            0,            0,            0,   -0.5371717,    0.8434729
robot_137
   -14.36647,     34.09764,            0,            0,            0,    0.8864986,    0.4627313
robot_199
   -6.041108,    -26.99637,            0,            0,            0,   0.09262892,    0.9957007
robot_54
    9.908073,    -14.46198,            0,            0,            0,    0.7924914,    0.6098831
robot_117
    37.90814,    -12.02711,            0,            0,            0,    0.8675397,    0.4973679
robot_36
    36.49396,    -6.030645,            0,            0,            0,   -0.1769873,    0.9842131
robot_33
   -26.16647,    -1.983414,            0,            0,            0,    0.6201161,      0.78451
robot_146
   -34.37699,    -10.06295,            0,            0,            0,   -0.5377102,    0.8431297
robot_156
   -18.27676,     9.863906,            0,            0,            0,   -0.9696225,    0.2446061
robot_112
    33.99803,    -18.06831,            0,            0,            0,   -0.6680638,     0.744104
robot_19
      20.712,    -2.013297,            0,            0,            0,   -0.9380738,    0.3464356
robot_141
    37.95683,     21.71623,            0,            0,            0,   -0.9596686,    0.2811338
robot_35
   -22.13928,      22.2929,            0,            0,            0,    0.5474676,    0.8368269
robot_184
   -29.73531,    -37.90534,            0,            0,            0,  -0.05482279,    0.9984961
robot_98
    29.92334,    -27.72404,            0,            0,            0,    0.9913964,    0.1308936
robot_100
    25.43177,    -10.02512,            0,            0,            0,    0.4417957,    0.8971157
robot_164
    39.15311,    -17.96826,            0,            0,            0,    0.1202214,    0.9927471
robot_59
   -3.964949,    -14.00229,            0,            0,            0,    0.2432055,    0.9699748
robot_144
    1.154054,     26.00928,            0,            0,            0,   -0.8803771,    0.4742743
robot_101
   -10.07669,    -38.19159,            0,            0,            0,    0.8330991,    0.5531238
robot_161
   -22.03392,     10.46808,            0,            0,            0,    0.9154873,     0.402347
robot_149
   -1.977002,    -25.69311,            0,            0,            0,   0.07818799,    0.9969386
robot_86
   -6.076855,     3.584693,            0,            0,            0,   -0.6317694,    0.7751564
robot_191
    10.02876,    -37.77225,            0,            0,            0,   -0.9206425,    0.3904066
robot_126
   -33.86155,     13.84373,            0,            0,            0,   0.04316479,     0.999068
robot_190
    7.938148,     14.00799,            0,            0,            0,    -0.021491,     0.999769
robot_131
   -30.09137,     25.58945,            0,            0,            0,     -0.73604,     0.676938
robot_154
   -16.33348,     14.01878,            0,            0,            0,   0.08199825,    0.9966325
robot_9
    13.95273,    -12.91135,            0,            0,            0,    0.3502495,    0.9366564
robot_27
    13.49679,     2.032601,            0,            0,            0,     0.919687,    0.3926524
robot_34
    6.026262,     21.89631,            0,            0,            0,   -0.9505362,    0.3106137
robot_114
   -30.06432,      -29.367,            0,            0,            0,    0.9564145,    0.2920125
robot_51
   -10.07829,    -15.79228,            0,            0,            0,    0.1584672,    0.9873642
robot_108
   -6.293842,     29.97766,            0,            0,            0,   -0.1216174,     0.992577
robot_147
   -26.06236,     23.19475,            0,            0,            0,  -0.07717335,    0.9970177
robot_183
   -18.19354,    -38.06058,            0,            0,            0,    -0.978186,    0.2077309
robot_48
   -32.77038,     5.999008,            0,            0,            0,    0.5756491,    0.8176969
robot_60
   -30.09595,     -18.6079,            0,            0,            0,    0.7570166,    0.6533957
robot_75
   -2.082377,     6.265555,            0,            0,            0,   -0.7019868,    0.7121899
robot_152
   -38.09958,     27.06506,            0,            0,            0,    0.2400654,    0.9707567
robot_26
    18.82569,     37.99591,            0,            0,            0,    0.6163348,    0.7874842
robot_182
    25.92575,     9.231042,            0,            0,            0,   -0.9982225,   0.05959702
robot_172
   -18.03645,     -29.3851,            0,            0,            0,   -0.4242201,    0.9055591
robot_43
    34.13587,     6.107389,            0,            0,            0,   -0.5942216,    0.8043014
robot_170
    39.17621,     34.00461,            0,            0,            0,   -0.8219433,    0.5695693
robot_177
    27.95528,    -5.970003,            0,            0,            0,    0.5958674,    0.8030829
robot_80
    17.89702,     30.09346,            0,            0,            0,   -0.7988228,    0.6015665
robot_16
   -5.758463,     9.943475,            0,            0,            0,   -0.4750477,      0.87996
robot_13
    1.938472,    -28.22088,            0,            0,            0,     0.989128,    0.1470569
robot_178
   -34.09323,     2.090755,            0,            0,            0,    0.6011984,    0.7990998
robot_88
    29.92315,    -22.37186,            0,            0,            0,   -0.7798071,    0.6260199
robot_194
    21.90269,       14.721,            0,            0,            0,    0.3748356,    0.9270913
robot_29
    25.75737,     30.12836,            0,            0,            0,    0.9093125,    0.4161138
robot_92
   -26.03881,    -34.69448,            0,            0,            0,   -0.3304682,    0.9438171
robot_87
   -5.929385,     26.22311,            0,            0,            0,  -0.02431948,    0.9997042
robot_68
   -34.03655,    -35.76948,            0,            0,            0,   -0.8588074,    0.5122987
robot_22
    13.94612,    -1.837453,            0,            0,            0,   -0.9969132,   0.07851217
robot_38
    22.43115,     29.95697,            0,            0,            0,    0.9947849,    0.1019955
robot_2
   -18.06137,    -14.42577,            0,            0,            0,   -0.4484581,    0.8938039
robot_110
    37.99358,     17.88396,            0,            0,            0,   -0.2283509,    0.9735789
robot_14
    13.43899,    -29.94694,            0,            0,            0,   -0.7353365,    0.6777021
robot_181
   -19.73174,     29.99171,            0,            0,            0,   -0.3206684,    0.9471915
robot_61
   -9.919174,    -30.08063,            0,            0,            0,    0.9720324,    0.2348469
robot_30
      17.813,    -17.96885,            0,            0,            0,   -0.9980477,   0.06245646
robot_122
  -0.3297479,     33.98451,            0,            0,            0,  -0.07189637,    0.9974121
robot_132
    33.96482,    -35.62695,            0,            0,            0,   -0.9143673,    0.4048857
robot_45
    15.00891,     9.976086,            0,            0,            0,    0.8527551,    0.5223109
robot_21
   -6.834096,    -29.98043,            0,            0,            0,   -0.5956604,    0.8032364
robot_39
    24.64628,    -21.99999,            0,            0,            0,   -0.9819341,    0.1892231
robot_134
    25.92314,     27.58579,            0,            0,            0,    -0.852876,    0.5221136
robot_15
   -18.06236,    -20.02534,            0,            0,            0,    0.1769676,    0.9842167
robot_145
    14.65538,     33.98663,            0,            0,            0,    0.9116413,    0.4109869
robot_140
    20.24351,     29.99705,            0,            0,            0,    0.8311746,    0.5560115
robot_196
   -38.05026,    -20.90595,            0,            0,            0,   -0.9956176,   0.09351832
robot_188
    -18.0271,    -1.862853,            0,            0,            0,   -0.9996335,    0.0270723
robot_4
   -13.06209,    -1.973357,            0,            0,            0,    0.7527328,    0.6583261
robot_155
   -22.89143,    -34.00338,            0,            0,            0,   -0.3337651,    0.9426563
robot_135
     34.0916,     30.21622,            0,            0,            0,   -0.2372929,    0.9714381
robot_93
    37.94026,     23.92038,            0,            0,            0,    0.9995026,   0.03153582
robot_111
   -33.99609,    -1.639616,            0,            0,            0,   -0.7710281,    0.6368012
robot_0
    34.69343,    -10.01215,            0,            0,            0,    0.9608433,    0.2770922
robot_49
   -18.07618,    -7.046818,            0,            0,            0,   -0.9174115,    0.3979399
robot_113
    18.00916,     26.24911,            0,            0,            0,   -0.5316741,     0.846949
robot_94
   -27.14789,     5.981306,            0,            0,            0,  -0.01849852,    0.9998289
robot_40
    -6.37141,    -5.937972,            0,            0,            0,   -0.5621254,     0.827052
robot_103
 -0.09933363,    -25.97514,            0,            0,            0,    0.9412369,    0.3377472
robot_6
    37.91584,    -22.82606,            0,            0,            0,    0.3298757,    0.9440244
robot_71
    5.707559,     34.14853,            0,            0,            0,   -0.6216375,     0.783305
robot_17
    25.91391,    -17.73158,            0,            0,            0,   -0.6772581,    0.7357455
robot_120
     33.9466,     26.69807,            0,            0,            0,    0.3377297,    0.9412431
robot_189
   -26.07881,    -38.92392,            0,            0,            0,    0.6948109,    0.7191924
robot_148
   -22.58552,     6.023241,            0,            0,            0,    0.8582299,    0.5132654
robot_186
   -19.09418,    -17.98224,            0,            0,            0,    0.8430481,    0.5378381
robot_198
   -20.59415,    -38.01353,            0,            0,            0,    0.9771996,    0.2123225
robot_107
    13.90418,     39.19027,            0,            0,            0,    0.9935788,    0.1131427
robot_18
   -6.082663,    -18.59863,            0,            0,            0,   -0.8729114,    0.4878787
robot_23
    10.39598,     -2.02024,            0,            0,            0,    0.9025712,    0.4305407
robot_46
   -30.09354,     1.829937,            0,            0,            0,    0.7849774,    0.6195244
robot_109
    26.03038,     14.10971,            0,            0,            0,    0.9933766,    0.1149041
robot_10
    6.201414,    -14.00467,            0,            0,            0,   -0.3590494,    0.9333186
robot_157
   -23.70761,    -26.02344,            0,            0,            0,    0.5752057,    0.8180088
robot_70
   -25.82545,     14.07966,            0,            0,            0,   -0.5020559,    0.8648352
robot_55
   -2.213286,    -9.830998,            0,            0,            0,    0.9961265,   0.08793122
robot_73
   -16.97141,     38.00826,            0,            0,            0,   -0.9502735,    0.3114166
robot_69
   -37.66699,    -29.96337,            0,            0,            0,     -0.30132,    0.9535231
robot_65
    30.03126,    -13.98595,            0,            0,            0,   -0.9941657,    0.1078633
robot_124
    -38.2727,    -18.04999,            0,            0,            0,   -0.5881393,    0.8087597
robot_115
    13.92762,     14.21893,            0,            0,            0,    0.3942015,     0.919024
robot_130
   -30.09869,    -24.30054,            0,            0,            0,   -0.2751375,    0.9614049
robot_85
    13.93562,     25.34595,            0,            0,            0,   -0.6326637,    0.7744267
robot_91
    -2.08791,    -17.27122,            0,            0,            0,   -0.2545447,     0.967061
robot_47
    25.82841,    -5.925123,            0,            0,            0,    0.9086396,    0.4175811
robot_52
   -29.89087,     18.08094,            0,            0,            0,    0.8030372,     0.595929
robot_195
   -29.61827,    -33.92912,            0,            0,            0,   -0.9299901,    0.3675846
robot_72
   -29.79641,     33.90076,            0,            0,            0,   -0.7771523,    0.6293126
robot_158
    6.044325,     29.85705,            0,            0,            0,   -0.7733957,    0.6339236
robot_153
    18.00994,    -30.00919,            0,            0,            0,    0.8676863,    0.4971121
robot_105
    37.66547,    -33.98849,            0,            0,            0,    0.3178596,    0.9481378
robot_162
    18.40582,    -33.98916,            0,            0,            0,    0.3272411,    0.9449409
robot_97
     5.31071,    -34.00623,            0,            0,            0,   -0.3943457,    0.9189622
robot_90
   -24.77218,     25.98291,            0,            0,            0,   -0.9166881,    0.3996036
robot_165
   -18.08364,    -9.168706,            0,            0,            0,   -0.9933884,    0.1148018
robot_42
    5.836793,    -25.95132,            0,            0,            0,   -0.9069126,    0.4213189
robot_7
    21.92483,     37.55955,            0,            0,            0,    0.9422667,    0.3348633
robot_28
    13.93124,     28.09813,            0,            0,            0,    0.1953622,    0.9807312
robot_118
    25.74374,     5.910196,            0,            0,            0,    0.9999993,  0.001209535
robot_139
     29.7881,     9.804341,            0,            0,            0,  -0.06140463,     0.998113
robot_129
     22.2333,    -6.049922,            0,            0,            0,   -0.2443175,    0.9696953
robot_57
   -32.06148,     -26.0053,            0,            0,            0,     0.786525,    0.6175584
robot_24
    25.53734,    -29.94806,            0,            0,            0,   -0.4617907,    0.8869889
robot_106
   -37.93541,    -9.935943,            0,            0,            0,   -0.9792677,    0.2025703
robot_185
   -25.78464,     18.06013,            0,            0,            0,   -0.2418255,    0.9703198
robot_174
    22.42552,    -18.06925,            0,            0,            0,    0.9168387,    0.3992577
robot_58
    5.981018,    -6.248555,            0,            0,            0,   -0.7511926,    0.6600831
robot_12
    -11.9373,     38.01041,            0,            0,            0,   -0.6546956,    0.7558926
robot_95
    5.960493,     5.748132,            0,            0,            0,    0.1855735,    0.9826304
robot_78
   -18.03496,     2.651363,            0,            0,            0,    0.4436744,    0.8961881
robot_62
    8.979138,     5.969455,            0,            0,            0,    0.8070464,    0.5904881
robot_121
     33.9638,     38.79412,            0,            0,            0,   -0.9561772,    0.2927885
robot_83
  -0.5105762,    -22.02757,            0,            0,            0,    0.9641216,    0.2654611
robot_127
   -14.16104,     18.07446,            0,            0,            0,    0.9961051,   0.08817368
robot_128
   -1.664597,    -30.03091,            0,            0,            0,    0.9529421,    0.3031522
robot_32
   -30.07225,   -0.8668006,            0,            0,            0,     0.962512,    0.2712393
robot_89
    29.90133,    -0.364643,            0,            0,            0,  -0.03369367,    0.9994322
robot_11
    32.79741,    -25.96679,            0,            0,            0,   -0.9977446,   0.06712467
robot_37
    14.01438,     18.09587,            0,            0,            0,    0.9799303,    0.1993404
robot_175
   -14.15678,     30.04495,            0,            0,            0,   -0.8911351,    0.4537381
robot_50
    -32.6615,    -17.98597,            0,            0,            0,   -0.6904104,     0.723418
robot_64
    29.90497,     7.817247,            0,            0,            0,    -0.997478,   0.07097603
robot_76
   -32.67336,    -30.01654,            0,            0,            0,   -0.7103048,    0.7038942
robot_104
   -22.08739,    -16.93802,            0,            0,            0,    0.5998803,    0.8000897
robot_169
   -18.08279,     24.34034,            0,            0,            0,    0.5656435,    0.8246499
robot_53
   -34.07082,    -31.48536,            0,            0,            0,    0.6989345,    0.7151857
