tuw_multi_robot_msgs::RobotGoalsArray @1970-01-01T00:12:25.100000
frame_id: map
         745,    100000000
robot_84
   -22.08184,     36.77488,            0,            0,            0,   -0.3991431,    0.9168887
robot_116
    31.80926,     17.97032,            0,            0,            0,    0.9445249,    0.3284398
robot_74
   -35.73921,    -14.01673,            0,            0,            0,    0.9834169,    0.1813591
robot_41
   -14.09517,     7.696071,            0,            0,            0,    0.9162555,    0.4005943
robot_125
    18.98136,    -21.96679,            0,            0,            0,    -0.846066,    0.5330782
robot_136
   -2.815358,     -13.9846,            0,            0,            0,    0.9789125,    0.2042799
robot_173
    18.06945,      -6.0798,            0,            0,            0,    -0.739353,     0.673318
robot_67
    10.37816,     37.97883,            0,            0,            0,   -0.4094176,    0.9123471
robot_197
    29.90004,    -33.65591,            0,            0,            0,    0.7812145,    0.6242627
robot_119
   -34.15823,    -18.14358,            0,            0,            0,   -0.6758911,    0.7370015
robot_82
   -17.76862,     38.08049,            0,            0,            0,    0.6287762,    0.7775863
robot_77
    37.95984,     12.70957,            0,            0,            0,    0.0235863,    0.9997218
robot_5
   -3.931626,     6.032304,            0,            0,            0,   -0.2930794,    0.9560881
robot_133
   -8.022759,     -29.9767,            0,            0,            0,    0.9877919,    0.1557793
robot_99
   -20.36519,      14.0202,            0,            0,            0,   -0.1781085,    0.9840109
robot_171
   -34.39832,     21.90049,            0,            0,            0,    0.7488643,    0.6627234
robot_180
    5.933374,     8.822094,            0,            0,            0,    0.3528943,    0.9356632
robot_56
   -25.12998,    -2.019974,            0,            0,            0,    0.2931994,    0.9560513
robot_3
    25.73099,     -25.8846,            0,            0,            0,    0.9898518,    0.1421037
robot_81
   -18.14523,    -33.72679,            0,            0,            0,   -0.9980017,   0.06318663
robot_167
    8.158098,    -14.01644,            0,            0,            0,   -0.8911044,    0.4537983
robot_25
    -10.1706,    -13.91697,            0,            0,            0,    0.4834882,    0.8753509
robot_168
   -14.99971,     1.985073,            0,            0,            0,    0.9819603,    0.1890872
robot_96
   -34.12145,      25.9681,            0,            0,            0,   -0.8478196,    0.5302848
robot_166
   -20.20078,     18.01946,            0,            0,            0,    0.2505918,    0.9680928
robot_102
   -1.814103,      6.01597,            0,            0,            0,    -0.981927,      0.18926
robot_192
   -29.64426,     29.94507,            0,            0,            0,   -0.3181513,    0.9480399
robot_179
    18.10395,    -10.10628,            0,            0,            0,   -0.4621804,     0.886786
robot_142
    37.00216,     9.990696,            0,            0,            0,   -0.9813448,    0.1922562
robot_1
     29.9732,     6.043853,            0,            0,            0,   -0.1244409,     0.992227
robot_44
   -18.15564,     29.67469,            0,            0,            0,   -0.9787012,    0.2052898
robot_163
   -30.26468,    -6.005091,            0,            0,            0,     0.829456,    0.5585721
robot_79
   -30.22362,    -25.96733,            0,            0,            0,    0.9658193,    0.2592161
robot_8
   -2.033381,    -28.12345,            0,            0,            0,    0.8665752,    0.4990465
robot_20
    33.96389,    -39.07736,            0,            0,            0,   -0.6609102,     0.750465
robot_143
   -18.08658,     11.51234,            0,            0,            0,    0.9501493,    0.3117952
robot_138
   -30.09855,    -32.24808,            0,            0,            0,    0.6893041,    0.7244722
robot_123
     30.3784,     13.91964,            0,            0,            0,      0.97908,    0.2034758
robot_193
    33.90678,     18.04681,            0,            0,            0,   -0.1411353,    0.9899903
robot_187
   -6.067893,     10.29767,            0,            0,            0,    0.9520275,    0.3060124
