tuw_multi_robot_msgs::RobotGoalsArray @1970-01-01T01:36:40.800000
frame_id: map
        5800,    800000000
robot_84
    5.918514,    -32.52075,            0,            0,            0,   -0.9995887,    0.0286774
robot_116
    5.921472,    0.1955081,            0,            0,            0,   -0.9932344,    0.1161267
robot_74
    29.96472,     30.85163,            0,            0,            0,    0.9864186,    0.1642507
robot_41
    37.99195,    -17.91369,            0,            0,            0,   -0.5831702,      0.81235
robot_125
   -33.81409,     18.08586,            0,            0,            0,   -0.9195501,    0.3929728
robot_136
    18.00452,    -1.858445,            0,            0,            0,    0.3297546,    0.9440667
robot_173
    5.899348,     9.811633,            0,            0,            0,    0.2098921,    0.9777245
robot_67
     29.9631,    -32.73923,            0,            0,            0,     0.484226,     0.874943
robot_197
   -30.03543,     18.02853,            0,            0,            0,   -0.5683463,    0.8227895
robot_119
    29.83215,    -14.16205,            0,            0,            0,    0.3840909,    0.9232953
robot_82
   -18.52838,     30.06731,            0,            0,            0,    0.3294859,    0.9441605
robot_77
    -27.2266,      34.0105,            0,            0,            0,    0.3446204,    0.9387421
robot_5
   -22.04985,    -18.15581,            0,            0,            0,   -0.9674358,    0.2531165
robot_133
   -2.089247,    -31.01753,            0,            0,            0,   -0.9994836,   0.03213433
robot_99
   -12.69898,     5.977045,            0,            0,            0,    0.6694904,    0.7428207
robot_171
    38.01321,     17.82928,            0,            0,            0,    0.1729237,    0.9849352
robot_180
    1.463357,     10.09393,            0,            0,            0,   -0.7509447,    0.6603651
robot_56
   -1.642042,     5.976411,            0,            0,            0,    0.8484749,    0.5292357
robot_3
    21.95115,     4.719946,            0,            0,            0,     0.912702,    0.4086258
robot_81
   -25.90317,     6.066464,            0,            0,            0,    0.9827715,    0.1848249
robot_167
   -34.29543,    -17.84421,            0,            0,            0,   -0.1610572,    0.9869451
robot_25
    10.08381,     25.82899,            0,            0,            0,   -0.2949593,    0.9555098
robot_168
    35.75359,    -5.974791,            0,            0,            0,    0.8613347,    0.5080378
robot_96
   -5.976549,     34.21529,            0,            0,            0,    0.7534068,    0.6575548
robot_166
   -14.18727,    -37.93241,            0,            0,            0,    0.6052136,    0.7960631
robot_102
   -22.08913,     -3.84759,            0,            0,            0,   -0.8996645,    0.4365819
robot_192
    21.91636,    -1.437396,            0,            0,            0,    0.6091531,    0.7930527
robot_179
   -22.26916,     26.14088,            0,            0,            0,   -0.5296801,    0.8481975
robot_142
   -29.45125,    -26.01102,            0,            0,            0,   0.06126522,    0.9981215
robot_1
   -8.583151,    -18.01448,            0,            0,            0,    0.9567249,    0.2909939
robot_44
    1.025223,    -21.97494,            0,            0,            0,   -0.1482743,    0.9889463
robot_163
     13.3464,    -2.029401,            0,            0,            0,     0.945479,     0.325683
robot_79
   -25.85497,     14.09147,            0,            0,            0,    0.5227403,     0.852492
robot_8
   -34.07312,    -20.56774,            0,            0,            0,   -0.1210921,    0.9926413
robot_20
   -2.279535,     21.92667,            0,            0,            0,   -0.9851198,    0.1718691
robot_143
    33.91771,    -3.763467,            0,            0,            0,   -0.4313913,    0.9021649
robot_138
    1.449398,     5.975367,            0,            0,            0,  0.005896377,    0.9999826
robot_123
    21.53028,     29.96917,            0,            0,            0,   -0.9935422,    0.1134634
robot_193
    -10.2173,     5.988677,            0,            0,            0,    0.6400833,    0.7683055
robot_187
     20.1147,    -38.01112,            0,            0,            0,    0.6586711,     0.752431
robot_176
   -19.28351,     5.978856,            0,            0,            0,   -0.8311485,    0.5560505
robot_66
   -6.082499,    -33.41297,            0,            0,            0,   -0.0884852,    0.9960775
robot_63
    17.92773,     15.85793,            0,            0,            0,    0.8815615,    0.4720691
robot_31
    29.93745,    -38.66446,            0,            0,            0,   0.05390225,    0.9985462
robot_159
   -13.98266,    -22.25609,            0,            0,            0,    -0.317878,    0.9481316
robot_160
   -33.98187,     22.26419,            0,            0,            0,   -0.6504108,    0.7595826
robot_151
    14.01155,     13.88083,            0,            0,            0,   -0.9882869,    0.1526074
robot_150
   -18.08849,     34.04175,            0,            0,            0,    0.9879361,    0.1548623
robot_137
   -22.16572,     -26.2345,            0,            0,            0,   -0.9577893,    0.2874712
robot_199
    -0.70009,     34.01018,            0,            0,            0,   -0.9843468,    0.1762421
robot_54
   -10.15383,    -33.68884,            0,            0,            0,   -0.8195743,    0.5729729
robot_117
   -25.44493,    -29.98427,            0,            0,            0,    0.8551182,    0.5184331
robot_36
   -10.03961,    -35.79829,            0,            0,            0,     0.122501,    0.9924684
robot_33
   -17.92204,    -10.17556,            0,            0,            0,   -0.7846305,    0.6199637
robot_146
   -1.675564,    -21.97525,            0,            0,            0,     0.890359,    0.4552592
robot_156
    34.02715,     22.04101,            0,            0,            0,    0.2157466,    0.9764494
robot_112
   -18.00078,     14.25419,            0,            0,            0,    0.9844241,      0.17581
robot_19
   -6.078455,     39.01321,            0,            0,            0,   -0.5999578,    0.8000316
robot_141
    17.90258,     -29.8189,            0,            0,            0,    0.8384982,    0.5449044
robot_35
   -26.09773,     20.35873,            0,            0,            0,   -0.9247837,    0.3804932
robot_184
    25.91028,    -37.45016,            0,            0,            0,    0.9903215,    0.1387927
robot_98
    29.82492,    -25.87026,            0,            0,            0,   -0.3326592,    0.9430471
robot_100
    37.99842,    -30.14586,            0,            0,            0,    0.4813644,    0.8765206
robot_164
    5.911009,     33.57385,            0,            0,            0,  -0.08485461,    0.9963933
robot_59
   -7.637874,     25.97943,            0,            0,            0,    0.1422175,    0.9898354
robot_144
    17.91843,     22.48129,            0,            0,            0,    0.3964226,    0.9180681
robot_101
   -2.097929,     15.29971,            0,            0,            0,   -0.1576097,    0.9875015
robot_161
    25.91858,    -20.55769,            0,            0,            0,  0.002329679,    0.9999973
robot_149
   -13.77273,     30.02695,            0,            0,            0,    0.7210438,    0.6928895
robot_86
    22.64261,     38.00328,            0,            0,            0,    0.4264676,    0.9045028
robot_191
   -10.09333,    -6.110946,            0,            0,            0,   -0.3924386,    0.9197782
robot_126
    34.72899,     10.02955,            0,            0,            0,   -0.7070833,    0.7071303
robot_190
    28.32966,     21.97605,            0,            0,            0,    0.7081102,    0.7061019
robot_131
   -18.08517,     16.23075,            0,            0,            0,    0.8443295,    0.5358243
robot_154
   -34.04252,     -9.76028,            0,            0,            0,    0.9652608,    0.2612882
robot_9
   -26.01761,     26.32491,            0,            0,            0,     0.921493,    0.3883951
robot_27
   -22.83896,     30.02511,            0,            0,            0,   -0.9232072,    0.3843027
robot_34
    21.54424,     14.02724,            0,            0,            0,    0.1898462,    0.9818138
robot_114
   -33.98417,    -26.04293,            0,            0,            0,   -0.8827355,    0.4698702
robot_51
   -6.104335,    -26.18516,            0,            0,            0,   -0.8812408,    0.4726676
robot_108
    12.15727,     -21.9786,            0,            0,            0,    0.5208701,     0.853636
robot_147
    23.11008,    -9.982228,            0,            0,            0,   -0.4514314,    0.8923058
robot_183
   -26.14389,    -38.10086,            0,            0,            0,   -0.9894407,    0.1449384
robot_48
    36.70457,     26.02803,            0,            0,            0,    0.7161986,    0.6978965
robot_60
   -6.075282,    -12.36451,            0,            0,            0,   -0.8255249,    0.5643657
robot_75
   -6.093388,    -0.331944,            0,            0,            0,    0.8514564,    0.5244255
robot_152
     8.42237,     29.98961,            0,            0,            0,    0.8117441,    0.5840133
robot_26
    34.00183,    -30.13284,            0,            0,            0,   -0.8847743,    0.4660198
robot_182
     7.11868,    -17.96931,            0,            0,            0,      0.77051,    0.6374279
robot_172
   -27.98293,    -17.97553,            0,            0,            0,    0.9927298,    0.1203646
robot_43
   -10.09805,     9.497531,            0,            0,            0,   -0.9157942,    0.4016478
robot_170
    8.458988,    -30.01474,            0,            0,            0,   -0.9717065,    0.2361915
robot_177
    13.84256,    -30.29052,            0,            0,            0,   -0.9949984,   0.09989064
robot_80
   -29.74861,     21.99998,            0,            0,            0,    0.3679966,    0.9298271
robot_16
    -14.0556,    -19.75539,            0,            0,            0,   -0.7321314,    0.6811634
robot_13
    17.46266,     2.054687,            0,            0,            0,     0.997436,   0.07156396
robot_178
     8.47911,    -13.98787,            0,            0,            0,   -0.6299199,    0.7766601
robot_88
    -14.0336,     1.957018,            0,            0,            0,    0.1149053,    0.9933764
robot_194
   -30.03583,    -18.43707,            0,            0,            0,    0.9562341,    0.2926027
robot_29
     18.9941,    -34.00235,            0,            0,            0,    0.3942999,    0.9189818
robot_92
    -37.9978,    -9.734695,            0,            0,            0,   -0.9927189,    0.1204545
robot_87
   -34.12756,     14.17819,            0,            0,            0,    0.1085978,    0.9940858
robot_68
    -19.3768,     17.99413,            0,            0,            0,   -0.9022236,    0.4312687
robot_22
    -6.07716,     12.09993,            0,            0,            0,  -0.03458888,    0.9994016
robot_38
     13.3437,     18.00729,            0,            0,            0,   -0.9881974,    0.1531861
robot_2
    26.14254,     18.14654,            0,            0,            0,    0.8925049,    0.4510377
robot_110
     6.03152,    -26.33443,            0,            0,            0,    -0.773523,    0.6337683
robot_14
    9.579426,     13.94251,            0,            0,            0,   -0.9739112,    0.2269296
robot_181
   -25.86315,    -9.837106,            0,            0,            0,    0.3544128,    0.9350891
robot_61
   -26.09007,     -32.4715,            0,            0,            0,   -0.1735742,    0.9848208
robot_30
    10.08389,     -25.9552,            0,            0,            0,   -0.4586647,    0.8886094
robot_122
   -22.17298,    -13.98442,            0,            0,            0,   -0.8580513,    0.5135641
robot_132
   -38.08807,    -25.11015,            0,            0,            0,     0.986483,    0.1638639
robot_45
    9.912818,     11.14025,            0,            0,            0,    0.2014015,    0.9795088
robot_21
    12.92549,     5.987619,            0,            0,            0,   -0.7113958,    0.7027916
robot_39
    2.222493,    -6.069023,            0,            0,            0,   -0.8500486,    0.5267042
robot_134
   -14.27416,    -5.937414,            0,            0,            0,    0.1572135,    0.9875646
robot_15
    6.374779,    -1.922544,            0,            0,            0,   -0.7446552,    0.6674494
robot_145
   -34.09833,    -2.922381,            0,            0,            0,   -0.7218698,    0.6920289
robot_140
    2.864722,     -26.0133,            0,            0,            0,   -0.9052712,    0.4248341
robot_196
   -18.01153,    -2.250145,            0,            0,            0,    0.8565811,    0.5160124
robot_188
    9.152382,    -5.995378,            0,            0,            0,   -0.9400898,    0.3409269
robot_4
   -10.19109,    -14.13109,            0,            0,            0,    0.8584897,    0.5128308
robot_155
    1.510192,     34.02033,            0,            0,            0,    0.7940827,    0.6078097
robot_135
    29.67006,    -18.08908,            0,            0,            0,   -0.1920736,    0.9813805
robot_93
    13.91476,    -35.62513,            0,            0,            0,   -0.7883925,    0.6151725
robot_111
    33.85517,    -14.19751,            0,            0,            0,   -0.8948793,    0.4463082
robot_0
   -37.96455,     21.77421,            0,            0,            0,   -0.7615059,     0.648158
robot_49
   -34.04535,    -31.38494,            0,            0,            0,   -0.9915876,    0.1294371
robot_113
    -26.0577,     18.14985,            0,            0,            0,    0.7827779,    0.6223012
robot_94
   -26.27769,    -6.032112,            0,            0,            0,    0.4125227,    0.9109473
robot_40
   -18.06714,    -35.50579,            0,            0,            0,   -0.9158587,    0.4015008
robot_103
   -13.67041,     37.92051,            0,            0,            0,   -0.5023645,    0.8646559
robot_6
   -21.99292,     5.780747,            0,            0,            0,  -0.05000243,    0.9987491
robot_71
    35.46227,     18.03116,            0,            0,            0,   0.01605348,    0.9998711
robot_17
    37.94085,    -8.866457,            0,            0,            0,   -0.1118647,    0.9937234
robot_120
    28.30885,     10.01916,            0,            0,            0,    0.9919055,    0.1269783
robot_189
   -6.050558,     28.97549,            0,            0,            0,   -0.8960732,    0.4439062
robot_148
    36.88013,     33.99789,            0,            0,            0,  0.002104467,    0.9999978
robot_186
    17.48059,    -26.01172,            0,            0,            0,   -0.5493796,    0.8355729
