tuw_multi_robot_msgs::RobotGoalsArray @1970-01-01T01:39:07.100000
frame_id: map
        5947,    100000000
robot_84
    33.91036,    -17.00924,            0,            0,            0,    0.7483345,    0.6633215
robot_116
   -14.13097,    -17.80033,            0,            0,            0,   -0.5682843,    0.8228322
robot_74
   -6.136824,    -26.31416,            0,            0,            0,   -0.5965071,    0.8026078
robot_41
   -30.05391,    -4.461484,            0,            0,            0,    0.5283272,    0.8490409
robot_125
   -17.66195,    -2.097867,            0,            0,            0,   0.09355059,    0.9956145
robot_136
    33.95838,    -13.02854,            0,            0,            0,   -0.4518627,    0.8920875
robot_173
    13.94122,       27.497,            0,            0,            0,   -0.8868029,    0.4621477
robot_67
    6.360335,    -38.00743,            0,            0,            0,   -0.5271478,    0.8497736
robot_197
    17.92361,    -19.63647,            0,            0,            0,   0.04856469,      0.99882
robot_119
    9.833506,     26.10722,            0,            0,            0,   -0.5946387,     0.803993
robot_82
   -34.12293,     13.88739,            0,            0,            0,   0.09197989,    0.9957609
robot_77
  -0.1098593,     6.003507,            0,            0,            0,   -0.4925509,    0.8702836
robot_5
    33.87162,     14.01623,            0,            0,            0,   -0.9915815,    0.1294842
robot_133
    22.37607,    -6.051683,            0,            0,            0,   0.09987207,    0.9950003
robot_99
    28.69163,    -13.98068,            0,            0,            0,    0.8979735,    0.4400496
robot_171
    16.71463,    -38.01077,            0,            0,            0,    -0.397447,    0.9176251
robot_180
    10.00237,     -30.1125,            0,            0,            0,   -0.4863425,    0.8737683
robot_56
   -11.80166,     21.99499,            0,            0,            0,   -0.5947251,    0.8039292
robot_3
   -26.18089,    -29.84316,            0,            0,            0,   -0.8200281,    0.5723233
robot_81
   -38.02829,    -29.77134,            0,            0,            0,    0.4932015,    0.8699151
robot_167
    3.146383,     25.97117,            0,            0,            0,    0.6730826,    0.7395673
robot_25
   -6.047091,    -28.70272,            0,            0,            0,    0.3142617,    0.9493364
robot_168
    5.954159,     20.78554,            0,            0,            0,   0.02815721,    0.9996035
robot_96
   -13.74439,     -13.9866,            0,            0,            0,    0.9424604,    0.3343178
robot_166
    19.43562,    -9.996297,            0,            0,            0,    -0.794429,    0.6073571
robot_102
    17.96649,     15.31159,            0,            0,            0,    0.9427623,    0.3334654
robot_192
    2.005282,      10.0377,            0,            0,            0,    0.4546693,    0.8906603
robot_179
   -38.33993,    -13.97489,            0,            0,            0,   -0.2363826,      0.97166
robot_142
    21.93878,     20.25975,            0,            0,            0,    0.6121249,    0.7907611
robot_1
    5.824951,     25.99262,            0,            0,            0,    0.2253147,     0.974286
robot_44
    -34.0433,     4.564447,            0,            0,            0,    0.6659871,    0.7459632
robot_163
    29.90332,    -10.53846,            0,            0,            0,   -0.9998388,   0.01795412
robot_79
   -18.03245,    -38.12368,            0,            0,            0,   -0.9260706,    0.3773503
robot_8
    10.11523,    -26.11417,            0,            0,            0,    0.6770276,    0.7359576
robot_20
    25.95344,     24.33405,            0,            0,            0,   -0.8418759,    0.5396712
robot_143
   -22.05921,    -29.92092,            0,            0,            0,   -0.6016598,    0.7987525
robot_138
    -22.0544,    -5.483558,            0,            0,            0,  -0.08462034,    0.9964133
robot_123
   -34.45652,     18.02081,            0,            0,            0,    0.9663779,    0.2571259
robot_193
   -6.098866,    -14.47083,            0,            0,            0,   -0.9241104,    0.3821257
robot_187
    21.69524,     10.07464,            0,            0,            0,   -0.3255142,    0.9455372
robot_176
   -17.01483,     38.01245,            0,            0,            0,    0.5787185,    0.8155273
robot_66
    25.90065,    -34.51159,            0,            0,            0,   -0.4259726,    0.9047361
robot_63
    -38.0828,     13.12903,            0,            0,            0,    0.2226932,    0.9748886
robot_31
    29.92446,    -35.06487,            0,            0,            0,   -0.2118198,    0.9773087
robot_159
   -10.61353,    -5.980669,            0,            0,            0,    0.9777725,    0.2096685
robot_160
     37.9145,      17.0103,            0,            0,            0,    0.1055028,     0.994419
robot_151
    -13.1406,     18.02358,            0,            0,            0,    0.1656971,    0.9861767
robot_150
    34.11893,    -21.88637,            0,            0,            0,   -0.3445301,    0.9387753
robot_137
   -14.09967,    -8.494467,            0,            0,            0,   -0.9738357,    0.2272532
robot_199
   -34.92206,     22.00154,            0,            0,            0,     0.905476,    0.4243976
robot_54
   -34.07683,    -21.04628,            0,            0,            0,   -0.9773072,    0.2118268
robot_117
    21.95775,     31.27995,            0,            0,            0,   -0.6038972,    0.7970622
robot_36
    13.93327,     33.54175,            0,            0,            0,   -0.9887393,    0.1496481
robot_33
   -38.03724,    -16.04054,            0,            0,            0,    0.7589431,     0.651157
robot_146
   -20.14177,    -6.012598,            0,            0,            0,    -0.608011,    0.7939286
robot_156
    1.897744,     6.216915,            0,            0,            0,   -0.1424149,     0.989807
robot_112
    6.738407,     38.01135,            0,            0,            0,    0.6363363,    0.7714118
robot_19
    12.47498,    -13.97178,            0,            0,            0,     0.714534,    0.6996007
robot_141
     13.9514,    -9.079236,            0,            0,            0,    0.2337579,    0.9722948
robot_35
    33.92488,    -37.31275,            0,            0,            0,    0.9198399,     0.392294
robot_184
    22.02469,    -38.06255,            0,            0,            0,    0.2470145,    0.9690118
robot_98
    25.91452,     4.933217,            0,            0,            0,      -0.8293,    0.5588037
robot_100
   -2.022154,     -6.03145,            0,            0,            0,   -0.7946528,    0.6070642
robot_164
    17.56585,    -33.93855,            0,            0,            0,    -0.870002,    0.4930482
robot_59
    15.12786,     -29.9738,            0,            0,            0,   -0.6194812,    0.7850115
robot_144
   -10.07126,     26.57347,            0,            0,            0,    0.2983515,    0.9544561
robot_101
   -6.069008,     12.30335,            0,            0,            0,   -0.7100936,    0.7041073
robot_161
    33.97868,    -30.31753,            0,            0,            0,   -0.9799994,    0.1990004
robot_149
   -1.572279,    -14.02399,            0,            0,            0,   -0.9288232,    0.3705233
robot_86
    5.583763,    -5.942173,            0,            0,            0,    0.8660569,    0.4999455
robot_191
   -17.48364,    -25.99564,            0,            0,            0,   -0.9957838,   0.09173086
robot_126
   -34.04508,      7.69195,            0,            0,            0,   -0.6940556,    0.7199214
robot_190
   -26.31514,     30.06055,            0,            0,            0,    0.4383874,    0.8987861
robot_131
    17.92164,    -5.399367,            0,            0,            0,     0.686168,    0.7274432
robot_154
   -26.14252,    -33.76162,            0,            0,            0,    0.9540395,    0.2996808
robot_9
   -30.09832,    -18.07503,            0,            0,            0,    0.8546812,    0.5191531
robot_27
    2.022453,     22.24557,            0,            0,            0,   -0.9413482,    0.3374366
robot_34
    9.966333,      21.9754,            0,            0,            0,   -0.8045467,    0.5938894
robot_114
    15.09528,     22.00779,            0,            0,            0,   -0.8495291,    0.5275417
robot_51
    34.65469,    -34.01791,            0,            0,            0,    0.9888429,    0.1489624
robot_108
   -30.14634,    -1.879241,            0,            0,            0,   -0.2836912,    0.9589157
robot_147
    -22.0753,     17.72989,            0,            0,            0,     0.999392,   0.03486473
robot_183
   -21.70962,     22.08329,            0,            0,            0,     0.136524,    0.9906368
robot_48
    21.92409,     -24.6834,            0,            0,            0,    -0.277644,     0.960684
robot_60
    37.51347,    -18.04411,            0,            0,            0,   -0.5437206,    0.8392663
robot_75
    29.90201,     36.52667,            0,            0,            0,  -0.01091079,    0.9999405
robot_152
    22.02683,    -30.29634,            0,            0,            0,    -0.696519,    0.7175383
robot_26
   -10.06535,     6.642185,            0,            0,            0,   -0.9997877,   0.02060497
robot_182
     29.9332,    -16.70061,            0,            0,            0,    0.6547987,    0.7558033
robot_172
   -9.762877,     10.06514,            0,            0,            0,   -0.9917807,    0.1279492
robot_43
    25.55681,     2.024077,            0,            0,            0,   -0.9493199,    0.3143114
robot_170
   -14.29181,     13.83904,            0,            0,            0,    0.7762752,    0.6303941
robot_177
   -15.17099,    -30.00125,            0,            0,            0,   -0.9156721,    0.4019261
robot_80
    -10.1803,     1.897957,            0,            0,            0,   0.05675107,    0.9983884
robot_16
   -30.17699,     29.96128,            0,            0,            0,    0.8621977,     0.506572
robot_13
   -27.71779,     14.01264,            0,            0,            0,    0.5155341,    0.8568691
robot_178
    26.32761,    -18.08431,            0,            0,            0,   -0.2693335,     0.963047
robot_88
   -22.47447,    -26.05808,            0,            0,            0,   -0.5671381,    0.8236227
robot_194
    9.910025,    -2.165412,            0,            0,            0,   -0.6604194,    0.7508969
robot_29
   -6.105422,    -2.263727,            0,            0,            0,   -0.8831923,    0.4690111
robot_92
   -17.65484,    -18.05595,            0,            0,            0,    0.7038043,    0.7103939
robot_87
   -13.65696,    -38.00069,            0,            0,            0,    0.7078786,    0.7063342
robot_68
    29.96228,    -30.90236,            0,            0,            0,   -0.9965223,   0.08332669
robot_22
    12.01637,     9.989054,            0,            0,            0,   -0.9768133,    0.2140927
robot_38
    9.870064,     34.35213,            0,            0,            0,   -0.8245358,    0.5658098
robot_2
   -29.24663,     26.00903,            0,            0,            0,   0.07789201,    0.9969618
robot_110
    17.64672,    -14.05068,            0,            0,            0,    0.9963322,    0.0855697
robot_14
   -37.94213,    -26.11464,            0,            0,            0,    -0.966531,    0.2565499
robot_181
   -16.66704,    -6.029025,            0,            0,            0,   -0.9309688,    0.3650988
robot_61
   -10.04968,    -11.79179,            0,            0,            0,   -0.9613801,     0.275224
robot_30
    32.86828,    -9.992805,            0,            0,            0,    0.8664254,    0.4993066
robot_122
    -26.0524,    -17.73485,            0,            0,            0,    0.9184139,    0.3956208
robot_132
    1.970132,    -18.35673,            0,            0,            0,    0.9519382,    0.3062901
robot_45
    30.69069,     21.98963,            0,            0,            0,   -0.4951129,    0.8688287
robot_21
    5.922312,     4.683803,            0,            0,            0,    0.4524616,    0.8917839
robot_39
   -18.23176,     10.19775,            0,            0,            0,    0.9800993,    0.1985078
robot_134
   -11.98722,    -33.98734,            0,            0,            0,   -0.9735541,    0.2284566
robot_15
    13.89982,    -1.756485,            0,            0,            0,    -0.989252,    0.1462209
robot_145
    18.16947,    -22.08769,            0,            0,            0,    0.0804014,    0.9967626
robot_140
   -13.39969,     38.00133,            0,            0,            0,   0.05957995,    0.9982235
robot_196
   -22.26049,     30.15101,            0,            0,            0,   -0.9279164,    0.3727884
robot_188
   -6.063125,     18.40728,            0,            0,            0,    0.8686866,     0.495362
robot_4
   -10.45634,    -29.96029,            0,            0,            0,   0.09071324,    0.9958771
robot_155
   -14.11923,     30.16921,            0,            0,            0,   -0.2083853,    0.9780468
robot_135
   -16.37817,    -13.99589,            0,            0,            0,   0.08264409,    0.9965791
robot_93
    9.944731,     8.157696,            0,            0,            0,   0.03778558,    0.9992859
robot_111
    6.189567,     2.077273,            0,            0,            0,  -0.01779741,    0.9998416
robot_0
    37.91408,     28.14183,            0,            0,            0,     0.877371,    0.4798126
robot_49
    17.14525,     38.02209,            0,            0,            0,    0.9364052,    0.3509206
robot_113
   -10.14213,    -14.10887,            0,            0,            0,   -0.3891645,    0.9211683
robot_94
   -30.15368,    -30.32451,            0,            0,            0,   -0.3201715,    0.9473596
robot_40
    37.94737,     19.37875,            0,            0,            0,    0.9328738,    0.3602033
robot_103
    21.90792,    -15.18853,            0,            0,            0,    0.9346224,    0.3556416
robot_6
    37.81125,    -9.981332,            0,            0,            0,   -0.9950009,   0.09986627
robot_71
    33.52346,     34.09475,            0,            0,            0,   -0.6227637,      0.78241
robot_17
    21.91996,      15.2737,            0,            0,            0,   -0.5828332,    0.8125918
robot_120
   -6.080396,    -19.48081,            0,            0,            0,   -0.7987004,    0.6017289
robot_189
   -26.82395,     21.97892,            0,            0,            0,   -0.9987691,   0.04960178
robot_148
    8.591741,     17.99649,            0,            0,            0,    0.1130744,    0.9935865
robot_186
    21.17988,    -2.010138,            0,            0,            0,   -0.3014405,     0.953485
robot_198
    -31.2924,     13.99563,            0,            0,            0,  -0.01553403,    0.9998793
robot_107
   -26.11168,    -14.20511,            0,            0,            0,   -0.9400459,    0.3410479
robot_18
    5.934091,    -14.47379,            0,            0,            0,    0.8950882,    0.4458891
robot_23
    9.991131,      5.77826,            0,            0,            0,   -0.3251959,    0.9456467
robot_46
    26.05766,     38.16436,            0,            0,            0,   -0.5972707,    0.8020397
robot_109
    37.91542,     6.603601,            0,            0,            0,   -0.5447546,    0.8385955
robot_10
    -34.4636,    -26.06781,            0,            0,            0,  -0.02367866,    0.9997196
robot_157
    6.715319,    -22.00188,            0,            0,            0,   -0.2241497,    0.9745547
robot_70
    30.47853,     1.987683,            0,            0,            0,    0.9833875,    0.1815188
robot_55
   -22.05549,     4.946166,            0,            0,            0,    0.3640631,    0.9313743
