tuw_multi_robot_msgs::RobotGoalsArray @1970-01-01T01:36:39.600000
frame_id: map
        5799,    600000000
robot_84
    5.959252,     21.75364,            0,            0,            0,    -0.368501,    0.9296274
robot_116
     33.5662,     10.00285,            0,            0,            0,    0.4298678,    0.9028918
robot_74
    23.82886,    -38.01826,            0,            0,            0,  -0.09486114,    0.9954905
robot_41
   -10.05039,    -6.168002,            0,            0,            0,    0.5639439,    0.8258131
robot_125
   -22.02936,    -22.22557,            0,            0,            0,   -0.2200361,    0.9754917
robot_136
   -14.49227,    -1.929633,            0,            0,            0,   -0.6408962,    0.7676276
robot_173
    7.744156,    -25.97698,            0,            0,            0,   -0.9684262,    0.2493003
robot_67
    -10.0433,    -32.90365,            0,            0,            0,    0.7180473,    0.6959943
robot_197
    -13.7857,    -13.97106,            0,            0,            0,   -0.6394137,    0.7688629
robot_119
   -21.96057,    -10.17881,            0,            0,            0,    -0.445723,    0.8951709
robot_82
    17.92524,     36.66719,            0,            0,            0,    0.1881338,    0.9821434
robot_77
   -11.95863,     14.01859,            0,            0,            0,    0.6034782,    0.7973795
robot_5
   -10.64125,     29.96741,            0,            0,            0,    0.7311281,    0.6822402
robot_133
   -6.502253,    -37.92532,            0,            0,            0,   -0.9921603,    0.1249717
robot_99
   -29.93241,     6.035979,            0,            0,            0,    0.9879381,    0.1548493
robot_171
    11.35858,    -17.99916,            0,            0,            0,    0.9746449,    0.2237574
robot_180
    29.91313,     10.96189,            0,            0,            0,   -0.7903149,    0.6127009
robot_56
    10.43013,    -22.09589,            0,            0,            0,    0.9693943,     0.245509
robot_3
    17.37692,     26.02831,            0,            0,            0,    0.6982096,    0.7158934
robot_81
    9.546534,    -30.04348,            0,            0,            0,    0.9794326,    0.2017716
robot_167
   -37.77364,     25.91733,            0,            0,            0,   -0.9618627,    0.2735328
robot_25
   -34.05403,    -5.316932,            0,            0,            0,    0.9694758,     0.245187
robot_168
    5.934939,     13.07274,            0,            0,            0,    0.2803092,    0.9599098
robot_96
    13.56585,    -10.02246,            0,            0,            0,   0.01993249,    0.9998013
robot_166
   -38.04665,     15.23607,            0,            0,            0,   -0.7980791,    0.6025527
robot_102
   -14.29247,      21.9675,            0,            0,            0,   -0.3503609,    0.9366148
robot_192
    6.815071,    -9.966734,            0,            0,            0,   -0.6263516,    0.7795407
robot_179
    1.640358,     33.99434,            0,            0,            0,    0.9988305,   0.04834973
robot_142
    29.92655,    -8.401536,            0,            0,            0,   -0.4276364,    0.9039508
robot_1
   -30.02134,    -1.781098,            0,            0,            0,   -0.3657669,    0.9307065
robot_44
    5.774676,    -13.91801,            0,            0,            0,   0.07071689,    0.9974964
robot_163
    10.19154,    -1.971575,            0,            0,            0,     0.769311,    0.6388745
robot_79
   -27.95052,    -17.97819,            0,            0,            0,   -0.2928598,    0.9561554
robot_8
   -25.60419,     17.99935,            0,            0,            0,   -0.5955545,    0.8033149
robot_20
    13.90451,    -18.05214,            0,            0,            0,   -0.2597829,     0.965667
robot_143
    19.44394,     -2.01319,            0,            0,            0,   -0.9999639,  0.008499934
robot_138
   -29.10571,     10.01626,            0,            0,            0,    0.5625361,    0.8267727
robot_123
    6.017597,     37.70901,            0,            0,            0,    0.4424219,     0.896807
robot_193
   -6.034761,     16.88524,            0,            0,            0,    0.9835598,    0.1805827
robot_187
   -10.04023,    -14.61526,            0,            0,            0,   -0.8699738,     0.493098
robot_176
    17.90276,    -32.35318,            0,            0,            0,    0.5485806,    0.8360977
robot_66
    26.10609,    -9.971885,            0,            0,            0,   -0.9240486,     0.382275
robot_63
   -26.07517,     36.34723,            0,            0,            0,    -0.475845,    0.8795292
robot_31
    16.62005,    -10.02712,            0,            0,            0,   -0.2480402,    0.9687497
robot_159
    1.949171,     29.52379,            0,            0,            0,   0.07364025,    0.9972849
robot_160
   0.1748302,     21.97846,            0,            0,            0,   -0.8231312,    0.5678512
robot_151
     37.9052,     32.89116,            0,            0,            0,     0.391294,    0.9202657
robot_150
    9.700054,     1.981987,            0,            0,            0,   -0.8717307,    0.4899853
robot_137
   -2.945679,     22.01184,            0,            0,            0,    0.7594572,    0.6505573
robot_199
    18.04425,    -18.18495,            0,            0,            0,   0.08273475,    0.9965716
robot_54
    -38.7219,    -25.98568,            0,            0,            0,   -0.5087258,    0.8609286
robot_117
    13.90792,    -7.651847,            0,            0,            0,   0.09653795,    0.9953293
robot_36
    -32.8352,     29.99784,            0,            0,            0,   -0.4064609,    0.9136682
robot_33
     33.9195,    -3.557545,            0,            0,            0,    0.9702224,    0.2422159
robot_146
   -6.282761,     21.87655,            0,            0,            0,   -0.6856571,    0.7279247
robot_156
    33.69861,     -17.9576,            0,            0,            0,    0.9999722,  0.007457559
robot_112
    14.89445,     9.969676,            0,            0,            0,    0.8053934,    0.5927407
robot_19
    6.039019,     1.962749,            0,            0,            0,      0.92759,    0.3735998
robot_141
   -31.79783,     9.970145,            0,            0,            0,    0.7865691,    0.6175023
robot_35
    33.78333,    -26.20537,            0,            0,            0,    0.5837438,    0.8119379
robot_184
   -10.03794,    -3.359354,            0,            0,            0,    0.9711666,    0.2384017
robot_98
   -22.07422,    -7.994055,            0,            0,            0,   -0.7781921,    0.6280263
robot_100
   -18.04062,    -27.57885,            0,            0,            0,    0.4380273,    0.8989617
robot_164
    24.60356,    -26.02283,            0,            0,            0,   -0.8865285,    0.4626739
robot_59
    33.88138,    -9.785163,            0,            0,            0,    0.2061678,    0.9785167
robot_144
   -2.087706,     33.54757,            0,            0,            0,     0.994121,    0.1082744
robot_101
   -2.100014,    -14.31574,            0,            0,            0,   -0.4147981,    0.9099135
robot_161
    33.96031,    -34.35185,            0,            0,            0,    0.9608001,    0.2772419
robot_149
    38.07998,    -30.13431,            0,            0,            0,    0.9374148,    0.3482148
robot_86
    37.92133,    -24.29116,            0,            0,            0,    0.7755837,    0.6312448
robot_191
   0.6348831,     14.01614,            0,            0,            0,     0.904016,    0.4274986
robot_126
    30.91988,     25.98231,            0,            0,            0,    0.9383737,    0.3456223
robot_190
    17.94813,     4.258589,            0,            0,            0,    -0.154776,    0.9879496
robot_131
    37.91096,    -33.56028,            0,            0,            0,   -0.7827626,    0.6223205
robot_154
   -18.30836,       -6.006,            0,            0,            0,   -0.7222129,    0.6916708
robot_9
   -34.06799,    -26.60057,            0,            0,            0,   -0.7420142,    0.6703842
robot_27
    34.27229,     17.98471,            0,            0,            0,    0.9435298,    0.3312877
robot_34
   -10.05311,    -20.84733,            0,            0,            0,   -0.5827962,    0.8126184
robot_114
    5.993946,      34.2143,            0,            0,            0,     0.648795,    0.7609632
robot_51
    25.92401,    -2.618242,            0,            0,            0,    0.8835398,    0.4683561
robot_108
   -23.04393,     6.016403,            0,            0,            0,   -0.9910743,    0.1333109
robot_147
  -0.2603982,    -22.00427,            0,            0,            0,   -0.5659532,    0.8244374
robot_183
   -30.06603,      33.3964,            0,            0,            0,   -0.9577869,    0.2874792
robot_48
    7.134564,     -21.9912,            0,            0,            0,    0.1870309,     0.982354
robot_60
    21.44649,    -34.02294,            0,            0,            0,    0.1972115,     0.980361
robot_75
   -26.54748,    -14.03703,            0,            0,            0,     0.998315,   0.05802738
robot_152
    17.91661,     29.88838,            0,            0,            0,    0.8275325,    0.5614179
robot_26
    25.47574,     26.00864,            0,            0,            0,    0.7169987,    0.6970745
robot_182
   -14.08975,     -27.2326,            0,            0,            0,   -0.9237618,    0.3829675
robot_172
      26.125,    -37.88228,            0,            0,            0,    0.9118131,    0.4106056
robot_43
    9.588943,    -34.07644,            0,            0,            0,    0.1720987,    0.9850797
robot_170
    -10.0412,    -18.28885,            0,            0,            0,   -0.4201226,    0.9074673
robot_177
    8.135335,     34.03121,            0,            0,            0,   0.09360711,    0.9956092
robot_80
    14.03493,     29.82759,            0,            0,            0,    0.1149769,    0.9933682
robot_16
    29.93188,    -22.08844,            0,            0,            0,   -0.5126903,    0.8585736
robot_13
   -25.77119,    -9.964509,            0,            0,            0,    0.3238752,    0.9460998
robot_178
    1.954937,    -25.85487,            0,            0,            0,   -0.2863876,    0.9581138
robot_88
   -34.04592,    -20.46262,            0,            0,            0,    0.8583656,    0.5130385
robot_194
   -2.069797,     15.86028,            0,            0,            0,   -0.9245541,    0.3810507
robot_29
    -24.7065,     33.96838,            0,            0,            0,   -0.6293452,    0.7771259
robot_92
    13.92176,     14.07412,            0,            0,            0,    0.1652613,    0.9862498
robot_87
    25.98743,     37.95795,            0,            0,            0,   0.03402906,    0.9994208
robot_68
   -29.15991,    -5.979232,            0,            0,            0,    0.9992458,   0.03883042
robot_22
   -18.09844,      13.1887,            0,            0,            0,     0.163248,    0.9865851
robot_38
    21.98078,    -14.03321,            0,            0,            0,   -0.9804827,    0.1966055
robot_2
    29.93499,     16.22973,            0,            0,            0,    0.1760136,    0.9843877
robot_110
   -10.07557,     2.462245,            0,            0,            0,    0.9313856,    0.3640341
robot_14
     5.96314,    -6.783258,            0,            0,            0,   0.06188204,    0.9980835
robot_181
    13.91006,    -13.69488,            0,            0,            0,    -0.980077,    0.1986181
robot_61
   -16.22431,    -6.008015,            0,            0,            0,   -0.9738669,    0.2271193
robot_30
    27.78769,     10.02402,            0,            0,            0,    0.4084682,    0.9127726
robot_122
    23.03338,     9.996234,            0,            0,            0,   -0.4093308,    0.9123861
robot_132
    7.780361,    -1.967881,            0,            0,            0,    0.8744042,    0.4851983
robot_45
    18.85902,     34.01155,            0,            0,            0,   0.05280708,    0.9986047
robot_21
    14.23292,     34.03738,            0,            0,            0,   -0.6543909,    0.7561564
robot_39
   -26.03377,    -37.24086,            0,            0,            0,    0.9323247,    0.3616223
robot_134
    -14.3229,     38.04621,            0,            0,            0,     -0.90499,    0.4254329
robot_15
    -24.6486,     13.97389,            0,            0,            0,    0.8847354,    0.4660935
robot_145
    22.05251,      26.0495,            0,            0,            0,     0.750002,    0.6614356
robot_140
   -21.99841,     2.178783,            0,            0,            0,   -0.5701367,    0.8215498
robot_196
    -38.0783,    -16.77566,            0,            0,            0,   -0.9807796,    0.1951189
robot_188
    37.50427,      29.9315,            0,            0,            0,    0.7859399,    0.6183029
robot_4
    24.03138,     29.99535,            0,            0,            0,    0.6864489,    0.7271781
robot_155
    33.88188,      29.9778,            0,            0,            0,   -0.1751727,    0.9845377
robot_135
    -33.2093,     1.967063,            0,            0,            0,    0.9392156,     0.343328
robot_93
    25.92852,    -15.14903,            0,            0,            0,    0.2455776,    0.9693769
robot_111
   -18.06875,     34.61242,            0,            0,            0,   -0.3286917,    0.9444373
robot_0
    33.90275,     21.58977,            0,            0,            0,    0.7170435,    0.6970284
robot_49
   -18.14729,     29.95725,            0,            0,            0,    0.9954182,   0.09561685
robot_113
   -37.45603,     6.022088,            0,            0,            0,     0.815965,    0.5781013
robot_94
     -23.491,     38.00853,            0,            0,            0,    0.8491546,    0.5281444
robot_40
   -11.52663,     5.991701,            0,            0,            0,    -0.326313,    0.9452618
robot_103
   -37.15769,    -10.02557,            0,            0,            0,  -0.08876474,    0.9960526
robot_6
     -22.082,      29.3324,            0,            0,            0,   -0.7506318,    0.6607207
robot_71
    -16.0183,     2.012532,            0,            0,            0,    0.6779106,    0.7351444
robot_17
   -34.46676,     14.05124,            0,            0,            0,   -0.6989523,    0.7151683
robot_120
   -22.60526,    -2.004865,            0,            0,            0,    0.9997515,   0.02229097
robot_189
    29.90263,     2.074039,            0,            0,            0,     0.714633,    0.6994996
robot_148
    37.92388,      19.0147,            0,            0,            0,      0.87794,    0.4787707
robot_186
    -5.95483,     13.91713,            0,            0,            0,    0.9831382,    0.1828643
