tuw_multi_robot_msgs::RobotGoalsArray @1970-01-01T01:35:48.400000
frame_id: map
        5748,    400000000
robot_84
   -9.969438,    -14.12621,            0,            0,            0,   -0.9999047,   0.01380264
robot_116
    13.71016,     14.05635,            0,            0,            0,    0.7085315,    0.7056791
robot_74
    1.996787,    -30.17998,            0,            0,            0,    0.7059777,     0.708234
robot_41
    1.950502,    -18.42644,            0,            0,            0,    0.8528222,    0.5222014
robot_125
    2.460684,     29.97709,            0,            0,            0,    0.9948785,    0.1010783
robot_136
   -30.30994,    -14.09471,            0,            0,            0,    -0.992717,    0.1204699
robot_173
    7.647208,    -1.998028,            0,            0,            0,    -0.378359,    0.9256589
robot_67
    26.11937,     26.15395,            0,            0,            0,   -0.7218211,    0.6920797
robot_197
   -10.07424,    -21.06126,            0,            0,            0,    -0.950439,    0.3109111
robot_119
    17.90596,      28.6783,            0,            0,            0,    -0.908488,    0.4179109
robot_82
    17.76817,    -5.935552,            0,            0,            0,    0.6974963,    0.7165884
robot_77
    9.914479,      12.9752,            0,            0,            0,   -0.9719945,    0.2350035
robot_5
    25.90422,    -30.20174,            0,            0,            0,   -0.2851291,    0.9584891
robot_133
    6.052858,     5.946154,            0,            0,            0,    0.8004827,    0.5993558
robot_99
    38.37962,    -13.91136,            0,            0,            0,    -0.893009,    0.4500388
robot_171
    8.802009,    -38.01706,            0,            0,            0,     0.999373,   0.03540728
robot_180
   -25.94562,     33.87107,            0,            0,            0,   -0.2454793,    0.9694018
robot_56
    5.916354,    -21.61004,            0,            0,            0,    0.8532424,    0.5215145
robot_3
    34.04654,    -17.92799,            0,            0,            0,   -0.9732333,    0.2298196
robot_81
    9.935489,     9.682775,            0,            0,            0,    0.3792025,    0.9253137
robot_167
   -34.07913,    -33.61313,            0,            0,            0,    0.4192832,    0.9078555
robot_25
    21.91908,     10.06735,            0,            0,            0,   -0.8195866,    0.5729553
robot_168
    26.53256,    -17.99354,            0,            0,            0,    0.7774395,    0.6289578
robot_96
      17.982,     5.638369,            0,            0,            0,   -0.7796531,    0.6262117
robot_166
   -33.63536,     14.00891,            0,            0,            0,   -0.9834242,    0.1813197
robot_102
   -3.404495,    -14.02372,            0,            0,            0,    0.9928757,    0.1191548
robot_192
    25.94819,    -35.21762,            0,            0,            0,   -0.9969422,   0.07814261
robot_179
    16.42677,     9.973208,            0,            0,            0,   -0.9925075,    0.1221837
robot_142
   -10.71746,     18.00701,            0,            0,            0,   -0.9905776,    0.1369529
robot_1
    6.359864,     34.05823,            0,            0,            0,   -0.8986499,    0.4386666
robot_44
    14.13346,     21.89184,            0,            0,            0,   -0.2890137,     0.957325
robot_163
     37.6999,     30.02326,            0,            0,            0,    0.2720922,    0.9622712
robot_79
   -1.906131,     34.02224,            0,            0,            0,    0.4526734,    0.8916764
robot_8
  -0.2524501,    -5.977648,            0,            0,            0,   -0.9998786,   0.01558431
robot_20
    21.94251,      29.2499,            0,            0,            0,   -0.5471647,    0.8370249
robot_143
    34.17134,     14.05479,            0,            0,            0,    0.8247482,    0.5655001
robot_138
   -24.22756,    -9.985951,            0,            0,            0,    0.2196834,    0.9755712
robot_123
   -5.996982,    -29.99571,            0,            0,            0,    -0.988627,    0.1503883
robot_193
  -0.9352598,     17.97924,            0,            0,            0,   -0.6316092,    0.7752869
robot_187
    9.247321,     30.03331,            0,            0,            0,    0.2091035,    0.9778935
robot_176
     25.9274,     22.13723,            0,            0,            0,    0.5029708,    0.8643034
robot_66
   -34.05654,     1.613459,            0,            0,            0,   0.04531098,    0.9989729
robot_63
    5.962377,     14.66229,            0,            0,            0,   -0.9285627,    0.3711756
robot_31
    29.92543,      16.2648,            0,            0,            0,     0.423338,    0.9059718
robot_159
    26.02948,     1.962221,            0,            0,            0,    0.1033383,    0.9946463
robot_160
   -30.41415,     5.960721,            0,            0,            0,   -0.7316086,    0.6817249
robot_151
    34.39644,    -14.06628,            0,            0,            0,    0.5443439,    0.8388622
robot_150
    13.67864,    -5.927373,            0,            0,            0,   -0.7921307,    0.6103516
robot_137
    5.938719,     25.71741,            0,            0,            0,  -0.03095853,    0.9995207
robot_199
    -14.5319,    -13.90611,            0,            0,            0,    0.9461724,     0.323663
robot_54
   -9.844729,    -5.933545,            0,            0,            0,    0.8410447,    0.5409656
robot_117
   -30.21281,     9.786824,            0,            0,            0,    0.9998408,    0.0178425
robot_36
   -17.73833,     25.97591,            0,            0,            0,   -0.7329952,    0.6802338
robot_33
   -6.039939,    -10.93629,            0,            0,            0,    0.4636483,    0.8860193
robot_146
    17.92044,     32.42352,            0,            0,            0,   0.04521489,    0.9989773
robot_156
   -16.47622,       38.023,            0,            0,            0,   -0.3432113,    0.9392582
robot_112
    29.93256,    -38.28518,            0,            0,            0,    0.4973138,    0.8675707
robot_19
    14.26577,     10.02488,            0,            0,            0,   -0.1858139,     0.982585
robot_141
    21.95438,     33.22609,            0,            0,            0,    -0.212276,    0.9772097
robot_35
   -34.03917,     30.18149,            0,            0,            0,    0.3547135,     0.934975
robot_184
   -1.348674,    -34.00843,            0,            0,            0,   0.08028649,    0.9967718
robot_98
   -7.518326,    -26.01583,            0,            0,            0,   -0.4603437,    0.8877408
robot_100
   -34.00229,    -5.653395,            0,            0,            0,    0.1078639,    0.9941657
robot_164
   -29.51939,     1.976451,            0,            0,            0,   -0.7246544,    0.6891125
robot_59
    37.94373,     20.16469,            0,            0,            0,   -0.5793117,    0.8151061
robot_144
   -30.19183,     18.08153,            0,            0,            0,   -0.6923214,    0.7215893
robot_101
    5.821067,    -26.19465,            0,            0,            0,    0.2307157,    0.9730212
robot_161
   -30.09971,     26.34415,            0,            0,            0,   -0.4336466,     0.901083
robot_149
    28.68463,     6.014578,            0,            0,            0,     0.955634,    0.2945567
robot_86
    37.86237,    -18.25093,            0,            0,            0,   -0.2207769,    0.9753243
robot_191
   -6.043802,     3.624495,            0,            0,            0,    0.7758821,     0.630878
robot_126
    33.75628,    -2.004623,            0,            0,            0,    0.9022926,    0.4311241
robot_190
    29.96701,    -7.218335,            0,            0,            0,   -0.9022487,     0.431216
robot_131
      17.919,     13.33869,            0,            0,            0,    0.6667491,    0.7452822
robot_154
   -26.07189,      16.2845,            0,            0,            0,    -0.784916,    0.6196021
robot_9
   -34.89307,     10.01749,            0,            0,            0,   -0.7550107,    0.6557125
robot_27
    1.649849,     33.95754,            0,            0,            0,    0.5290374,    0.8485985
robot_34
    26.22363,     -26.0542,            0,            0,            0,   -0.9776488,    0.2102447
robot_114
   -25.48744,    -25.96705,            0,            0,            0,   -0.2891738,    0.9572766
robot_51
    -18.0728,    -15.29058,            0,            0,            0,   -0.7753757,    0.6315002
robot_108
   -13.84987,     14.07488,            0,            0,            0,    0.2132425,    0.9769993
robot_147
    33.43947,     34.02761,            0,            0,            0,     0.843242,    0.5375342
robot_183
   -34.38888,     22.05051,            0,            0,            0,   -0.4195929,    0.9077124
robot_48
   -30.31047,     22.03881,            0,            0,            0,    0.7757267,    0.6310691
robot_60
   -32.98444,    -9.980406,            0,            0,            0,    0.9299105,     0.367786
robot_75
   -30.63009,    -22.02403,            0,            0,            0,    0.2145595,    0.9767109
robot_152
    1.921079,    -15.65617,            0,            0,            0,   -0.9978005,    0.0662892
robot_26
    22.40419,    -30.00278,            0,            0,            0,    0.9620924,    0.2727237
robot_182
    -37.8007,    -26.00056,            0,            0,            0,    0.4273197,    0.9041006
robot_172
   -2.051599,    -32.16129,            0,            0,            0,    0.7264768,     0.687191
robot_43
    -38.0936,     17.98295,            0,            0,            0,    0.7812651,    0.6241993
robot_170
   -2.628342,     21.97412,            0,            0,            0,   -0.4271785,    0.9041673
robot_177
   -34.07079,    -23.42889,            0,            0,            0,    0.1925792,    0.9812814
robot_80
    28.75148,     -29.9709,            0,            0,            0,    0.8237789,    0.5669112
robot_16
   -6.091485,    -21.43455,            0,            0,            0,    0.7639054,    0.6453282
robot_13
    17.88073,      18.1392,            0,            0,            0,    0.8087091,    0.5882089
robot_178
   -18.07681,    -23.82168,            0,            0,            0,   -0.6627818,    0.7488125
robot_88
   -33.95018,    -37.85716,            0,            0,            0,   -0.9889281,    0.1483955
robot_194
    33.92739,       6.3716,            0,            0,            0,    0.7214174,    0.6925005
robot_29
   -23.06556,    -38.00777,            0,            0,            0,    0.2845671,    0.9586561
robot_92
   -22.06032,     17.08618,            0,            0,            0,    0.9460531,    0.3240115
robot_87
   -34.36018,    -30.01991,            0,            0,            0,    0.7372021,    0.6756723
robot_68
   0.3982335,     30.01758,            0,            0,            0,   -0.9506703,    0.3102032
robot_22
    31.18132,    -1.985685,            0,            0,            0,   -0.9866499,    0.1628558
robot_38
    22.28014,    -1.980309,            0,            0,            0,    0.2771656,    0.9608222
robot_2
   -13.09103,      25.9995,            0,            0,            0,    0.6495886,    0.7602859
robot_110
   -31.95915,    -30.00369,            0,            0,            0,    0.7598534,    0.6500945
robot_14
   -35.57111,    -18.00554,            0,            0,            0,   -0.9030608,    0.4295127
robot_181
    1.049002,     22.01742,            0,            0,            0,   -0.3869783,    0.9220888
robot_61
    27.44938,    -38.01493,            0,            0,            0,   -0.5389938,    0.8423098
robot_30
   -21.91311,    -5.879816,            0,            0,            0,  -0.07906301,    0.9968696
robot_122
   -2.049086,    -24.20669,            0,            0,            0,    0.6032396,      0.79756
robot_132
    5.854695,    -6.174858,            0,            0,            0,    0.9281892,    0.3721085
robot_45
   -38.12327,    -21.73094,            0,            0,            0,   -0.5778918,    0.8161134
robot_21
   -36.77691,     30.01172,            0,            0,            0,    0.6936075,    0.7203532
robot_39
    -35.7841,     34.01151,            0,            0,            0,   -0.5495064,    0.8354895
robot_134
    1.708325,    -9.941761,            0,            0,            0,   -0.9302996,    0.3668006
robot_15
    29.84504,      14.3159,            0,            0,            0,   -0.9800147,    0.1989252
robot_145
    25.82428,    -2.030519,            0,            0,            0,    0.4452479,    0.8954073
robot_140
    9.778834,     21.78803,            0,            0,            0,    -0.824675,    0.5656068
robot_196
    21.93098,     16.54359,            0,            0,            0,   -0.9778809,    0.2091624
robot_188
   -25.55769,    -18.01268,            0,            0,            0,     0.755127,    0.6555785
robot_4
   -17.61211,    -29.91396,            0,            0,            0,   -0.1568617,    0.9876206
robot_155
    17.90197,     37.12312,            0,            0,            0,     0.656398,    0.7544148
robot_135
    25.99211,     5.942403,            0,            0,            0,   -0.3174242,    0.9482837
robot_93
    17.87729,     2.199545,            0,            0,            0,    0.9797235,    0.2003541
robot_111
    17.91969,     15.91739,            0,            0,            0,    0.3696872,    0.9291563
robot_0
   -30.08344,    -10.40324,            0,            0,            0,   -0.7866194,    0.6174382
robot_49
   -31.26281,    -26.02572,            0,            0,            0,    0.7856154,    0.6187151
robot_113
    22.34856,     14.04301,            0,            0,            0,   -0.2543289,    0.9671178
robot_94
    25.91949,     -20.3354,            0,            0,            0,    0.1530396,    0.9882201
robot_40
    1.938761,     13.67346,            0,            0,            0,   -0.3351053,    0.9421807
robot_103
    29.63157,     30.07059,            0,            0,            0,   -0.4729206,    0.8811051
robot_6
   -13.08653,     10.02583,            0,            0,            0,    0.0195263,    0.9998093
robot_71
    13.86219,     2.237927,            0,            0,            0,    0.9803156,     0.197437
robot_17
    -23.1111,     22.02472,            0,            0,            0,    0.9318736,    0.3627832
robot_120
    14.26258,    -2.047119,            0,            0,            0,   -0.9851036,    0.1719622
robot_189
    21.93105,     6.273623,            0,            0,            0,    0.4809173,     0.876766
robot_148
    7.879322,    -14.00406,            0,            0,            0,    0.4643756,    0.8856384
robot_186
    22.07596,    -33.92323,            0,            0,            0,   -0.1981617,    0.9801693
