tuw_multi_robot_msgs::RobotGoalsArray @1970-01-01T01:41:35.600000
frame_id: map
        6095,    600000000
robot_84
    12.14431,     2.005673,            0,            0,            0,   -0.1433043,    0.9896787
robot_116
   -10.07013,    -26.30812,            0,            0,            0,    0.9926575,    0.1209593
robot_74
   -18.51233,    -29.92998,            0,            0,            0,   -0.2397021,    0.9708465
robot_41
   -30.06589,   -0.6189077,            0,            0,            0,   -0.5545023,    0.8321822
robot_125
    23.37519,     2.019003,            0,            0,            0,    0.9831375,    0.1828681
robot_136
   -1.878453,    -10.06935,            0,            0,            0,     0.228376,     0.973573
robot_173
   -30.09435,     16.42425,            0,            0,            0,   -0.8464798,    0.5324209
robot_67
   -26.63168,    -17.98107,            0,            0,            0, -0.003527837,    0.9999938
robot_197
    25.86728,     38.09722,            0,            0,            0,  -0.09337692,    0.9956308
robot_119
    2.030453,    -21.80686,            0,            0,            0, -0.004744837,    0.9999887
robot_82
    -38.8306,    -9.999499,            0,            0,            0,    0.1451921,    0.9894035
robot_77
    13.92901,     24.61702,            0,            0,            0,    0.5942434,    0.8042853
robot_5
     1.95741,    -6.013091,            0,            0,            0,   -0.6058559,    0.7955744
robot_133
    25.15519,     17.97152,            0,            0,            0,    0.7773152,    0.6291114
robot_99
    22.70695,    -37.99509,            0,            0,            0,   -0.9244344,    0.3813411
robot_171
    17.90652,     10.99956,            0,            0,            0,    -0.999936,   0.01131046
robot_180
   -14.07911,     34.77032,            0,            0,            0,    0.4867109,    0.8735631
robot_56
   -38.02462,     18.01803,            0,            0,            0,   -0.0846357,     0.996412
robot_3
   -2.068744,    -14.24732,            0,            0,            0,    0.9939687,    0.1096642
robot_81
    37.93886,    -29.99759,            0,            0,            0,    0.5556498,    0.8314164
robot_167
   -10.06367,    -37.09236,            0,            0,            0,    0.6256196,    0.7801283
robot_25
   -23.02818,     18.01368,            0,            0,            0,   -0.6926839,    0.7212413
robot_168
    9.919052,     22.80702,            0,            0,            0,   -0.7123077,    0.7018673
robot_96
    21.92426,     28.21795,            0,            0,            0,   -0.9818906,    0.1894486
robot_166
   -13.98758,     6.070764,            0,            0,            0,    0.2590741,    0.9658574
robot_102
   -13.92866,     13.91213,            0,            0,            0,      0.18687,    0.9823847
robot_192
    17.98309,     13.75294,            0,            0,            0,   -0.3977155,    0.9175088
robot_179
   -30.07321,       29.708,            0,            0,            0,   -0.2109733,    0.9774918
robot_142
   -29.78192,    -37.95877,            0,            0,            0,    0.7867379,    0.6172872
robot_1
   -10.02436,     2.053584,            0,            0,            0,   -0.5225388,    0.8526155
robot_44
    13.91519,    -2.402281,            0,            0,            0,   -0.8379446,    0.5457553
robot_163
   -10.09867,     39.32876,            0,            0,            0,     0.109679,    0.9939671
robot_79
    37.94419,     9.443451,            0,            0,            0,    0.9333691,     0.358918
robot_8
   -29.95158,     25.80731,            0,            0,            0,   -0.9891459,    0.1469369
robot_20
   -14.07801,       18.929,            0,            0,            0,    0.8470936,    0.5314437
robot_143
    1.928106,    -14.83368,            0,            0,            0,    0.9623078,    0.2719626
robot_138
    18.20727,     -1.98278,            0,            0,            0,    0.1717603,    0.9851388
robot_123
    11.52308,    -18.00992,            0,            0,            0,    0.2621265,    0.9650335
robot_193
   -33.07763,       17.998,            0,            0,            0,   -0.7012263,    0.7129388
robot_187
   -7.305689,    -17.96726,            0,            0,            0,    0.0873405,    0.9961785
robot_176
   -29.99341,    -9.658646,            0,            0,            0,   -0.8643892,    0.5028234
robot_66
   -30.08388,     3.033452,            0,            0,            0,    0.9684465,    0.2492216
robot_63
     -38.001,     -26.1018,            0,            0,            0,   -0.9773312,    0.2117159
robot_31
   -26.05845,    -3.133792,            0,            0,            0,    0.7493524,    0.6621715
robot_159
    13.85833,    -30.25603,            0,            0,            0,   -0.8793901,    0.4761019
robot_160
   -29.98475,     -22.1667,            0,            0,            0,   -0.9462786,    0.3233523
robot_151
   -22.33893,    -13.93878,            0,            0,            0,    0.7023298,    0.7118517
robot_150
    37.68185,    -33.99432,            0,            0,            0,    0.9979672,   0.06372976
robot_137
   -26.09376,      2.94421,            0,            0,            0,   -0.9998257,   0.01866922
robot_199
    37.92113,     31.31854,            0,            0,            0,     0.864494,    0.5026431
robot_54
   -6.062654,    -14.96853,            0,            0,            0,   -0.9911144,    0.1330119
robot_117
     1.92812,     21.88526,            0,            0,            0,    0.9798542,    0.1997142
robot_36
    29.45539,     2.047236,            0,            0,            0,            1, 0.0002143802
robot_33
   -34.76961,     25.98172,            0,            0,            0,    0.9888316,    0.1490368
robot_146
    33.85252,    -33.83977,            0,            0,            0,   -0.2862096,     0.958167
robot_156
   -26.08973,      31.4379,            0,            0,            0,   -0.8905549,    0.4548757
robot_112
    17.94956,    0.6702272,            0,            0,            0,   -0.9971682,   0.07520356
robot_19
   -22.09111,    -9.969427,            0,            0,            0,   -0.7122825,    0.7018929
robot_141
   -38.07266,     26.61617,            0,            0,            0,    0.9788587,    0.2045374
robot_35
    21.90544,     25.40904,            0,            0,            0,   -0.9385464,    0.3451531
robot_184
   -18.05932,     35.25646,            0,            0,            0,   -0.7979294,    0.6027509
robot_98
   -6.061144,    -4.639989,            0,            0,            0,   -0.8600647,    0.5101849
robot_100
   -6.152621,     17.95292,            0,            0,            0,    0.7194412,    0.6945534
robot_164
   -6.212249,    -37.76814,            0,            0,            0,   -0.9990244,   0.04416103
robot_59
    27.88375,     21.97199,            0,            0,            0,     0.995751,   0.09208667
robot_144
    25.93057,    -28.45379,            0,            0,            0,   -0.1403988,     0.990095
robot_101
   -14.02611,     22.27549,            0,            0,            0,   -0.5559925,    0.8311873
robot_161
   -20.65878,     33.98658,            0,            0,            0,    0.5513448,    0.8342775
robot_149
   -15.51327,     25.99979,            0,            0,            0,    0.8677083,    0.4970737
robot_86
    14.07545,    -25.89258,            0,            0,            0,    0.1406269,    0.9900627
robot_191
   -25.96607,      17.9196,            0,            0,            0,   -0.9819639,    0.1890685
robot_126
   -34.18016,     22.23293,            0,            0,            0,   -0.8155176,    0.5787323
robot_190
    22.32601,     38.08466,            0,            0,            0,   -0.4550285,    0.8904769
robot_131
    25.71527,     21.95204,            0,            0,            0,     0.316893,    0.9484613
robot_154
   -9.523512,      13.9903,            0,            0,            0,     0.670345,    0.7420496
robot_9
    2.156319,     26.15122,            0,            0,            0,    0.6629267,    0.7486843
robot_27
   -34.04616,      -37.062,            0,            0,            0,   -0.8682219,    0.4961762
robot_34
   -22.04978,     29.84933,            0,            0,            0,    0.1130891,    0.9935849
robot_114
   -10.03961,    -5.940513,            0,            0,            0,     0.987235,    0.1592705
robot_51
    37.87569,     25.91327,            0,            0,            0,   -0.5536325,    0.8327611
robot_108
    29.91122,     26.42908,            0,            0,            0,   -0.6050183,    0.7962115
robot_147
   -10.06279,    -21.94472,            0,            0,            0,     0.499724,    0.8661847
robot_183
   -26.05285,    -24.23032,            0,            0,            0,    0.2998803,    0.9539768
robot_48
    16.36274,     17.96894,            0,            0,            0,    -0.892236,    0.4515695
robot_60
    5.790476,     5.998975,            0,            0,            0,   -0.9527811,    0.3036578
robot_75
   -22.16292,     -17.7593,            0,            0,            0,    0.9783858,    0.2067879
robot_152
    29.21315,    -6.004458,            0,            0,            0,   -0.7834981,    0.6213942
robot_26
    32.24601,     9.994341,            0,            0,            0,   -0.7638633,    0.6453781
robot_182
    33.90516,     0.840518,            0,            0,            0,    0.9825903,    0.1857858
robot_172
    14.18857,     34.02401,            0,            0,            0,    0.6764984,    0.7364441
robot_43
   -13.92253,     1.842167,            0,            0,            0,   -0.9611437,    0.2760485
robot_170
     15.8137,      -37.995,            0,            0,            0,   -0.1769104,     0.984227
robot_177
    25.95095,    -10.76065,            0,            0,            0,   -0.3175817,    0.9482309
robot_80
    27.73659,    -34.02666,            0,            0,            0,   -0.8966866,    0.4426659
robot_16
    21.91033,    -27.85237,            0,            0,            0,   -0.1620968,    0.9867749
robot_13
    22.55708,    -1.998739,            0,            0,            0,   -0.8789449,    0.4769234
robot_178
      29.932,     18.82653,            0,            0,            0,    0.9922798,    0.1240191
robot_88
    21.95966,    -18.16736,            0,            0,            0,   -0.1374061,    0.9905148
robot_194
   0.4422159,      17.9933,            0,            0,            0,    -0.762138,    0.6474146
robot_29
   -17.18098,     17.97734,            0,            0,            0,    0.1522371,     0.988344
robot_92
   -24.72677,    -25.98809,            0,            0,            0,   0.02583974,    0.9996661
robot_87
    17.55453,     37.92863,            0,            0,            0,   -0.9185724,    0.3952528
robot_68
     9.51351,     30.09589,            0,            0,            0,    0.7888674,    0.6145635
robot_22
    5.906892,    -12.56821,            0,            0,            0,    0.3766373,    0.9263608
robot_38
    -2.30047,    -18.09392,            0,            0,            0,    0.1039409,    0.9945835
robot_2
   -9.847273,     10.13311,            0,            0,            0,   -0.4449824,    0.8955393
robot_110
   -26.03496,     35.00712,            0,            0,            0,   -0.9834761,    0.1810382
robot_14
   -26.05628,   -0.8523193,            0,            0,            0,    0.2440926,    0.9697519
robot_181
   -38.05578,    -22.28125,            0,            0,            0,   -0.3095757,    0.9508748
robot_61
    10.02391,    -5.928716,            0,            0,            0,   -0.9915381,    0.1298159
robot_30
    29.85084,     21.70728,            0,            0,            0,     0.896244,    0.4435613
robot_122
   -6.060437,     25.63078,            0,            0,            0,   -0.4379132,    0.8990173
robot_132
   -18.08573,     6.341797,            0,            0,            0,    0.9683755,    0.2494973
robot_45
    13.79019,     21.87068,            0,            0,            0,   -0.9999993,  0.001187638
robot_21
    37.98955,     33.91275,            0,            0,            0,    0.6431905,    0.7657062
robot_39
   0.1397432,     6.001329,            0,            0,            0,   -0.6901263,     0.723689
robot_134
    1.906922,       32.769,            0,            0,            0,   -0.7455259,    0.6664766
robot_15
   -34.03898,    -11.07575,            0,            0,            0,   -0.8752688,    0.4836368
robot_145
    9.913723,     26.79672,            0,            0,            0,     0.777463,    0.6289287
robot_140
    29.92929,    -33.49627,            0,            0,            0,   -0.5999256,    0.8000558
robot_196
   -38.06397,     -13.9274,            0,            0,            0,    0.6395519,    0.7687479
robot_188
   -25.58448,    -29.94879,            0,            0,            0,    0.6876065,    0.7260835
robot_4
    29.92369,     -23.6271,            0,            0,            0,   -0.1813749,     0.983414
robot_155
    -20.7451,     22.01584,            0,            0,            0,   -0.0435167,    0.9990527
robot_135
    9.934265,      13.3898,            0,            0,            0,     0.296112,    0.9551532
robot_93
   -37.88941,     13.84989,            0,            0,            0,    0.8998405,     0.436219
robot_111
    37.63608,    -21.91968,            0,            0,            0,    0.2387373,    0.9710842
robot_0
    20.33642,    -26.01114,            0,            0,            0,     0.169201,    0.9855816
robot_49
    28.42145,    -18.03307,            0,            0,            0,  -0.05029141,    0.9987346
robot_113
   -33.90352,    -26.12504,            0,            0,            0,   -0.8913675,    0.4532813
robot_94
    37.95341,     19.72799,            0,            0,            0,  -0.05086178,    0.9987057
robot_40
   -34.09111,     -15.1458,            0,            0,            0,   -0.9374763,    0.3480492
robot_103
   -26.35758,     26.05774,            0,            0,            0,    0.2781915,    0.9605256
robot_6
   -30.93729,     38.00792,            0,            0,            0,   -0.7964833,    0.6046605
robot_71
   -14.08175,    -14.04211,            0,            0,            0,   -0.3604908,    0.9327628
robot_17
   -2.598313,       21.981,            0,            0,            0,     0.983756,    0.1795107
robot_120
    5.846303,     18.17798,            0,            0,            0,    0.5618573,    0.8272342
robot_189
   -33.90374,     2.202155,            0,            0,            0,    0.5256342,    0.8507107
robot_148
    2.092464,     9.963119,            0,            0,            0,   -0.5770327,    0.8167211
robot_186
   -14.07347,    -26.29637,            0,            0,            0,   -0.0482419,    0.9988357
robot_198
   -30.18825,     9.781557,            0,            0,            0,    0.2332465,    0.9724176
robot_107
   -18.64396,    -25.97491,            0,            0,            0,    0.8543379,     0.519718
robot_18
     -26.037,     5.759818,            0,            0,            0,   -0.1116264,    0.9937502
robot_23
   -10.06039,    -18.91708,            0,            0,            0,    0.6009888,    0.7992575
robot_46
   -29.79833,    -26.07641,            0,            0,            0,   -0.5383169,    0.8427425
robot_109
   -26.25906,     14.10087,            0,            0,            0,     0.141254,    0.9899734
robot_10
    29.44755,     37.95912,            0,            0,            0,     0.349116,    0.9370795
robot_157
    25.93491,     33.36999,            0,            0,            0,      0.12627,    0.9919959
robot_70
    13.60313,     29.95922,            0,            0,            0,   -0.9847555,    0.1739442
robot_55
    24.74359,    -37.97956,            0,            0,            0,    0.4196061,    0.9077063
robot_73
    33.93835,    -37.75118,            0,            0,            0,   -0.2832189,    0.9590553
robot_69
   -5.925871,       -26.14,            0,            0,            0,    -0.491249,    0.8710192
robot_65
    5.926668,     13.59839,            0,            0,            0,     0.839371,    0.5435589
robot_124
    6.239886,     33.97448,            0,            0,            0,    0.7160614,    0.6980373
robot_115
   -26.45477,    -14.00175,            0,            0,            0,   -0.6602916,    0.7510093
robot_130
   -2.092226,     28.94349,            0,            0,            0,   -0.4027632,    0.9153042
robot_85
    -34.1123,     30.00022,            0,            0,            0,   -0.1946761,    0.9808676
robot_91
     18.1827,    -38.09912,            0,            0,            0,   -0.3637872,    0.9314821
robot_47
    10.15923,    -14.15574,            0,            0,            0,   -0.4478458,    0.8941108
robot_52
   -21.83187,     6.050412,            0,            0,            0,   -0.5253993,    0.8508558
robot_195
    25.95155,    -8.507235,            0,            0,            0,    0.9973088,   0.07331594
robot_72
    29.91094,     12.50325,            0,            0,            0,    0.6454492,    0.7638032
robot_158
    30.36518,    -30.00763,            0,            0,            0,     0.921191,    0.3891108
robot_153
     13.9297,     17.77422,            0,            0,            0,   -0.9972183,    0.0745361
robot_105
    30.00091,     10.10571,            0,            0,            0,   -0.4230053,    0.9061272
robot_162
   -30.04579,    -30.25813,            0,            0,            0,    0.7355472,    0.6774735
robot_97
   -22.09569,    -28.82986,            0,            0,            0,    0.6964123,    0.7176419
robot_90
    36.19676,    -6.018879,            0,            0,            0,    0.1452671,    0.9893925
robot_165
   -10.12894,     34.33547,            0,            0,            0,    0.6792007,    0.7339526
robot_42
    17.01553,     21.98931,            0,            0,            0,   -0.8280278,     0.560687
robot_7
    12.01305,    -26.01733,            0,            0,            0,    0.7353996,    0.6776337
robot_28
    -28.2467,     38.01327,            0,            0,            0,   -0.5567117,    0.8307058
robot_118
    31.66959,     2.015776,            0,            0,            0,    0.7683689,    0.6400072
robot_139
    1.949966,    -31.53546,            0,            0,            0,   -0.4454349,    0.8953143
robot_129
     -38.615,     33.99499,            0,            0,            0,   -0.3976136,    0.9175529
robot_57
   -17.75277,     22.01904,            0,            0,            0,    0.5799733,    0.8146355
robot_24
   -14.05967,     16.41467,            0,            0,            0,    0.8555441,    0.5177299
robot_106
   -36.19824,    -5.978499,            0,            0,            0,    0.5557055,    0.8313792
robot_185
    37.80853,     17.80102,            0,            0,            0,    0.5960077,    0.8029787
robot_174
   -29.20368,     33.98169,            0,            0,            0,     0.560301,     0.828289
robot_58
    4.062907,    -26.01506,            0,            0,            0,   -0.9498123,    0.3128203
robot_12
    12.29543,    -5.994501,            0,            0,            0,    0.2127489,    0.9771069
robot_95
    13.95561,    -10.67678,            0,            0,            0,    0.1002162,    0.9949657
robot_78
    29.63937,     29.96892,            0,            0,            0,   -0.8022093,    0.5970429
robot_62
    24.51022,    -5.974708,            0,            0,            0,   -0.4990695,     0.866562
robot_121
    7.392559,    -9.977186,            0,            0,            0,    0.9997355,   0.02299803
robot_83
    -18.0591,    -12.97566,            0,            0,            0,    0.9925037,    0.1222147
robot_127
    9.704826,    -21.93926,            0,            0,            0,   -0.1375327,    0.9904972
robot_128
   -29.87614,    -33.88364,            0,            0,            0,    0.6853067,    0.7282546
robot_32
    34.27293,     13.93726,            0,            0,            0,   -0.9831068,    0.1830329
robot_89
    37.97042,    -13.94769,            0,            0,            0,    0.2038839,    0.9789951
robot_11
    7.000017,    -30.02116,            0,            0,            0,    0.5706999,    0.8211587
robot_37
   -26.04576,    -34.11786,            0,            0,            0,    0.4900055,    0.8717193
robot_175
    17.81078,    -29.97933,            0,            0,            0,    0.1985847,    0.9800837
robot_50
   -21.02876,     9.991497,            0,            0,            0,   -0.9983873,   0.05676977
robot_64
   -10.04815,     24.84583,            0,            0,            0,    0.7950973,    0.6064818
robot_76
    29.91352,     32.84189,            0,            0,            0,   -0.4175836,    0.9086385
robot_104
    9.948716,     35.65094,            0,            0,            0,    0.9954043,   0.09576127
robot_169
    25.97561,       29.716,            0,            0,            0,   -0.9812727,    0.1926239
robot_53
   -5.897177,     10.10049,            0,            0,            0,    0.8600838,    0.5101528
