tuw_multi_robot_msgs::RobotGoalsArray @1970-01-01T01:24:44.800000
frame_id: map
        5084,    800000000
robot_84
   -22.16692,     30.17044,            0,            0,            0,    0.4306947,    0.9024977
robot_116
    14.00443,     22.31276,            0,            0,            0,   -0.5348671,    0.8449362
robot_74
    9.960599,     -34.3582,            0,            0,            0,    0.9882387,    0.1529194
robot_41
    21.81624,    -1.955098,            0,            0,            0,   -0.1639739,    0.9864647
robot_125
    29.96365,    -28.95397,            0,            0,            0,   -0.4293143,    0.9031551
robot_136
    -25.9062,     29.91565,            0,            0,            0,   -0.9941986,    0.1075597
robot_173
    32.26307,     30.00568,            0,            0,            0,   -0.7619287,    0.6476609
robot_67
   -14.04323,     13.66682,            0,            0,            0,   -0.9826643,    0.1853938
robot_197
    0.993688,    -14.01138,            0,            0,            0,    0.9093938,    0.4159362
robot_119
   -28.25432,    -10.03139,            0,            0,            0,   -0.4364456,    0.8997306
robot_82
   -11.50005,     25.98316,            0,            0,            0,   -0.7020128,    0.7121643
robot_77
    1.900312,    -32.52366,            0,            0,            0,     0.264777,    0.9643097
robot_5
   -26.07495,     22.08259,            0,            0,            0,    0.6835026,    0.7299481
robot_133
    28.17153,     10.02356,            0,            0,            0,    0.3794315,    0.9252199
robot_99
   -22.39957,    -38.05259,            0,            0,            0,   -0.9572427,     0.289286
robot_171
     -29.857,     22.16254,            0,            0,            0,  -0.05292241,    0.9985986
robot_180
   -33.33449,    -17.97324,            0,            0,            0,    0.3676296,    0.9299723
robot_56
    17.93847,     -18.3703,            0,            0,            0,   -0.9942001,    0.1075462
robot_3
   -6.037715,    -29.64719,            0,            0,            0,    0.7290584,    0.6844515
robot_81
    -6.40716,    -10.01684,            0,            0,            0,   -0.7349935,    0.6780742
robot_167
    37.94448,     17.81906,            0,            0,            0,   -0.8935257,    0.4490121
robot_25
   -18.22386,     21.82207,            0,            0,            0,     0.825086,    0.5650072
robot_168
    6.005192,     5.795614,            0,            0,            0,  -0.09155921,    0.9957996
robot_96
   -37.67209,     10.00302,            0,            0,            0,   -0.9970594,   0.07663224
robot_166
    33.92697,    -4.032831,            0,            0,            0,   -0.9416965,    0.3364635
robot_102
    33.95212,     7.145385,            0,            0,            0,    0.4805047,    0.8769922
robot_192
   -6.039777,     2.523351,            0,            0,            0,    0.3400648,     0.940402
robot_179
   -25.76986,    -22.01802,            0,            0,            0,    0.5048289,    0.8632194
robot_142
    5.914023,      22.7865,            0,            0,            0,    0.4353462,    0.9002631
robot_1
    22.33777,     34.01085,            0,            0,            0,   -0.6364438,    0.7713231
robot_44
    10.25971,      37.9707,            0,            0,            0,   -0.9452766,    0.3262701
robot_163
     6.12909,     25.99268,            0,            0,            0,    0.6395659,    0.7687363
robot_79
   -10.03517,     4.010782,            0,            0,            0,   -0.7158666,    0.6982371
robot_8
     14.0011,     33.76699,            0,            0,            0,   -0.9835278,    0.1807569
robot_20
     33.8182,    -30.19184,            0,            0,            0,   -0.9756932,    0.2191409
robot_143
   -27.00944,    -33.99432,            0,            0,            0,    0.9696026,    0.2446852
robot_138
     21.8991,     1.988482,            0,            0,            0,   -0.9736995,    0.2278363
robot_123
    9.906084,     8.730648,            0,            0,            0,    0.9774009,     0.211394
robot_193
    21.91146,    -33.43348,            0,            0,            0,   -0.8123309,    0.5831968
robot_187
   -2.074092,     11.19616,            0,            0,            0,   -0.9764089,    0.2159297
robot_176
   -17.99263,    -25.69779,            0,            0,            0,    0.8863934,    0.4629328
robot_66
   -10.02914,      34.3616,            0,            0,            0,    0.7446266,    0.6674813
robot_63
   -25.81816,    -1.968214,            0,            0,            0,   -0.4305485,    0.9025674
robot_31
    10.03271,    -17.92598,            0,            0,            0,   -0.8388796,     0.544317
robot_159
   -10.09535,     21.01904,            0,            0,            0,  -0.07186485,    0.9974144
robot_160
   -18.08676,     -2.54053,            0,            0,            0,   -0.5335503,    0.8457683
robot_151
   -1.330823,    -25.99696,            0,            0,            0,    0.8971549,    0.4417161
robot_150
   -22.07572,     24.60112,            0,            0,            0,   -0.4363044,    0.8997991
robot_137
    -22.0152,     33.96222,            0,            0,            0,    0.2488958,    0.9685303
robot_199
    35.84193,    -18.01234,            0,            0,            0,   -0.6624381,    0.7491167
robot_54
    1.878333,     10.21282,            0,            0,            0,     0.409831,    0.9121615
robot_117
   -26.06881,    -38.82884,            0,            0,            0,    0.8914028,     0.453212
robot_36
   -5.167593,     34.00845,            0,            0,            0,   -0.2399894,    0.9707755
robot_33
    25.91149,    -18.03438,            0,            0,            0,    0.8172689,    0.5762565
robot_146
    25.95768,    -25.34604,            0,            0,            0,    0.6549838,    0.7556429
robot_156
   -1.274692,      26.0169,            0,            0,            0,   -0.2921572,    0.9563703
robot_112
   -14.74941,     30.03097,            0,            0,            0,    0.7208902,    0.6930492
robot_19
    2.267207,    -29.97767,            0,            0,            0,    0.6636243,     0.748066
robot_141
    21.90043,     28.09818,            0,            0,            0,    0.9970573,   0.07665953
robot_35
   -26.03972,     18.01221,            0,            0,            0,   -0.1137209,    0.9935127
robot_184
   -37.97421,    -22.00567,            0,            0,            0,    0.9826712,    0.1853574
robot_98
    33.90565,    -33.69173,            0,            0,            0,    0.7700415,    0.6379938
robot_100
     19.3386,     25.98326,            0,            0,            0,   -0.3496032,    0.9368979
robot_164
    9.792817,    -22.04796,            0,            0,            0,   -0.7494978,    0.6620068
robot_59
   -13.85833,     38.09699,            0,            0,            0,   -0.2462279,     0.969212
robot_144
    21.92073,     9.022499,            0,            0,            0,   -0.4056364,    0.9140345
robot_101
   -23.18516,    -13.96887,            0,            0,            0,    0.8999715,    0.4359487
robot_161
    27.64976,     1.983761,            0,            0,            0,    0.5222885,    0.8527688
robot_149
   -21.03316,    -1.970577,            0,            0,            0,    0.6373429,    0.7705803
robot_86
   -30.08689,     34.76659,            0,            0,            0,    0.3281189,    0.9446364
robot_191
   -10.23698,    -29.97841,            0,            0,            0,    0.4052585,    0.9142021
robot_126
   -13.89392,     22.01157,            0,            0,            0,   -0.9761405,    0.2171398
robot_190
    17.92043,     17.40125,            0,            0,            0,    0.9050551,    0.4252942
robot_131
    8.599417,     25.99392,            0,            0,            0,    0.1722905,    0.9850462
robot_154
    21.91181,    -21.25711,            0,            0,            0,   -0.5203573,    0.8539487
robot_9
    36.16478,     25.96826,            0,            0,            0,    0.4915753,    0.8708351
robot_27
    36.95166,    -10.01475,            0,            0,            0,   -0.9435811,    0.3311415
robot_34
    26.40447,     18.05982,            0,            0,            0,    0.9768622,    0.2138696
robot_114
    24.99218,     33.99162,            0,            0,            0,   -0.3671936,    0.9301445
robot_51
   -26.03715,     34.66536,            0,            0,            0,    0.3539689,    0.9352572
robot_108
   -10.04752,    -18.94547,            0,            0,            0,    0.9325287,    0.3610958
robot_147
    5.405454,     14.00743,            0,            0,            0,     0.295031,    0.9554877
robot_183
   -6.072835,     9.193305,            0,            0,            0,    0.2048135,     0.978801
robot_48
    21.79727,     17.95506,            0,            0,            0,    0.9907782,    0.1354939
robot_60
   -6.092226,     -27.5713,            0,            0,            0,   -0.2080991,    0.9781077
robot_75
   -36.26356,     6.006249,            0,            0,            0,     0.332343,    0.9431586
robot_152
    16.39118,     1.991418,            0,            0,            0,   -0.7894482,    0.6138172
robot_26
    17.94828,    -22.26456,            0,            0,            0,    0.8244906,    0.5658757
robot_182
    13.79507,     14.04004,            0,            0,            0,     -0.99883,   0.04835939
robot_172
   -29.99472,     13.71402,            0,            0,            0,   -0.4544175,    0.8907888
robot_43
   -10.01434,    -9.894231,            0,            0,            0,    0.9455871,    0.3253692
robot_170
   -33.68081,     18.01566,            0,            0,            0,    0.1666341,    0.9860188
robot_177
    26.42013,    -37.93322,            0,            0,            0,    0.9924247,    0.1228543
robot_80
    14.13435,    -14.06071,            0,            0,            0,    0.9177186,    0.3972312
robot_16
    13.88876,    -26.26204,            0,            0,            0,   -0.9625258,    0.2711902
robot_13
    5.926932,     -35.6755,            0,            0,            0, -0.002835847,     0.999996
robot_178
   -6.054517,    -2.102736,            0,            0,            0,   -0.9710124,    0.2390292
robot_88
    25.80992,     22.11762,            0,            0,            0,   -0.9757178,    0.2190316
robot_194
    22.28239,     -26.0327,            0,            0,            0,    0.6499521,    0.7599751
robot_29
    9.920351,      28.2514,            0,            0,            0,  -0.09267821,    0.9956961
robot_92
    25.80435,    -14.06075,            0,            0,            0,   -0.3740286,    0.9274172
robot_87
    11.17335,     -2.02171,            0,            0,            0,   -0.9985711,   0.05343917
robot_68
    29.18764,     37.99476,            0,            0,            0,   -0.8592668,    0.5115276
robot_22
    -38.4554,     30.05063,            0,            0,            0,   -0.3139039,    0.9494548
robot_38
    29.86424,    -13.67618,            0,            0,            0,   -0.1788856,    0.9838699
robot_2
    37.93926,     28.29391,            0,            0,            0,   -0.7746307,    0.6324139
robot_110
    13.85567,     -37.6624,            0,            0,            0,   -0.9892613,    0.1461575
robot_14
   -10.01715,     18.22384,            0,            0,            0,   -0.2345332,    0.9721081
robot_181
   -30.01977,      29.7251,            0,            0,            0,    0.8202608,    0.5719898
robot_61
   -26.36353,     14.05636,            0,            0,            0,    -0.582062,    0.8131444
