tuw_multi_robot_msgs::RobotGoalsArray @1970-01-01T00:56:08.100000
frame_id: map
        3368,    100000000
robot_84
   -22.06052,    -31.26403,            0,            0,            0,   -0.8852434,    0.4651281
robot_116
   -5.901597,    -30.06678,            0,            0,            0,    0.4827781,    0.8757427
robot_74
    33.70702,    -29.97082,            0,            0,            0,   -0.4965488,    0.8680088
robot_41
   -1.981735,     14.35234,            0,            0,            0,    0.1447534,    0.9894678
robot_125
   -2.017227,     22.24416,            0,            0,            0,   -0.9928849,    0.1190776
robot_136
   -22.07332,     29.51982,            0,            0,            0,   -0.8453195,    0.5342611
robot_173
    9.923141,     21.29367,            0,            0,            0,    0.9916726,    0.1287843
robot_67
   -14.03966,    -38.67436,            0,            0,            0,    0.9969123,   0.07852339
robot_197
    25.47613,    -22.09811,            0,            0,            0,   -0.9892146,    0.1464733
robot_119
    39.00974,     18.00752,            0,            0,            0,     0.795694,    0.6056988
robot_82
   -6.083403,    -35.71428,            0,            0,            0,    0.8070167,    0.5905287
robot_77
    30.04304,     10.09513,            0,            0,            0,    0.3584356,    0.9335545
robot_5
   -15.30751,    -29.98381,            0,            0,            0,     0.907101,    0.4209129
robot_133
    37.92766,    -13.73792,            0,            0,            0,   -0.9584428,    0.2852847
robot_99
    33.96068,    -23.19022,            0,            0,            0,    0.7257301,    0.6879795
robot_171
    22.81521,     -29.9731,            0,            0,            0,   -0.9999802,  0.006295436
robot_180
   -26.04187,     31.83639,            0,            0,            0,    0.5866918,    0.8098103
robot_56
    29.94507,     20.76361,            0,            0,            0,   -0.3754617,    0.9268379
robot_3
   -30.04878,     -38.7938,            0,            0,            0,   -0.9923895,    0.1231387
robot_81
    30.34618,     18.08006,            0,            0,            0,    0.8781647,    0.4783583
robot_167
   -23.11965,    -37.97078,            0,            0,            0,     0.993153,    0.1168208
robot_25
    33.93303,     14.83593,            0,            0,            0,   -0.8361566,    0.5484908
robot_168
    16.35119,    -25.99378,            0,            0,            0,    0.9535316,    0.3012929
robot_96
    -33.2314,    -25.96918,            0,            0,            0,    0.4688879,    0.8832577
robot_166
   -14.14497,    -9.864812,            0,            0,            0,  -0.09423434,      0.99555
robot_102
   -18.05743,     -8.11283,            0,            0,            0,    -0.872853,    0.4879832
robot_192
    16.12731,    -37.99205,            0,            0,            0,   -0.9228758,    0.3850977
robot_179
   -8.008935,    -18.01987,            0,            0,            0,    -0.961742,    0.2739566
robot_142
  0.04767017,    -18.03152,            0,            0,            0,   -0.7704119,    0.6375464
robot_1
    29.87774,       34.354,            0,            0,            0,    0.6879704,    0.7257388
robot_44
   -25.95176,     33.95893,            0,            0,            0,   -0.9363885,    0.3509652
robot_163
     21.9592,    -9.881432,            0,            0,            0,   -0.5124254,    0.8587317
robot_79
    17.92784,    -8.465111,            0,            0,            0,    0.7814512,    0.6239663
robot_8
   -34.06452,    -17.00323,            0,            0,            0,   -0.5016029,     0.865098
robot_20
    15.75866,     37.97575,            0,            0,            0,   -0.2678548,    0.9634593
robot_143
    17.91007,     12.19634,            0,            0,            0,    0.7387046,    0.6740293
robot_138
    11.20559,      -33.968,            0,            0,            0,     0.668677,     0.743553
robot_123
   -34.08002,     17.61235,            0,            0,            0,    0.7891711,    0.6141735
robot_193
    17.93115,    -16.68358,            0,            0,            0,   -0.5291645,    0.8485192
robot_187
    4.771039,     29.97338,            0,            0,            0,    0.4848915,    0.8745743
robot_176
    9.480675,    -22.06947,            0,            0,            0,   -0.7428583,    0.6694486
robot_66
    10.16595,     5.891104,            0,            0,            0,    0.4827478,    0.8757594
robot_63
    18.21223,     1.937172,            0,            0,            0,    0.9569339,    0.2903059
robot_31
   -21.80656,     1.906059,            0,            0,            0,   -0.6564285,    0.7543883
robot_159
     -26.002,     -29.8161,            0,            0,            0,    0.6709203,    0.7415295
robot_160
   -30.09561,    -29.59075,            0,            0,            0,   -0.1160899,    0.9932387
robot_151
   -4.078231,     17.98848,            0,            0,            0,   -0.8649216,     0.501907
robot_150
    37.03271,     30.02609,            0,            0,            0,   -0.5631897,    0.8263277
robot_137
    26.05472,     33.90756,            0,            0,            0,    -0.712196,    0.7019806
robot_199
   -5.080302,    -21.98715,            0,            0,            0,    0.3463745,    0.9380963
robot_54
    21.73336,    -34.05758,            0,            0,            0,    0.2208944,    0.9752977
robot_117
    -38.9329,    -25.98134,            0,            0,            0,    0.9888632,    0.1488276
robot_36
   -26.07306,      22.3082,            0,            0,            0,   -0.5618661,    0.8272282
robot_33
   -31.37471,    -6.021909,            0,            0,            0,   -0.5546154,    0.8321068
robot_146
   -34.07797,    -22.61412,            0,            0,            0,   -0.7359701,     0.677014
robot_156
     0.05079,     30.01928,            0,            0,            0,   -0.9906749,    0.1362467
robot_112
    1.939467,    -33.38708,            0,            0,            0,   -0.3668272,    0.9302891
robot_19
   -35.37801,     -10.0052,            0,            0,            0,   -0.1139033,    0.9934918
robot_141
    29.44852,    -13.91081,            0,            0,            0,    0.2881193,    0.9575945
robot_35
    -2.06865,     7.635689,            0,            0,            0,    0.8755878,    0.4830589
robot_184
    13.98406,     10.36045,            0,            0,            0,    0.9972114,     0.074629
robot_98
    -34.7703,      6.00431,            0,            0,            0,    -0.352707,    0.9357338
robot_100
   -6.091526,     -23.9299,            0,            0,            0,    0.3944737,    0.9189072
robot_164
    9.911177,    -31.22556,            0,            0,            0,   0.01177653,    0.9999307
robot_59
    12.47125,    -38.00317,            0,            0,            0,   -0.9474128,    0.3200139
robot_144
   -22.69525,    -1.968661,            0,            0,            0,   -0.5824368,     0.812876
robot_101
   -17.93432,    -33.88673,            0,            0,            0,   -0.2113184,    0.9774173
robot_161
    -2.09814,    -6.035098,            0,            0,            0,    0.0283028,    0.9995994
robot_149
   -21.60997,     -34.0755,            0,            0,            0,    0.8376025,    0.5462802
robot_86
    -38.6918,     25.96926,            0,            0,            0,    0.1117133,    0.9937405
