tuw_multi_robot_msgs::RobotGoalsArray @1970-01-01T01:16:46.300000
frame_id: map
        4606,    300000000
robot_84
    17.97676,     1.932609,            0,            0,            0,   0.04202314,    0.9991166
robot_116
   -30.08771,     27.32261,            0,            0,            0,    0.6213178,    0.7835587
robot_74
    31.69834,     14.02235,            0,            0,            0,   -0.1438031,    0.9896063
robot_41
    9.747397,     -30.0242,            0,            0,            0,     0.349323,    0.9370024
robot_125
    21.93799,     -26.6883,            0,            0,            0,    0.9691932,    0.2463018
robot_136
   -1.771752,     14.02192,            0,            0,            0,     0.400703,     0.916208
robot_173
    37.61088,     18.02572,            0,            0,            0,   0.06689673,    0.9977599
robot_67
    24.83172,     17.99921,            0,            0,            0,    0.6137868,    0.7894718
robot_197
    21.91547,     8.609544,            0,            0,            0,   -0.9173762,    0.3980212
robot_119
   -14.09637,     7.141473,            0,            0,            0,  0.003433417,    0.9999941
robot_82
    33.93316,    -24.09808,            0,            0,            0,    0.2407051,    0.9705983
robot_77
    13.95367,     0.882898,            0,            0,            0,    0.4313217,    0.9021982
robot_5
   -25.72131,     1.977367,            0,            0,            0,   -0.5571747,    0.8303953
robot_133
   -17.61059,     37.94777,            0,            0,            0,  -0.08960755,    0.9959772
robot_99
    -38.4055,    -22.04939,            0,            0,            0,     0.795355,    0.6061438
robot_171
   -26.07862,    -9.103342,            0,            0,            0,   -0.9978009,   0.06628235
robot_180
    18.07769,     6.165912,            0,            0,            0,    0.9618849,    0.2734546
robot_56
   -6.064335,    -17.62934,            0,            0,            0,   -0.8973814,    0.4412558
robot_3
    23.56195,     26.00081,            0,            0,            0,   -0.9487795,    0.3159389
robot_81
    13.81483,     22.11539,            0,            0,            0,   -0.4720991,    0.8815455
robot_167
    33.94944,     1.508664,            0,            0,            0,   -0.7512191,    0.6600529
robot_25
   -18.28792,    -34.14164,            0,            0,            0,     0.592665,    0.8054491
robot_168
   -38.47245,    -33.98969,            0,            0,            0,   -0.7946422,    0.6070781
robot_96
    22.13774,    -34.07549,            0,            0,            0,    0.5457046,    0.8379776
robot_166
    21.96167,     27.67903,            0,            0,            0,    0.1893137,    0.9819166
robot_102
    33.25311,      30.0278,            0,            0,            0,    0.4982294,    0.8670453
robot_192
   -4.189345,    -21.99647,            0,            0,            0,   -0.8794857,    0.4759253
robot_179
    27.68295,    -14.03259,            0,            0,            0,     0.733721,    0.6794509
robot_142
   -37.02889,    -9.975905,            0,            0,            0,    0.6862265,    0.7273879
robot_1
   -18.13659,    -21.81007,            0,            0,            0,    0.3614859,    0.9323776
robot_44
   -37.63289,    -25.96715,            0,            0,            0,    0.8660706,    0.4999217
robot_163
    1.934069,     21.58381,            0,            0,            0,   -0.4460562,     0.895005
robot_79
   -13.65641,     38.03725,            0,            0,            0,    0.9988377,   0.04819908
robot_8
   -30.87189,     14.00614,            0,            0,            0,    0.9995703,   0.02931364
robot_20
    9.955527,    -5.341531,            0,            0,            0,    0.6646542,    0.7471511
robot_143
   -26.42929,     17.94918,            0,            0,            0,   -0.7643802,    0.6447658
robot_138
   -10.26924,    -34.02416,            0,            0,            0,   -0.9822559,    0.1875456
robot_123
    22.26158,    -17.94719,            0,            0,            0,   -0.9584064,    0.2854071
robot_193
   -38.14193,    -13.79215,            0,            0,            0,   -0.9991744,   0.04062743
robot_187
     21.9198,    -29.76972,            0,            0,            0,   -0.6815011,    0.7318171
robot_176
   -10.02559,    -22.35624,            0,            0,            0,    0.7252811,    0.6884528
robot_66
   -14.04123,     14.61144,            0,            0,            0,   -0.2909494,    0.9567384
robot_63
   -35.34028,     13.96793,            0,            0,            0,    0.9975174,   0.07042053
robot_31
   -34.09943,    -5.789065,            0,            0,            0,   -0.6042858,    0.7967677
robot_159
   -10.22455,    -38.07479,            0,            0,            0,   -0.9650256,    0.2621557
robot_160
    18.21404,    -25.90812,            0,            0,            0,   -0.8407525,    0.5414196
robot_151
   -29.77518,    -22.04285,            0,            0,            0,    0.2597334,    0.9656804
robot_150
   -2.024658,    -33.75287,            0,            0,            0,    0.3698354,    0.9290973
robot_137
   -22.41638,     2.003386,            0,            0,            0,     -0.99151,    0.1300304
robot_199
    14.06405,    -38.08861,            0,            0,            0,    0.4684374,    0.8834967
robot_54
    22.24191,    -9.907803,            0,            0,            0,    0.9783096,    0.2071482
robot_117
   -33.61888,    -9.992594,            0,            0,            0,   -0.9323451,    0.3615696
robot_36
    19.10306,    -14.02516,            0,            0,            0,    0.9956527,   0.09314396
robot_33
    10.02713,     26.20314,            0,            0,            0,   -0.3400615,    0.9404032
robot_146
    17.84141,     30.01985,            0,            0,            0,   -0.9794647,    0.2016155
robot_156
    2.323651,    -29.99513,            0,            0,            0,    0.9553229,    0.2955641
robot_112
   -29.94545,    -13.97363,            0,            0,            0,   -0.2866062,    0.9580485
robot_19
    14.62723,     37.99983,            0,            0,            0,   -0.8352226,    0.5499121
robot_141
    -24.1647,    -29.96773,            0,            0,            0,    0.8493687,       0.5278
robot_35
    -4.98283,     33.98481,            0,            0,            0,    0.1646403,    0.9863537
robot_184
    -29.8578,    -2.098304,            0,            0,            0,   -0.8306079,    0.5568577
robot_98
    17.39063,    -34.02206,            0,            0,            0,   -0.5397394,    0.8418321
robot_100
    37.90366,    -32.05863,            0,            0,            0,    0.9839457,    0.1784681
robot_164
   -13.86553,    -10.09045,            0,            0,            0,  -0.01143846,    0.9999346
robot_59
   -9.948773,    -1.919201,            0,            0,            0,    0.9998112,   0.01943103
robot_144
    -10.1234,    -18.23458,            0,            0,            0,     0.554378,     0.832265
robot_101
   -25.59288,     37.90933,            0,            0,            0,   -0.4266332,    0.9044247
robot_161
   -21.97664,     18.21031,            0,            0,            0,   -0.3621226,    0.9321305
robot_149
    -30.0511,     37.85238,            0,            0,            0,   -0.5530088,    0.8331754
robot_86
   -10.06487,     36.71393,            0,            0,            0,    0.4923761,    0.8703825
robot_191
   -26.05032,    -18.27015,            0,            0,            0, 0.0007522188,    0.9999997
robot_126
    31.12504,     25.98244,            0,            0,            0,    0.9160444,    0.4010768
robot_190
   -24.89352,    -38.03011,            0,            0,            0,    0.7708253,    0.6370466
robot_131
    17.91102,    -3.880986,            0,            0,            0,   -0.4082504,      0.91287
robot_154
   -34.05625,    -2.729473,            0,            0,            0,    0.7971495,    0.6037819
robot_9
   -10.09104,    -5.788663,            0,            0,            0,    0.8397266,    0.5430095
robot_27
    34.31011,    -14.02734,            0,            0,            0,   -0.5712566,    0.8207715
robot_34
   -14.09577,    -39.04736,            0,            0,            0,  -0.07942177,    0.9968411
robot_114
    9.915911,    -16.07632,            0,            0,            0,   -0.8100685,    0.5863352
robot_51
    3.348346,    -14.01264,            0,            0,            0,   -0.7720812,    0.6355239
robot_108
    29.87704,     33.83604,            0,            0,            0,   -0.5485997,    0.8360852
robot_147
    29.92852,    -39.10432,            0,            0,            0,   -0.1090667,    0.9940344
robot_183
   -10.09949,     11.72352,            0,            0,            0,    0.1039811,    0.9945793
robot_48
    22.65985,     13.97515,            0,            0,            0,     0.846143,    0.5329559
robot_60
   -6.132199,    -14.19861,            0,            0,            0,    0.6700961,    0.7422743
robot_75
    9.950666,    -21.99721,            0,            0,            0,    0.8578227,    0.5139457
robot_152
    1.940827,    -16.54312,            0,            0,            0,    0.3563168,    0.9343652
robot_26
    29.80154,    -6.076256,            0,            0,            0,   -0.4352652,    0.9003023
robot_182
    33.53352,     -1.97922,            0,            0,            0,   -0.8724922,    0.4886281
robot_172
    17.73969,     38.02263,            0,            0,            0,   -0.9605117,    0.2782395
