tuw_multi_robot_msgs::RobotGoalsArray @1970-01-01T01:25:14.300000
frame_id: map
        5114,    300000000
robot_84
   -30.05704,     1.598189,            0,            0,            0,    0.5416926,    0.8405767
robot_116
    -34.1006,    -22.09749,            0,            0,            0,    0.2898876,    0.9570607
robot_74
   -38.32547,    -14.00325,            0,            0,            0,    0.9809155,    0.1944344
robot_41
    13.93669,    -10.10012,            0,            0,            0,   -0.7369149,    0.6759856
robot_125
    14.38512,    -5.917667,            0,            0,            0,   -0.5706997,    0.8211588
robot_136
    -15.8727,     2.020478,            0,            0,            0,    0.6637785,    0.7479293
robot_173
    15.50086,     25.97249,            0,            0,            0,   -0.0987146,    0.9951158
robot_67
    38.01533,    -18.26904,            0,            0,            0,   -0.6824564,    0.7309263
robot_197
   -20.38573,     33.97084,            0,            0,            0,   -0.2581777,    0.9660975
robot_119
    21.90133,     28.53003,            0,            0,            0,    0.5566114,     0.830773
robot_82
    29.93283,     3.544391,            0,            0,            0,    0.9862721,     0.165128
robot_77
    17.91016,     30.92121,            0,            0,            0,   -0.5351389,    0.8447641
robot_5
    33.91106,    -13.13937,            0,            0,            0,   -0.6998634,    0.7142767
robot_133
   -30.04957,    -21.77608,            0,            0,            0,    0.6385577,    0.7695739
robot_99
    25.92137,    -19.05347,            0,            0,            0,   -0.7441602,    0.6680012
robot_171
   -1.046506,    -14.00791,            0,            0,            0,    0.8470015,    0.5315904
robot_180
      9.9585,     5.952954,            0,            0,            0,    0.9979142,   0.06455348
robot_56
    5.961345,     27.82872,            0,            0,            0,     0.999463,   0.03276742
robot_3
   -2.077122,    -11.24241,            0,            0,            0,    0.4765106,    0.8791687
robot_81
   -18.00571,     1.892775,            0,            0,            0,    0.6612459,    0.7501692
robot_167
    29.94706,    -31.95126,            0,            0,            0,    0.3134088,    0.9496183
robot_25
    37.91074,    -26.85881,            0,            0,            0,    0.4913389,    0.8709685
robot_168
    20.03685,    -13.98176,            0,            0,            0,   -0.9827159,    0.1851202
robot_96
    -13.7345,     34.04153,            0,            0,            0,   -0.9996691,   0.02572493
robot_166
   -34.08881,     10.12721,            0,            0,            0,   -0.9997853,   0.02071926
robot_102
   -5.840607,      30.0085,            0,            0,            0,    0.5751113,    0.8180752
robot_192
    4.826225,     21.98842,            0,            0,            0,    0.8776992,    0.4792121
robot_179
     6.41083,    -5.930082,            0,            0,            0,    0.9962082,   0.08700085
robot_142
    31.03152,     33.97465,            0,            0,            0,    0.9999736,  0.007271124
robot_1
   -4.460504,     6.028339,            0,            0,            0,    0.7306209,    0.6827833
robot_44
   -33.62637,     30.00127,            0,            0,            0,    0.7335968,     0.679585
robot_163
   -10.81529,     34.01626,            0,            0,            0,    0.0729051,    0.9973389
robot_79
   -18.08062,     36.00921,            0,            0,            0,   -0.0604865,     0.998169
robot_8
   -18.89124,    -1.998826,            0,            0,            0,    0.1563198,    0.9877065
robot_20
    25.91282,    -4.816157,            0,            0,            0,    0.9985686,   0.05348608
robot_143
    26.27337,       13.955,            0,            0,            0,    0.1489305,    0.9888477
robot_138
    33.56566,     18.00498,            0,            0,            0,            1, 0.0001833987
robot_123
   -2.064539,     30.27626,            0,            0,            0,  -0.01339136,    0.9999103
robot_193
    9.934765,    -35.10402,            0,            0,            0,    0.9154412,    0.4024517
robot_187
   -14.12952,    -25.66895,            0,            0,            0,   -0.7589874,    0.6511053
robot_176
   -30.13587,     34.20703,            0,            0,            0,    0.5817885,    0.8133401
robot_66
    26.36454,      1.95039,            0,            0,            0,   -0.7795998,    0.6262781
robot_63
    29.92504,     14.16906,            0,            0,            0,    0.5791114,    0.8152484
robot_31
   -6.800404,     14.02044,            0,            0,            0,   -0.9911815,    0.1325114
robot_159
    31.45568,    -2.014109,            0,            0,            0,   -0.9854721,    0.1698376
robot_160
    14.29936,    -21.91221,            0,            0,            0,   -0.9502874,    0.3113741
robot_151
    29.95466,     1.043528,            0,            0,            0,   -0.2257267,    0.9741907
robot_150
    22.32568,    -6.053873,            0,            0,            0,   -0.9993465,   0.03614756
robot_137
   -38.09861,    -18.83604,            0,            0,            0,   -0.5555804,    0.8314628
robot_199
   -21.57534,    -5.934554,            0,            0,            0,    0.2897174,    0.9571122
robot_54
    18.04966,    -5.874644,            0,            0,            0,    0.6602658,     0.751032
robot_117
    23.99175,     -26.0306,            0,            0,            0,    0.9902954,    0.1389785
robot_36
    5.906632,     30.49383,            0,            0,            0,    0.8744649,    0.4850888
robot_33
    29.94401,    -38.57316,            0,            0,            0,    0.4966946,    0.8679254
robot_146
    1.902603,     -8.43016,            0,            0,            0,     -0.69155,    0.7223286
robot_156
    9.617711,     1.961195,            0,            0,            0,    0.8801885,    0.4746242
robot_112
   -10.06863,    -38.76872,            0,            0,            0,   -0.3831855,    0.9236714
robot_19
   -2.047238,     17.66032,            0,            0,            0,   -0.8325155,    0.5540017
robot_141
    32.39189,     -5.99076,            0,            0,            0,    0.8296586,    0.5582711
robot_35
    5.932379,    -38.47707,            0,            0,            0,   -0.8774311,    0.4797027
robot_184
    8.557652,    -10.00868,            0,            0,            0,    0.9825865,    0.1858055
robot_98
    14.01597,     13.92386,            0,            0,            0,   -0.1478985,    0.9890026
robot_100
    18.43043,    -33.92895,            0,            0,            0,   -0.1826245,    0.9831827
robot_164
    28.17689,      -34.006,            0,            0,            0,    0.5082671,    0.8611995
robot_59
    33.99256,      14.0372,            0,            0,            0,    0.6689961,    0.7432659
robot_144
     33.9397,    -1.584581,            0,            0,            0,    0.3577035,    0.9338352
robot_101
   -26.51969,    -9.968928,            0,            0,            0,   -0.9948202,    0.1016501
robot_161
     5.90714,     2.373884,            0,            0,            0,    0.8914757,    0.4530685
robot_149
    29.74138,    -13.93381,            0,            0,            0,    0.5534434,    0.8328868
robot_86
   0.3045939,     14.01567,            0,            0,            0,   -0.9767203,    0.2145166
robot_191
   -29.70508,    -10.02732,            0,            0,            0,   -0.6137788,    0.7894781
robot_126
    12.89094,     1.983752,            0,            0,            0,   -0.3177552,    0.9481728
robot_190
   -22.07825,    -18.61202,            0,            0,            0,     0.479226,    0.8776916
robot_131
    14.12512,    -29.88986,            0,            0,            0,    -0.999205,   0.03986769
robot_154
   -8.442511,    -5.998377,            0,            0,            0,    -0.593821,    0.8045972
robot_9
   -25.58529,     1.984649,            0,            0,            0,   -0.9234625,    0.3836886
robot_27
   -10.06641,    -33.40832,            0,            0,            0,    0.5289457,    0.8486557
robot_34
    29.95901,    -26.91275,            0,            0,            0,   -0.6888447,    0.7249089
robot_114
    29.87023,       9.7859,            0,            0,            0,    0.9979782,   0.06355738
robot_51
     23.5202,     -10.0154,            0,            0,            0,   -0.3009941,     0.953626
robot_108
   -5.989417,    -26.33063,            0,            0,            0,    0.2867616,     0.958002
robot_147
    25.84254,    -38.19048,            0,            0,            0,   -0.9999869,  0.005121041
robot_183
   -26.04121,    -32.19016,            0,            0,            0,    -0.423199,    0.9060367
robot_48
   -16.16997,    -21.99477,            0,            0,            0,   -0.2085324,    0.9780155
robot_60
   -26.05685,    -15.94578,            0,            0,            0,   -0.8661985,    0.4997001
robot_75
    7.310052,    -13.99668,            0,            0,            0,    0.7176984,     0.696354
robot_152
   -18.04598,    -22.59374,            0,            0,            0,    0.7254122,    0.6883147
robot_26
    33.93349,     35.96844,            0,            0,            0,    0.7002513,    0.7138965
robot_182
   -30.05784,     16.87625,            0,            0,            0,    0.7717945,    0.6358721
robot_172
   -18.09329,    -28.20987,            0,            0,            0,  -0.08863428,    0.9960642
robot_43
   -11.30615,     10.01767,            0,            0,            0,   -0.1202351,    0.9927454
robot_170
   -14.08272,     21.82874,            0,            0,            0,    0.9758727,    0.2183404
robot_177
    29.85615,     30.02745,            0,            0,            0,    0.7444594,    0.6676677
robot_80
   -22.08036,    -2.606251,            0,            0,            0,    0.9382146,     0.346054
robot_16
    31.73302,    -33.99513,            0,            0,            0,    0.9955344,    0.0943992
robot_13
   -38.42925,     21.98873,            0,            0,            0,    0.9559069,    0.2936697
robot_178
    17.94602,     22.19408,            0,            0,            0,    0.9056091,    0.4241134
robot_88
   -34.07522,    -16.36104,            0,            0,            0,   -0.9072555,    0.4205799
robot_194
   -21.66368,     5.982119,            0,            0,            0,      0.79872,    0.6017029
robot_29
   -6.058852,     17.13793,            0,            0,            0,    0.3465262,    0.9380403
robot_92
    16.22474,     37.97467,            0,            0,            0,    0.9232157,    0.3842823
robot_87
    -26.0697,    -13.95089,            0,            0,            0,    0.5760101,    0.8174426
robot_68
    4.229123,     33.98742,            0,            0,            0,   -0.6963484,    0.7177039
robot_22
   -6.210426,     -17.7754,            0,            0,            0,   -0.6044628,    0.7966334
robot_38
   -34.21136,     34.01613,            0,            0,            0,    0.9589916,    0.2834344
robot_2
    2.441762,     5.987288,            0,            0,            0,   -0.2062187,    0.9785059
robot_110
   -30.49603,     10.05582,            0,            0,            0,   -0.4655544,    0.8850193
robot_14
    29.94259,     32.29091,            0,            0,            0,   -0.9999991,  0.001318715
robot_181
    33.95113,     33.87111,            0,            0,            0,    0.6797565,    0.7334378
robot_61
    21.98436,    -38.32368,            0,            0,            0,    0.9226436,    0.3856537
