tuw_multi_robot_msgs::RobotGoalsArray @1970-01-01T01:41:24.200000
frame_id: map
        6084,    200000000
robot_84
   -26.07257,     8.880467,            0,            0,            0,   -0.9014375,    0.4329093
robot_116
    32.97946,    -33.98373,            0,            0,            0,   -0.5862583,    0.8101242
robot_74
   -34.07781,    -12.26191,            0,            0,            0,    0.8391718,    0.5438664
robot_41
   -25.95989,     22.11862,            0,            0,            0,    0.6130763,    0.7900237
robot_125
   -38.19348,     -6.10505,            0,            0,            0,   -0.8732796,    0.4872195
robot_136
   -38.13538,     18.09049,            0,            0,            0,    0.1854189,    0.9826596
robot_173
    5.048479,    -13.99044,            0,            0,            0,   -0.8307393,    0.5566617
robot_67
    35.11425,    -6.022534,            0,            0,            0,    0.3232829,    0.9463024
robot_197
   -8.572803,     14.01343,            0,            0,            0,   -0.2432789,    0.9699564
robot_119
    21.83247,     13.94601,            0,            0,            0,    0.4334028,    0.9012003
robot_82
    30.05697,     37.84027,            0,            0,            0,   -0.8145089,     0.580151
robot_77
   -20.50362,      14.0067,            0,            0,            0,   -0.7170008,    0.6970724
robot_5
   -39.51232,    -17.98967,            0,            0,            0,  0.002287301,    0.9999974
robot_133
    -7.62713,      17.9896,            0,            0,            0,   -0.3145964,    0.9492255
robot_99
    31.54662,       6.0277,            0,            0,            0,    0.9910264,    0.1336662
robot_171
    22.21436,    -6.094304,            0,            0,            0,    0.8826148,     0.470097
robot_180
    29.12116,    -33.98894,            0,            0,            0,    0.9999712,  0.007583175
robot_56
    17.91599,     4.961696,            0,            0,            0,   -0.6395589,    0.7687421
robot_3
    17.79798,    -9.985869,            0,            0,            0,    0.2844315,    0.9586964
robot_81
    17.68635,     29.91128,            0,            0,            0,    0.8713182,    0.4907184
robot_167
   -33.78963,    -18.00583,            0,            0,            0,    0.9638593,     0.266412
robot_25
   -7.686219,    -26.03097,            0,            0,            0,   -0.8491483,    0.5281545
robot_168
    13.79519,     18.01861,            0,            0,            0,   -0.8681107,    0.4963706
robot_96
   -21.60721,    -33.94589,            0,            0,            0,   -0.1339466,    0.9909886
robot_166
    17.97342,    -17.74935,            0,            0,            0,     0.261244,    0.9652728
robot_102
   -15.55402,     22.00028,            0,            0,            0,    0.5385667,    0.8425829
robot_192
   -6.034778,    -17.53641,            0,            0,            0,    0.9984567,   0.05553633
robot_179
    22.03186,    -34.21725,            0,            0,            0,   -0.9354362,    0.3534955
robot_142
    35.50891,    -29.99929,            0,            0,            0,   -0.8904414,     0.455098
robot_1
    37.95907,     22.80138,            0,            0,            0,    0.8514735,    0.5243977
robot_44
   -10.04022,     7.773175,            0,            0,            0,   -0.8163563,    0.5775486
robot_163
    13.91816,     15.09716,            0,            0,            0,    0.3695116,    0.9292261
robot_79
    23.90543,    -9.982414,            0,            0,            0,   -0.9291524,    0.3696968
robot_8
   -21.96673,    -30.16043,            0,            0,            0,   -0.7483773,    0.6632732
robot_20
    33.08804,     38.00026,            0,            0,            0,   -0.1084142,    0.9941058
robot_143
   -30.09124,    -8.196941,            0,            0,            0,   -0.8853928,    0.4648436
robot_138
    21.93502,    -19.04483,            0,            0,            0,   -0.6391567,    0.7690765
robot_123
   -37.98181,     25.72533,            0,            0,            0,   -0.8591738,    0.5116838
robot_193
     29.6547,    -18.04438,            0,            0,            0,   -0.5829398,    0.8125154
robot_187
   -30.51019,    -13.91025,            0,            0,            0,   -0.6954293,    0.7185946
robot_176
   -27.53805,     37.99999,            0,            0,            0,       0.9604,    0.2786251
robot_66
   -10.06527,     28.66052,            0,            0,            0,    0.6283448,    0.7779349
robot_63
    39.42758,     26.01535,            0,            0,            0,    0.8848682,    0.4658414
robot_31
   -18.01329,     18.01354,            0,            0,            0,    0.6420098,    0.7666965
robot_159
   -29.69029,     25.92891,            0,            0,            0,    0.8464693,    0.5324375
robot_160
   -6.066555,    -8.238643,            0,            0,            0,   0.01614416,    0.9998697
robot_151
     24.8921,    -29.98098,            0,            0,            0,    0.9097361,    0.4151869
robot_150
    21.95621,     -3.79144,            0,            0,            0,    0.8921064,    0.4518254
robot_137
   -21.85828,     25.94249,            0,            0,            0,   -0.1137714,     0.993507
robot_199
   -18.07614,    -7.091125,            0,            0,            0,    0.8008909,    0.5988103
robot_54
    2.243065,     22.06704,            0,            0,            0,    0.7152852,    0.6988327
robot_117
    16.70908,     33.96889,            0,            0,            0,    0.9913924,    0.1309242
robot_36
    8.185203,     30.02258,            0,            0,            0,   -0.7560844,    0.6544741
robot_33
     30.1683,     -14.0515,            0,            0,            0,   -0.9982035,   0.05991422
robot_146
   -26.03874,    -10.21235,            0,            0,            0,    0.9414538,     0.337142
robot_156
    38.02915,    -17.92937,            0,            0,            0,   -0.3763932,      0.92646
robot_112
    38.28913,    -14.05573,            0,            0,            0,   -0.9104463,    0.4136272
robot_19
   -35.03233,    -14.01295,            0,            0,            0,  -0.02485909,     0.999691
robot_141
   -38.07282,     21.72333,            0,            0,            0,    0.8615166,    0.5077294
robot_35
    13.68988,     2.074039,            0,            0,            0,   0.02446308,    0.9997007
robot_184
   -9.863975,     9.904439,            0,            0,            0,   -0.7107766,    0.7034178
robot_98
   -33.83643,    -6.089522,            0,            0,            0,   -0.7346495,    0.6784469
robot_100
    29.92843,   -0.0873763,            0,            0,            0,   -0.9404441,    0.3399485
robot_164
   -10.47189,    -2.055416,            0,            0,            0,   -0.8290045,    0.5592419
robot_59
    21.91994,    -25.87135,            0,            0,            0,   -0.9958624,   0.09087362
robot_144
    6.147365,     22.14526,            0,            0,            0,    0.8554163,    0.5179411
robot_101
    5.934846,     -20.3553,            0,            0,            0,   -0.9742699,    0.2253845
robot_161
   -29.97247,     29.72482,            0,            0,            0,   -0.0471553,    0.9988876
robot_149
   -22.85537,     14.01227,            0,            0,            0,   -0.5778128,    0.8161693
robot_86
   -32.65937,     34.02139,            0,            0,            0,   -0.8992371,    0.4374617
robot_191
   -22.15476,      6.25962,            0,            0,            0,   -0.7177354,     0.696316
robot_126
    16.17336,     6.031089,            0,            0,            0,   -0.5632679,    0.8262743
robot_190
    21.92634,     6.342837,            0,            0,            0,    0.1091181,    0.9940288
robot_131
   -29.97195,     37.65745,            0,            0,            0,    0.4637698,    0.8859557
robot_154
    13.84691,    -13.68401,            0,            0,            0,    0.8350421,     0.550186
robot_9
    -35.1716,     14.02105,            0,            0,            0,   -0.1924556,    0.9813057
robot_27
    22.91607,    -13.97805,            0,            0,            0,    0.8510801,    0.5250358
robot_34
   -33.56129,    -30.01625,            0,            0,            0,    0.9990599,      0.04335
robot_114
    35.66248,     30.01072,            0,            0,            0,   -0.5668678,    0.8238088
robot_51
    24.31897,     10.00624,            0,            0,            0,   -0.7279201,     0.685662
robot_108
   -2.153907,     -17.7375,            0,            0,            0,    0.9312371,    0.3644138
robot_147
    29.88976,    -25.70285,            0,            0,            0,   -0.8993752,    0.4371776
robot_183
    17.85426,     18.26573,            0,            0,            0,   -0.9966116,   0.08225211
robot_48
   -34.06979,     23.94698,            0,            0,            0,    0.7873755,    0.6164737
robot_60
    13.51563,     26.10033,            0,            0,            0,     0.615075,    0.7884686
robot_75
   -6.097985,     32.56527,            0,            0,            0,     0.183695,    0.9829833
robot_152
   -9.001585,     37.96916,            0,            0,            0,     0.157919,    0.9874521
robot_26
   -2.412327,    -13.95979,            0,            0,            0,   -0.4564039,    0.8897727
robot_182
     5.77339,     33.82254,            0,            0,            0,   -0.6110803,    0.7915686
robot_172
   -11.01196,     22.02888,            0,            0,            0,    0.5258777,    0.8505602
robot_43
    25.96452,    -34.32367,            0,            0,            0,   -0.9504243,     0.310956
robot_170
    25.94212,    -27.60884,            0,            0,            0,    0.3581764,    0.9336539
robot_177
    10.24352,    -38.00967,            0,            0,            0,    -0.504005,    0.8637008
robot_80
   -15.72602,    -21.97622,            0,            0,            0,   -0.6362345,    0.7714957
robot_16
   -10.20149,    -33.79949,            0,            0,            0,   -0.8693399,    0.4942146
robot_13
   -22.20829,    -13.81679,            0,            0,            0,   0.06126751,    0.9981214
robot_178
   -34.02335,     10.26315,            0,            0,            0,   -0.8105427,    0.5856796
robot_88
   -18.04324,     8.448091,            0,            0,            0,    0.7129132,    0.7012523
robot_194
   -29.95309,     13.85567,            0,            0,            0,   -0.1814039,    0.9834087
robot_29
     14.1367,    -5.991948,            0,            0,            0,   -0.4286487,    0.9034712
robot_92
   -13.98498,    -9.690131,            0,            0,            0,   -0.9050774,    0.4252469
robot_87
    22.53537,     -22.0126,            0,            0,            0,    -0.603654,    0.7972464
robot_68
   -30.06828,    -1.258108,            0,            0,            0,    -0.429168,    0.9032247
robot_22
   -34.09438,     28.86879,            0,            0,            0,    0.2580307,    0.9661367
robot_38
     33.4564,     17.90364,            0,            0,            0,   -0.4747358,    0.8801284
robot_2
    21.94295,     2.023244,            0,            0,            0,    0.9995455,   0.03014517
robot_110
    21.97976,    -30.14175,            0,            0,            0,    0.7415147,    0.6709366
robot_14
    30.15153,     21.93183,            0,            0,            0,   -0.6918356,    0.7220551
robot_181
    29.94087,     28.82359,            0,            0,            0,    0.9816167,    0.1908631
robot_61
   -3.513006,     9.994299,            0,            0,            0,   0.00437974,    0.9999904
robot_30
    9.962907,      16.1514,            0,            0,            0,    0.1246201,    0.9922045
robot_122
    29.91439,     26.72097,            0,            0,            0,    0.9644237,    0.2643614
robot_132
   -6.053465,     38.55436,            0,            0,            0,   -0.3363334,     0.941743
robot_45
   -10.26489,     26.14301,            0,            0,            0,    0.9865654,    0.1633666
robot_21
   -34.03743,    -21.14691,            0,            0,            0,   -0.7942165,    0.6076349
robot_39
    -9.46584,    -22.00188,            0,            0,            0,   -0.8166971,    0.5770666
robot_134
   -22.03936,    -11.87215,            0,            0,            0,   -0.9729937,    0.2308317
robot_15
   -14.09759,   -0.4824046,            0,            0,            0,   -0.7152609,    0.6988575
robot_145
    25.90488,     -19.3361,            0,            0,            0,   -0.7728455,    0.6345942
robot_140
    33.84411,     13.99545,            0,            0,            0,   0.09753583,     0.995232
robot_196
    -22.1114,     2.298134,            0,            0,            0,    0.7703706,    0.6375964
robot_188
   -18.77635,     38.01064,            0,            0,            0,   -0.9069663,    0.4212033
robot_4
   -4.924021,     22.02427,            0,            0,            0,    0.6068502,    0.7948162
robot_155
     24.4973,     38.03275,            0,            0,            0,  -0.01187156,    0.9999295
robot_135
     28.3214,     1.999898,            0,            0,            0,   -0.5335715,     0.845755
robot_93
    5.864078,     9.673945,            0,            0,            0,    0.9948305,    0.1015497
robot_111
     1.95061,     -26.5972,            0,            0,            0,    0.8608771,     0.508813
robot_0
   -30.22043,     9.832041,            0,            0,            0,    0.6464595,    0.7629483
robot_49
      21.954,     16.98044,            0,            0,            0,    0.6915966,     0.722284
robot_113
    5.921465,     15.50151,            0,            0,            0,    0.5661634,     0.824293
robot_94
   -14.20895,     6.142612,            0,            0,            0,    -0.849659,    0.5273324
robot_40
   -9.845111,    -30.12754,            0,            0,            0,     0.608684,    0.7934128
robot_103
   -6.087676,     4.651387,            0,            0,            0,   -0.9784216,    0.2066186
robot_6
   -38.30178,     10.09659,            0,            0,            0,   -0.2198449,    0.9755348
robot_71
    1.910079,    -29.44138,            0,            0,            0,   -0.9080678,    0.4188232
robot_17
   -6.078574,     26.67113,            0,            0,            0,    0.9923452,    0.1234947
robot_120
   -26.09134,    -14.50846,            0,            0,            0,    0.5187376,    0.8549335
robot_189
     13.8911,    -29.90751,            0,            0,            0,   -0.3904433,     0.920627
robot_148
     6.20302,    -30.05861,            0,            0,            0,   -0.7852668,    0.6191576
robot_186
   -14.04346,     26.83709,            0,            0,            0,   -0.8935676,    0.4489288
robot_198
     9.91344,     21.42893,            0,            0,            0,   -0.9357895,    0.3525593
robot_107
    30.81793,    -21.96753,            0,            0,            0,    0.8679973,    0.4965689
robot_18
    33.95445,    -38.92216,            0,            0,            0,    0.9994803,    0.0322354
robot_23
    21.86327,     9.827298,            0,            0,            0,    0.3431793,    0.9392699
robot_46
   -15.22254,     13.97872,            0,            0,            0,    0.6944665,     0.719525
robot_109
   -1.115127,    -34.01066,            0,            0,            0,   -0.5222455,    0.8527952
robot_10
    17.77262,     21.96448,            0,            0,            0,    0.4705666,    0.8823645
robot_157
   -27.61419,      33.9849,            0,            0,            0,    0.9803741,    0.1971462
robot_70
   -30.16599,      21.7142,            0,            0,            0,      0.22322,    0.9747681
robot_55
    21.73954,    -9.844868,            0,            0,            0,    0.2032949,    0.9791175
robot_73
   -5.426712,     -34.0059,            0,            0,            0,    -0.998635,   0.05223147
robot_69
    29.47288,    -10.01232,            0,            0,            0,    0.9071921,    0.4207167
robot_65
   -26.05561,    -18.84494,            0,            0,            0,    0.9417845,     0.336217
robot_124
     34.8011,     33.97476,            0,            0,            0,    0.8267716,    0.5625378
robot_115
     -30.092,     16.75391,            0,            0,            0,    0.7354993,    0.6775255
robot_130
    5.938752,     26.78433,            0,            0,            0,    0.1515359,    0.9884517
robot_85
   -30.01459,    -6.029849,            0,            0,            0,   -0.2097536,    0.9777543
robot_91
   -10.06498,    -19.03269,            0,            0,            0,   -0.7991008,    0.6011971
robot_47
   -21.86945,     22.15032,            0,            0,            0,   -0.5867981,    0.8097333
robot_52
       25.89,    -13.78037,            0,            0,            0,   -0.3133306,    0.9496441
robot_195
   -10.00616,    -9.855048,            0,            0,            0,    0.2288855,    0.9734534
robot_72
    -2.22291,     29.90023,            0,            0,            0,   -0.9122464,     0.409642
robot_158
    1.974311,       13.872,            0,            0,            0,    -0.860258,    0.5098589
robot_153
   -14.34122,    -29.90509,            0,            0,            0,   -0.9882249,    0.1530082
robot_105
    13.53735,    -22.06427,            0,            0,            0,   -0.9595407,    0.2815699
robot_162
    10.42355,     2.089858,            0,            0,            0,    -0.955106,    0.2962643
robot_97
   -14.15243,    -18.07745,            0,            0,            0,    0.8131385,    0.5820703
robot_90
    12.26862,     10.01099,            0,            0,            0,   -0.4052751,    0.9141948
robot_165
    17.92287,     15.99008,            0,            0,            0,   -0.9869499,    0.1610274
robot_42
   -18.50735,     22.09914,            0,            0,            0,    0.9332876,      0.35913
robot_7
    -38.2802,    -13.84311,            0,            0,            0,   -0.8886187,    0.4586467
robot_28
    9.913727,     8.082402,            0,            0,            0,    0.6386249,    0.7695182
robot_118
   -18.30828,    -21.99659,            0,            0,            0,   -0.9582437,    0.2859529
robot_139
   -9.693095,     33.95142,            0,            0,            0,   -0.5182172,    0.8552491
robot_129
    -20.0583,     17.98252,            0,            0,            0,    0.9589349,    0.2836264
robot_57
   -15.26159,    -38.02039,            0,            0,            0,    0.6799712,    0.7332388
robot_24
    10.10551,    -13.95224,            0,            0,            0,  -0.09141167,    0.9958132
robot_106
    -38.0609,     23.71376,            0,            0,            0,    0.2299701,    0.9731977
robot_185
   -34.17981,      21.8683,            0,            0,            0,    0.1964596,    0.9805119
robot_174
   -5.601256,    -6.012779,            0,            0,            0,   -0.9085463,    0.4177841
robot_58
   -33.42236,    -1.984645,            0,            0,            0,    0.7952378,    0.6062977
robot_12
   -12.85255,    -2.026712,            0,            0,            0,    -0.983978,      0.17829
robot_95
   -26.08546,    -5.171281,            0,            0,            0,    0.5704873,    0.8213064
robot_78
   -22.28375,    -5.912836,            0,            0,            0,   -0.6030654,    0.7976918
robot_62
   -30.06147,      19.7424,            0,            0,            0,   -0.2982025,    0.9545026
robot_121
    -2.00885,     26.03322,            0,            0,            0,   -0.9813612,    0.1921725
robot_83
     33.9608,    -15.86367,            0,            0,            0,    0.9088713,    0.4170767
robot_127
    11.24707,     18.02962,            0,            0,            0,   -0.9167029,    0.3995695
robot_128
    18.00823,     38.06739,            0,            0,            0,   -0.9695035,    0.2450776
robot_32
   -2.452301,     -21.9392,            0,            0,            0,   -0.9891557,    0.1468706
robot_89
    38.05252,    -30.16981,            0,            0,            0,    0.3955408,    0.9184484
robot_11
    33.53733,    -25.99681,            0,            0,            0,   0.05407742,    0.9985367
robot_37
    19.53317,    -21.99959,            0,            0,            0,    0.7549292,    0.6558063
robot_175
   -34.36752,     17.96178,            0,            0,            0,   -0.9138693,    0.4060086
robot_50
    9.933111,     13.90883,            0,            0,            0,   -0.8957297,    0.4445991
robot_64
   -10.09969,    -14.65049,            0,            0,            0,    0.2044311,     0.978881
robot_76
   -18.49426,    -38.09558,            0,            0,            0,    0.9683686,    0.2495242
robot_104
    -18.9072,     25.97055,            0,            0,            0,    0.7256269,    0.6880883
robot_169
   -17.80637,    -33.97002,            0,            0,            0,   0.03604427,    0.9993502
robot_53
     27.4087,      6.00879,            0,            0,            0,    0.8960816,    0.4438894
