tuw_multi_robot_msgs::RobotGoalsArray @1970-01-01T00:00:44.700000
frame_id: map
          44,    700000000
robot_84
   -27.17309,     10.02373,            0,            0,            0,    0.9786665,    0.2054554
robot_116
  -0.9234223,     18.03337,            0,            0,            0,   -0.1991789,    0.9799631
robot_74
   0.5151052,    -34.00252,            0,            0,            0,    0.8933115,    0.4494381
robot_41
    37.95815,     29.55203,            0,            0,            0,    0.3328239,     0.942989
robot_125
   -18.08361,      -32.218,            0,            0,            0,   -0.9898905,     0.141834
robot_136
   -15.14823,     25.96891,            0,            0,            0,   -0.9615657,     0.274575
robot_173
   -14.83272,    -33.97051,            0,            0,            0,   -0.7880573,    0.6156019
robot_67
    18.06855,    -5.812632,            0,            0,            0,     0.353302,    0.9355093
robot_197
    32.18149,    -30.02665,            0,            0,            0,    0.2030508,    0.9791682
robot_119
    15.61359,     9.975474,            0,            0,            0,    0.1375445,    0.9904956
robot_82
   -34.04202,   -0.3144999,            0,            0,            0,    0.8916772,    0.4526718
robot_77
   -30.33337,    -33.90431,            0,            0,            0,     0.935898,    0.3522711
robot_5
    33.90468,    -35.13137,            0,            0,            0,   -0.8349192,    0.5503725
robot_133
   -10.09525,     21.21068,            0,            0,            0,   -0.5864937,    0.8099538
robot_99
    9.828597,     18.10362,            0,            0,            0,    0.9670677,    0.2545192
robot_171
   -21.96184,    -26.14156,            0,            0,            0,    -0.471853,    0.8816773
robot_180
    29.91835,    -1.215985,            0,            0,            0,   -0.2215462,    0.9751499
robot_56
    9.639493,     6.076768,            0,            0,            0,    0.5907728,     0.806838
robot_3
     25.9587,     16.56398,            0,            0,            0,   -0.4506311,    0.8927103
robot_81
    33.92624,    -18.82207,            0,            0,            0,   -0.8785353,    0.4776775
robot_167
    36.19144,    -30.02578,            0,            0,            0,    0.1340592,    0.9909733
robot_25
   -17.35544,    -1.968849,            0,            0,            0,    0.7448598,    0.6672211
robot_168
   -26.04096,     21.12262,            0,            0,            0,   -0.9929907,    0.1181926
robot_96
   -38.81341,    -22.01209,            0,            0,            0,    0.1718686,    0.9851199
robot_166
    17.82292,    -14.18726,            0,            0,            0,    0.9741735,    0.2258006
