tuw_multi_robot_msgs::RobotGoalsArray @1970-01-01T00:16:36.600000
frame_id: map
         996,    600000000
robot_84
    29.98469,     34.25071,            0,            0,            0,    0.5356317,    0.8444517
robot_116
   -26.06652,    -37.31894,            0,            0,            0,   -0.1294599,    0.9915847
robot_74
    25.86482,    -34.31568,            0,            0,            0,   -0.2405932,     0.970626
robot_41
    13.91244,     -24.8109,            0,            0,            0,    -0.855317,    0.5181051
robot_125
    25.80266,    -30.12937,            0,            0,            0,   -0.9741064,      0.22609
robot_136
    1.956542,    -17.24055,            0,            0,            0,    0.9108175,    0.4128093
robot_173
   -6.080229,     29.98362,            0,            0,            0,   -0.9927786,     0.119961
robot_67
    9.922519,    -13.16668,            0,            0,            0,    0.4330698,    0.9013604
robot_197
    -38.0624,    -30.59105,            0,            0,            0,    -0.107677,    0.9941859
robot_119
   -25.87401,    -33.87687,            0,            0,            0,    -0.562925,     0.826508
robot_82
   -18.02277,     34.20657,            0,            0,            0,   -0.8663926,    0.4993635
robot_77
    17.46112,    -26.03276,            0,            0,            0,   -0.6652414,    0.7466284
robot_5
   -31.38655,    -6.027193,            0,            0,            0,   -0.7322515,    0.6810344
robot_133
     -6.1604,     10.29967,            0,            0,            0,    0.9963359,   0.08552653
robot_99
    -38.3898,     25.91482,            0,            0,            0,    0.8240403,    0.5665312
robot_171
   -18.11347,     30.34333,            0,            0,            0,   -0.4287738,    0.9034119
robot_180
   -30.12979,     -26.1178,            0,            0,            0,    0.6982294,    0.7158741
robot_56
    30.62324,     38.01925,            0,            0,            0,    0.1341995,    0.9909543
robot_3
    13.95893,    -18.17953,            0,            0,            0,    0.8186211,    0.5743339
robot_81
    13.92076,     7.530727,            0,            0,            0,    0.9143898,    0.4048349
robot_167
    13.16926,     10.00987,            0,            0,            0,   -0.1061175,    0.9943536
robot_25
   -10.06032,     22.64392,            0,            0,            0,    0.3629997,    0.9317893
robot_168
    37.93456,    -6.780486,            0,            0,            0,    0.5731833,    0.8194272
robot_96
   -29.90266,    -37.87275,            0,            0,            0,   -0.1819589,    0.9833061
robot_166
     29.9353,     29.83243,            0,            0,            0,    0.6255997,    0.7801442
robot_102
   -2.100272,    -22.20704,            0,            0,            0,   0.01706167,    0.9998544
robot_192
   -19.89312,     6.015542,            0,            0,            0,    0.9310422,    0.3649116
robot_179
   -6.164905,    -6.144641,            0,            0,            0,   -0.9755328,    0.2198538
robot_142
    -30.5349,     30.03145,            0,            0,            0,   -0.6913485,    0.7225214
robot_1
   -38.03809,     30.81056,            0,            0,            0,   -0.7299972,    0.6834501
robot_44
    34.00646,     26.21104,            0,            0,            0,    0.4204263,    0.9073267
robot_163
   -17.46757,    -14.00867,            0,            0,            0,    0.9915416,    0.1297891
robot_79
   -18.03892,    0.9015688,            0,            0,            0,     0.999978,  0.006629373
robot_8
    1.978292,    -22.16083,            0,            0,            0,     0.876263,    0.4818331
robot_20
   -32.71401,    -21.99151,            0,            0,            0,    0.7861765,    0.6180021
robot_143
    -17.3802,    -33.99701,            0,            0,            0,    0.7993664,    0.6008439
robot_138
   -4.011953,     30.02993,            0,            0,            0,    0.9732484,    0.2297553
robot_123
    13.92108,    -16.04124,            0,            0,            0,   -0.4703368,     0.882487
robot_193
    33.95336,     36.55387,            0,            0,            0,    0.9193859,    0.3933568
robot_187
    26.34519,     -17.9346,            0,            0,            0,     0.439782,    0.8981046
