tuw_multi_robot_msgs::RobotGoalsArray @1970-01-01T01:27:28.100000
frame_id: map
        5248,    100000000
robot_84
    -14.0461,    -21.18314,            0,            0,            0,    0.6528187,    0.7575142
robot_116
   -14.41976,    -29.99023,            0,            0,            0,   -0.7407913,    0.6717352
robot_74
    38.17037,     9.919644,            0,            0,            0,    0.8944921,    0.4470837
robot_41
   -22.08317,    -7.078708,            0,            0,            0,   -0.4851662,     0.874422
robot_125
    10.66579,     18.00611,            0,            0,            0,    0.9630235,    0.2694175
robot_136
    21.92229,    -14.48158,            0,            0,            0,    -0.255446,    0.9668233
robot_173
    33.14624,     22.01333,            0,            0,            0,    0.9668123,    0.2554877
robot_67
   -25.80857,     25.95103,            0,            0,            0,    0.6828626,    0.7305468
robot_197
    19.24526,     26.02224,            0,            0,            0,     0.735613,    0.6774021
robot_119
   -6.018484,     26.04256,            0,            0,            0,    0.8209097,     0.571058
robot_82
    10.37119,     26.06354,            0,            0,            0,   -0.1233998,     0.992357
robot_77
   -10.07405,    -35.28727,            0,            0,            0,    0.1257522,    0.9920617
robot_5
    21.99511,     22.17368,            0,            0,            0,   -0.4972833,    0.8675882
robot_133
    21.94912,    -29.74119,            0,            0,            0,   -0.3123814,    0.9499568
robot_99
   -6.046908,    -13.52101,            0,            0,            0,    0.7179266,    0.6961188
robot_171
   -37.88565,     10.05356,            0,            0,            0,   -0.8909997,     0.454004
robot_180
   -34.12029,    -21.97379,            0,            0,            0,   -0.5650054,    0.8250872
robot_56
   -33.41643,    -6.010403,            0,            0,            0,   0.03299819,    0.9994554
robot_3
   -33.37085,    -13.98069,            0,            0,            0,   -0.7405603,    0.6719899
robot_81
    37.14343,     34.00211,            0,            0,            0,   -0.4277541,    0.9038951
robot_167
    25.96354,     17.19537,            0,            0,            0,    0.8437522,    0.5367329
robot_25
    34.12108,    -10.00508,            0,            0,            0,   -0.9521267,    0.3057038
robot_168
   -33.88747,     30.16425,            0,            0,            0,    0.8086068,    0.5883495
robot_96
   -10.03401,     7.597719,            0,            0,            0,    0.7164619,    0.6976262
robot_166
    39.27727,    -29.97358,            0,            0,            0,    0.9981359,   0.06103045
robot_102
   -9.190956,     10.00882,            0,            0,            0,   -0.8546664,    0.5191776
robot_192
    -30.0348,    -16.48713,            0,            0,            0,   -0.1678966,    0.9858046
robot_179
   -5.888839,    -18.14727,            0,            0,            0,   -0.4352426,    0.9003132
robot_142
    17.93114,    -17.08907,            0,            0,            0,    0.9982669,   0.05884953
robot_1
    29.93174,     14.39485,            0,            0,            0,   -0.6819591,    0.7313903
robot_44
   -10.15789,      1.65453,            0,            0,            0,    0.9447103,    0.3279061
robot_163
    4.819346,     25.97899,            0,            0,            0,    0.3873172,    0.9219465
robot_79
    24.96587,     9.991113,            0,            0,            0,   -0.9731362,    0.2302302
robot_8
   -10.81816,     25.97769,            0,            0,            0,   -0.1576019,    0.9875027
robot_20
   -26.57979,     -34.0079,            0,            0,            0,   -0.9289922,    0.3700992
robot_143
    5.874251,    -26.03324,            0,            0,            0,    0.4551757,    0.8904016
robot_138
   -4.180395,    -29.99872,            0,            0,            0,    0.3678911,    0.9298689
robot_123
   -34.05512,     21.32489,            0,            0,            0,   -0.2843381,    0.9587241
robot_193
   -31.89718,    -37.98132,            0,            0,            0,   0.06018365,    0.9981873
robot_187
   -6.426382,     37.97453,            0,            0,            0,    0.7786724,    0.6274308
robot_176
    9.951921,    -26.85628,            0,            0,            0,    0.9546415,    0.2977577
robot_66
    5.925156,    -1.948544,            0,            0,            0,    0.9831585,     0.182755
robot_63
   -2.155373,    -14.19128,            0,            0,            0,   -0.9992959,   0.03751952
robot_31
   -12.42411,     1.990035,            0,            0,            0,    0.3720818,       0.9282
robot_159
     24.5361,    -10.01098,            0,            0,            0,    0.2612127,    0.9652813
robot_160
   -10.07126,    -24.07196,            0,            0,            0,   -0.7099857,    0.7042161
robot_151
    37.97159,    -25.88075,            0,            0,            0,     0.427999,    0.9037792
robot_150
   -2.470914,      21.9012,            0,            0,            0,   -0.4403328,    0.8978346
robot_137
   -14.97425,     14.01879,            0,            0,            0,    0.9578181,     0.287375
robot_199
    21.97762,     33.93007,            0,            0,            0,   -0.9846652,    0.1744547
robot_54
   -10.21928,    -26.17008,            0,            0,            0,   -0.1098494,    0.9939482
robot_117
    26.36424,     22.09941,            0,            0,            0,   -0.8859322,    0.4638148
robot_36
    10.29613,     34.07895,            0,            0,            0,    0.1824263,    0.9832195
robot_33
    6.530773,     21.98362,            0,            0,            0,    0.2592474,     0.965811
robot_146
    1.920699,    -16.45738,            0,            0,            0,    -0.786786,    0.6172258
robot_156
   -18.09433,    -13.78393,            0,            0,            0,   -0.9747233,    0.2234156
robot_112
    32.17442,    -34.02858,            0,            0,            0,  0.008999985,    0.9999595
robot_19
   -33.95376,      6.07238,            0,            0,            0,    0.9870959,    0.1601304
robot_141
   -30.23425,    -9.896977,            0,            0,            0,   -0.3662804,    0.9305045
robot_35
   -12.21139,    -22.02999,            0,            0,            0,   -0.7032805,    0.7109125
robot_184
    1.867565,    -29.73583,            0,            0,            0,     0.980994,    0.1940383
robot_98
    30.28523,     17.93646,            0,            0,            0,   -0.1573741,    0.9875391
robot_100
    9.943866,     37.04589,            0,            0,            0,   -0.9905457,     0.137183
robot_164
   -6.052563,     15.57661,            0,            0,            0,     -0.79783,    0.6028825
robot_59
   -25.53885,    -6.017441,            0,            0,            0,    0.9074912,    0.4200711
robot_144
    25.96386,    -36.61435,            0,            0,            0,   -0.7120631,    0.7021154
robot_101
    21.92332,      28.9471,            0,            0,            0,   -0.8818854,    0.4714638
robot_161
     33.9495,    -36.26042,            0,            0,            0,   -0.5420089,    0.8403728
robot_149
   -22.06898,     31.11747,            0,            0,            0,  -0.01843921,      0.99983
robot_86
    13.49799,     37.92192,            0,            0,            0,    0.3046417,     0.952467
robot_191
    37.95333,     14.59847,            0,            0,            0,    0.2496415,    0.9683383
robot_126
   -5.775663,    -9.973775,            0,            0,            0,    -0.616746,    0.7871623
robot_190
   -34.06069,     8.730712,            0,            0,            0,    0.5054402,    0.8628617
robot_131
   -10.18961,     29.99771,            0,            0,            0,    0.2616551,    0.9651614
robot_154
    27.94373,     -38.0271,            0,            0,            0,   -0.3781197,    0.9257567
robot_9
    1.939694,    -22.58389,            0,            0,            0,   -0.1600247,     0.987113
robot_27
   -26.04512,     6.814371,            0,            0,            0,   -0.7576849,    0.6526206
robot_34
    30.04149,      2.18609,            0,            0,            0,    0.7565361,    0.6539519
robot_114
    37.60464,     25.90388,            0,            0,            0,   -0.7173895,    0.6966723
robot_51
    37.08863,    -6.028139,            0,            0,            0,    0.1004574,    0.9949414
robot_108
   -26.53699,    -29.95181,            0,            0,            0,    0.5341436,    0.8453938
robot_147
    33.91667,     12.50767,            0,            0,            0,    0.4491147,    0.8934741
robot_183
   -38.30908,    -30.01498,            0,            0,            0,    0.3107355,    0.9504964
robot_48
    13.87762,    -21.84203,            0,            0,            0,   -0.5978635,    0.8015979
robot_60
    3.665865,    -25.99343,            0,            0,            0,   -0.9998139,   0.01929126
robot_75
    0.993281,      14.0037,            0,            0,            0,    0.2740443,    0.9617171
robot_152
   -6.394967,     -34.0649,            0,            0,            0,    0.7324561,    0.6808142
robot_26
   -31.18981,     26.02609,            0,            0,            0,   -0.8395292,    0.5433145
robot_182
    1.606206,    -14.09057,            0,            0,            0,    0.2191736,    0.9756859
robot_172
    8.045445,     9.970975,            0,            0,            0,   -0.9689368,    0.2473086
robot_43
     1.91366,     28.89212,            0,            0,            0,   -0.4599721,    0.8879333
robot_170
   -23.65818,    -38.00513,            0,            0,            0,   -0.5304251,    0.8477318
robot_177
   -14.09311,     22.35186,            0,            0,            0,    0.4100915,    0.9120444
robot_80
    20.28057,     1.979993,            0,            0,            0,    0.9978432,   0.06564227
robot_16
    22.13576,    -2.071369,            0,            0,            0,   -0.0307684,    0.9995265
robot_13
   -23.09465,     22.00716,            0,            0,            0,    0.4280991,    0.9037318
robot_178
   -3.743535,     29.97219,            0,            0,            0,   -0.9987401,   0.05018164
robot_88
   -13.16013,    -33.98318,            0,            0,            0,    0.6850023,    0.7285409
robot_194
    -2.17466,    -21.96897,            0,            0,            0,    0.4650832,     0.885267
robot_29
    16.79046,     6.005579,            0,            0,            0,   -0.5616235,    0.8273929
robot_92
     5.92292,     10.10703,            0,            0,            0,    0.8181491,    0.5750061
robot_87
    14.01276,    -9.902603,            0,            0,            0,   -0.9526004,    0.3042244
robot_68
   -5.088879,    -25.97466,            0,            0,            0,    -0.740088,      0.67251
robot_22
    5.601623,    -17.96647,            0,            0,            0,    0.3796241,    0.9251408
robot_38
    16.98818,    -30.00436,            0,            0,            0,   0.05501597,    0.9984855
robot_2
   -29.46835,      17.9996,            0,            0,            0,   -0.6693752,    0.7429245
robot_110
    9.958572,     23.49451,            0,            0,            0,   -0.5592075,    0.8290278
robot_14
   -11.64007,     5.992313,            0,            0,            0,    0.5626713,    0.8266807
robot_181
   -34.05622,     35.09244,            0,            0,            0,    0.5894463,    0.8078076
robot_61
    31.36319,    -26.00936,            0,            0,            0,    0.7679254,    0.6405393
robot_30
    26.23188,    -5.931395,            0,            0,            0,   -0.9964749,   0.08389141
robot_122
    13.87276,    -26.17248,            0,            0,            0,    0.2895504,    0.9571628
robot_132
   -14.26208,     5.951274,            0,            0,            0,    0.6162695,    0.7875353
robot_45
   -18.33419,    -33.98612,            0,            0,            0,   -0.6893074,     0.724469
robot_21
   -30.03246,     37.92287,            0,            0,            0,    0.9843463,    0.1762451
robot_39
    17.90845,    -11.64667,            0,            0,            0,  -0.09038913,    0.9959065
robot_134
    10.22557,    -38.06535,            0,            0,            0,   -0.7348455,    0.6782346
robot_15
     37.9237,    -10.49961,            0,            0,            0,    0.6274937,    0.7786216
robot_145
    32.79549,    -21.97603,            0,            0,            0,   -0.9930028,    0.1180907
robot_140
   -27.70483,     13.97477,            0,            0,            0,    0.2484823,    0.9686364
