tuw_multi_robot_msgs::RobotGoalsArray @1970-01-01T01:24:04.100000
frame_id: map
        5044,    100000000
robot_84
    13.82598,     26.17726,            0,            0,            0,    0.8742955,    0.4853941
robot_116
    25.96677,    -3.725513,            0,            0,            0,   0.05345097,    0.9985705
robot_74
   -10.09431,    -24.42884,            0,            0,            0,   -0.9507015,    0.3101075
robot_41
    37.93231,    -16.69595,            0,            0,            0,    0.4985372,    0.8668683
robot_125
    29.14029,     14.01082,            0,            0,            0,    0.5117293,    0.8591468
robot_136
   -25.86735,     6.150945,            0,            0,            0,    0.8590862,    0.5118309
robot_173
   -26.05082,    -17.61128,            0,            0,            0,   -0.8799183,     0.475125
robot_67
   -38.05298,     28.24978,            0,            0,            0,   -0.9865074,    0.1637168
robot_197
    17.88133,     10.13626,            0,            0,            0,    0.9393953,    0.3428358
robot_119
    -18.0063,     9.877671,            0,            0,            0,   -0.3714202,    0.9284649
robot_82
   -26.04048,    -15.41157,            0,            0,            0,    0.4149224,    0.9098568
robot_77
    18.33728,    -13.94875,            0,            0,            0,   -0.9500385,    0.3121327
robot_5
   -22.06451,     14.54577,            0,            0,            0,   -0.5409706,    0.8410415
robot_133
     -2.0325,    -29.93098,            0,            0,            0,    0.9987436,   0.05011247
robot_99
    26.77218,     14.01897,            0,            0,            0,    -0.962181,    0.2724108
robot_171
   -18.30074,    -13.99172,            0,            0,            0,    0.9657459,    0.2594896
robot_180
   -21.62247,    -38.05323,            0,            0,            0,    0.8197901,    0.5726642
robot_56
   -10.24894,    -30.00716,            0,            0,            0,    0.9987031,   0.05091228
robot_3
   -30.22632,     10.17234,            0,            0,            0,    0.9743914,    0.2248587
robot_81
   -12.38418,    -29.98814,            0,            0,            0,    0.2952106,    0.9554322
robot_167
    -22.1272,     33.81513,            0,            0,            0,    0.6334786,    0.7737602
robot_25
    17.97044,    -17.99695,            0,            0,            0,    0.8296931,    0.5582197
robot_168
     5.96437,      6.74094,            0,            0,            0,    0.9980594,   0.06226984
robot_96
    5.626904,    -29.97238,            0,            0,            0,    0.4195678,     0.907724
robot_166
    5.913891,    -17.90348,            0,            0,            0,  -0.08783335,    0.9961352
robot_102
   -38.06023,     14.41331,            0,            0,            0,    0.8155228,    0.5787249
robot_192
   -38.14898,    -30.35174,            0,            0,            0,   -0.9882532,    0.1528254
robot_179
   -22.07383,    -6.712486,            0,            0,            0,    -0.362568,    0.9319573
robot_142
   -29.59642,    -25.98313,            0,            0,            0,   0.03004971,    0.9995484
robot_1
   -18.53044,    -10.03464,            0,            0,            0,   -0.3356015,    0.9420041
robot_44
    13.17914,     10.01032,            0,            0,            0,    0.9839012,    0.1787135
robot_163
   -18.06332,     27.12356,            0,            0,            0,    0.9896022,    0.1438317
robot_79
    26.90578,     25.97756,            0,            0,            0,   -0.8312389,    0.5559154
robot_8
    31.92177,    -34.02711,            0,            0,            0,    0.8734244,    0.4869598
robot_20
    13.51475,     6.054475,            0,            0,            0,   -0.7555855,      0.65505
robot_143
    30.07496,    -26.02882,            0,            0,            0,    0.8281078,    0.5605689
robot_138
    31.10684,    -29.99095,            0,            0,            0,   -0.6668028,    0.7452342
robot_123
   -37.60152,      26.0209,            0,            0,            0,    0.7772009,    0.6292526
robot_193
   -13.98439,     18.34536,            0,            0,            0,   -0.6747782,    0.7380206
robot_187
    21.65963,    -29.97166,            0,            0,            0,    0.9996804,   0.02528187
robot_176
     8.01378,     21.99839,            0,            0,            0,   -0.3293293,    0.9442151
robot_66
    12.17555,     38.03334,            0,            0,            0,   -0.5646214,      0.82535
robot_63
   -34.17593,    -29.91586,            0,            0,            0,   -0.5311629,    0.8472697
robot_31
   -6.040703,    -17.76475,            0,            0,            0,   -0.4325864,    0.9015925
robot_159
   -38.10046,     6.228484,            0,            0,            0,    0.9884086,    0.1518173
robot_160
    33.80821,     34.06951,            0,            0,            0,   -0.9991535,   0.04113657
robot_151
   -38.04222,     8.795155,            0,            0,            0,    0.9677443,    0.2519344
robot_150
   -26.08602,    -3.855679,            0,            0,            0,     -0.78991,    0.6132228
robot_137
    33.63682,     21.91938,            0,            0,            0,   0.03377446,    0.9994295
robot_199
    10.07461,    -30.17217,            0,            0,            0,     0.687145,    0.7265203
robot_54
   -9.956257,     13.94021,            0,            0,            0,   -0.6901182,    0.7236967
robot_117
   -21.83776,     29.85765,            0,            0,            0,   -0.9377502,    0.3473105
robot_36
    1.958221,    -25.04178,            0,            0,            0,   -0.8906857,    0.4546197
robot_33
    -10.0771,    -15.84329,            0,            0,            0,    0.7579511,    0.6523113
robot_146
     26.1254,    -17.88793,            0,            0,            0,   -0.5892906,    0.8079211
robot_156
    12.96759,    -22.00243,            0,            0,            0,    0.6893825,    0.7243975
robot_112
   -18.05907,   -0.5086854,            0,            0,            0,    0.9999597,  0.008978632
robot_19
    37.96019,     26.43574,            0,            0,            0,   -0.9984988,   0.05477332
robot_141
    -18.0883,     7.109393,            0,            0,            0,    0.4546291,    0.8906809
robot_35
   -26.09515,    -6.955699,            0,            0,            0,    -0.025277,    0.9996805
robot_184
    2.611623,     6.031091,            0,            0,            0,    0.4075555,    0.9131805
robot_98
   -5.131993,    -10.02393,            0,            0,            0,    0.8455827,    0.5338445
robot_100
    23.47542,    -17.96874,            0,            0,            0,   -0.3582786,    0.9336147
robot_164
   -13.12497,     -17.9801,            0,            0,            0,   -0.4563227,    0.8898144
robot_59
    21.90476,     37.13135,            0,            0,            0,   -0.7645028,    0.6446204
robot_144
    37.92999,     12.47609,            0,            0,            0,    0.2982237,     0.954496
robot_101
      32.143,     10.03305,            0,            0,            0,    0.2058176,    0.9785904
robot_161
    -6.09636,     34.89692,            0,            0,            0,    0.3148164,    0.9491526
robot_149
    -16.9276,    -21.98542,            0,            0,            0,   -0.8138281,    0.5811057
robot_86
    -26.0888,     13.05411,            0,            0,            0,   -0.8113148,    0.5846095
robot_191
   -30.41083,    -38.06147,            0,            0,            0,    0.7564631,    0.6540364
robot_126
    37.90163,    -33.67918,            0,            0,            0,    0.8870897,    0.4615971
robot_190
   -34.08991,     17.73153,            0,            0,            0,   -0.9078213,    0.4193572
robot_131
    22.90519,     26.01659,            0,            0,            0,    0.9962881,     0.086081
robot_154
   -22.09494,     21.84169,            0,            0,            0,   -0.9312157,    0.3644685
robot_9
   -14.08912,    -27.41716,            0,            0,            0,    0.9261012,    0.3772751
robot_27
    17.90154,   -0.8155893,            0,            0,            0,   -0.5124723,    0.8587037
robot_34
  -0.2160632,    -25.98221,            0,            0,            0,    0.2097613,    0.9777526
robot_114
   -25.49398,     9.969619,            0,            0,            0,    0.4667638,     0.884382
robot_51
   -8.562864,    -38.02159,            0,            0,            0,    0.9553224,    0.2955659
robot_108
   -14.09412,    -6.417047,            0,            0,            0,   -0.9442876,    0.3291214
robot_147
   -25.66447,     22.09846,            0,            0,            0,   -0.0121291,    0.9999264
robot_183
   -18.07254,    -16.89909,            0,            0,            0,    0.7391489,    0.6735421
robot_48
   -32.85999,    -9.977277,            0,            0,            0,   -0.2003364,    0.9797272
robot_60
   -13.03392,     25.97415,            0,            0,            0,   -0.2097571,    0.9777535
robot_75
   -37.85923,      -21.953,            0,            0,            0,    0.9886016,    0.1505553
robot_152
     22.2018,    -14.08661,            0,            0,            0,   -0.8583573,    0.5130523
robot_26
   -8.157206,     1.986105,            0,            0,            0,    0.9429706,     0.332876
robot_182
    29.16665,     30.00584,            0,            0,            0,    0.6985423,    0.7155688
robot_172
    38.01199,    -25.76653,            0,            0,            0,    0.5708399,    0.8210614
robot_43
    28.10005,    -2.029047,            0,            0,            0,    0.9897534,    0.1427871
robot_170
    23.66102,    -21.99811,            0,            0,            0,   -0.4884407,    0.8725971
robot_177
   -10.08193,     36.96012,            0,            0,            0,    0.7040864,    0.7101143
robot_80
    10.26467,    -1.942101,            0,            0,            0,    0.9895708,    0.1440476
robot_16
    14.10968,     30.13222,            0,            0,            0,    0.8967592,    0.4425188
robot_13
   -14.09852,    -24.75849,            0,            0,            0,     0.975172,    0.2214489
robot_178
   -38.15344,     -14.1706,            0,            0,            0,   -0.9674669,    0.2529976
robot_88
   -10.06683,     23.26357,            0,            0,            0,  -0.03069017,    0.9995289
robot_194
    10.13238,     18.13081,            0,            0,            0,    0.9907759,    0.1355104
robot_29
   -26.01016,     34.34078,            0,            0,            0,    0.8103559,    0.5859379
robot_92
   -26.08063,    -38.09514,            0,            0,            0,    0.4430768,    0.8964837
robot_87
   -30.08138,    -1.230173,            0,            0,            0,     -0.88461,    0.4663317
robot_68
   -23.07796,    -34.02706,            0,            0,            0,    0.6559843,    0.7547745
robot_22
    8.055982,    -38.01962,            0,            0,            0,    0.9031952,      0.42923
robot_38
   -34.22274,    -33.85233,            0,            0,            0,    0.8876425,    0.4605332
robot_2
   -26.08164,    -29.43232,            0,            0,            0,     0.880273,    0.4744675
robot_110
   -6.122561,     18.17698,            0,            0,            0,   -0.9912043,    0.1323407
robot_14
   -2.033268,     22.89321,            0,            0,            0,   -0.1453732,    0.9893769
robot_181
   -26.05071,    -12.38465,            0,            0,            0,   -0.9917484,    0.1281996
robot_61
    33.92154,     16.74769,            0,            0,            0,   0.02602281,    0.9996613
