tuw_multi_robot_msgs::RobotGoalsArray @1970-01-01T00:11:56.300000
frame_id: map
           0,            0
robot_84
    -19.8437,    -9.974105,            0,            0,            0,    0.9987013,   0.05094765
robot_116
    22.03725,    -1.791831,            0,            0,            0,    0.1430077,    0.9897216
robot_74
   -34.02216,     2.151356,            0,            0,            0,   -0.5321081,    0.8466764
robot_41
   -28.66343,      13.9758,            0,            0,            0,   -0.6408905,    0.7676323
robot_125
   -33.91312,     38.01703,            0,            0,            0,    0.1012405,     0.994862
robot_136
   -34.07828,    -15.69669,            0,            0,            0,    -0.959494,    0.2817289
robot_173
   -3.038866,     25.99136,            0,            0,            0,    0.4261132,    0.9046699
robot_67
    21.34149,    -5.986439,            0,            0,            0,    0.9357125,    0.3527635
robot_197
   -30.24582,      33.8987,            0,            0,            0,    0.4245128,    0.9054219
robot_119
   -30.27716,     17.85978,            0,            0,            0,    0.8487411,    0.5288085
robot_82
   -26.09378,     -35.2552,            0,            0,            0,    0.9989726,   0.04531849
robot_77
   -30.27746,     22.03216,            0,            0,            0,    0.9788624,    0.2045199
robot_5
   -12.42623,     -21.9748,            0,            0,            0,   -0.8969256,    0.4421814
robot_133
    7.237521,     10.01639,            0,            0,            0,   -0.1944623,      0.98091
robot_99
     34.3214,    -33.99101,            0,            0,            0,    0.6628137,    0.7487843
robot_171
   -26.33507,     34.03734,            0,            0,            0,    0.9938206,    0.1109979
robot_180
     34.0117,    -26.13646,            0,            0,            0,   -0.6355625,    0.7720494
robot_56
   -18.07424,    -28.18749,            0,            0,            0,   -0.7192647,    0.6947361
robot_3
    33.80362,     30.09638,            0,            0,            0,    0.7120597,    0.7021189
robot_81
   -22.05174,     14.44074,            0,            0,            0,  -0.09558361,    0.9954214
robot_167
    14.70498,     29.97075,            0,            0,            0,    -0.498867,    0.8666786
robot_25
    -29.8061,    -13.94975,            0,            0,            0,   -0.9177037,    0.3972656
robot_168
   -10.10827,     13.92363,            0,            0,            0,   -0.3309802,    0.9436377
robot_96
    29.46493,     -13.9933,            0,            0,            0,    0.8746451,    0.4847639
robot_166
   -17.87718,     30.08957,            0,            0,            0,    0.7718517,    0.6358026
robot_102
    10.03652,    -14.11041,            0,            0,            0,    0.7626561,    0.6468042
robot_192
   -12.82183,     30.02523,            0,            0,            0,    0.8904614,    0.4550588
robot_179
   -2.065431,     14.77322,            0,            0,            0,  -0.02049515,      0.99979
robot_142
    13.94107,     16.58754,            0,            0,            0,    0.5017328,    0.8650227
robot_1
    -34.0525,     5.334223,            0,            0,            0,    0.6887409,    0.7250076
robot_44
    26.73387,     -14.0219,            0,            0,            0,   -0.8886199,    0.4586443
robot_163
   -34.02636,    -25.82704,            0,            0,            0,    0.1534706,    0.9881532
robot_79
    5.908126,     12.28058,            0,            0,            0,   -0.2206928,    0.9753434
robot_8
    -7.31909,     18.02122,            0,            0,            0,    0.5124544,    0.8587144
robot_20
    1.858944,     14.26459,            0,            0,            0,    0.8623234,     0.506358
robot_143
     2.29884,    -22.04973,            0,            0,            0,   -0.8767065,    0.4810258
robot_138
   -7.216943,    -9.983834,            0,            0,            0,    0.9975129,    0.0704841
robot_123
   -4.724433,    -14.01175,            0,            0,            0,    0.9638467,    0.2664573
robot_193
    1.939016,     32.06508,            0,            0,            0,   -0.3262916,    0.9452692
robot_187
    26.90951,     22.03257,            0,            0,            0,    0.7399584,    0.6726526
