tuw_multi_robot_msgs::RobotGoalsArray @1970-01-01T01:40:49.200000
frame_id: map
        6049,    200000000
robot_84
   -30.06798,      31.7946,            0,            0,            0,   -0.6703579,    0.7420379
robot_116
    34.08325,    -18.02654,            0,            0,            0,   0.06370529,    0.9979688
robot_74
   -16.66888,    -10.00917,            0,            0,            0,    0.3877106,    0.9217812
robot_41
    22.16992,     17.93146,            0,            0,            0,    0.9941501,    0.1080075
robot_125
   -35.86355,     26.00428,            0,            0,            0,    0.5246895,    0.8512937
robot_136
    17.92612,        15.79,            0,            0,            0,   -0.9996864,   0.02504205
robot_173
   -37.85898,      14.1001,            0,            0,            0,    0.2102704,    0.9776433
robot_67
    17.92347,     30.57377,            0,            0,            0,     0.634225,    0.7731485
robot_197
   -14.12441,    -26.27782,            0,            0,            0,    0.4774657,    0.8786504
robot_119
   -34.08449,    -34.40502,            0,            0,            0,    0.6268848,    0.7791119
robot_82
   -30.03994,     -29.6676,            0,            0,            0,    0.9464263,    0.3229198
robot_77
   -18.05946,    -6.848364,            0,            0,            0,    0.4496894,     0.893185
robot_5
    34.02497,     10.24097,            0,            0,            0,    0.9254646,    0.3788342
robot_133
    24.48285,     26.00497,            0,            0,            0,    0.9986159,   0.05259628
robot_99
    28.03385,    -1.985833,            0,            0,            0,    0.8525614,    0.5226271
robot_171
   -9.949988,    -21.80193,            0,            0,            0,    0.4830733,    0.8755799
robot_180
    -26.1349,     5.977609,            0,            0,            0,    0.3667009,    0.9303389
robot_56
   -9.574466,     5.919168,            0,            0,            0,   -0.6600012,    0.7512645
robot_3
    -34.9249,     34.02549,            0,            0,            0,     0.991472,      0.13032
robot_81
    38.58664,    -21.99623,            0,            0,            0,    0.7694636,    0.6386907
robot_167
    31.42638,     14.01644,            0,            0,            0,    0.9990686,   0.04315078
robot_25
    9.912984,     5.349867,            0,            0,            0,  -0.02505843,     0.999686
robot_168
   -22.03454,    -13.39217,            0,            0,            0,    -0.829835,    0.5580089
robot_96
   -38.05647,    -30.73116,            0,            0,            0,   -0.9999994,   0.00108088
robot_166
    -18.3534,     9.995141,            0,            0,            0,   0.08234183,    0.9966041
robot_102
   -22.61042,     9.984679,            0,            0,            0,    0.7381551,    0.6746311
robot_192
    29.92909,    -22.40755,            0,            0,            0,   -0.9925796,    0.1215964
robot_179
   -21.01011,     33.96999,            0,            0,            0,    0.2982606,    0.9544845
robot_142
    30.88278,    -30.00008,            0,            0,            0,   -0.9732193,    0.2298785
robot_1
   -14.01999,    -29.70184,            0,            0,            0,   0.02832923,    0.9995986
robot_44
    37.99126,     29.75953,            0,            0,            0,   -0.9954661,   0.09511684
robot_163
   -9.974307,      22.3225,            0,            0,            0,   -0.6975606,    0.7165258
robot_79
    14.24979,    -13.92538,            0,            0,            0,    0.7715154,    0.6362106
robot_8
   -30.11658,       -5.757,            0,            0,            0,   -0.2209489,    0.9752854
robot_20
    -34.0724,    -8.131706,            0,            0,            0,    0.9993407,   0.03630787
robot_143
   -29.42615,     -25.9763,            0,            0,            0,    0.1634286,    0.9865552
robot_138
   -26.89019,    -13.99102,            0,            0,            0,    0.8285639,    0.5598945
robot_123
    26.79741,     17.97849,            0,            0,            0,   -0.7311122,    0.6822572
robot_193
   -5.724077,    -29.96031,            0,            0,            0,    0.1144087,    0.9934338
robot_187
    1.948524,     33.99527,            0,            0,            0,    0.9067734,    0.4216184
robot_176
    10.16615,     30.05026,            0,            0,            0,    0.8053001,    0.5928673
robot_66
    29.96034,    -14.48983,            0,            0,            0,    0.6087911,    0.7933306
robot_63
   -10.10049,    -17.79831,            0,            0,            0,   -0.9580104,    0.2867333
robot_31
    25.92749,     -22.1496,            0,            0,            0,   -0.3401871,    0.9403578
robot_159
    6.912348,    -33.97621,            0,            0,            0,    0.9908768,    0.1347705
robot_160
    25.44917,     38.07358,            0,            0,            0,    0.5861308,    0.8102164
robot_151
   -14.03417,    -37.40582,            0,            0,            0,   -0.5470414,    0.8371055
robot_150
    7.728732,    -14.00903,            0,            0,            0,    0.6551588,    0.7554912
robot_137
    22.22909,    -18.09161,            0,            0,            0,    0.1686345,    0.9856787
robot_199
    25.47196,     30.08195,            0,            0,            0,    0.2979051,    0.9545955
robot_54
    19.78203,     22.02397,            0,            0,            0,    0.7627089,    0.6467419
robot_117
   -1.643647,    -33.99123,            0,            0,            0,    0.5985713,    0.8010695
robot_36
    3.350521,     -34.0037,            0,            0,            0,   -0.1734187,    0.9848482
robot_33
   -18.41605,    -37.94897,            0,            0,            0,    0.9707036,      0.24028
robot_146
   -16.92495,    -1.979645,            0,            0,            0,     0.894007,     0.448053
robot_156
   -10.07061,     29.78027,            0,            0,            0,    0.6546759,    0.7559097
robot_112
     -30.069,    -16.39463,            0,            0,            0,    0.5485792,    0.8360986
robot_19
    9.852931,    -37.98023,            0,            0,            0,   -0.9975513,   0.06993894
robot_141
   -10.27726,     2.141846,            0,            0,            0,    0.1944789,    0.9809067
robot_35
   -34.08991,    -16.87212,            0,            0,            0,     0.877712,    0.4791886
robot_184
   -4.241408,     29.99605,            0,            0,            0,   -0.2493294,    0.9684187
robot_98
   -2.050995,    -17.29065,            0,            0,            0,    0.6632444,    0.7484029
robot_100
    21.89245,    -21.92184,            0,            0,            0,    0.6984527,    0.7156562
robot_164
   -15.06628,     1.994084,            0,            0,            0,    0.9183181,    0.3958433
robot_59
   -8.467197,    -1.981865,            0,            0,            0,   -0.9993274,   0.03667215
robot_144
    10.18876,    -30.02729,            0,            0,            0,   -0.5859893,    0.8103188
robot_101
   -2.213101,     29.97303,            0,            0,            0,   -0.5164474,    0.8563189
robot_161
   -33.99116,    -26.00342,            0,            0,            0,   -0.9387163,    0.3446908
robot_149
    14.28845,     10.03788,            0,            0,            0,   -0.6133678,    0.7897974
robot_86
   -26.10723,    -29.86644,            0,            0,            0,   -0.7461895,    0.6657336
robot_191
    14.00374,    -2.251042,            0,            0,            0,    -0.391453,    0.9201981
robot_126
   -25.83429,     -25.9824,            0,            0,            0,   -0.9854715,    0.1698407
robot_190
    3.451489,    -29.96963,            0,            0,            0,    0.9874509,    0.1579262
robot_131
   -33.85103,    -1.910933,            0,            0,            0,     0.426562,    0.9044583
robot_154
    14.80109,     21.98423,            0,            0,            0,   -0.5832264,    0.8123097
robot_9
    13.93124,    -22.19646,            0,            0,            0,  -0.08141058,    0.9966806
robot_27
     17.9589,    0.1782412,            0,            0,            0,    0.8862563,    0.4631952
robot_34
   -10.42844,    -29.99009,            0,            0,            0,    -0.972023,    0.2348857
robot_114
    1.437022,     6.081659,            0,            0,            0,    0.8952862,    0.4454915
robot_51
   -11.75784,    -2.021456,            0,            0,            0,   -0.1057499,    0.9943928
robot_108
    20.19366,    -18.01016,            0,            0,            0,   -0.7631761,    0.6461905
robot_147
   -6.086681,    -32.33187,            0,            0,            0,   -0.9987091,   0.05079587
robot_183
    33.54307,     18.07431,            0,            0,            0,   -0.4371421,    0.8993924
robot_48
    25.94213,     -7.15498,            0,            0,            0,   -0.9880686,    0.1540147
robot_60
   -9.350991,    -10.02803,            0,            0,            0,    0.2300258,    0.9731845
robot_75
   -29.09638,    -22.02944,            0,            0,            0,    0.7163736,    0.6977169
robot_152
    38.25087,     26.09522,            0,            0,            0,    0.9905167,    0.1373925
robot_26
   -30.07163,    -20.33212,            0,            0,            0,   -0.1327038,    0.9911557
robot_182
    5.903298,    -15.56607,            0,            0,            0,   -0.7167701,    0.6973096
robot_172
   -2.138323,     21.69991,            0,            0,            0,   0.02157044,    0.9997673
robot_43
    26.08053,    -18.16347,            0,            0,            0,   -0.9825446,     0.186027
robot_170
   -1.926702,     6.156033,            0,            0,            0,    0.9250168,    0.3799263
robot_177
    32.94901,     2.025648,            0,            0,            0,   -0.3695655,    0.9292047
robot_80
    21.70044,    -29.97342,            0,            0,            0,   -0.6088218,     0.793307
robot_16
   -19.40473,    -18.00784,            0,            0,            0,    0.9813442,    0.1922591
robot_13
    -18.0722,     31.48905,            0,            0,            0,   -0.3132233,    0.9496795
robot_178
     33.9578,    -33.72399,            0,            0,            0,    0.7733473,    0.6339826
robot_88
     13.8513,     2.054887,            0,            0,            0,   -0.4962378,    0.8681867
robot_194
   -19.64151,      29.9676,            0,            0,            0,   -0.8151123,    0.5793029
robot_29
     -26.051,    -20.10331,            0,            0,            0,  0.004874944,    0.9999881
robot_92
    37.82402,     14.19472,            0,            0,            0,   -0.8350822,    0.5501251
robot_87
   -38.04424,     29.84013,            0,            0,            0,    0.4501891,    0.8929332
robot_68
   -17.91689,    -34.03299,            0,            0,            0,   -0.9249775,     0.380022
robot_22
    9.185963,    -5.980649,            0,            0,            0,    0.1122174,    0.9936837
robot_38
    13.89691,     38.26193,            0,            0,            0,    0.8254791,    0.5644327
robot_2
     13.9101,     28.28936,            0,            0,            0,    0.1797129,    0.9837191
robot_110
    26.00867,     -34.1233,            0,            0,            0,    0.7815795,    0.6238057
robot_14
     28.7791,     17.98754,            0,            0,            0,   -0.7905104,    0.6124486
robot_181
    29.95762,     19.65012,            0,            0,            0,   -0.8582392,      0.51325
robot_61
   -21.37896,    -10.02137,            0,            0,            0,   -0.9646546,    0.2635175
robot_30
    13.91282,    -16.16482,            0,            0,            0,    0.9999213,   0.01254739
robot_122
    35.39062,     5.991876,            0,            0,            0,   -0.5205541,    0.8538287
robot_132
    29.94093,    -19.98788,            0,            0,            0,   -0.5801718,    0.8144941
robot_45
   -28.71197,     2.013908,            0,            0,            0,    0.3867422,    0.9221879
robot_21
    33.91849,     27.03713,            0,            0,            0,     0.795265,     0.606262
robot_39
    25.93768,     34.68831,            0,            0,            0,   -0.8350277,    0.5502079
robot_134
    13.90617,    -32.89086,            0,            0,            0,    0.9937217,    0.1118802
robot_15
   -26.06301,    -1.284427,            0,            0,            0,    0.8684142,    0.4958394
robot_145
    9.908069,     26.77233,            0,            0,            0,    0.2989083,    0.9542819
robot_140
    33.94606,    -30.12457,            0,            0,            0,   -0.3128824,    0.9497919
robot_196
   -34.10609,     29.91173,            0,            0,            0,   -0.9257539,    0.3781267
robot_188
   -14.02948,      26.2814,            0,            0,            0,    0.7764335,    0.6301992
robot_4
   -14.08312,    -17.75437,            0,            0,            0,   -0.7000853,    0.7140592
robot_155
    38.40332,     6.006412,            0,            0,            0,   -0.8645329,    0.5025761
robot_135
    38.30664,    -26.08101,            0,            0,            0,   -0.9966045,   0.08233698
robot_93
   -6.063868,     19.99977,            0,            0,            0,   -0.5403131,     0.841464
robot_111
    25.96174,    -30.13215,            0,            0,            0,   0.04925752,    0.9987861
robot_0
    13.91884,    -38.62497,            0,            0,            0,    0.1188703,    0.9929098
robot_49
   -33.76521,    -22.07733,            0,            0,            0,   -0.5046081,    0.8633485
robot_113
    23.08586,    -2.013566,            0,            0,            0,     0.137911,    0.9904446
robot_94
   -13.09551,     34.00455,            0,            0,            0,    0.1742741,    0.9846972
robot_40
     21.9693,     38.06795,            0,            0,            0,   -0.9802658,    0.1976838
robot_103
    22.42709,    -5.956837,            0,            0,            0,    0.9226996,    0.3855197
robot_6
    21.95673,     20.49402,            0,            0,            0,   -0.2661696,    0.9639262
robot_71
   -10.21619,    -26.00456,            0,            0,            0,    0.9120999,    0.4099681
robot_17
   -13.98448,     18.11545,            0,            0,            0,    0.5093394,    0.8605657
robot_120
    13.89778,    -5.783262,            0,            0,            0,   -0.9693522,    0.2456751
robot_189
    35.76915,    -26.01809,            0,            0,            0,    0.8698512,    0.4933141
robot_148
   -18.06901,     38.64003,            0,            0,            0,    0.4363977,    0.8997539
robot_186
   0.6891361,    -25.98987,            0,            0,            0,   0.01350267,    0.9999088
robot_198
    37.91614,    -31.16419,            0,            0,            0,   -0.7534217,    0.6575376
robot_107
   -24.95253,    -18.00638,            0,            0,            0,    0.9999023,   0.01397745
robot_18
   -21.98978,     21.77823,            0,            0,            0,    0.6263467,    0.7795446
robot_23
   -2.097068,     17.94887,            0,            0,            0,   0.05146442,    0.9986748
robot_46
     -29.171,     9.998129,            0,            0,            0,   -0.9981959,   0.06004195
robot_109
   -22.05314,     -36.6486,            0,            0,            0,   -0.9913772,    0.1310393
robot_10
    17.86321,    -5.677305,            0,            0,            0,   -0.0948668,      0.99549
robot_157
   -26.05024,    -11.79543,            0,            0,            0,   -0.9842977,    0.1765163
robot_70
   -33.63068,    -10.08001,            0,            0,            0,    0.8626989,    0.5057179
robot_55
    25.44859,     21.93205,            0,            0,            0,    0.9665004,     0.256665
robot_73
    1.941756,    -9.047198,            0,            0,            0,   -0.9807472,    0.1952817
robot_69
   -37.58304,    -13.96405,            0,            0,            0,   -0.9981648,   0.06055594
robot_65
   -5.942166,    -5.960995,            0,            0,            0,    -0.969472,    0.2452022
robot_124
   -14.05618,     6.398236,            0,            0,            0,   -0.1435313,    0.9896458
robot_115
   -26.08321,    -35.14943,            0,            0,            0,    0.9252702,    0.3793087
robot_130
     22.3156,     13.90714,            0,            0,            0,   -0.8861523,     0.463394
robot_85
    2.846533,     25.99776,            0,            0,            0,  -0.05781796,    0.9983271
robot_91
    2.352025,     17.92793,            0,            0,            0,    0.9671007,    0.2543938
robot_47
    38.06353,    -10.17678,            0,            0,            0,    0.3306759,    0.9437444
robot_52
   -25.85529,     13.93253,            0,            0,            0,   -0.7879994,     0.615676
robot_195
    6.105198,      14.1398,            0,            0,            0,    0.8868588,    0.4620406
robot_72
    18.08735,    -38.01724,            0,            0,            0,   -0.9245567,    0.3810446
robot_158
   -5.982143,    -13.91005,            0,            0,            0,     0.929114,    0.3697933
robot_153
     18.1521,    -18.15547,            0,            0,            0,    0.1746413,    0.9846321
robot_105
    9.836147,    -14.30694,            0,            0,            0,   -0.1493067,    0.9887909
robot_162
   -22.07464,     -31.4737,            0,            0,            0,    0.9990072,   0.04454992
robot_97
    25.71585,    -26.04404,            0,            0,            0,   -0.9676268,    0.2523852
robot_90
   -26.03986,     17.17761,            0,            0,            0,   -0.1137199,    0.9935128
robot_165
   -18.86476,     13.99748,            0,            0,            0,    0.2205278,    0.9753807
robot_42
    21.91833,     11.16213,            0,            0,            0,    0.9688636,     0.247595
robot_7
   -5.873914,     25.99164,            0,            0,            0,   0.07096059,    0.9974791
robot_28
    31.71971,     -6.00824,            0,            0,            0,    0.9970377,   0.07691419
robot_118
   -6.388405,     33.96895,            0,            0,            0,    0.9999952,  0.003111523
robot_139
    34.27339,     33.93593,            0,            0,            0,    0.5826718,    0.8127075
robot_129
   -26.01656,    -38.31476,            0,            0,            0,   -0.2536602,    0.9672934
robot_57
   -27.34291,    -6.026688,            0,            0,            0,    0.9687537,    0.2480249
robot_24
   -38.08875,    -9.931656,            0,            0,            0,    0.5688216,     0.822461
robot_106
    6.088589,     -10.0154,            0,            0,            0,    0.9910076,    0.1338055
robot_185
   -22.07467,     13.72461,            0,            0,            0,    0.5954521,    0.8033908
robot_174
    7.899252,    -17.97291,            0,            0,            0,    0.9920525,    0.1258244
robot_58
   -19.32418,    -10.02786,            0,            0,            0,   -0.6854356,    0.7281333
robot_12
   -34.14397,     18.34273,            0,            0,            0,   -0.4461259,    0.8949702
robot_95
     33.9562,     -21.2643,            0,            0,            0,   -0.8786894,    0.4773939
robot_78
   -21.02885,      26.0191,            0,            0,            0,     0.746726,    0.6651317
robot_62
   -18.07709,    -27.58835,            0,            0,            0,    0.9759074,    0.2181851
robot_121
   -37.66219,    -33.93708,            0,            0,            0,    0.9673924,    0.2532823
robot_83
    -13.9371,     13.84697,            0,            0,            0,   -0.8876201,    0.4605763
robot_127
    29.96298,     6.495131,            0,            0,            0,    0.4989382,    0.8666376
robot_128
    29.68855,     30.08142,            0,            0,            0,   -0.5274987,    0.8495558
robot_32
   -6.058086,     11.82586,            0,            0,            0,    0.9737375,    0.2276735
robot_89
   -33.97013,    -37.68353,            0,            0,            0,   -0.6599717,    0.7512904
robot_11
    17.90465,      34.2301,            0,            0,            0,   -0.9157126,    0.4018337
robot_37
   -34.00493,     -5.96492,            0,            0,            0,   -0.3877695,    0.9217564
robot_175
    17.77985,     -25.7744,            0,            0,            0,    0.9384538,    0.3454049
robot_50
   -22.12505,     38.14101,            0,            0,            0,   -0.6638583,    0.7478584
robot_64
    29.93433,     35.80626,            0,            0,            0,   -0.4122235,    0.9110828
robot_76
    3.680801,    -18.03169,            0,            0,            0,    0.1455005,    0.9893582
robot_104
    25.88961,     2.202194,            0,            0,            0,   -0.6316933,    0.7752184
robot_169
   -28.84265,    -33.99974,            0,            0,            0,   -0.4074838,    0.9132124
robot_53
    19.81061,    -25.98856,            0,            0,            0,    0.9187188,    0.3949122
