tuw_multi_robot_msgs::RobotGoalsArray @1970-01-01T00:52:19.500000
frame_id: map
        3139,    500000000
robot_84
   -18.05746,     17.50724,            0,            0,            0,   -0.9458214,    0.3246874
robot_116
   -34.01556,    -26.25136,            0,            0,            0,   -0.6947135,    0.7192865
robot_74
    38.09748,     30.21948,            0,            0,            0,    0.9419911,    0.3356379
robot_41
    1.559221,    -9.983639,            0,            0,            0,   -0.8744114,    0.4851851
robot_125
     17.7961,    -5.955565,            0,            0,            0,   -0.9995299,   0.03065868
robot_136
    13.85551,     9.875707,            0,            0,            0,    0.9958423,   0.09109447
robot_173
   -2.064946,     19.49374,            0,            0,            0,   -0.9829152,    0.1840592
robot_67
    19.68295,     26.00215,            0,            0,            0,    0.3342927,    0.9424693
robot_197
    37.95414,     7.528044,            0,            0,            0,   -0.9320967,    0.3622095
robot_119
   -14.13551,    -34.07577,            0,            0,            0,    -0.999104,   0.04232258
robot_82
   -30.78798,    -10.02141,            0,            0,            0,    0.2982107,    0.9545001
robot_77
    17.94615,      36.8859,            0,            0,            0,    0.2605569,    0.9654585
robot_5
   -8.091006,    -29.98581,            0,            0,            0,     0.410819,    0.9117169
robot_133
    14.10163,    -14.06374,            0,            0,            0,    0.5584831,    0.8295159
robot_99
    36.55983,    -5.969346,            0,            0,            0,  -0.09347433,    0.9956217
robot_171
    37.95203,    -15.48867,            0,            0,            0,    0.9955692,   0.09403219
robot_180
     32.6287,     18.02399,            0,            0,            0,   0.02593836,    0.9996635
robot_56
   -17.85928,     29.90821,            0,            0,            0,   -0.1516135,    0.9884399
robot_3
   -18.15227,    -26.16246,            0,            0,            0,   -0.9996861,   0.02505254
robot_81
     21.8852,     9.943413,            0,            0,            0,   -0.9999242,   0.01231028
robot_167
   -15.52494,     29.98163,            0,            0,            0,   -0.6637979,     0.747912
robot_25
   -38.05804,     9.736107,            0,            0,            0,   -0.8212633,    0.5705494
robot_168
    17.24706,     9.992796,            0,            0,            0,   -0.7699978,    0.6380465
robot_96
   -6.038878,     5.979832,            0,            0,            0,    0.9924359,    0.1227643
robot_166
    25.52263,     2.052219,            0,            0,            0,   -0.6423126,    0.7664428
robot_102
   -18.09144,    -8.178678,            0,            0,            0,  -0.08951766,    0.9959852
robot_192
   -8.982987,    -6.013211,            0,            0,            0,   -0.7027071,    0.7114793
robot_179
  0.09581553,    -22.02461,            0,            0,            0,   -0.9990966,   0.04249579
robot_142
   -10.25124,     9.900598,            0,            0,            0,   -0.2752713,    0.9613666
robot_1
    37.98833,    -18.24484,            0,            0,            0,   -0.9967944,   0.08000531
robot_44
   -16.19269,    -29.96776,            0,            0,            0,    0.7742485,    0.6328817
robot_163
   -33.04105,      25.9939,            0,            0,            0,   -0.8006549,    0.5991258
robot_79
   -2.088469,    -28.40552,            0,            0,            0,    -0.860821,    0.5089079
robot_8
   -29.98503,     34.17636,            0,            0,            0,    -0.423277,    0.9060003
robot_20
    5.933119,    -1.842058,            0,            0,            0,     0.985089,    0.1720457
robot_143
   -30.19737,     21.90114,            0,            0,            0,  -0.09649458,    0.9953335
robot_138
   -38.59136,     33.96709,            0,            0,            0,   -0.8036237,    0.5951378
robot_123
   -26.10005,     38.33324,            0,            0,            0,    0.9867737,    0.1621037
robot_193
   -14.25629,     37.96007,            0,            0,            0,    0.7946189,    0.6071085
robot_187
    23.99948,     33.99764,            0,            0,            0,     0.864461,    0.5026999
robot_176
    37.96702,     23.67045,            0,            0,            0,    0.8472024,    0.5312703
robot_66
    33.91557,    -20.91881,            0,            0,            0,    0.8473306,    0.5310657
robot_63
   -30.07698,    -34.62636,            0,            0,            0,   -0.1752246,    0.9845285
robot_31
    1.786431,     30.20336,            0,            0,            0,     0.810291,    0.5860277
robot_159
   -30.15711,     26.19088,            0,            0,            0,   -0.3868243,    0.9221534
robot_160
    5.716524,     5.874196,            0,            0,            0,    -0.598747,    0.8009382
robot_151
   -19.02087,     34.01785,            0,            0,            0,   -0.6306051,    0.7761039
robot_150
     17.8051,     21.90256,            0,            0,            0,   -0.9987393,   0.05019822
robot_137
   -32.81478,    -14.00997,            0,            0,            0,    0.7115504,    0.7026351
robot_199
    36.89799,    -30.01726,            0,            0,            0,   -0.7935566,    0.6084965
robot_54
   -22.97418,    -5.987611,            0,            0,            0,    0.9150149,      0.40342
robot_117
   -17.73018,      25.9754,            0,            0,            0,   -0.3461003,    0.9381975
robot_36
   -14.22501,     13.78655,            0,            0,            0,   -0.2117317,    0.9773278
robot_33
   -38.04827,    -27.29762,            0,            0,            0,   -0.9989309,   0.04622923
robot_146
    15.95719,     18.01803,            0,            0,            0,    0.7773478,    0.6290711
robot_156
   -25.81996,     29.95611,            0,            0,            0,   -0.9681938,    0.2502014
robot_112
   -25.40603,    -9.991504,            0,            0,            0,    0.7738023,    0.6334272
robot_19
    29.95011,     18.06093,            0,            0,            0,    0.5595247,    0.8288137
robot_141
   -17.77058,     5.906802,            0,            0,            0,   -0.7341041,     0.679037
robot_35
   -2.074072,     -12.3547,            0,            0,            0,    0.6237876,    0.7815939
