tuw_multi_robot_msgs::RobotGoalsArray @1970-01-01T01:40:13
frame_id: map
        6013,            0
robot_84
    1.904074,    -25.16087,            0,            0,            0,   -0.5775973,    0.8163218
robot_116
    30.23016,    -5.906294,            0,            0,            0,    0.2195445,    0.9756025
robot_74
    37.91208,     8.947479,            0,            0,            0,   -0.8448332,    0.5350299
robot_41
    -13.0153,    -29.97354,            0,            0,            0,    0.8954107,    0.4452412
robot_125
    1.955231,     28.45298,            0,            0,            0,    0.9902456,    0.1393327
robot_136
   -34.07385,      -31.702,            0,            0,            0,     0.892114,    0.4518103
robot_173
    13.93628,    -24.73748,            0,            0,            0,  -0.05754428,     0.998343
robot_67
   -22.06692,    -17.74505,            0,            0,            0,    0.0302595,    0.9995421
robot_197
   -14.31814,     -9.97849,            0,            0,            0,   -0.2808755,    0.9597442
robot_119
    1.886679,     6.195379,            0,            0,            0,   -0.7711807,    0.6366163
robot_82
    37.94313,    -31.15904,            0,            0,            0,    0.5699542,    0.8216765
robot_77
   -18.07133,     3.748661,            0,            0,            0,   -0.5725141,    0.8198949
robot_5
     26.2068,     -10.0304,            0,            0,            0,    0.4653704,     0.885116
robot_133
    5.908993,    -25.95748,            0,            0,            0,   -0.2049321,    0.9787762
robot_99
   -13.29891,    -14.01644,            0,            0,            0,   0.03737971,    0.9993011
robot_171
   -34.05918,     38.67343,            0,            0,            0,   -0.3883079,    0.9215297
robot_180
    -5.93665,    -6.045532,            0,            0,            0,     0.793651,    0.6083733
robot_56
   -34.15366,    -29.75607,            0,            0,            0,   -0.9374063,    0.3482375
robot_3
    9.930942,    -18.69588,            0,            0,            0,   -0.9967888,   0.08007595
robot_81
    20.00719,    -13.97717,            0,            0,            0,    0.1878942,    0.9821893
robot_167
    29.58385,    -26.05509,            0,            0,            0,   -0.6290759,    0.7773439
robot_25
    25.91927,    -4.789662,            0,            0,            0,    0.4830187,    0.8756101
robot_168
    29.92172,     10.81904,            0,            0,            0,    -0.527039,    0.8498411
robot_96
   -8.719213,     13.98443,            0,            0,            0,   -0.9162367,    0.4006373
robot_166
   -5.756003,    -17.99388,            0,            0,            0,   -0.5851944,     0.810893
robot_102
   -38.06261,    -18.44384,            0,            0,            0,    0.5951817,    0.8035912
robot_192
   -38.08527,     21.74345,            0,            0,            0,    0.6845463,    0.7289694
robot_179
   -38.05744,     27.83786,            0,            0,            0,   -0.9988343,   0.04827028
robot_142
    13.93864,    -15.11682,            0,            0,            0,   -0.4733399,    0.8808799
robot_1
    21.96692,   -0.0191941,            0,            0,            0,   0.06735315,    0.9977292
robot_44
    33.90601,    -23.16601,            0,            0,            0,    0.7609436,    0.6488181
robot_163
    5.787452,     21.86913,            0,            0,            0,    0.9978038,     0.066239
robot_79
    25.92555,      32.2539,            0,            0,            0,   -0.4890399,    0.8722614
robot_8
    -37.9392,     30.01361,            0,            0,            0,   -0.9644705,    0.2641907
robot_20
    -17.2772,     38.02341,            0,            0,            0,    0.9823764,    0.1869136
robot_143
   -10.09954,    -38.88099,            0,            0,            0,    -0.604894,     0.796306
robot_138
   -10.04661,    -10.85052,            0,            0,            0,    0.5769899,    0.8167513
robot_123
     23.3035,    -13.99159,            0,            0,            0,    0.9930263,    0.1178926
robot_193
    3.261517,       33.978,            0,            0,            0,    0.9935546,    0.1133546
robot_187
    39.13603,    -25.99151,            0,            0,            0,   -0.6895119,    0.7242744
robot_176
    5.935847,     30.01137,            0,            0,            0,    0.9991906,   0.04022522
robot_66
   -14.20856,    -21.92091,            0,            0,            0,    0.2365436,    0.9716209
robot_63
   -2.720138,     14.00892,            0,            0,            0,   -0.6537183,     0.756738
robot_31
    32.07983,     14.03273,            0,            0,            0,   -0.6480537,    0.7615947
robot_159
   -9.963256,    -22.04499,            0,            0,            0,    0.9933786,    0.1148868
robot_160
   -2.174503,    -18.04091,            0,            0,            0,   -0.8618588,    0.5071484
robot_151
    -34.0579,    -22.66493,            0,            0,            0,    0.9132556,    0.4073871
robot_150
    21.99916,    -21.99712,            0,            0,            0,   -0.2733514,    0.9619142
robot_137
    26.17666,     21.90377,            0,            0,            0,    0.7498009,    0.6616635
robot_199
   -16.56348,    -5.991786,            0,            0,            0,   -0.9346478,     0.355575
robot_54
   -31.82991,      5.98608,            0,            0,            0,   -0.8269596,    0.5622613
robot_117
    2.026335,     18.30511,            0,            0,            0,    0.9711372,    0.2385216
robot_36
   -10.21096,     18.18299,            0,            0,            0,    0.5199034,    0.8542251
robot_33
     21.6789,     38.04172,            0,            0,            0,    0.2775593,    0.9607085
robot_146
    8.430089,     34.02597,            0,            0,            0,     0.816118,    0.5778853
robot_156
   -18.74281,     29.98471,            0,            0,            0,    0.9919907,    0.1263113
robot_112
   -18.04239,    -30.42137,            0,            0,            0,    0.4284979,    0.9035428
robot_19
   -28.42102,    -25.99521,            0,            0,            0,    0.8659209,     0.500181
robot_141
   -2.052873,       22.575,            0,            0,            0,    0.3268109,    0.9450897
robot_35
    5.960193,    -20.32441,            0,            0,            0,   -0.6439169,    0.7650954
robot_184
    25.95008,     16.73882,            0,            0,            0,   -0.2761787,    0.9611063
robot_98
   -34.10094,    -34.12958,            0,            0,            0,   -0.7888537,     0.614581
robot_100
   -22.71096,    -38.01095,            0,            0,            0,    0.4920954,    0.8705413
robot_164
    17.60488,    -38.09678,            0,            0,            0,   -0.6826659,    0.7307307
robot_59
    5.959867,     38.65081,            0,            0,            0,    0.8718193,    0.4898276
robot_144
    33.94226,     23.95229,            0,            0,            0,    0.9979994,   0.06322379
robot_101
    7.060173,    -34.01169,            0,            0,            0,    0.4076827,    0.9131237
robot_161
    11.78112,    -34.01574,            0,            0,            0,    0.8608082,    0.5089295
robot_149
    26.21579,     1.971223,            0,            0,            0,  -0.07573083,    0.9971283
robot_86
   -34.06126,     23.86073,            0,            0,            0,    0.9708019,    0.2398828
robot_191
    21.94288,     14.12428,            0,            0,            0,  -0.08741471,     0.996172
robot_126
    15.93839,     33.99206,            0,            0,            0,    -0.998289,   0.05847265
robot_190
    30.14062,    -1.948638,            0,            0,            0,    0.1473114,    0.9890902
robot_131
    29.95736,    -12.65337,            0,            0,            0,   -0.8903799,    0.4552183
robot_154
    15.47128,     29.98749,            0,            0,            0,   -0.7246181,    0.6891506
robot_9
    32.91779,     25.98416,            0,            0,            0,    0.5293013,    0.8484339
robot_27
   -34.15229,    -6.193063,            0,            0,            0,    0.8432589,    0.5375076
robot_34
    18.10002,     37.87923,            0,            0,            0,    0.3694377,    0.9292555
robot_114
    22.21683,     21.98991,            0,            0,            0,    -0.271645,    0.9623975
robot_51
   -2.130897,     25.72472,            0,            0,            0,   -0.9836628,     0.180021
robot_108
   -22.04855,    -12.05648,            0,            0,            0,    0.5168172,    0.8560958
robot_147
   -5.997633,     9.684298,            0,            0,            0,    0.7279657,    0.6856136
robot_183
   -37.83786,    -6.007153,            0,            0,            0,    0.2297426,    0.9732514
robot_48
   -10.57534,     33.97431,            0,            0,            0,    0.4199841,    0.9075315
robot_60
    29.96642,     3.422715,            0,            0,            0,   -0.9454486,    0.3257713
robot_75
   -26.07515,    -4.331428,            0,            0,            0,    -0.696914,    0.7171547
robot_152
   -27.36807,      26.0244,            0,            0,            0,     0.870289,    0.4925414
robot_26
   -23.59741,     37.98033,            0,            0,            0,    -0.942025,    0.3355426
robot_182
    5.953575,     19.55137,            0,            0,            0,    0.3242295,    0.9459785
robot_172
   -10.09043,     28.07813,            0,            0,            0,    0.8040647,    0.5945417
robot_43
   -15.48389,    -33.98351,            0,            0,            0,    0.6046284,    0.7965077
robot_170
    1.925694,    -19.70271,            0,            0,            0,    -0.595969,    0.8030074
robot_177
   -37.87722,     -13.9954,            0,            0,            0,    0.4918128,     0.870701
robot_80
   -26.09278,     3.904519,            0,            0,            0,    0.2822794,    0.9593322
robot_16
    17.92464,   -0.3769819,            0,            0,            0,    0.7526544,    0.6584158
robot_13
    29.93393,    -3.934488,            0,            0,            0,   -0.1820829,    0.9832832
robot_178
   -7.367745,     17.99617,            0,            0,            0,     -0.54731,      0.83693
robot_88
   -29.72646,     -34.0718,            0,            0,            0,    0.9822353,    0.1876532
robot_194
    14.37195,    -10.07739,            0,            0,            0,   -0.6398496,    0.7685001
robot_29
   -26.07612,    -10.48748,            0,            0,            0,    0.3835517,    0.9235194
robot_92
    12.48597,     26.01119,            0,            0,            0,    0.9995725,   0.02923807
robot_87
   -22.04799,    -30.38129,            0,            0,            0,    -0.999882,   0.01536181
robot_68
   -6.678269,     14.02324,            0,            0,            0,    0.6547058,    0.7558838
robot_22
   -29.76846,    -30.02138,            0,            0,            0,   -0.2970667,    0.9548567
robot_38
    5.880062,    -5.854329,            0,            0,            0,     0.422152,     0.906525
robot_2
   -18.17019,    -9.798779,            0,            0,            0,   -0.6493404,    0.7604979
robot_110
   -8.583456,    -33.98174,            0,            0,            0,    0.2907243,    0.9568069
robot_14
   -31.28273,    -18.02985,            0,            0,            0,    0.3087773,    0.9511344
robot_181
    20.83198,     18.00878,            0,            0,            0,   -0.1883843,    0.9820954
robot_61
  -0.5779205,    -22.02471,            0,            0,            0,   -0.4365528,    0.8996786
robot_30
    25.79892,     -30.2229,            0,            0,            0,   -0.9461695,    0.3236716
robot_122
     38.2806,    -13.96767,            0,            0,            0,   -0.2928654,    0.9561537
robot_132
   -30.15485,    -22.12985,            0,            0,            0,    0.4313684,    0.9021759
robot_45
   -13.65421,     25.92249,            0,            0,            0,    0.8485262,    0.5291534
robot_21
    -1.10181,     30.00992,            0,            0,            0,    0.9981701,   0.06046868
robot_39
    17.84944,     2.112288,            0,            0,            0,    0.9851696,    0.1715832
robot_134
    33.78446,    -1.907443,            0,            0,            0,   -0.4377267,    0.8991081
robot_15
   -35.46812,     -14.0124,            0,            0,            0,   -0.8417486,    0.5398697
robot_145
    1.893627,    -33.63973,            0,            0,            0,    0.0430948,     0.999071
robot_140
    1.651054,    -6.010775,            0,            0,            0,    0.9916071,    0.1292877
robot_196
   -30.71581,     18.00801,            0,            0,            0,    0.6661952,    0.7457774
robot_188
   -7.548749,    -9.970383,            0,            0,            0,    0.4986052,    0.8668292
robot_4
    37.95776,    -27.73015,            0,            0,            0,   -0.8819305,    0.4713794
robot_155
   -15.59452,     34.03017,            0,            0,            0,    0.9089948,    0.4168074
robot_135
     25.9233,     24.52356,            0,            0,            0,    0.8209339,    0.5710232
robot_93
   -25.90716,    -21.99703,            0,            0,            0,   -0.9708563,    0.2396622
robot_111
   -9.927463,     1.854711,            0,            0,            0,  -0.07620859,    0.9970919
robot_0
     28.8106,      5.99672,            0,            0,            0,   -0.5305554,    0.8476503
robot_49
     -6.0722,     24.46293,            0,            0,            0,    0.0473397,    0.9988788
robot_113
     22.4354,     6.029921,            0,            0,            0,    0.8136698,    0.5813273
robot_94
   -7.977728,    -5.976017,            0,            0,            0,    0.9935737,    0.1131872
robot_40
   -22.08488,     6.588405,            0,            0,            0,    0.0643516,    0.9979273
robot_103
    31.82088,     30.00343,            0,            0,            0,    0.4825426,    0.8758725
robot_6
   -28.88568,     30.02867,            0,            0,            0,    0.9684053,    0.2493814
robot_71
   -10.06971,     9.530054,            0,            0,            0,   -0.9907476,    0.1357177
robot_17
    10.25123,     5.916129,            0,            0,            0,     0.839798,     0.542899
robot_120
    -31.9557,    -33.99633,            0,            0,            0,    0.9780095,    0.2085606
robot_189
    22.06105,    -18.14317,            0,            0,            0,    0.9845436,    0.1751396
robot_148
   -2.062473,     33.32602,            0,            0,            0,   -0.4404878,    0.8977586
robot_186
   -3.710321,    -6.014677,            0,            0,            0,    0.6596202,    0.7515991
robot_198
   -32.63409,     21.96772,            0,            0,            0,    0.9159713,    0.4012437
robot_107
    24.68372,     33.99684,            0,            0,            0,   -0.9873416,     0.158608
robot_18
    -26.5359,     38.00381,            0,            0,            0,     0.136807,    0.9905977
robot_23
   -14.03395,       35.374,            0,            0,            0,   -0.6301715,    0.7764559
robot_46
   -34.06168,     11.44005,            0,            0,            0,    0.5606781,    0.8280338
robot_109
     5.93513,     24.23771,            0,            0,            0,   -0.9446526,    0.3280722
robot_10
   -30.09534,     13.22896,            0,            0,            0,    0.9216794,    0.3879524
robot_157
   -10.23501,    -29.97511,            0,            0,            0,   -0.8738951,    0.4861146
robot_70
    7.253224,    -1.993506,            0,            0,            0,    0.9827507,    0.1849355
robot_55
    33.92932,      18.5218,            0,            0,            0,   -0.6409521,    0.7675809
robot_73
     10.0619,    -38.13936,            0,            0,            0,    0.9887097,    0.1498439
robot_69
    1.831298,     10.01093,            0,            0,            0,    0.4820836,    0.8761252
robot_65
    18.43129,     25.95476,            0,            0,            0,    0.6638564,      0.74786
robot_124
   -29.41261,     9.969921,            0,            0,            0,    0.5517028,    0.8340408
robot_115
    -33.9795,    -25.92728,            0,            0,            0,    0.3514847,    0.9361936
robot_130
    31.09464,    -29.99394,            0,            0,            0,   -0.5569582,    0.8305406
robot_85
    29.95817,    -20.09914,            0,            0,            0,    0.9178438,    0.3969418
robot_91
    9.943322,    -20.73326,            0,            0,            0,   -0.7909227,     0.611916
robot_47
   -30.06111,    -1.743187,            0,            0,            0,   0.09406567,     0.995566
robot_52
   -23.73421,    -10.00789,            0,            0,            0,   -0.9893357,    0.1456531
robot_195
   -2.237528,    -30.15227,            0,            0,            0,   -0.9073253,    0.4204292
robot_72
    21.71705,    -10.01576,            0,            0,            0,    0.5013118,    0.8652667
robot_158
    29.86189,    -9.864423,            0,            0,            0,   -0.8855067,    0.4646267
robot_153
   -14.05474,    -35.64873,            0,            0,            0,   -0.4493208,    0.8933705
robot_105
    31.33743,     37.97497,            0,            0,            0,    -0.999554,   0.02986292
robot_162
   -18.06607,   -0.6706545,            0,            0,            0,   0.02448824,    0.9997001
robot_97
   -34.06807,    0.5882355,            0,            0,            0,    0.8337864,    0.5520872
robot_90
   -22.25467,     17.85368,            0,            0,            0,    0.9026105,    0.4304582
robot_165
   -18.09928,    -38.87739,            0,            0,            0,   -0.6631785,    0.7484613
robot_42
    29.93419,    -34.47415,            0,            0,            0,    0.9026476,    0.4303804
robot_7
    -20.5583,    -1.986489,            0,            0,            0,   -0.1301951,    0.9914884
robot_28
    25.96588,    -34.49613,            0,            0,            0,     0.622909,    0.7822943
robot_118
   -17.98079,     5.657998,            0,            0,            0,   -0.9845809,    0.1749297
robot_139
   -12.96598,    -17.97968,            0,            0,            0,   -0.8965143,    0.4430147
robot_129
    9.588099,     26.06929,            0,            0,            0,    0.7667327,    0.6419665
robot_57
   -35.79381,    -17.98474,            0,            0,            0,    0.1716169,    0.9851638
robot_24
    13.59457,    -21.98876,            0,            0,            0,   -0.5753639,    0.8178975
robot_106
   -30.43963,    -10.03641,            0,            0,            0,     0.999938,   0.01113875
robot_185
    10.00104,    -2.341959,            0,            0,            0,    -0.472434,    0.8813661
robot_174
    38.11486,     29.94261,            0,            0,            0,  -0.01614131,    0.9998697
robot_58
    13.89462,     14.26563,            0,            0,            0,   -0.9896574,    0.1434515
robot_12
    28.85979,     30.03162,            0,            0,            0,    0.2071721,    0.9783045
robot_95
   -15.84244,     29.99585,            0,            0,            0,    0.9168208,    0.3992988
robot_78
   -5.299975,     18.00103,            0,            0,            0,    0.1398414,    0.9901739
robot_62
    24.12659,    -2.016876,            0,            0,            0,    0.4599501,    0.8879448
robot_121
   -10.05494,     22.35685,            0,            0,            0,   -0.5440466,     0.839055
robot_83
   -22.05863,    -6.592892,            0,            0,            0,   -0.5850352,    0.8110079
robot_127
    29.93738,     -39.2985,            0,            0,            0,   -0.2774065,    0.9607526
robot_128
   -20.95222,    -34.00764,            0,            0,            0,   -0.7475286,    0.6642297
robot_32
    -6.08248,     34.24003,            0,            0,            0,    0.9990775,    0.0429444
robot_89
   -6.851577,    -22.00386,            0,            0,            0,   -0.9328868,    0.3601698
robot_11
    1.936223,    -9.057038,            0,            0,            0,    0.2982378,    0.9544916
robot_37
    26.28777,     14.00032,            0,            0,            0,   0.05427056,    0.9985263
robot_175
     -34.177,     29.87268,            0,            0,            0,    0.7630662,    0.6463203
robot_50
    14.09315,    -2.099267,            0,            0,            0,    0.8539103,    0.5204203
robot_64
   -6.047927,      28.3465,            0,            0,            0,    0.7819777,    0.6233064
robot_76
   -2.025358,    -33.78636,            0,            0,            0,   -0.7197218,    0.6942626
robot_104
    9.940762,     18.63919,            0,            0,            0,    0.3945747,    0.9188639
robot_169
    13.95585,    0.4092496,            0,            0,            0,   -0.9996829,   0.02517998
robot_53
    14.01149,    -30.04789,            0,            0,            0,   -0.4941085,    0.8694003
