tuw_multi_robot_msgs::RobotGoalsArray @1970-01-01T01:26:44.600000
frame_id: map
        5204,    600000000
robot_84
    -10.1467,     25.99175,            0,            0,            0,   -0.9228114,     0.385252
robot_116
    29.68208,     22.03062,            0,            0,            0,    0.9851701,    0.1715806
robot_74
    37.49146,     33.92357,            0,            0,            0,    -0.561455,    0.8275073
robot_41
   -31.32279,     34.01749,            0,            0,            0,    0.3440502,    0.9389513
robot_125
    17.92486,    -5.382969,            0,            0,            0,    0.9641399,    0.2653945
robot_136
    33.83512,      -21.699,            0,            0,            0,    -0.986639,    0.1629217
robot_173
    13.74734,      10.1542,            0,            0,            0,    0.6154773,    0.7881546
robot_67
    32.25222,      33.9731,            0,            0,            0,   -0.1026533,    0.9947172
robot_197
   -29.57219,     -30.0741,            0,            0,            0, -0.007845634,    0.9999692
robot_119
    33.91018,       25.715,            0,            0,            0,   -0.1844151,    0.9828485
robot_82
   -34.05872,    -2.378482,            0,            0,            0,   -0.7906683,    0.6122448
robot_77
   -12.67049,     29.98384,            0,            0,            0,   -0.6211681,    0.7836774
robot_5
   -34.09023,    -18.79536,            0,            0,            0,    0.6820351,    0.7313194
robot_133
   -25.74627,    -13.96885,            0,            0,            0,    0.8806933,     0.473687
robot_99
    24.81074,    -29.96807,            0,            0,            0,   -0.2000738,    0.9797808
robot_171
    17.93473,    -12.30692,            0,            0,            0,    0.7223804,    0.6914959
robot_180
    9.957484,     3.292607,            0,            0,            0,    0.9680627,    0.2507083
robot_56
    33.81851,     18.03526,            0,            0,            0,    0.9398382,    0.3416198
robot_3
    1.899481,    -13.79726,            0,            0,            0,    0.7424577,    0.6698929
robot_81
    21.93761,     35.77659,            0,            0,            0,   -0.1759408,    0.9844008
robot_167
    -26.0543,     15.59985,            0,            0,            0,    0.9212087,    0.3890687
robot_25
    17.91359,     3.638106,            0,            0,            0,    0.9721912,    0.2341885
robot_168
    18.25447,     -1.97213,            0,            0,            0,   -0.8499216,    0.5269091
robot_96
   -10.05646,     -6.15792,            0,            0,            0,   0.09951852,    0.9950357
robot_166
   -38.08902,     6.530016,            0,            0,            0,   -0.5281093,    0.8491764
robot_102
     10.3792,    -17.92762,            0,            0,            0,   -0.9368252,    0.3497979
robot_192
     33.9493,    -38.27308,            0,            0,            0,   -0.6252924,    0.7803905
robot_179
   -11.61456,     9.970773,            0,            0,            0,   -0.1625189,    0.9867054
robot_142
   -14.07439,     -32.6746,            0,            0,            0,   -0.7862273,    0.6179374
robot_1
   -26.07846,     6.234439,            0,            0,            0,    0.9269101,    0.3752834
robot_44
     9.49695,     17.99101,            0,            0,            0,    -0.955985,    0.2934157
robot_163
    13.97418,    -21.72089,            0,            0,            0,   -0.8990099,    0.4379283
robot_79
    13.45974,      38.0471,            0,            0,            0,    0.1179535,    0.9930191
robot_8
    17.91001,     17.69197,            0,            0,            0,   -0.7155595,    0.6985518
robot_20
    1.944096,     19.92602,            0,            0,            0,    0.7365361,    0.6763982
robot_143
   -30.30039,     18.02997,            0,            0,            0,    0.7929686,    0.6092625
robot_138
   -34.03456,    -30.57337,            0,            0,            0,   -0.9579014,    0.2870975
robot_123
    -10.0659,    -33.64233,            0,            0,            0,    0.1400902,    0.9901387
robot_193
    13.92198,    -9.963963,            0,            0,            0,    0.8873522,    0.4610923
robot_187
    -37.7227,    -25.94147,            0,            0,            0,   -0.7882759,    0.6153219
robot_176
   -22.64937,     33.98081,            0,            0,            0,    0.1907077,    0.9816469
robot_66
    1.461602,     17.92346,            0,            0,            0,   -0.4643834,    0.8856343
robot_63
   -22.06039,    -4.232749,            0,            0,            0,   -0.1310389,    0.9913772
robot_31
   -32.52392,    -25.99167,            0,            0,            0,    0.6325071,    0.7745546
robot_159
   -1.843029,    -6.065605,            0,            0,            0,   -0.9839377,     0.178512
robot_160
   -29.87681,    -37.84405,            0,            0,            0,    0.7985361,    0.6019469
robot_151
    -13.2757,    -25.98775,            0,            0,            0,    0.8925398,    0.4509685
robot_150
   -11.08425,    -1.985843,            0,            0,            0,    0.5552289,    0.8316976
robot_137
   -8.065343,     22.02349,            0,            0,            0,   -0.9988725,   0.04747258
robot_199
    29.94893,    -25.33761,            0,            0,            0,   -0.1195729,    0.9928254
robot_54
   -2.072566,     33.57391,            0,            0,            0,   0.03368978,    0.9994323
robot_117
   -34.04565,     31.81819,            0,            0,            0,    0.9985653,   0.05354759
robot_36
   -18.48978,    -33.93954,            0,            0,            0,   -0.9707051,    0.2402741
robot_33
    11.15323,     10.00065,            0,            0,            0,    0.8651743,    0.5014713
robot_146
    9.961643,    -38.21171,            0,            0,            0, -0.005709931,    0.9999837
robot_156
    34.26077,     34.02992,            0,            0,            0,    0.8359466,    0.5488108
robot_112
    25.91015,     11.49939,            0,            0,            0,   -0.3856809,    0.9226322
robot_19
    30.96581,     1.993584,            0,            0,            0,    0.9998618,   0.01662531
robot_141
     21.9333,      -19.728,            0,            0,            0,   -0.9993252,   0.03673113
robot_35
   -6.162965,    -14.11582,            0,            0,            0,   -0.9954362,   0.09542984
robot_184
    5.839978,     10.33382,            0,            0,            0,   -0.4442329,    0.8959113
robot_98
    18.02474,    -25.75859,            0,            0,            0,   -0.4574563,    0.8892321
robot_100
   -18.04536,     10.75946,            0,            0,            0,   -0.1880786,     0.982154
robot_164
   -29.18714,     2.005806,            0,            0,            0,   -0.9964787,   0.08384664
robot_59
   -18.31317,     29.98382,            0,            0,            0,    0.9763086,    0.2163827
robot_144
    13.94839,     26.29601,            0,            0,            0,    0.8619104,    0.5070606
robot_101
   -14.39464,    -1.972612,            0,            0,            0,     0.668525,    0.7436897
robot_161
   -25.60133,      33.9962,            0,            0,            0,   -0.4555979,    0.8901857
robot_149
   -38.06663,      18.7881,            0,            0,            0,    0.7283162,    0.6852413
robot_86
   -15.26256,    -25.97398,            0,            0,            0,    0.1967023,    0.9804633
robot_191
    17.91082,      9.70452,            0,            0,            0,   -0.2343164,    0.9721604
robot_126
    33.85955,    -5.861149,            0,            0,            0,    0.9963496,   0.08536616
robot_190
    37.91292,     28.84789,            0,            0,            0,   -0.1062485,    0.9943396
robot_131
    21.91327,    -16.20371,            0,            0,            0,    0.6846075,    0.7289119
robot_154
   0.8218935,    -6.030961,            0,            0,            0,    0.6635708,    0.7481135
robot_9
   -26.02303,    -5.812322,            0,            0,            0,   -0.1465852,     0.989198
robot_27
    33.88479,     1.749804,            0,            0,            0,   -0.9955498,   0.09423671
robot_34
  -0.3264295,    -34.01762,            0,            0,            0,   -0.9409206,    0.3386272
robot_114
    33.96535,     10.49847,            0,            0,            0,   -0.1350426,    0.9908398
robot_51
   -34.02438,    -13.68261,            0,            0,            0,   -0.1097176,    0.9939628
robot_108
    1.787623,      29.8285,            0,            0,            0,   -0.9483516,    0.3172211
robot_147
    25.43715,    -22.04736,            0,            0,            0,   -0.2504031,    0.9681417
robot_183
    29.90681,      26.9102,            0,            0,            0,    0.9319341,    0.3626277
robot_48
    7.362942,    -22.01028,            0,            0,            0,   -0.3483944,    0.9373481
robot_60
    29.91671,    -37.01113,            0,            0,            0,   -0.9555813,    0.2947276
robot_75
    1.934052,    -30.44097,            0,            0,            0,   -0.7398643,    0.6727561
robot_152
    -16.4206,    -2.003589,            0,            0,            0,    0.7063702,    0.7078426
robot_26
    25.71527,     33.83459,            0,            0,            0,   -0.7556284,    0.6550006
robot_182
   -3.681993,    -10.01198,            0,            0,            0,   -0.5709367,    0.8209941
robot_172
    9.747796,    -6.104424,            0,            0,            0,    0.8753919,    0.4834139
robot_43
    21.92467,     8.792336,            0,            0,            0,   0.05697467,    0.9983756
robot_170
    37.93612,     9.649702,            0,            0,            0,   -0.8697282,     0.493531
robot_177
   -34.09302,     18.11162,            0,            0,            0,    0.1355838,    0.9907659
robot_80
   -2.280644,     26.16247,            0,            0,            0,    0.7218795,    0.6920188
robot_16
   -14.49753,     22.00397,            0,            0,            0,   -0.1261906,     0.992006
robot_13
   -29.30125,    -21.97414,            0,            0,            0,    0.8004116,    0.5994508
robot_178
   -18.08902,    -5.246088,            0,            0,            0,    0.8883295,    0.4592067
robot_88
  -0.2324047,     30.00079,            0,            0,            0,   0.03984191,     0.999206
robot_194
    16.57559,     6.021363,            0,            0,            0,    0.8594417,    0.5112338
robot_29
    29.93294,     6.700731,            0,            0,            0,    0.9959729,    0.0896546
robot_92
    5.890484,    -5.979854,            0,            0,            0,    0.1860303,     0.982544
robot_87
    -10.4837,    -17.91343,            0,            0,            0,   -0.7029952,    0.7111946
robot_68
   -6.099134,    -23.26642,            0,            0,            0,    -0.433996,    0.9009148
robot_22
    -34.0788,     27.85487,            0,            0,            0,    0.9839438,    0.1784783
robot_38
   -10.06384,     -23.8289,            0,            0,            0,    0.8058303,    0.5921465
robot_2
    12.74287,    -37.99424,            0,            0,            0,   -0.7237978,    0.6900121
robot_110
    1.664262,     10.04907,            0,            0,            0,    0.6307851,    0.7759576
robot_14
  -0.2453388,    -30.00291,            0,            0,            0,  -0.07310413,    0.9973243
robot_181
    38.93553,    -22.02096,            0,            0,            0,   -0.9324627,    0.3612664
robot_61
   -4.968058,     17.98577,            0,            0,            0,   -0.2080588,    0.9781163
robot_30
   -34.06634,      14.3027,            0,            0,            0,    0.8212506,    0.5705677
robot_122
     13.7014,    -33.86618,            0,            0,            0,    0.7743157,    0.6327995
robot_132
   -29.85373,    -17.99679,            0,            0,            0,    0.3201834,    0.9473556
robot_45
   -38.02814,     26.11424,            0,            0,            0,    0.1091138,    0.9940293
robot_21
   -24.29312,    -29.98542,            0,            0,            0,    0.8311207,     0.556092
robot_39
    33.27695,    -10.01424,            0,            0,            0,    0.9648333,    0.2628624
robot_134
    1.902036,     13.11556,            0,            0,            0,   -0.8341627,    0.5515184
robot_15
    9.909182,    -10.03722,            0,            0,            0,    0.7650633,    0.6439551
robot_145
    30.99908,     -33.9868,            0,            0,            0,    0.3459821,    0.9382411
robot_140
   -13.96343,    -6.192327,            0,            0,            0,   -0.2924191,    0.9562903
