tuw_multi_robot_msgs::RobotGoalsArray @1970-01-01T01:24:05.300000
frame_id: map
        5045,    300000000
robot_84
   -7.635256,    -6.020672,            0,            0,            0,   -0.9030815,    0.4294692
robot_116
   -14.07711,    -1.660929,            0,            0,            0,    0.2269155,    0.9739144
robot_74
   -10.25407,    -14.15281,            0,            0,            0,   -0.8272865,    0.5617802
robot_41
     -14.094,     1.292837,            0,            0,            0,  -0.03606829,    0.9993493
robot_125
   -16.78672,    -29.96863,            0,            0,            0,   -0.8961845,    0.4436815
robot_136
    26.56022,    -21.97092,            0,            0,            0,   -0.9279797,    0.3726308
robot_173
    29.96567,     17.35383,            0,            0,            0,    0.1550801,    0.9879019
robot_67
   -12.71505,     5.971243,            0,            0,            0,   -0.5190117,    0.8547672
robot_197
   -30.06182,    -15.61993,            0,            0,            0,    -0.999663,   0.02595888
robot_119
    28.65953,     9.986396,            0,            0,            0,    0.1599718,    0.9871216
robot_82
    11.03528,    -13.98192,            0,            0,            0,    0.2233819,     0.974731
robot_77
   -18.07082,     29.43105,            0,            0,            0,   -0.2235941,    0.9746823
robot_5
    -21.9204,     34.18862,            0,            0,            0,    0.8289195,    0.5593679
robot_133
   -37.59678,    -26.09718,            0,            0,            0,   -0.7455005,     0.666505
robot_99
   -38.05318,     31.10349,            0,            0,            0,   -0.7615984,    0.6480492
robot_171
    34.05273,    -18.21068,            0,            0,            0,   -0.9389421,    0.3440753
robot_180
    17.94224,    -25.81568,            0,            0,            0,     0.989831,    0.1422484
robot_56
   -16.08143,    -25.99962,            0,            0,            0,    0.9622274,     0.272247
robot_3
   -13.68726,    -34.05952,            0,            0,            0,   -0.9346611,      0.35554
robot_81
   -34.48386,    -5.973291,            0,            0,            0,   -0.1644989,    0.9863773
robot_167
   -10.08196,    -10.97644,            0,            0,            0,   -0.9528097,    0.3035682
robot_25
    33.93386,      27.7883,            0,            0,            0,    -0.898712,    0.4385392
robot_168
    14.28482,    -2.078787,            0,            0,            0,    0.9612081,    0.2758242
robot_96
      -26.05,    -33.82675,            0,            0,            0,   -0.4700891,    0.8826189
robot_166
   -3.570274,    -29.98557,            0,            0,            0,   -0.2095697,    0.9777937
robot_102
   -38.07189,     20.00096,            0,            0,            0,   -0.2253696,    0.9742733
robot_192
   -22.70131,     30.00034,            0,            0,            0,    0.1932466,    0.9811502
robot_179
     28.1678,    -34.03225,            0,            0,            0,    0.4823385,    0.8759849
robot_142
   -37.83587,    -21.94376,            0,            0,            0,    0.9551405,     0.296153
robot_1
    1.905595,     -17.6198,            0,            0,            0,   -0.9152412,    0.4029064
robot_44
   -22.06299,    -15.26496,            0,            0,            0,    0.9959936,   0.08942466
robot_163
    -19.5409,    -29.97958,            0,            0,            0,   -0.5921687,     0.805814
robot_79
   -26.15424,     18.02486,            0,            0,            0,   -0.8834117,    0.4685977
robot_8
   -11.56787,    -22.01543,            0,            0,            0,    0.5274224,    0.8496032
robot_20
    13.87077,    -29.77279,            0,            0,            0,    0.7537611,    0.6571486
robot_143
   -9.029118,     37.98492,            0,            0,            0,    0.1228314,    0.9924276
robot_138
   -24.66984,    -9.979342,            0,            0,            0,   -0.4353649,    0.9002541
robot_123
   -22.19388,     5.908106,            0,            0,            0,   0.06733318,    0.9977305
robot_193
    37.81942,     25.81213,            0,            0,            0,   -0.6599064,    0.7513479
robot_187
   -34.40364,     34.08558,            0,            0,            0,    0.3802718,    0.9248748
robot_176
     8.69836,    -34.00292,            0,            0,            0,    -0.928469,    0.3714099
robot_66
   -18.14303,     10.26706,            0,            0,            0,    0.9705878,    0.2407473
robot_63
    17.92887,    -11.01951,            0,            0,            0,   -0.1006863,    0.9949182
robot_31
    -6.09158,    -1.660559,            0,            0,            0,   -0.0397015,    0.9992116
robot_159
    25.71004,    -2.036355,            0,            0,            0,   -0.7983764,    0.6021587
robot_160
    4.562432,    -14.01673,            0,            0,            0,    0.5813368,    0.8136631
robot_151
   -18.18106,    -1.863786,            0,            0,            0,   -0.9343136,    0.3564522
robot_150
     31.9834,     2.026731,            0,            0,            0,   -0.9758289,    0.2185358
robot_137
   -26.04967,    -2.564162,            0,            0,            0,     0.694993,    0.7190165
robot_199
   -26.05531,    -31.76142,            0,            0,            0,   -0.1410303,    0.9900053
robot_54
    38.00327,    -13.74812,            0,            0,            0,    0.2915931,    0.9565425
robot_117
   -30.12983,     25.93281,            0,            0,            0,    0.3558973,    0.9345251
robot_36
   -19.40893,     37.98506,            0,            0,            0,   -0.9976113,   0.06907725
robot_33
    25.94647,    -38.77015,            0,            0,            0,    0.9829891,     0.183664
robot_146
     8.33198,     38.01637,            0,            0,            0,    -0.370287,    0.9289174
robot_156
    29.50584,    -13.99712,            0,            0,            0,    0.4130451,    0.9107106
robot_112
    9.849102,    -17.72219,            0,            0,            0,    0.3808677,    0.9246295
robot_19
     9.92143,     12.00419,            0,            0,            0,    0.6563729,    0.7544366
robot_141
   -14.04263,     24.52935,            0,            0,            0,    -0.996009,   0.08925306
robot_35
   -14.18387,    -10.00509,            0,            0,            0,    0.9156833,    0.4019006
robot_184
    25.93091,    -12.45875,            0,            0,            0,   -0.6781972,    0.7348799
robot_98
    -18.0592,    -38.04992,            0,            0,            0,    0.5459011,    0.8378496
robot_100
    29.89115,    -10.13632,            0,            0,            0,    0.9546275,    0.2978024
robot_164
    11.95079,     1.998813,            0,            0,            0,    0.2979332,    0.9545867
robot_59
    31.02875,     -6.01687,            0,            0,            0,   -0.4477363,    0.8941656
robot_144
   -14.03466,    -13.12706,            0,            0,            0,    0.9998208,   0.01892856
robot_101
    14.24801,     17.92565,            0,            0,            0,   -0.9856307,    0.1689148
robot_161
    21.83795,    -1.672594,            0,            0,            0,   -0.7022046,    0.7119752
robot_149
    37.66029,    -10.01545,            0,            0,            0,   -0.7029866,    0.7112031
robot_86
    22.05828,     5.822098,            0,            0,            0,    0.1339907,    0.9909826
robot_191
   -10.09335,    -16.27873,            0,            0,            0,  -0.06740218,    0.9977259
robot_126
    33.90926,    -22.52586,            0,            0,            0,   -0.9707837,    0.2399563
robot_190
   -35.52679,     25.97923,            0,            0,            0,   -0.8351097,    0.5500834
robot_131
    25.94089,      24.5998,            0,            0,            0,    0.5565813,    0.8307931
robot_154
   -34.18582,     30.03302,            0,            0,            0,    0.6006702,    0.7994969
robot_9
    37.62385,     34.03053,            0,            0,            0,    0.1198458,    0.9927925
robot_27
    21.10342,      -9.9684,            0,            0,            0,    0.6514112,    0.7587249
robot_34
     13.9618,       11.568,            0,            0,            0,    0.9970752,   0.07642726
robot_114
    3.759356,    -10.01829,            0,            0,            0,     0.993099,    0.1172789
robot_51
    8.142255,    -2.031994,            0,            0,            0,   -0.4731696,    0.8809714
robot_108
     -22.059,     3.577676,            0,            0,            0,   -0.5509763,    0.8345209
robot_147
    10.41479,     -25.9419,            0,            0,            0,    0.9952737,   0.09710963
robot_183
   -26.08055,    -24.64358,            0,            0,            0,    0.9912365,     0.132099
robot_48
    1.977225,     21.94022,            0,            0,            0,    0.9686386,    0.2484739
robot_60
   -3.301855,     29.97841,            0,            0,            0,   -0.9914361,    0.1305925
robot_75
    37.90649,     15.17673,            0,            0,            0,    0.5633677,    0.8262063
robot_152
    21.92308,    -30.76394,            0,            0,            0,   -0.9224348,    0.3861529
robot_26
    -18.2312,    -22.21425,            0,            0,            0,   -0.9939855,    0.1095122
robot_182
   -28.95875,    -2.028698,            0,            0,            0,   -0.9783571,    0.2069235
robot_172
   -14.83287,    -6.003156,            0,            0,            0,   -0.9064696,    0.4222711
robot_43
   -10.14424,     -34.2934,            0,            0,            0,    0.9609717,    0.2766468
robot_170
   -29.78426,    -9.947157,            0,            0,            0,    0.3407542,    0.9401524
robot_177
    9.689087,    -6.051987,            0,            0,            0,   -0.7658062,    0.6430714
robot_80
    26.12778,    -30.03008,            0,            0,            0,   -0.8873499,    0.4610967
robot_16
    -6.09249,     39.32494,            0,            0,            0,    0.9842359,    0.1768608
robot_13
   -27.49432,    -38.03091,            0,            0,            0,    0.1473243,    0.9890882
robot_178
    29.77979,     25.83733,            0,            0,            0,    0.6016659,    0.7987478
robot_88
   -18.06915,    -19.48259,            0,            0,            0,   -0.8556168,    0.5176098
robot_194
   -12.55512,     26.01514,            0,            0,            0,   -0.1523524,    0.9883262
robot_29
   -6.086577,     14.88252,            0,            0,            0,   -0.9827198,    0.1850994
robot_92
   -22.06375,      -36.897,            0,            0,            0,   -0.4059564,    0.9138925
robot_87
    17.96034,     11.53419,            0,            0,            0,   -0.2367504,    0.9715705
robot_68
    36.78361,    -33.98073,            0,            0,            0,    0.2934584,    0.9559719
robot_22
    28.31701,    -38.02736,            0,            0,            0,    0.8385787,    0.5447805
robot_38
    22.02958,     2.124713,            0,            0,            0,   -0.9698122,     0.243853
robot_2
    21.86214,      10.1824,            0,            0,            0,  -0.01022166,    0.9999478
robot_110
       21.94,    -14.39872,            0,            0,            0,   -0.4152481,    0.9097082
robot_14
   -6.214255,     17.83879,            0,            0,            0,     0.962383,    0.2716966
robot_181
   -36.36329,    -9.979448,            0,            0,            0,  -0.03512266,     0.999383
robot_61
   -38.41756,     34.03339,            0,            0,            0,   -0.8796107,    0.4756943
