tuw_multi_robot_msgs::RobotGoalsArray @1970-01-01T01:20:08.800000
frame_id: map
        4808,    800000000
robot_84
   -2.098368,    -12.84605,            0,            0,            0,    0.9943064,     0.106559
robot_116
   -34.02286,    -17.92749,            0,            0,            0,   -0.9797148,    0.2003967
robot_74
   -18.05728,     20.37183,            0,            0,            0,   -0.9809496,    0.1942626
robot_41
   -10.05951,     6.987792,            0,            0,            0,   0.03510431,    0.9993837
robot_125
    12.88546,    -37.99037,            0,            0,            0,   -0.1675456,    0.9858643
robot_136
   -22.04578,     16.12472,            0,            0,            0,   -0.9987346,   0.05029074
robot_173
    18.93622,    -2.013249,            0,            0,            0,    0.8464085,    0.5325342
robot_67
   -34.06448,     15.31022,            0,            0,            0,   -0.7408923,    0.6716239
robot_197
    37.90831,    -24.06233,            0,            0,            0,   -0.9405451,    0.3396689
robot_119
    5.843192,    -33.64398,            0,            0,            0,    0.9225462,    0.3858867
robot_82
   -18.37594,     -30.0887,            0,            0,            0,   -0.9707942,    0.2399138
robot_77
   -2.091797,     11.59367,            0,            0,            0,   -0.9707362,    0.2401484
robot_5
   -3.552788,    -30.02988,            0,            0,            0,   -0.6301465,    0.7764763
robot_133
   -2.062361,     33.83164,            0,            0,            0,   -0.9416897,    0.3364826
robot_99
   -30.03643,     19.75401,            0,            0,            0,   -0.4256253,    0.9048995
robot_171
   -18.08793,     23.11571,            0,            0,            0,  -0.05130621,     0.998683
robot_180
    13.92215,    -7.578617,            0,            0,            0,   -0.6752913,    0.7375511
robot_56
    33.83866,     9.999828,            0,            0,            0,   -0.7618938,     0.647702
robot_3
    37.89853,     21.64206,            0,            0,            0,   -0.8885437,     0.458792
robot_81
    17.86027,     26.29772,            0,            0,            0,    0.6822801,    0.7310909
robot_167
    14.40233,     9.958549,            0,            0,            0,   -0.7644046,    0.6447369
robot_25
     13.9644,     38.35283,            0,            0,            0,   -0.4460457,    0.8950102
robot_168
    23.50027,    -1.969191,            0,            0,            0,   -0.5100726,    0.8601314
robot_96
   -37.77979,     34.03212,            0,            0,            0,    0.9364266,    0.3508635
robot_166
   -6.162749,    -5.981778,            0,            0,            0,    0.3126239,     0.949877
robot_102
   -21.91382,     18.16993,            0,            0,            0,     0.896384,    0.4432783
robot_192
    34.28609,    -5.996694,            0,            0,            0,   -0.1706649,    0.9853291
robot_179
   -33.93883,    -6.024829,            0,            0,            0,    0.2583677,    0.9660467
robot_142
   -17.95292,     13.98214,            0,            0,            0,    0.1105989,    0.9938651
robot_1
   -37.94825,    -10.02542,            0,            0,            0,     0.972308,    0.2337031
robot_44
   -26.03537,     33.38831,            0,            0,            0,  -0.01731214,    0.9998501
robot_163
    16.09249,     18.01406,            0,            0,            0,   -0.2100052,    0.9777003
robot_79
   -5.910634,    -30.04696,            0,            0,            0,    0.7683463,    0.6400344
robot_8
   -13.98747,      30.1953,            0,            0,            0,    -0.195323,     0.980739
robot_20
    21.95407,     30.88115,            0,            0,            0,    0.9301895,    0.3670798
robot_143
     35.6119,     14.02039,            0,            0,            0,    0.5693996,    0.8220609
robot_138
   -6.069895,    -12.78496,            0,            0,            0,   -0.9684575,     0.249179
robot_123
   -22.14035,    -22.20037,            0,            0,            0,    0.4641938,    0.8857336
robot_193
    33.71672,     29.92827,            0,            0,            0,    0.9034391,    0.4287164
robot_187
    3.003224,    -33.98384,            0,            0,            0,   -0.9999082,   0.01354746
robot_176
    30.01253,    -34.30353,            0,            0,            0,    0.3638991,    0.9314384
robot_66
    9.562043,    -21.96186,            0,            0,            0,    0.9746615,     0.223685
robot_63
   -37.76075,    -22.07794,            0,            0,            0,    0.4505102,    0.8927713
robot_31
    18.01258,     9.937627,            0,            0,            0,   -0.8181111,    0.5750601
robot_159
   -24.90536,    -33.99116,            0,            0,            0,    0.3183705,    0.9479664
robot_160
    5.940382,    -25.19742,            0,            0,            0,   -0.6234684,    0.7818485
robot_151
    17.95122,     21.65291,            0,            0,            0,   -0.9649881,    0.2622938
robot_150
    17.94836,     29.77055,            0,            0,            0,    0.4318125,    0.9019634
robot_137
   -2.054321,    -16.52938,            0,            0,            0,   -0.8485064,    0.5291852
robot_199
   -34.05522,    -31.37349,            0,            0,            0,     0.952979,    0.3030362
robot_54
    1.964176,    -20.67012,            0,            0,            0,    0.4679183,    0.8837717
robot_117
    21.97409,    -18.12428,            0,            0,            0,    0.7793277,    0.6266165
robot_36
    5.944946,     27.94372,            0,            0,            0,   -0.8190811,    0.5736778
robot_33
   -22.03231,    -30.16846,            0,            0,            0,    0.8009464,     0.598736
robot_146
    10.16783,     30.00962,            0,            0,            0,     0.929653,    0.3684362
robot_156
    23.80149,    -14.01171,            0,            0,            0,    0.8678265,    0.4968674
robot_112
   -35.10488,     5.987078,            0,            0,            0,     0.704611,    0.7095938
robot_19
   -26.02961,     21.87937,            0,            0,            0,    0.9412494,    0.3377122
robot_141
    29.90829,    -25.15583,            0,            0,            0,    0.9993394,   0.03634209
robot_35
    10.41539,     33.95287,            0,            0,            0,   -0.9969763,   0.07770645
robot_184
    -30.0746,    -26.35806,            0,            0,            0,    0.8615801,    0.5076216
robot_98
   -15.93406,     33.96859,            0,            0,            0,    0.6376969,    0.7702874
robot_100
   -30.05867,     14.68931,            0,            0,            0,    0.3243811,    0.9459265
robot_164
    3.225499,     26.00506,            0,            0,            0,    0.4958477,    0.8684095
robot_59
    15.24628,     33.98425,            0,            0,            0,    0.9856009,    0.1690886
robot_144
    32.40461,    -26.00396,            0,            0,            0,    -0.350082,     0.936719
robot_101
   -34.06182,     10.43032,            0,            0,            0,    -0.993615,    0.1128237
robot_161
   -8.475103,    -1.995518,            0,            0,            0,   -0.8574172,    0.5146219
robot_149
     -22.044,    -4.466645,            0,            0,            0,    0.7463167,     0.665591
robot_86
    21.95333,    -21.91408,            0,            0,            0,    -0.849069,    0.5282819
robot_191
   -8.072831,     26.02444,            0,            0,            0,    0.8173668,    0.5761176
robot_126
   -14.10033,    -10.07938,            0,            0,            0,    0.7500777,    0.6613497
robot_190
    -18.9577,     10.00891,            0,            0,            0,    0.5578936,    0.8299125
robot_131
    7.367481,     17.98579,            0,            0,            0,    0.8300819,    0.5576415
robot_154
   -37.97397,     9.726426,            0,            0,            0,    0.9986488,   0.05196786
robot_9
   -22.04066,    -32.67323,            0,            0,            0,   -0.1627926,    0.9866603
robot_27
    10.35523,    -6.074549,            0,            0,            0,   -0.1835146,     0.983017
robot_34
    9.938408,    -38.88637,            0,            0,            0,    0.1887602,    0.9820232
robot_114
    24.77913,     17.99106,            0,            0,            0,    0.3506584,    0.9365034
robot_51
   -22.06338,     1.935589,            0,            0,            0,   -0.8862577,    0.4631924
robot_108
    34.08877,    -10.03697,            0,            0,            0,    0.9001727,    0.4355332
robot_147
    25.95751,    -36.01648,            0,            0,            0,   -0.7229007,     0.690952
robot_183
   -10.49285,    -26.03454,            0,            0,            0,    0.9961254,   0.08794445
robot_48
     18.6228,    -14.02527,            0,            0,            0,    0.8731264,    0.4874939
robot_60
   -30.06777,    -30.84616,            0,            0,            0,   -0.9139946,    0.4057263
robot_75
    1.956802,    -25.60595,            0,            0,            0,   -0.9877982,     0.155739
robot_152
    1.878263,     6.065168,            0,            0,            0,   -0.7497268,    0.6617474
robot_26
   -14.28945,    -2.132558,            0,            0,            0,    0.9636571,    0.2671422
robot_182
   -30.05027,     39.32309,            0,            0,            0,   0.04593945,    0.9989442
robot_172
    38.23852,     25.91726,            0,            0,            0,   -0.3482874,    0.9373878
robot_43
    5.953415,    -37.39902,            0,            0,            0,   -0.7167718,    0.6973079
robot_170
   -6.045737,     22.38203,            0,            0,            0,    0.7222156,     0.691668
robot_177
    17.85262,    -10.27116,            0,            0,            0,    0.7773479,    0.6290709
robot_80
   -11.12108,    -9.979595,            0,            0,            0,    0.4873365,    0.8732142
robot_16
   -17.99814,    -21.64165,            0,            0,            0,   -0.9250388,    0.3798726
robot_13
   -1.761135,     26.05598,            0,            0,            0,    0.5919218,    0.8059954
robot_178
   -1.582813,      14.0012,            0,            0,            0,   0.04925234,    0.9987864
robot_88
   -17.83423,    -1.939251,            0,            0,            0,    0.8113611,    0.5845452
robot_194
    9.956339,     19.58378,            0,            0,            0,    0.9530632,    0.3027713
robot_29
    25.95797,    -25.36701,            0,            0,            0,    0.7655351,    0.6433941
