tuw_multi_robot_msgs::RobotGoalsArray @1970-01-01T00:56:36.100000
frame_id: map
        3396,    100000000
robot_84
   -34.02961,     14.23174,            0,            0,            0,   -0.2316197,    0.9728064
robot_116
    -11.7803,    -29.98484,            0,            0,            0,  -0.08608762,    0.9962876
robot_74
     17.7034,     26.14918,            0,            0,            0,    0.8545629,    0.5193479
robot_41
    20.34863,     2.031114,            0,            0,            0,    0.3431372,    0.9392853
robot_125
   -25.84025,     2.096751,            0,            0,            0,   -0.9246531,    0.3808105
robot_136
   -30.07507,    -14.00351,            0,            0,            0,   -0.2807074,    0.9597934
robot_173
    29.85417,      29.7446,            0,            0,            0,    0.5131495,    0.8582992
robot_67
    -34.0629,     16.19378,            0,            0,            0,    0.9883359,    0.1522899
robot_197
   0.8625989,     30.00821,            0,            0,            0,    0.7991456,    0.6011375
robot_119
   -10.03652,     13.89308,            0,            0,            0,   -0.1473218,    0.9890886
robot_82
    -6.05011,    -25.83463,            0,            0,            0,    0.9992243,      0.03938
robot_77
    -22.0713,    -33.49381,            0,            0,            0,    -0.968494,    0.2490367
robot_5
   -17.93682,     1.960274,            0,            0,            0,   -0.8202662,     0.571982
robot_133
    2.960967,    -13.98643,            0,            0,            0,   -0.9320497,    0.3623305
robot_99
    18.35982,    -26.07378,            0,            0,            0,   -0.6656368,    0.7462758
robot_171
   -1.747678,     21.92089,            0,            0,            0,   -0.8553861,    0.5179909
robot_180
    17.93939,     16.24925,            0,            0,            0,    0.7785291,    0.6276085
robot_56
    25.92384,     1.313022,            0,            0,            0,    0.1519369,    0.9883902
robot_3
     25.9813,     38.29988,            0,            0,            0,    0.9460555,    0.3240047
robot_81
    9.919032,    -28.40518,            0,            0,            0,     0.994102,    0.1084491
robot_167
     7.92152,    -5.987493,            0,            0,            0,    0.4452547,     0.895404
robot_25
    -19.4653,    -34.01826,            0,            0,            0,    0.9072894,    0.4205067
robot_168
   -10.04589,    -13.62239,            0,            0,            0,    0.8611534,    0.5083452
robot_96
    14.32394,    -13.90683,            0,            0,            0,   0.09564357,    0.9954156
robot_166
    25.81413,     25.90132,            0,            0,            0,  -0.03642812,    0.9993363
robot_102
    1.957006,     22.27898,            0,            0,            0,   -0.9807621,    0.1952069
robot_192
   -14.46502,     14.06668,            0,            0,            0,   -0.7909047,    0.6119394
robot_179
   -2.272273,    -6.015161,            0,            0,            0,   -0.9989356,    0.0461263
robot_142
   -13.11974,    -5.990013,            0,            0,            0,   -0.5866181,    0.8098637
robot_1
    25.01604,     22.00058,            0,            0,            0,    0.9537004,    0.3007583
robot_44
     10.6701,    -18.01504,            0,            0,            0,   0.01351363,    0.9999087
robot_163
   -14.07546,      1.14586,            0,            0,            0,   -0.8924972,     0.451053
robot_79
    2.296132,    -21.96786,            0,            0,            0,     0.874732,     0.484607
robot_8
    37.93575,     17.56399,            0,            0,            0,   -0.8865304,    0.4626704
robot_20
     33.4932,     14.05795,            0,            0,            0,    0.9983973,   0.05659411
robot_143
    9.442877,     2.075089,            0,            0,            0,    0.9023339,    0.4310377
robot_138
   -14.54565,     26.05037,            0,            0,            0,     0.595075,    0.8036702
robot_123
     20.6046,     38.03003,            0,            0,            0,   -0.9549275,    0.2968392
robot_193
   -33.71996,     30.03735,            0,            0,            0,    0.6735726,    0.7391211
robot_187
    14.39101,     22.01806,            0,            0,            0,    0.8211925,    0.5706513
robot_176
    -18.0872,     14.19619,            0,            0,            0,   -0.1607708,    0.9869918
robot_66
    35.60486,    -26.00207,            0,            0,            0,   -0.1293231,    0.9916025
robot_63
    25.88922,     33.90761,            0,            0,            0,   -0.2584468,    0.9660255
robot_31
    21.45868,    -17.97902,            0,            0,            0,    0.4959162,    0.8683704
robot_159
    28.44956,    -34.02363,            0,            0,            0,    0.2394804,    0.9709012
robot_160
    -6.06163,     13.40628,            0,            0,            0,    -0.941084,    0.3381728
robot_151
    35.89494,     14.03112,            0,            0,            0,  0.002226403,    0.9999975
robot_150
    28.75655,    -30.01315,            0,            0,            0,    0.1711846,     0.985239
robot_137
   -14.05422,     9.052128,            0,            0,            0,   -0.7489305,    0.6626486
robot_199
    9.608829,     34.04152,            0,            0,            0,   -0.3624316,    0.9320104
robot_54
   -18.54175,    -30.02429,            0,            0,            0,   -0.5782938,    0.8158286
robot_117
   -26.04264,    -34.47035,            0,            0,            0,    0.5775959,    0.8163228
robot_36
   -1.650697,     5.983572,            0,            0,            0,    0.8094086,    0.5872459
robot_33
   -11.65505,    -17.99298,            0,            0,            0,    0.2572151,    0.9663542
robot_146
   -8.453741,     1.987107,            0,            0,            0,    0.9902562,    0.1392575
robot_156
    19.16225,     34.00145,            0,            0,            0,   -0.9665242,    0.2565755
robot_112
   -30.03594,    -18.36029,            0,            0,            0,   -0.7363419,    0.6766097
robot_19
   -29.92075,    -21.77153,            0,            0,            0,    0.9997281,   0.02331849
robot_141
    18.10973,     22.12577,            0,            0,            0,   -0.9870425,     0.160459
robot_35
    17.92459,     3.440035,            0,            0,            0,   -0.9713609,    0.2376088
robot_184
    4.327535,     34.01842,            0,            0,            0,    0.8279864,    0.5607482
robot_98
    5.941515,    -6.549893,            0,            0,            0,     0.897261,    0.4415004
robot_100
    6.073296,    -30.13401,            0,            0,            0,   -0.8898044,    0.4563422
robot_164
    33.77539,    -6.208256,            0,            0,            0,    0.0035898,    0.9999936
robot_59
    13.62145,    -38.02574,            0,            0,            0,   -0.8230661,    0.5679456
robot_144
    -34.0701,     25.63812,            0,            0,            0, -0.002547878,    0.9999968
robot_101
   -34.07581,     32.16228,            0,            0,            0,    0.3894402,    0.9210517
robot_161
    -34.3416,    -18.07013,            0,            0,            0,   -0.5252116,    0.8509717
robot_149
   0.6548597,    -9.973674,            0,            0,            0,    0.9798672,    0.1996503
robot_86
    21.90949,     30.80401,            0,            0,            0,    0.9983848,   0.05681343
