tuw_multi_robot_msgs::RobotGoalsArray @1970-01-01T01:22:03
frame_id: map
        4923,            0
robot_84
    -14.0832,    -35.80054,            0,            0,            0,   -0.9981892,   0.06015295
robot_116
    25.94586,    -3.095388,            0,            0,            0,    0.5101112,    0.8601085
robot_74
   -33.71624,    -38.00693,            0,            0,            0,   -0.8854598,    0.4647159
robot_41
    29.84274,    -14.33273,            0,            0,            0,    0.9723437,    0.2335544
robot_125
   -2.194847,      30.1611,            0,            0,            0,    0.3244278,    0.9459104
robot_136
   -34.09625,     4.760143,            0,            0,            0,    0.4194872,    0.9077613
robot_173
    1.494971,     10.01776,            0,            0,            0,     0.690962,     0.722891
robot_67
    14.26052,     6.029881,            0,            0,            0,   -0.9718236,    0.2357093
robot_197
    19.51743,    -29.97009,            0,            0,            0,     0.906023,    0.4232284
robot_119
    5.688192,     13.92646,            0,            0,            0,  0.006165272,     0.999981
