tuw_multi_robot_msgs::RobotGoalsArray @1970-01-01T01:17:33.700000
frame_id: map
        4653,    700000000
robot_84
   -10.03837,    -19.91656,            0,            0,            0,   -0.6457811,    0.7635226
robot_116
    6.039573,    -25.82316,            0,            0,            0,   -0.9467014,    0.3221126
robot_74
   -4.957075,    -10.02584,            0,            0,            0,    0.2289511,    0.9734379
robot_41
    29.94135,     19.53407,            0,            0,            0,   -0.9948434,    0.1014234
robot_125
   -14.08031,     35.78814,            0,            0,            0,   -0.4381114,    0.8989207
robot_136
    17.90185,    -24.88347,            0,            0,            0,     -0.11087,    0.9938349
robot_173
   -34.07269,     36.05369,            0,            0,            0,    0.1092944,    0.9940094
robot_67
   -31.25781,    -17.99647,            0,            0,            0,    0.1169641,    0.9931361
robot_197
    21.57686,     34.07195,            0,            0,            0,   -0.2493267,    0.9684194
robot_119
    17.95948,     37.90693,            0,            0,            0,    0.4927919,    0.8701472
robot_82
   -22.54921,    -25.93566,            0,            0,            0,    -0.998469,   0.05531403
robot_77
   -2.041016,    -13.02271,            0,            0,            0,    0.8760313,    0.4822542
robot_5
    37.90976,     22.20723,            0,            0,            0,    0.9881348,    0.1535893
robot_133
   -26.06011,     28.53578,            0,            0,            0,    0.8308703,    0.5564661
robot_99
    26.02844,    -21.95915,            0,            0,            0,    0.7009624,    0.7131982
robot_171
   -5.684438,     21.98084,            0,            0,            0,    0.0211604,    0.9997761
robot_180
   -26.05793,     23.96988,            0,            0,            0,    0.7028327,    0.7113552
robot_56
    -7.44373,      14.0104,            0,            0,            0,    0.9781179,    0.2080515
robot_3
    29.91413,    -9.140817,            0,            0,            0,    0.9754765,    0.2201036
robot_81
   -18.54901,     38.09646,            0,            0,            0,   -0.0924694,    0.9957155
robot_167
   -4.744365,     13.97694,            0,            0,            0,     -0.27266,    0.9621105
robot_25
   -22.05352,     15.38763,            0,            0,            0,   -0.5654076,    0.8248117
robot_168
     26.1724,    -18.00675,            0,            0,            0,   -0.9078547,    0.4192848
robot_96
     25.9569,    -4.113322,            0,            0,            0,   -0.6609524,    0.7504278
robot_166
   -24.66886,     21.98577,            0,            0,            0,   -0.2979626,    0.9545775
robot_102
   -34.37593,     14.09452,            0,            0,            0,    0.8494107,    0.5277324
robot_192
    21.98173,     9.865629,            0,            0,            0,    -0.210817,    0.9775255
robot_179
    18.78126,    -2.017164,            0,            0,            0,   -0.8868563,    0.4620453
robot_142
    2.567624,     6.022928,            0,            0,            0,    0.5267449,    0.8500234
robot_1
   -11.54595,      34.0039,            0,            0,            0,   -0.9993176,   0.03693558
robot_44
    2.081004,    -14.14019,            0,            0,            0,    0.7042585,    0.7099436
robot_163
   -22.46641,     22.00039,            0,            0,            0,    0.6786138,    0.7344952
robot_79
  -0.5382807,    -5.974727,            0,            0,            0,    0.8794509,    0.4759896
robot_8
   -13.97805,    -2.356703,            0,            0,            0,   -0.7314709,    0.6818726
robot_20
   -30.02776,     6.276604,            0,            0,            0,   -0.4583698,    0.8887616
robot_143
    24.64043,     -5.99991,            0,            0,            0,    -0.979128,    0.2032447
robot_138
    9.907112,     13.58363,            0,            0,            0,   -0.8078873,     0.589337
robot_123
     5.82849,       34.207,            0,            0,            0,   -0.3068178,    0.9517683
robot_193
   -34.05295,    -18.87331,            0,            0,            0,    0.9588798,    0.2838125
robot_187
   -14.05339,    -23.11893,            0,            0,            0,    0.5778401,      0.81615
robot_176
   -21.60553,     37.91436,            0,            0,            0,    0.9508523,    0.3096448
robot_66
    5.493198,     25.95064,            0,            0,            0,   -0.9877542,    0.1560181
robot_63
    18.07198,    -38.15246,            0,            0,            0,    0.8902523,    0.4554678
robot_31
    37.91601,     33.97469,            0,            0,            0,   -0.9844896,    0.1754429
robot_159
      15.944,      2.01222,            0,            0,            0,    0.7426537,    0.6696756
robot_160
   -1.980114,    -22.36213,            0,            0,            0,   -0.9737972,    0.2274179
robot_151
   -10.10219,    -17.93363,            0,            0,            0,    0.9748504,    0.2228604
robot_150
    28.72011,    -21.99118,            0,            0,            0,    0.4102801,    0.9119596
robot_137
    17.91434,     15.25844,            0,            0,            0,    0.6957417,    0.7182921
robot_199
   -6.074464,     16.40427,            0,            0,            0,      0.99388,     0.110465
robot_54
   -2.152192,    -33.66896,            0,            0,            0,    0.4922602,    0.8704481
robot_117
   -17.91913,     14.01294,            0,            0,            0,    0.9260721,    0.3773466
robot_36
   -24.17221,    -6.029875,            0,            0,            0,    0.8258184,    0.5639362
robot_33
    14.01566,     17.96678,            0,            0,            0,   -0.9821935,     0.187872
robot_146
   -22.12963,    -6.047691,            0,            0,            0,    0.9825641,    0.1859242
robot_156
   -2.237587,     -30.0734,            0,            0,            0,     0.495707,    0.8684898
robot_112
     31.3488,    -34.02554,            0,            0,            0,   -0.9999964,  0.002674727
robot_19
   -39.28393,    -10.00941,            0,            0,            0,    0.6484939,    0.7612198
robot_141
   -38.07878,    -31.43483,            0,            0,            0,   -0.5438807,    0.8391626
robot_35
   -12.04711,     30.00044,            0,            0,            0,    0.7075196,    0.7066938
robot_184
    17.90759,    -9.630149,            0,            0,            0,    0.6110788,    0.7915698
robot_98
    21.94227,    -36.98089,            0,            0,            0,    0.2478302,    0.9688035
robot_100
   -14.09142,    -18.88029,            0,            0,            0,   -0.5834539,    0.8121462
robot_164
   -34.05247,     5.011809,            0,            0,            0,    -0.733861,    0.6792996
robot_59
   -30.95092,     14.01779,            0,            0,            0,   -0.9341687,    0.3568316
robot_144
   -5.950758,    -5.794927,            0,            0,            0,    0.8101055,    0.5862841
robot_101
   -10.09173,    -35.51505,            0,            0,            0,     0.999999,  0.001386253
robot_161
   -25.57484,    -9.926114,            0,            0,            0,   -0.7356352,     0.677378
robot_149
    29.80723,      13.9374,            0,            0,            0,   -0.7759302,    0.6308188
robot_86
    10.29898,     10.06695,            0,            0,            0,   -0.1538835,     0.988089
robot_191
   -10.53528,     10.06566,            0,            0,            0,     0.997677,   0.06812252
robot_126
   -22.09109,     7.357321,            0,            0,            0,    0.2799318,    0.9600199
robot_190
    22.16915,    -22.08162,            0,            0,            0,     -0.53102,    0.8473593
robot_131
    13.95489,     22.67409,            0,            0,            0,    -0.241291,    0.9704528
robot_154
    27.09768,    -26.00781,            0,            0,            0,   -0.8529526,    0.5219884
robot_9
    14.02285,     2.102171,            0,            0,            0,   -0.8923358,    0.4513722
robot_27
    -33.9768,    -34.07224,            0,            0,            0,    0.2838364,    0.9588727
robot_34
    33.34001,     25.97909,            0,            0,            0,    0.9835674,    0.1805413
robot_114
   -37.96709,     -18.0121,            0,            0,            0,    -0.762827,    0.6466027
robot_51
   -30.04717,    -27.52735,            0,            0,            0,   -0.9475886,    0.3194931
robot_108
   -18.41308,    -5.941751,            0,            0,            0,   -0.5301355,     0.847913
robot_147
    30.05056,    -14.00538,            0,            0,            0,     0.453989,    0.8910073
robot_183
    33.92416,     37.72418,            0,            0,            0,    0.2384153,    0.9711633
robot_48
    15.00878,    -18.01954,            0,            0,            0,   -0.9981046,   0.06154012
robot_60
     17.9041,    -20.31821,            0,            0,            0,    0.7302399,    0.6831908
robot_75
    18.46705,    -13.98731,            0,            0,            0,   -0.9601295,    0.2795557
robot_152
   -14.04377,     3.577541,            0,            0,            0,    0.9179635,     0.396665
robot_26
   -22.05392,    -10.01935,            0,            0,            0,     0.130222,    0.9914849
robot_182
   -29.37869,    -5.992971,            0,            0,            0,    0.7578221,    0.6524612
robot_172
     38.4741,     14.02717,            0,            0,            0,   0.04211734,    0.9991127
