tuw_multi_robot_msgs::RobotGoalsArray @1970-01-01T01:41:22.900000
frame_id: map
        6082,    900000000
robot_84
   -22.14966,    -33.75563,            0,            0,            0,   -0.5164038,    0.8563452
robot_116
   -6.075195,     35.70693,            0,            0,            0,   -0.9504012,    0.3110266
robot_74
    17.78759,     1.880412,            0,            0,            0,    0.8052669,    0.5929125
robot_41
     35.7837,    -29.96929,            0,            0,            0,    -0.614824,    0.7886643
robot_125
    -2.13159,     -14.2067,            0,            0,            0,   -0.8313791,    0.5557057
robot_136
    4.781802,     33.97226,            0,            0,            0,    0.6598556,    0.7513925
robot_173
    25.75495,    -9.866622,            0,            0,            0,    0.8238481,    0.5668106
robot_67
   -22.08044,      33.0575,            0,            0,            0,   -0.1961326,    0.9805774
robot_197
    30.39695,    -17.92832,            0,            0,            0,   -0.7289217,    0.6845971
robot_119
    17.85594,    -2.076046,            0,            0,            0,    0.7952663,    0.6062603
robot_82
   -2.039027,     20.01713,            0,            0,            0,     0.961578,    0.2745318
robot_77
    21.93822,     25.12633,            0,            0,            0,    0.6547631,    0.7558342
robot_5
    21.90356,     8.411935,            0,            0,            0,   -0.8138146,    0.5811246
robot_133
     38.8368,    -17.99685,            0,            0,            0,   -0.1971171,      0.98038
robot_99
    29.53229,    -10.04536,            0,            0,            0,    0.9682485,    0.2499895
robot_171
   -6.195092,      1.84263,            0,            0,            0,   -0.7687693,    0.6395262
robot_180
   -6.057741,     29.85857,            0,            0,            0,    0.9850156,     0.172465
robot_56
      9.9216,     -15.8629,            0,            0,            0,    0.9209348,    0.3897168
robot_3
    18.00564,     5.874133,            0,            0,            0,   -0.7165134,    0.6975733
robot_81
    9.938245,     13.47398,            0,            0,            0,   -0.2460581,    0.9692551
robot_167
    18.36648,    -34.00073,            0,            0,            0,    0.3215785,    0.9468829
robot_25
    13.90391,     32.84005,            0,            0,            0,    0.6547669,    0.7558308
robot_168
     -30.064,     7.178046,            0,            0,            0,   -0.2830168,    0.9591149
robot_96
   -26.20752,     6.148697,            0,            0,            0,   -0.4134184,    0.9105412
robot_166
    29.92797,     1.659541,            0,            0,            0,    0.5869324,     0.809636
robot_102
   -26.01198,    -25.70177,            0,            0,            0,    0.4261767,    0.9046399
robot_192
    -16.0859,     2.025773,            0,            0,            0,   -0.9706285,    0.2405833
robot_179
    9.913123,     6.949986,            0,            0,            0,    0.9917848,     0.127918
robot_142
   -18.52277,     1.965911,            0,            0,            0,   -0.6859101,    0.7276863
robot_1
    12.10951,    -21.98842,            0,            0,            0,   -0.7433183,    0.6689379
robot_44
    -5.22786,    -30.01365,            0,            0,            0,    0.4926729,    0.8702146
robot_163
    25.71441,     30.08013,            0,            0,            0,    0.0876789,    0.9961488
robot_79
    25.64669,     14.08558,            0,            0,            0,   -0.8654772,    0.5009483
robot_8
   -33.92367,    -33.88785,            0,            0,            0,    -0.160273,    0.9870727
robot_20
   -38.13897,    -14.24154,            0,            0,            0,    0.7699897,    0.6380564
robot_143
   -2.944372,     5.974299,            0,            0,            0,   -0.2691907,    0.9630869
robot_138
   -18.08737,    -3.135106,            0,            0,            0,    0.9981882,   0.06016979
robot_123
    25.93476,    -28.57213,            0,            0,            0,    0.9505346,    0.3106185
robot_193
    37.93384,      32.7413,            0,            0,            0,    0.9734277,    0.2289947
robot_187
     33.9008,     28.54514,            0,            0,            0,      0.94108,    0.3381841
robot_176
     31.9207,     22.03294,            0,            0,            0,    0.9943473,    0.1061768
robot_66
    25.91462,     16.79175,            0,            0,            0,    0.4549018,    0.8905416
robot_63
    29.87384,     14.28668,            0,            0,            0,    -0.069417,    0.9975877
robot_31
   -14.05943,    -3.342392,            0,            0,            0,   -0.9058729,    0.4235497
robot_159
    17.94938,      11.1865,            0,            0,            0,   0.08824093,    0.9960992
robot_160
    6.162339,    -34.02716,            0,            0,            0,    0.5259494,    0.8505159
robot_151
    13.90049,     14.02393,            0,            0,            0,   -0.9556785,    0.2944121
robot_150
    33.95194,     36.90017,            0,            0,            0,    0.6030672,    0.7976904
robot_137
    5.003931,    -18.01039,            0,            0,            0,   -0.9215539,    0.3882505
robot_199
    2.013645,    -25.99161,            0,            0,            0,   -0.1668405,    0.9859839
robot_54
   -34.05998,    -28.15013,            0,            0,            0,   -0.6515642,    0.7585935
robot_117
    21.82588,     5.876413,            0,            0,            0,  0.001200781,    0.9999993
robot_36
    18.07337,     25.77764,            0,            0,            0,    0.6766512,    0.7363037
robot_33
   -30.04815,    -25.81287,            0,            0,            0,    0.7694986,    0.6386485
robot_146
     9.94906,    -10.85885,            0,            0,            0,   0.07115997,    0.9974649
robot_156
   -18.36143,    -13.99441,            0,            0,            0,    0.5841436,    0.8116503
robot_112
    17.92525,    -21.23093,            0,            0,            0,    0.4073883,     0.913255
robot_19
   -7.456576,    -17.99599,            0,            0,            0,    0.4354983,    0.9001895
robot_141
    19.41518,     17.97257,            0,            0,            0,   -0.3526211,    0.9357662
robot_35
    17.94991,    -12.48562,            0,            0,            0,    0.2145854,    0.9767052
robot_184
   -13.92955,    -10.20078,            0,            0,            0,   -0.9510307,    0.3090965
robot_98
    14.03589,     2.044655,            0,            0,            0,   0.04309466,     0.999071
robot_100
    6.065436,    -29.91225,            0,            0,            0,    0.1723149,    0.9850419
robot_164
    33.90542,    -34.67908,            0,            0,            0,    0.9256883,    0.3782871
robot_59
    6.009724,     10.26886,            0,            0,            0,    0.4837186,    0.8752236
robot_144
    17.97924,    -25.78166,            0,            0,            0,    0.1856941,    0.9826076
robot_101
    18.30755,     29.98789,            0,            0,            0,    0.2109316,    0.9775008
robot_161
    3.020063,    -6.022775,            0,            0,            0,  -0.08497877,    0.9963828
robot_149
   -2.061842,     27.59656,            0,            0,            0,    0.9915092,    0.1300364
robot_86
    29.90373,    -33.01423,            0,            0,            0,   -0.4158409,    0.9094374
robot_191
    35.85324,      9.98223,            0,            0,            0,    0.9757898,    0.2187104
robot_126
    21.66572,     18.00875,            0,            0,            0,   -0.6479117,    0.7617155
robot_190
   -1.772221,    -9.954467,            0,            0,            0,   -0.9824383,    0.1865876
robot_131
   -6.050665,    -6.822526,            0,            0,            0,   -0.9903387,    0.1386698
robot_154
    13.93622,     37.71384,            0,            0,            0,   -0.9997843,   0.02076982
robot_9
   -37.64254,    -29.96283,            0,            0,            0,   -0.4931363,     0.869952
robot_27
    1.903279,     31.66501,            0,            0,            0,   -0.1014381,    0.9948419
robot_34
     14.4146,     -38.0739,            0,            0,            0,    0.6602868,    0.7510136
robot_114
    -29.9188,     18.21506,            0,            0,            0,   -0.1786395,    0.9839146
robot_51
   -20.97863,     9.987329,            0,            0,            0,    0.3721465,     0.928174
robot_108
   -34.08773,    0.7196491,            0,            0,            0,   -0.5858636,    0.8104097
robot_147
   -14.08315,     26.40176,            0,            0,            0,    0.6730322,    0.7396132
robot_183
    13.91336,     35.71759,            0,            0,            0,    0.2037603,    0.9790208
robot_48
   -4.151164,    -9.977119,            0,            0,            0,    0.5673986,    0.8234433
robot_60
   -26.02498,     26.02592,            0,            0,            0,    0.9710704,    0.2387936
robot_75
   -36.37026,    -21.97106,            0,            0,            0,   -0.9926064,     0.121378
robot_152
   -27.48522,    -10.00896,            0,            0,            0,    -0.427118,    0.9041959
robot_26
    25.53192,    -38.07289,            0,            0,            0,    0.9310988,     0.364767
robot_182
    33.60246,     2.077619,            0,            0,            0,    0.7570207,    0.6533909
robot_172
     31.3748,     38.00112,            0,            0,            0,    0.4260921,    0.9046798
robot_43
   -20.79864,    -22.01448,            0,            0,            0,      0.41912,    0.9079308
robot_170
   -14.01207,     37.97561,            0,            0,            0,    0.4426829,    0.8966782
robot_177
   -18.08283,     27.47886,            0,            0,            0,     0.829868,    0.5579597
robot_80
   -10.06367,    -3.308125,            0,            0,            0,    0.3087809,    0.9511332
robot_16
   -22.08746,     15.24481,            0,            0,            0,    0.2184561,    0.9758468
robot_13
   -10.18175,    -38.06759,            0,            0,            0,    0.3972792,    0.9176978
robot_178
   -26.10766,    -37.92992,            0,            0,            0,   -0.8863164,    0.4630802
robot_88
   -34.11146,     18.26088,            0,            0,            0,   -0.2777974,    0.9606397
robot_194
    33.91951,     4.117953,            0,            0,            0,   0.08643861,    0.9962572
robot_29
    22.42855,     -30.0543,            0,            0,            0,    0.8876822,    0.4604566
robot_92
   -14.48926,    -29.99282,            0,            0,            0,    0.4147289,     0.909945
robot_87
    18.26125,     14.09488,            0,            0,            0,    0.4055818,    0.9140588
robot_68
   -30.09161,     -38.4952,            0,            0,            0,    0.9977009,   0.06777068
robot_22
     32.7616,     33.98293,            0,            0,            0,    0.9691189,    0.2465938
robot_38
   -29.72109,     10.07519,            0,            0,            0,    -0.769486,    0.6386636
robot_2
    38.14194,     26.15476,            0,            0,            0,   -0.6714504,    0.7410495
robot_110
    18.27187,     37.97341,            0,            0,            0,    0.1243258,    0.9922414
robot_14
   -25.55201,     -14.0203,            0,            0,            0,   -0.9845577,    0.1750603
robot_181
   -38.07747,    -20.07628,            0,            0,            0,     0.952149,    0.3056343
robot_61
   -34.07469,    -16.03474,            0,            0,            0,   -0.9082024,    0.4185313
robot_30
    6.317023,    -5.976333,            0,            0,            0,    0.9891098,    0.1471795
robot_122
    5.940954,    -16.24712,            0,            0,            0,   -0.0114477,    0.9999345
robot_132
   -30.08232,     31.38073,            0,            0,            0,   -0.9870192,    0.1606024
robot_45
    10.42429,    -18.08413,            0,            0,            0,   -0.9637893,    0.2666651
robot_21
    2.045633,     25.88841,            0,            0,            0,    0.9091485,    0.4164721
robot_39
   -25.57112,     21.90282,            0,            0,            0,   -0.9284092,    0.3715594
robot_134
     4.18702,     13.99317,            0,            0,            0,    0.7526577,     0.658412
robot_15
   -38.53841,     21.97501,            0,            0,            0,    0.2591444,    0.9658386
robot_145
   -14.05888,    0.9735838,            0,            0,            0,   -0.8132539,     0.581909
robot_140
   -23.11093,    -26.00171,            0,            0,            0,   -0.2360951,      0.97173
robot_196
   -17.54693,     30.00286,            0,            0,            0, -0.003938378,    0.9999922
robot_188
   -17.96751,    -38.15195,            0,            0,            0,    0.7697877,       0.6383
robot_4
    7.991411,      17.9722,            0,            0,            0,   0.07777866,    0.9969707
robot_155
    37.96654,    -28.54054,            0,            0,            0,     0.998242,   0.05927001
robot_135
    33.95243,     -10.7108,            0,            0,            0, -0.008345027,    0.9999652
robot_93
    24.23759,    -6.023804,            0,            0,            0,    0.1819598,     0.983306
robot_111
    1.032194,     -5.99398,            0,            0,            0,   -0.8674001,    0.4976114
robot_0
    12.09674,    -26.01227,            0,            0,            0,   -0.8802565,    0.4744981
robot_49
   -26.06657,    -33.80644,            0,            0,            0,    0.5507238,    0.8346876
robot_113
    17.91162,    -31.35312,            0,            0,            0,   -0.3403167,    0.9403109
robot_94
   -30.04956,     -34.1871,            0,            0,            0,     0.182268,    0.9832489
robot_40
   -5.753558,    -26.08487,            0,            0,            0,    0.4335833,    0.9011135
robot_103
    37.86435,    -26.11842,            0,            0,            0,     0.149147,     0.988815
robot_6
   -6.041245,     9.598646,            0,            0,            0,    0.1872472,    0.9823128
robot_71
    8.830815,     10.00996,            0,            0,            0,   -0.9532583,    0.3021567
robot_17
   -22.04129,    -2.650133,            0,            0,            0,    0.8943208,    0.4474263
robot_120
    5.935867,     15.31954,            0,            0,            0,    0.9376329,     0.347627
robot_189
   -1.676048,    -21.93766,            0,            0,            0,   0.02166653,    0.9997653
robot_148
   -2.083559,    -27.50418,            0,            0,            0,    0.9938697,     0.110558
robot_186
    30.20667,     25.94473,            0,            0,            0,   -0.9999833,  0.005776618
robot_198
    29.93283,     10.70729,            0,            0,            0,    0.6501122,    0.7598382
robot_107
     27.8017,     38.00531,            0,            0,            0,   -0.9917696,    0.1280356
robot_18
   -21.71181,    -14.07314,            0,            0,            0,    0.2594461,    0.9657576
robot_23
    16.48486,    -37.98197,            0,            0,            0,   -0.7242775,    0.6895085
robot_46
   -36.01477,     6.030744,            0,            0,            0,    0.9985311,   0.05418117
robot_109
    -7.04278,     -14.0192,            0,            0,            0,   -0.2832348,    0.9590506
robot_10
   -18.44383,    -18.01545,            0,            0,            0,   -0.4885479,    0.8725371
robot_157
    18.08204,    -9.768557,            0,            0,            0,    -0.640981,    0.7675567
robot_70
   -34.05238,     -8.05588,            0,            0,            0,   -0.7860996,    0.6180999
robot_55
    25.95524,     -31.4605,            0,            0,            0,   -0.7093955,    0.7048106
robot_73
   -21.53458,    -10.00869,            0,            0,            0,    0.6259801,     0.779839
robot_69
     25.9645,    -4.130185,            0,            0,            0,   -0.9895477,    0.1442057
robot_65
   -26.12146,    -22.36436,            0,            0,            0,   0.02352471,    0.9997233
robot_124
    9.710495,    -33.94959,            0,            0,            0,   -0.7233228,    0.6905101
robot_115
    29.60534,     34.01493,            0,            0,            0,   -0.8190609,    0.5737066
robot_130
    21.80259,     2.159649,            0,            0,            0,    0.9403216,     0.340287
robot_85
   -6.068522,     38.39484,            0,            0,            0,   -0.8051134,    0.5931209
robot_91
    5.868147,    -25.98214,            0,            0,            0,   -0.9564732,    0.2918202
robot_47
   -34.04017,     32.92155,            0,            0,            0,   -0.6015719,    0.7988186
robot_52
   -14.09034,    -23.63799,            0,            0,            0,   -0.7300523,    0.6833912
robot_195
    17.96059,     23.65515,            0,            0,            0,   -0.8659852,    0.5000696
robot_72
   -33.41501,      -25.995,            0,            0,            0,   -0.9730937,    0.2304097
robot_158
   -18.23495,     22.07204,            0,            0,            0,   -0.3882736,    0.9215442
robot_153
    21.97311,    -21.73858,            0,            0,            0,  -0.06196858,    0.9980781
robot_105
   -37.86053,      13.9666,            0,            0,            0,    0.5811382,    0.8138049
robot_162
   -30.28347,    -10.13048,            0,            0,            0,   -0.4065735,    0.9136181
robot_97
   -36.71672,    -18.03209,            0,            0,            0,   -0.6666568,    0.7453648
robot_90
    32.78851,     14.00862,            0,            0,            0,    0.1544621,    0.9879987
robot_165
    1.870234,    -14.11354,            0,            0,            0,    0.4296487,    0.9029961
robot_42
    23.33947,      13.9891,            0,            0,            0,   -0.9944806,    0.1049203
robot_7
   -18.07591,     17.85001,            0,            0,            0,    0.5003058,    0.8658488
robot_28
    13.80306,    -13.92743,            0,            0,            0,   -0.9998912,   0.01475133
robot_118
    -10.0275,    -34.19541,            0,            0,            0,   -0.5282692,    0.8490769
robot_139
   -14.08941,     14.39149,            0,            0,            0,    0.5372256,    0.8434386
robot_129
    25.96429,     5.506928,            0,            0,            0,   -0.6300743,    0.7765348
robot_57
   -34.03731,     22.19381,            0,            0,            0,    0.9754686,    0.2201385
robot_24
    19.53076,    -14.02317,            0,            0,            0,    0.8719815,    0.4895387
robot_106
    15.62553,     9.975841,            0,            0,            0,     0.957248,    0.2892685
robot_185
   -38.35651,     -6.01716,            0,            0,            0,    0.9979448,   0.06408018
robot_174
   -15.50644,     22.01183,            0,            0,            0,    0.5226248,    0.8525628
robot_58
   -6.527068,     13.95435,            0,            0,            0,  -0.09936241,    0.9950513
robot_12
    27.25851,    -22.01858,            0,            0,            0,    -0.252808,    0.9675165
robot_95
    13.92329,     29.86116,            0,            0,            0,   -0.9055863,    0.4241621
robot_78
   -14.16556,     9.763089,            0,            0,            0,   -0.9032345,    0.4291473
robot_62
    38.14547,     9.977446,            0,            0,            0,   -0.5688811,    0.8224198
robot_121
   -30.05394,     26.65019,            0,            0,            0,    0.5322211,    0.8466054
robot_83
   -37.98793,     26.05455,            0,            0,            0,    -0.857689,    0.5141688
robot_127
    19.87406,      21.9912,            0,            0,            0,   -0.3038382,    0.9527236
robot_128
    -9.88248,     21.94054,            0,            0,            0,   -0.9900379,    0.1408008
robot_32
   -38.05184,     30.55631,            0,            0,            0,   -0.4123466,     0.911027
robot_89
   -33.31794,      6.02122,            0,            0,            0,   -0.5772719,     0.816552
robot_11
   -18.04156,    -28.89854,            0,            0,            0,   -0.9049562,    0.4255048
robot_37
   -26.42172,     34.05856,            0,            0,            0,   -0.3609879,    0.9325705
robot_175
    13.59211,     6.042587,            0,            0,            0,    0.3247426,    0.9458024
robot_50
    21.27815,    -1.999316,            0,            0,            0,   -0.3509932,     0.936378
robot_64
    34.00375,      -5.7178,            0,            0,            0,    0.7634816,    0.6458296
robot_76
   -38.06284,    -23.23838,            0,            0,            0,    0.4530467,    0.8914868
robot_104
    9.553374,    -25.96561,            0,            0,            0,    0.9108914,    0.4126461
robot_169
    32.30601,    -38.01824,            0,            0,            0,   -0.8720783,    0.4893664
robot_53
   -23.87632,    -21.97675,            0,            0,            0,   0.05088616,    0.9987045
