tuw_multi_robot_msgs::RobotGoalsArray @1970-01-01T01:35:05.400000
frame_id: map
        5705,    400000000
robot_84
   -11.11621,     33.98868,            0,            0,            0,    0.9122308,    0.4096768
robot_116
    27.29045,    -21.99959,            0,            0,            0,   -0.9928686,    0.1192138
robot_74
    27.10321,     33.98107,            0,            0,            0,   -0.8957629,    0.4445322
robot_41
   -1.299593,    -18.00826,            0,            0,            0,   -0.1892176,    0.9819352
robot_125
    5.767681,    -9.981425,            0,            0,            0,    0.9716338,    0.2364904
robot_136
   -3.794893,    -25.99379,            0,            0,            0,    0.5699701,    0.8216654
robot_173
   -14.54638,     -30.0416,            0,            0,            0,   -0.4739769,    0.8805373
robot_67
    17.96173,     16.98402,            0,            0,            0,   -0.5859831,    0.8103232
robot_197
   -18.03471,     -3.83746,            0,            0,            0,    0.7323099,    0.6809715
robot_119
    9.912189,    -14.95483,            0,            0,            0,   -0.9577928,    0.2874596
robot_82
   -10.03666,     36.32968,            0,            0,            0,    0.2371204,    0.9714803
robot_77
    25.43483,    -34.09939,            0,            0,            0,    0.1945118,    0.9809002
robot_5
   -10.52122,    -21.96335,            0,            0,            0,     0.164361,    0.9864003
robot_133
   -14.03351,     20.23437,            0,            0,            0,   -0.9999864,   0.00520768
robot_99
    6.048898,    -2.040623,            0,            0,            0,     -0.30818,    0.9513281
robot_171
    5.892903,     29.89308,            0,            0,            0,   -0.9783587,    0.2069161
robot_180
   -26.04767,     21.93552,            0,            0,            0,    0.4928803,    0.8700971
robot_56
   -30.19845,    -14.15542,            0,            0,            0,   -0.5697643,    0.8218082
robot_3
    13.94366,    -6.333811,            0,            0,            0,    0.7368916,    0.6760109
robot_81
     17.6749,     33.97147,            0,            0,            0,    0.7175384,     0.696519
robot_167
   -30.01874,    -37.95084,            0,            0,            0,    0.2270103,    0.9738923
robot_25
   -26.06505,    -35.73008,            0,            0,            0,    -0.809375,    0.5872922
robot_168
   -5.676001,     26.09607,            0,            0,            0,    0.5078042,    0.8614725
robot_96
   -30.07327,      18.8833,            0,            0,            0,    0.8625223,     0.506019
robot_166
   -13.75162,      33.9361,            0,            0,            0,    0.5945117,    0.8040869
robot_102
    38.32753,    -17.98823,            0,            0,            0,    0.5434409,    0.8394474
robot_192
   -22.43955,     22.04175,            0,            0,            0,   -0.1797678,    0.9837091
robot_179
     7.46421,    -18.00447,            0,            0,            0,  0.008836803,     0.999961
robot_142
   -2.856106,     22.00856,            0,            0,            0,   -0.1060368,    0.9943622
robot_1
   -34.04321,    -22.83715,            0,            0,            0,    0.8774004,    0.4797588
robot_44
    21.93249,     28.60876,            0,            0,            0,    0.4313653,    0.9021774
robot_163
    4.107992,     17.97876,            0,            0,            0,    0.5294011,    0.8483717
robot_79
   -18.05304,     31.80476,            0,            0,            0,   -0.3402052,    0.9403512
robot_8
   -11.51012,     14.00573,            0,            0,            0,    0.9999685,  0.007941609
robot_20
    17.93008,     23.72785,            0,            0,            0,    0.9509069,     0.309477
robot_143
   -14.08734,    -3.286394,            0,            0,            0,    0.1124962,    0.9936522
robot_138
    33.47649,     9.985378,            0,            0,            0,    0.6692534,    0.7430342
robot_123
   -23.56628,     38.03237,            0,            0,            0,    0.9569231,    0.2903414
robot_193
    13.93656,    -29.18293,            0,            0,            0,    0.7927648,    0.6095276
robot_187
    5.934441,     32.06578,            0,            0,            0,    0.7887099,    0.6147655
robot_176
   -10.46067,    -34.09456,            0,            0,            0,   -0.2003501,    0.9797244
robot_66
    11.61737,    -29.98768,            0,            0,            0,   -0.6480794,    0.7615727
robot_63
    29.90222,      -5.4798,            0,            0,            0,   -0.4562277,    0.8898631
robot_31
   -30.26569,    -5.980169,            0,            0,            0,   -0.4288816,    0.9033607
robot_159
   -6.133745,    -26.00068,            0,            0,            0,     0.651694,     0.758482
robot_160
   -30.10245,    -10.15641,            0,            0,            0,    0.9263156,    0.3767485
robot_151
    13.71408,     2.113193,            0,            0,            0,    -0.305756,    0.9521099
robot_150
    9.864889,    -25.75208,            0,            0,            0,    0.9528261,    0.3035168
robot_137
   -26.15806,    -33.81879,            0,            0,            0,    0.9679154,    0.2512762
robot_199
   -10.05659,    0.9842535,            0,            0,            0,   -0.6123037,    0.7906226
robot_54
    34.34157,    -29.97133,            0,            0,            0,    0.3753767,    0.9268724
robot_117
    9.844246,     13.94928,            0,            0,            0,    0.9990958,   0.04251611
robot_36
    5.408912,    -6.007257,            0,            0,            0,    0.3883813,    0.9214988
robot_33
   -37.52809,    -5.969467,            0,            0,            0,   -0.6141188,    0.7892136
robot_146
    22.84166,    -38.01241,            0,            0,            0,  -0.03674648,    0.9993246
robot_156
   -6.107476,     -30.1677,            0,            0,            0,    -0.668179,    0.7440006
robot_112
   -13.03888,    -14.02835,            0,            0,            0,   -0.1971165,    0.9803801
robot_19
    20.64126,     34.00938,            0,            0,            0,    0.9032818,    0.4290477
robot_141
    33.93719,     19.73792,            0,            0,            0,    0.8728369,    0.4880121
robot_35
   -34.06764,     13.68767,            0,            0,            0,    0.8387066,    0.5445835
robot_184
    9.955721,    -3.412749,            0,            0,            0,    0.8309908,    0.5562861
robot_98
    29.90938,     9.981846,            0,            0,            0,    -0.408153,    0.9129135
robot_100
   -2.093934,     8.328986,            0,            0,            0,     0.687429,    0.7262516
robot_164
    37.37788,    -14.03246,            0,            0,            0,  -0.04541594,    0.9989682
robot_59
   -14.34062,       -10.01,            0,            0,            0,    0.6860041,    0.7275977
robot_144
    2.049515,     -18.0276,            0,            0,            0,     0.751508,     0.659724
robot_101
    -26.0799,     9.696016,            0,            0,            0,    -0.947285,    0.3203923
robot_161
   -22.04528,      27.7878,            0,            0,            0,    0.4370476,    0.8994384
robot_149
   -18.01022,     33.93806,            0,            0,            0,    0.9537092,    0.3007303
robot_86
   -5.729835,     6.061275,            0,            0,            0,    -0.420668,    0.9072146
robot_191
   -22.08473,    -32.02676,            0,            0,            0,    0.9332294,    0.3592811
robot_126
   -33.88066,     5.883854,            0,            0,            0,    -0.472392,    0.8813886
robot_190
    22.14936,    -30.04414,            0,            0,            0,    0.7765241,    0.6300875
robot_131
   -6.028783,    -22.31733,            0,            0,            0,    0.9592736,    0.2824786
robot_154
    29.14762,     38.01351,            0,            0,            0,   -0.9964705,   0.08394415
robot_9
   -26.09547,     32.66978,            0,            0,            0,    0.2972034,    0.9548142
robot_27
   -26.03125,    -1.679691,            0,            0,            0,    0.4723267,    0.8814236
robot_34
    37.02809,     5.975921,            0,            0,            0,     0.644286,    0.7647846
robot_114
   -18.77784,    -5.984971,            0,            0,            0,   -0.4192436,    0.9078738
robot_51
   -25.74276,     5.933474,            0,            0,            0,   -0.1215148,    0.9925896
robot_108
   -34.08821,      20.6514,            0,            0,            0,     0.760753,    0.6490415
robot_147
    -14.0795,     16.69373,            0,            0,            0,   -0.2048271,    0.9787982
robot_183
   -3.092451,    -22.00437,            0,            0,            0,    0.4671018,    0.8842035
robot_48
   -31.70883,    -29.99594,            0,            0,            0,   -0.5824701,    0.8128522
robot_60
   -26.00587,    -17.79123,            0,            0,            0,    0.7836141,    0.6212479
robot_75
   -30.08108,     -31.4101,            0,            0,            0,   -0.7115073,    0.7026787
robot_152
    17.88717,    -29.88505,            0,            0,            0,    0.2109993,    0.9774862
robot_26
    -1.04186,     9.998382,            0,            0,            0,    -0.843405,    0.5372783
robot_182
    -18.0583,    -36.12769,            0,            0,            0,   -0.4979603,    0.8671998
robot_172
    3.514299,     21.97823,            0,            0,            0,    0.2969421,    0.9548955
robot_43
    -13.5775,    -5.977898,            0,            0,            0,    0.1409684,    0.9900141
robot_170
    31.69956,     13.98655,            0,            0,            0,    0.5387736,    0.8424506
robot_177
   -33.97412,    -9.845904,            0,            0,            0,     0.307407,    0.9515781
robot_80
    17.71673,     14.11172,            0,            0,            0,   -0.1604933,    0.9870369
robot_16
    9.056367,    -37.98807,            0,            0,            0,    0.9804215,    0.1969102
robot_13
   -34.07389,     38.24838,            0,            0,            0,   -0.3148441,    0.9491434
robot_178
   -21.74127,    -38.04893,            0,            0,            0,   -0.7815974,    0.6237832
robot_88
   -18.33117,    -18.07331,            0,            0,            0,    -0.658122,    0.7529113
robot_194
    19.23328,     22.00606,            0,            0,            0,   -0.9649926,    0.2622772
robot_29
    21.90868,     11.78487,            0,            0,            0,   -0.6923684,    0.7215441
robot_92
   -38.07669,     31.96899,            0,            0,            0,   -0.2535572,    0.9673204
robot_87
   -14.28817,     6.132677,            0,            0,            0,    0.9660952,    0.2581861
robot_68
   -26.07039,    -30.94268,            0,            0,            0,   -0.8353484,    0.5497208
robot_22
   -24.80434,     14.02568,            0,            0,            0,   -0.9836758,    0.1799496
robot_38
   -26.77494,    -14.00403,            0,            0,            0,    -0.445711,    0.8951769
robot_2
   -31.06118,     29.96966,            0,            0,            0,    0.8980077,    0.4399798
robot_110
    18.30667,    -21.95518,            0,            0,            0,   -0.8441062,    0.5361761
robot_14
    34.35223,    -9.954187,            0,            0,            0,   -0.6185906,    0.7857135
robot_181
    35.14166,     34.00632,            0,            0,            0,   -0.3708807,    0.9286805
robot_61
    33.96093,    -19.95025,            0,            0,            0,     0.756809,    0.6536361
robot_30
    9.844657,     10.35092,            0,            0,            0,    0.8292107,    0.5589362
robot_122
    33.91507,    -1.992533,            0,            0,            0,   -0.8890272,    0.4578544
robot_132
    9.949067,     21.01799,            0,            0,            0,  -0.09512759,    0.9954651
robot_45
   -2.564116,    -13.97396,            0,            0,            0,   -0.9761312,    0.2171817
robot_21
    22.20621,    -34.09365,            0,            0,            0,   0.08424566,     0.996445
robot_39
    25.58584,     1.937013,            0,            0,            0,   -0.3643629,     0.931257
robot_134
     11.7768,    -9.984253,            0,            0,            0,    0.8578014,    0.5139814
robot_15
   -10.03678,     -6.01553,            0,            0,            0,    0.9511663,    0.3086788
robot_145
    6.130562,    -26.06923,            0,            0,            0,   -0.4352348,     0.900317
robot_140
   -32.92551,    -6.004573,            0,            0,            0,   -0.8899263,    0.4561043
robot_196
    -26.1065,     30.20833,            0,            0,            0,    0.5251589,    0.8510042
robot_188
    14.17918,    -38.04051,            0,            0,            0,   -0.8994663,    0.4369901
robot_4
    13.93691,    -31.85804,            0,            0,            0,    0.4440793,    0.8959875
robot_155
    17.67352,     2.051175,            0,            0,            0,     0.945687,    0.3250787
robot_135
    1.951715,     6.036026,            0,            0,            0,   -0.2187372,    0.9757838
robot_93
    27.81339,     10.02574,            0,            0,            0,   -0.5606664,    0.8280418
robot_111
    29.83514,    -2.083741,            0,            0,            0,    0.5601105,    0.8284179
robot_0
   -2.036731,    -8.876126,            0,            0,            0,   -0.9336657,    0.3581456
robot_49
    1.803267,    -25.95891,            0,            0,            0,   -0.4504358,    0.8928088
robot_113
   -6.088611,    -9.169311,            0,            0,            0,    0.1949922,    0.9808048
robot_94
     33.8866,    -17.85129,            0,            0,            0,   -0.6613779,    0.7500528
robot_40
   -38.07701,    -28.12354,            0,            0,            0,    0.5867063,    0.8097998
robot_103
   -6.046023,     1.307637,            0,            0,            0,   -0.8313923,    0.5556859
robot_6
    20.06357,     14.00679,            0,            0,            0,   -0.1543131,     0.988022
robot_71
    28.35825,     25.96972,            0,            0,            0,   -0.9866884,    0.1626224
robot_17
    5.863834,     21.98041,            0,            0,            0,   -0.1633547,    0.9865674
robot_120
    23.29473,    -1.977905,            0,            0,            0,   -0.9957091,   0.09253842
robot_189
   -18.80184,      14.0033,            0,            0,            0,   -0.7814148,    0.6240119
robot_148
     24.5924,    -26.01062,            0,            0,            0,   -0.3146234,    0.9492166
robot_186
   -29.91896,     9.864503,            0,            0,            0,    0.1806127,    0.9835543
