tuw_multi_robot_msgs::RobotGoalsArray @1970-01-01T01:41:02.400000
frame_id: map
        6062,    400000000
robot_84
   -14.82828,    -1.981682,            0,            0,            0,     0.692241,    0.7216664
robot_116
    22.12962,    -37.95422,            0,            0,            0,    0.6486683,    0.7610712
robot_74
   -31.86784,     34.02308,            0,            0,            0,   -0.8481904,    0.5296915
robot_41
   -14.08977,     7.680134,            0,            0,            0,   -0.9707548,    0.2400731
robot_125
    24.95201,     2.006903,            0,            0,            0,    0.9040545,    0.4274173
robot_136
    3.667298,    -10.02678,            0,            0,            0,   -0.9889347,    0.1483513
robot_173
    21.81427,     38.05432,            0,            0,            0,    0.7822413,    0.6229756
robot_67
    3.193519,     22.02487,            0,            0,            0,   -0.2378059,    0.9713127
robot_197
    18.63352,    -33.98663,            0,            0,            0,    0.9063949,    0.4224313
robot_119
   -6.511269,     21.96589,            0,            0,            0,  -0.02824694,     0.999601
robot_82
   -2.939163,    -5.979002,            0,            0,            0,    0.9029925,    0.4296564
robot_77
    21.86583,     17.73103,            0,            0,            0,     0.990128,    0.1401663
robot_5
   -21.95994,    -17.93861,            0,            0,            0,    0.9880876,    0.1538926
robot_133
   -33.89342,     37.92991,            0,            0,            0,    -0.673309,    0.7393612
robot_99
    37.95347,    -28.90797,            0,            0,            0,   -0.9985287,   0.05422656
robot_171
   -14.41429,    -13.94704,            0,            0,            0,   -0.9909033,    0.1345758
robot_180
   -14.00912,     34.17866,            0,            0,            0,   -0.8804656,    0.4741101
robot_56
    29.93249,     19.75423,            0,            0,            0,    0.7603065,    0.6495645
robot_3
   0.9168664,     34.01809,            0,            0,            0,   -0.5820673,    0.8131406
robot_81
    18.26233,    -10.06104,            0,            0,            0,   -0.7423635,    0.6699973
robot_167
   -14.04468,    -26.31706,            0,            0,            0,    0.4822581,    0.8760292
robot_25
    5.596519,    -26.08517,            0,            0,            0,   -0.1603932,    0.9870532
robot_168
   -32.19668,    -25.99158,            0,            0,            0,    0.9408451,    0.3388369
robot_96
    1.978803,      17.7557,            0,            0,            0,    0.6854065,    0.7281607
robot_166
    18.87562,    -5.968252,            0,            0,            0,    0.9988043,   0.04888687
robot_102
    30.01622,      9.81439,            0,            0,            0,   -0.7084757,    0.7057352
robot_192
    5.894948,     26.12868,            0,            0,            0,    0.9956635,   0.09302831
robot_179
   -15.89206,    -33.99996,            0,            0,            0,     0.404947,    0.9143402
robot_142
   -14.02803,     -5.97686,            0,            0,            0,   -0.9188608,    0.3945819
robot_1
   -2.067906,    -15.21954,            0,            0,            0,    0.6543927,    0.7561549
robot_44
   -38.19454,     9.899758,            0,            0,            0,   -0.4670522,    0.8842297
robot_163
    33.93553,     14.79515,            0,            0,            0,   -0.9623726,    0.2717335
robot_79
   -8.685913,     13.97551,            0,            0,            0,    0.2302414,    0.9731335
robot_8
   -10.07033,    0.7109897,            0,            0,            0,   -0.9214935,    0.3883937
robot_20
   -26.14635,    -34.34659,            0,            0,            0,   0.05061014,    0.9987185
robot_143
     9.90977,     20.36121,            0,            0,            0,   -0.7883229,    0.6152618
robot_138
    9.912626,     31.20396,            0,            0,            0,   -0.9884744,    0.1513882
robot_123
    9.929029,   -0.4454829,            0,            0,            0,    0.8960414,    0.4439704
robot_193
   -18.58935,    -30.00353,            0,            0,            0,    0.6531542,    0.7572249
robot_187
    5.355808,      34.0157,            0,            0,            0,   -0.8327789,    0.5536058
robot_176
   -34.07978,     35.87853,            0,            0,            0,  -0.09375478,    0.9955953
robot_66
    25.84055,    -26.35124,            0,            0,            0,   -0.9430109,    0.3327617
robot_63
   -6.069788,     11.93479,            0,            0,            0,   -0.8656012,     0.500734
robot_31
   -26.09991,     37.45486,            0,            0,            0,    0.9938156,    0.1110431
robot_159
   -30.07365,     24.85813,            0,            0,            0,   -0.6623771,    0.7491706
robot_160
    -13.9098,    -22.10221,            0,            0,            0,    0.9751122,    0.2217118
robot_151
    6.021865,     9.804502,            0,            0,            0,    0.8833162,    0.4687776
robot_150
    -10.2156,     22.08715,            0,            0,            0,   -0.0582312,    0.9983031
robot_137
   -14.32181,     17.91732,            0,            0,            0,    0.1199325,     0.992782
robot_199
    22.01072,    -18.26153,            0,            0,            0,   -0.7361414,    0.6768278
robot_54
    13.92994,     29.66505,            0,            0,            0,   -0.6927325,    0.7211946
robot_117
    30.13462,     1.980604,            0,            0,            0,   -0.6127657,    0.7902647
robot_36
     29.9458,    -29.54938,            0,            0,            0,    0.2060257,    0.9785466
robot_33
   -6.056286,   -0.1750847,            0,            0,            0,    0.1082896,    0.9941194
robot_146
   -5.990753,    -6.021146,            0,            0,            0,    0.3487615,    0.9372115
robot_156
    9.762445,      1.84154,            0,            0,            0,   -0.3008936,    0.9536577
robot_112
    37.97431,    -33.99982,            0,            0,            0,    0.9670467,    0.2545992
robot_19
    6.033299,     -6.06473,            0,            0,            0,    0.5342409,    0.8453323
robot_141
    25.95156,    -3.295148,            0,            0,            0,  0.008556598,    0.9999634
robot_35
   -25.98371,    -29.71487,            0,            0,            0,   -0.9894992,     0.144538
robot_184
    27.53886,     9.993803,            0,            0,            0,   -0.8908556,    0.4542866
robot_98
    29.92115,    -25.51254,            0,            0,            0,   -0.5933371,    0.8049541
robot_100
   -22.75488,    -21.96734,            0,            0,            0,   -0.6850844,    0.7284637
robot_164
    9.963539,     13.95237,            0,            0,            0,    0.5468385,    0.8372381
robot_59
     22.0597,     29.89618,            0,            0,            0,   -0.6478777,    0.7617443
robot_144
    -34.0675,      -33.481,            0,            0,            0,    0.6933601,    0.7205913
robot_101
   -18.07255,    -3.448154,            0,            0,            0,   -0.9859255,     0.167185
robot_161
   -33.33363,     5.969387,            0,            0,            0,  -0.06629364,    0.9978002
robot_149
    22.29546,    -25.95706,            0,            0,            0,    0.5091723,    0.8606646
robot_86
    14.97197,    -29.97349,            0,            0,            0,    0.9904385,    0.1379547
robot_191
    23.32467,    -13.98274,            0,            0,            0,    -0.708004,    0.7062084
robot_126
    33.75511,    -9.916415,            0,            0,            0,    0.5393241,    0.8420983
robot_190
    33.54051,    -2.020673,            0,            0,            0,   -0.4319998,    0.9018737
robot_131
    2.211057,     6.025971,            0,            0,            0,    0.8226907,    0.5684892
robot_154
   -33.64149,     10.06647,            0,            0,            0,    0.4528147,    0.8916047
robot_9
   -16.71715,    -13.99228,            0,            0,            0,   -0.2556756,    0.9667626
robot_27
   -26.03677,    -14.40186,            0,            0,            0,   -0.6260556,    0.7797784
robot_34
   -14.51607,      26.0292,            0,            0,            0,    0.7315191,    0.6818209
robot_114
    9.935262,     -14.2138,            0,            0,            0,   -0.9539463,    0.2999775
robot_51
    33.94744,     18.73757,            0,            0,            0,    -0.997637,   0.06870552
robot_108
   -14.10327,     29.68902,            0,            0,            0,    0.6221527,    0.7828959
robot_147
    -17.9197,     37.89301,            0,            0,            0,    0.3861608,    0.9224315
robot_183
    5.970757,    -33.72533,            0,            0,            0,   -0.7566781,    0.6537876
robot_48
     22.2592,     21.97447,            0,            0,            0,   -0.7364267,    0.6765174
robot_60
   -30.03759,    -4.085824,            0,            0,            0,   -0.3048002,    0.9524163
robot_75
    5.975393,     13.75409,            0,            0,            0,    0.4492662,    0.8933979
robot_152
    26.39968,       22.078,            0,            0,            0,   -0.8508931,    0.5253389
robot_26
    -26.0979,     25.73813,            0,            0,            0,    0.4024233,    0.9154537
robot_182
    38.02148,     6.009764,            0,            0,            0,    0.9460885,    0.3239082
robot_172
    3.976046,     13.99849,            0,            0,            0,    0.2316603,    0.9727968
robot_43
   -27.99875,     37.99385,            0,            0,            0,   -0.5019468,    0.8648985
robot_170
      18.151,      38.0987,            0,            0,            0,   -0.9652822,    0.2612093
robot_177
    14.05313,     1.819295,            0,            0,            0,     0.974117,    0.2260444
robot_80
    -18.0712,    -8.223706,            0,            0,            0,   -0.3746701,    0.9271582
robot_16
   -10.08181,     10.92463,            0,            0,            0,   -0.8129868,    0.5822821
robot_13
    5.285172,     29.98745,            0,            0,            0,   -0.5257586,    0.8506338
robot_178
     1.83664,     25.81404,            0,            0,            0,   -0.9662081,    0.2577634
robot_88
   -38.04708,     27.53824,            0,            0,            0,    0.2779745,    0.9605884
robot_194
    33.91136,    -36.16625,            0,            0,            0,    0.8601952,     0.509965
robot_29
   -29.95162,     5.895109,            0,            0,            0,   -0.4674455,    0.8840219
robot_92
   -6.088689,    -9.826081,            0,            0,            0,   -0.9986618,   0.05171733
robot_87
    14.38702,    -26.06051,            0,            0,            0,    0.9920297,    0.1260042
robot_68
   -33.80633,    -6.039681,            0,            0,            0,    0.2513953,    0.9678845
robot_22
   -10.07056,    -32.91464,            0,            0,            0,   -0.5624297,    0.8268451
robot_38
    19.51999,    -30.00286,            0,            0,            0,   -0.9870093,    0.1606629
robot_2
     21.8733,    -34.03091,            0,            0,            0,   -0.2900742,    0.9570042
robot_110
   -38.17718,    -14.17177,            0,            0,            0,  -0.08793049,    0.9961266
robot_14
    1.910808,    -31.52388,            0,            0,            0,     0.105245,    0.9944463
robot_181
   -2.083601,    -8.945354,            0,            0,            0,   -0.9924608,    0.1225626
robot_61
   -30.15913,    -1.968279,            0,            0,            0,    0.9793915,     0.201971
robot_30
   -1.252818,     9.986148,            0,            0,            0,    0.6426766,    0.7661375
robot_122
    21.96121,    -28.98124,            0,            0,            0,   -0.9560786,    0.2931104
robot_132
   -27.09844,     29.97686,            0,            0,            0,    0.9635031,    0.2676973
robot_45
    9.961855,     11.23054,            0,            0,            0,   -0.9023754,    0.4309508
robot_21
   -21.25667,    -26.03085,            0,            0,            0,   -0.1405514,    0.9900734
robot_39
    1.093661,     30.01897,            0,            0,            0,   -0.8183703,    0.5746912
robot_134
    -9.88397,    -10.07534,            0,            0,            0,    0.8822749,    0.4707346
robot_15
   -2.145029,     25.80826,            0,            0,            0,   -0.2790415,     0.960279
robot_145
    38.02267,     26.00805,            0,            0,            0,   -0.9980879,   0.06181095
robot_140
    15.32382,     26.01962,            0,            0,            0,   -0.8936678,    0.4487291
robot_196
    26.34425,     18.01225,            0,            0,            0,    0.3851701,    0.9228456
robot_188
   -22.03501,    -15.29874,            0,            0,            0,   -0.5458078,    0.8379104
robot_4
   -9.093621,    -6.002866,            0,            0,            0,    0.1052745,    0.9944432
robot_155
   -10.21403,     34.05534,            0,            0,            0,    0.2309223,    0.9729722
robot_135
    37.93349,     11.16275,            0,            0,            0,    0.8256544,    0.5641762
robot_93
    31.29845,     22.00526,            0,            0,            0,   -0.1232454,    0.9923762
robot_111
    14.10059,    -2.063234,            0,            0,            0,   -0.9999735,  0.007286137
robot_0
     33.8944,    -18.25438,            0,            0,            0,      0.99344,    0.1143543
robot_49
    33.84129,     25.98303,            0,            0,            0,    0.9162508,    0.4006052
robot_113
   -22.04156,     30.04588,            0,            0,            0,     0.432221,    0.9017677
robot_94
    26.00141,    -29.96164,            0,            0,            0,   -0.4182377,    0.9083376
robot_40
   -34.06113,     17.95449,            0,            0,            0,   -0.9251425,      0.37962
robot_103
   -18.05958,    -22.87751,            0,            0,            0,    0.8912821,    0.4534493
robot_6
    17.52836,     17.99575,            0,            0,            0,   -0.4818071,    0.8762773
robot_71
    13.89833,    -9.957974,            0,            0,            0,   -0.9936877,    0.1121817
robot_17
    6.252781,    -10.06587,            0,            0,            0,    0.9613548,    0.2753123
robot_120
   -26.20468,    -9.791018,            0,            0,            0,    0.6973059,    0.7167736
robot_189
   -34.15347,      14.0534,            0,            0,            0,    -0.256962,    0.9664215
robot_148
     28.2216,    -21.98764,            0,            0,            0,    0.6183737,    0.7858842
robot_186
    21.76326,    -2.033698,            0,            0,            0,    0.3712826,    0.9285199
robot_198
   -22.13083,     18.02761,            0,            0,            0,   -0.5126308,    0.8586091
robot_107
  -0.1682174,    -29.98628,            0,            0,            0,   -0.3829233,    0.9237802
robot_18
    -6.44923,     26.07084,            0,            0,            0,    0.6969272,    0.7171418
robot_23
   -30.09393,    -29.09262,            0,            0,            0,    0.9874329,     0.158039
robot_46
   -14.18405,     2.057422,            0,            0,            0,    0.6791324,    0.7340158
robot_109
   -4.935452,     13.98784,            0,            0,            0,   -0.9999989,  0.001515363
robot_10
    29.90562,     4.358351,            0,            0,            0,   -0.2970411,    0.9548647
robot_157
   -39.10459,     34.00928,            0,            0,            0,   -0.7402696,    0.6723102
robot_70
   -30.84079,    -5.987449,            0,            0,            0,    -0.992101,    0.1254414
robot_55
   -25.89638,       -26.03,            0,            0,            0,    -0.389376,    0.9210789
robot_73
   -18.09465,    -25.41579,            0,            0,            0,   -0.1678706,     0.985809
robot_69
    18.22094,      10.0419,            0,            0,            0,    0.5483188,    0.8362694
robot_65
   -29.97396,    -14.33334,            0,            0,            0,   -0.5162711,    0.8564252
robot_124
    14.39356,    -21.94402,            0,            0,            0,   -0.8860118,    0.4636626
robot_115
   -8.955408,    -18.01508,            0,            0,            0,      0.61309,    0.7900131
robot_130
   -11.92959,    -30.00403,            0,            0,            0,   -0.4818139,    0.8762736
robot_85
   -14.28448,    -30.03768,            0,            0,            0,    0.8373504,    0.5466666
robot_91
   -27.66633,     22.02939,            0,            0,            0,   -0.8923099,    0.4514234
robot_47
    -23.5511,      2.01648,            0,            0,            0,    0.5796331,    0.8148776
robot_52
   -30.07947,    -19.75343,            0,            0,            0,    0.6601276,    0.7511535
robot_195
    22.47284,    -22.00968,            0,            0,            0,    0.9535849,    0.3011243
robot_72
     26.4819,     5.977485,            0,            0,            0,   -0.7808544,     0.624713
robot_158
    1.954987,      14.7366,            0,            0,            0,    0.8932403,    0.4495796
robot_153
   -6.040351,    -14.95151,            0,            0,            0,    0.8549714,    0.5186751
robot_105
   -22.06416,    -3.409178,            0,            0,            0,   -0.5952216,    0.8035616
robot_162
     23.3213,    -5.990561,            0,            0,            0,   -0.9782881,    0.2072495
robot_97
     1.92416,    -19.24416,            0,            0,            0,   -0.4424285,    0.8968038
robot_90
   -30.03551,     -38.6353,            0,            0,            0,    0.9808054,     0.194989
robot_165
    13.86045,      9.65604,            0,            0,            0,   -0.7899542,    0.6131658
robot_42
   -26.29131,    -1.992634,            0,            0,            0,    -0.123151,    0.9923879
robot_7
   -11.96583,     1.974454,            0,            0,            0,  -0.09086664,    0.9958631
robot_28
    6.057346,     22.19463,            0,            0,            0,    0.8426924,    0.5383953
robot_118
    -30.0848,     13.55653,            0,            0,            0,   -0.5692134,    0.8221898
robot_139
    9.964731,    -2.448466,            0,            0,            0,   -0.9989098,   0.04668283
robot_129
   -22.04383,     4.901952,            0,            0,            0,    0.9647159,    0.2632931
robot_57
   -2.019534,      18.2331,            0,            0,            0,    0.3140045,    0.9494215
robot_24
   -22.85637,    -38.01627,            0,            0,            0,    0.8706572,    0.4918903
robot_106
    37.96659,    -6.496503,            0,            0,            0,   -0.6025497,    0.7980813
robot_185
   -14.06353,     20.47276,            0,            0,            0,    0.1290267,    0.9916411
robot_174
   -31.99006,    -9.972666,            0,            0,            0,   -0.5168814,     0.856057
robot_58
    26.29606,    -21.94039,            0,            0,            0,   -0.8826296,    0.4700691
robot_12
    17.90361,     25.18683,            0,            0,            0,    0.2670376,    0.9636861
robot_95
   -29.89739,     17.97391,            0,            0,            0,   0.07735926,    0.9970033
robot_78
    26.00173,    -38.15335,            0,            0,            0,    0.5087242,    0.8609295
robot_62
   -26.24176,     6.066088,            0,            0,            0,   -0.6879305,    0.7257766
robot_121
    5.963636,    -38.03951,            0,            0,            0,    0.6894585,    0.7243252
robot_83
    25.90992,     32.49181,            0,            0,            0,    0.4079707,     0.912995
robot_127
   -18.07615,    -5.497915,            0,            0,            0,    0.9597213,    0.2809537
robot_128
   -18.12737,      18.1207,            0,            0,            0,    0.9963607,   0.08523732
robot_32
   -5.984031,    -26.18411,            0,            0,            0,    0.6521868,    0.7580583
robot_89
     5.94654,    -16.59119,            0,            0,            0,     0.576428,     0.817148
robot_11
   -30.14434,     2.296209,            0,            0,            0,   -0.9488456,    0.3157406
robot_37
    31.97799,     37.96763,            0,            0,            0,   -0.4768467,    0.8789865
robot_175
    25.96025,    -24.26283,            0,            0,            0,   -0.6627477,    0.7488427
robot_50
    21.94141,     3.024718,            0,            0,            0,   -0.9615212,    0.2747306
robot_64
   -20.05479,     13.99485,            0,            0,            0,   -0.5754709,    0.8178223
robot_76
    33.90982,     35.73604,            0,            0,            0,   -0.7778122,    0.6284968
robot_104
    5.930139,    -30.72731,            0,            0,            0,    0.8288367,    0.5594907
robot_169
    29.94032,    -36.77799,            0,            0,            0,    0.3652847,    0.9308958
robot_53
    37.95751,     -17.9566,            0,            0,            0,    0.7786034,    0.6275164
