tuw_multi_robot_msgs::RobotGoalsArray @1970-01-01T01:31:22.300000
frame_id: map
        5482,    300000000
robot_84
    14.01728,     21.77427,            0,            0,            0,   -0.6299172,    0.7766623
robot_116
     13.9665,     39.43317,            0,            0,            0,     0.241339,    0.9704409
robot_74
    17.85238,     38.14904,            0,            0,            0,    0.3441759,    0.9389052
robot_41
    17.93027,     6.492328,            0,            0,            0,    0.9903555,    0.1385498
robot_125
   -17.61651,    -5.941833,            0,            0,            0,   -0.6916645,     0.722219
robot_136
   -32.02853,     10.02964,            0,            0,            0,   -0.5536592,    0.8327434
robot_173
    1.632747,    -13.96529,            0,            0,            0,   0.06410239,    0.9979433
robot_67
    25.63226,    -34.03235,            0,            0,            0,   -0.8162235,    0.5777363
robot_197
    36.53844,    -9.994756,            0,            0,            0,  -0.08875255,    0.9960537
robot_119
    12.80045,     1.972253,            0,            0,            0,    0.4869383,    0.8734364
robot_82
    21.71277,     21.86281,            0,            0,            0,   -0.4904456,    0.8714718
robot_77
     33.7906,    -30.05136,            0,            0,            0,    0.8051152,    0.5931184
robot_5
    5.715717,     10.08268,            0,            0,            0,   -0.9456082,    0.3253078
robot_133
   -14.08466,     12.08496,            0,            0,            0,    0.4137843,     0.910375
robot_99
   -9.148488,    -25.96671,            0,            0,            0,   -0.9819874,    0.1889463
robot_171
   -23.16365,    -38.01395,            0,            0,            0,    0.9500781,    0.3120123
robot_180
   -17.80696,    -37.94527,            0,            0,            0,    0.9893335,     0.145668
robot_56
   -38.06902,     21.24907,            0,            0,            0,    0.3771909,    0.9261355
robot_3
    28.73047,     5.994521,            0,            0,            0,    0.6648296,     0.746995
robot_81
   -26.17819,    -17.91836,            0,            0,            0,    0.6019066,    0.7985665
robot_167
   -26.07912,     34.72838,            0,            0,            0,   -0.1859991,    0.9825499
robot_25
    -5.95387,     14.19463,            0,            0,            0,    0.1405988,    0.9900666
robot_168
   -2.330626,       6.0493,            0,            0,            0,   -0.8553077,    0.5181203
robot_96
   -2.147959,    -9.915686,            0,            0,            0,    0.4170916,    0.9088645
robot_166
   -33.72491,     25.98972,            0,            0,            0,    0.4435854,    0.8962321
robot_102
   -39.18979,     25.96717,            0,            0,            0,   -0.4643186,    0.8856683
robot_192
    33.92853,    -5.562809,            0,            0,            0,    0.7007455,    0.7134113
robot_179
   -26.05557,    -28.29599,            0,            0,            0,   -0.5902556,    0.8072164
robot_142
   -1.018495,    -34.03017,            0,            0,            0,    0.3927234,    0.9196566
robot_1
    1.958067,     21.43731,            0,            0,            0,    0.9799997,    0.1989992
robot_44
   -5.652224,    -9.927661,            0,            0,            0,   -0.9376606,    0.3475524
robot_163
    33.85241,     21.95377,            0,            0,            0,    0.5759636,    0.8174753
robot_79
    -3.86399,     13.98995,            0,            0,            0,   -0.9991332,   0.04162793
robot_8
    1.795847,    -17.78345,            0,            0,            0,   -0.7395314,    0.6731221
robot_20
   -14.14795,     1.983376,            0,            0,            0,    0.7765672,    0.6300344
robot_143
    29.95197,     22.05058,            0,            0,            0,  0.004487196,    0.9999899
robot_138
    9.736571,     -10.1644,            0,            0,            0,    -0.690297,    0.7235261
robot_123
    37.84566,     26.09605,            0,            0,            0,    0.9752447,    0.2211282
robot_193
      14.004,    -30.04054,            0,            0,            0,    0.9717483,    0.2360197
robot_187
     1.07029,     9.977967,            0,            0,            0,    0.4538895,     0.891058
robot_176
   -36.69113,    -13.97959,            0,            0,            0,   -0.8280214,    0.5606965
robot_66
    13.92978,    -19.01725,            0,            0,            0,    0.9945854,    0.1039227
robot_63
    1.922467,    -11.20162,            0,            0,            0,    -0.991703,    0.1285505
robot_31
   -22.78627,     -1.99347,            0,            0,            0,    0.9940633,    0.1088031
robot_159
    2.047433,       17.828,            0,            0,            0,     0.080675,    0.9967405
robot_160
   -33.96878,     18.20105,            0,            0,            0,   -0.9598948,    0.2803605
robot_151
   -18.22802,     -10.0947,            0,            0,            0,   -0.4996054,    0.8662531
robot_150
   -29.11246,    -22.01339,            0,            0,            0,  -0.07874526,    0.9968948
robot_137
    13.96207,    -0.374118,            0,            0,            0,    0.1434227,    0.9896615
robot_199
   -26.16716,    -6.017923,            0,            0,            0,   -0.1137198,    0.9935129
robot_54
   -18.06313,   -0.9611591,            0,            0,            0,   -0.6157282,    0.7879586
robot_117
    9.961636,    0.3462108,            0,            0,            0,   -0.3595556,    0.9331237
robot_36
   -5.882811,    -22.13999,            0,            0,            0,   -0.0279704,    0.9996088
robot_33
    38.85361,     18.00549,            0,            0,            0,    0.9133904,    0.4070847
robot_146
    -37.6313,    -17.94607,            0,            0,            0,    0.5316149,    0.8469862
robot_156
   -14.21269,    -34.11892,            0,            0,            0,   -0.6407765,    0.7677275
robot_112
    17.26641,     21.98736,            0,            0,            0,    0.9932611,    0.1158983
robot_19
    6.184174,    -25.90993,            0,            0,            0,  0.006769714,    0.9999771
robot_141
  -0.9923462,      33.9879,            0,            0,            0,   0.06751861,     0.997718
robot_35
    5.924855,    -28.50669,            0,            0,            0,   -0.9959643,    0.0897508
robot_184
    30.01229,     30.09816,            0,            0,            0,    -0.276899,     0.960899
robot_98
    5.829041,     -18.0163,            0,            0,            0,     0.881288,    0.4725795
robot_100
    -1.34186,    -17.99783,            0,            0,            0,   -0.9473637,    0.3201593
robot_164
    9.965982,     39.04016,            0,            0,            0,   0.07872941,     0.996896
robot_59
    17.92833,     16.14644,            0,            0,            0,    0.7794759,    0.6264322
robot_144
    25.94225,    -31.13871,            0,            0,            0,  -0.03612221,    0.9993474
robot_101
    17.90077,     -34.2005,            0,            0,            0,    0.9999966,  0.002611768
robot_161
    33.91281,     28.80401,            0,            0,            0,    0.8442327,    0.5359768
robot_149
    13.93567,    -33.76481,            0,            0,            0,    0.7659395,    0.6429127
robot_86
   -22.16325,     18.29626,            0,            0,            0,   -0.6426868,     0.766129
robot_191
    23.71096,    -30.00316,            0,            0,            0,    0.8016659,    0.5977723
robot_126
   -26.36316,    -26.06499,            0,            0,            0,   -0.9916785,    0.1287389
robot_190
    6.764979,     14.00239,            0,            0,            0,    0.9556016,    0.2946617
robot_131
   -8.666444,     1.992743,            0,            0,            0,  -0.07463012,    0.9972113
robot_154
   -10.03972,     15.27017,            0,            0,            0,   -0.4586625,    0.8886105
robot_9
    17.99982,     1.857399,            0,            0,            0,    0.6096501,    0.7926706
robot_27
    35.20387,     34.00155,            0,            0,            0,   -0.9988379,     0.048195
robot_34
    9.944544,     11.21899,            0,            0,            0,   -0.9953362,   0.09646696
robot_114
    17.54625,    -2.063483,            0,            0,            0,    0.8563966,    0.5163185
robot_51
   -34.16848,    -29.85738,            0,            0,            0,   -0.9650529,    0.2620551
robot_108
    1.918694,    -29.62577,            0,            0,            0,   -0.1109193,    0.9938294
robot_147
     37.9901,     22.23899,            0,            0,            0,   -0.3526157,    0.9357682
robot_183
   -10.07718,     4.025714,            0,            0,            0,    -0.750857,    0.6604648
robot_48
    32.68851,    -22.03242,            0,            0,            0,   -0.7289717,    0.6845438
robot_60
    17.91003,     32.29732,            0,            0,            0,    0.9175831,     0.397544
robot_75
   -6.168112,     22.06708,            0,            0,            0,   -0.7746989,    0.6323303
robot_152
   -13.58795,     37.99034,            0,            0,            0,    0.6548077,    0.7557955
robot_26
     13.9014,     -28.0365,            0,            0,            0,    0.1794484,    0.9837674
robot_182
    1.916393,     25.08548,            0,            0,            0,   -0.9971052,   0.07603391
robot_172
   -34.08631,     29.24544,            0,            0,            0,   -0.7099342,     0.704268
robot_43
   -18.09367,    -8.165914,            0,            0,            0,     0.732774,    0.6804721
robot_170
   -11.69567,     -25.9877,            0,            0,            0,     0.794912,    0.6067247
robot_177
    4.407038,     17.99106,            0,            0,            0,   -0.9249792,    0.3800176
robot_80
    1.894772,     33.89777,            0,            0,            0,   0.03746472,     0.999298
robot_16
    30.09059,    -10.12031,            0,            0,            0,    0.8374151,    0.5465674
robot_13
    5.932526,      26.3602,            0,            0,            0,   -0.9940092,    0.1092961
robot_178
   -5.975816,     5.771429,            0,            0,            0,   -0.1798624,    0.9836918
robot_88
  -0.2455534,     21.99239,            0,            0,            0,    0.9991405,   0.04145179
robot_194
    22.41884,    -26.02879,            0,            0,            0,    0.5762215,    0.8172936
robot_29
    6.120586,     -14.0783,            0,            0,            0,    0.8891353,    0.4576445
robot_92
    14.00033,    -2.300136,            0,            0,            0,    0.4201039,     0.907476
robot_87
   -12.73502,     5.988986,            0,            0,            0,    0.9531801,    0.3024033
robot_68
    18.45005,    -26.02584,            0,            0,            0,   -0.9934467,    0.1142965
robot_22
    25.94437,     17.20399,            0,            0,            0,    0.9255149,    0.3787113
robot_38
   -3.706373,     29.99543,            0,            0,            0,   -0.2717836,    0.9623584
robot_2
   -34.07002,     21.86276,            0,            0,            0,   -0.1392307,      0.99026
robot_110
     29.9875,     34.30107,            0,            0,            0,    0.5699438,    0.8216837
robot_14
   -30.08742,    -24.64576,            0,            0,            0,   -0.5944222,    0.8041531
robot_181
   -5.851212,     9.963271,            0,            0,            0,    0.4322249,    0.9017658
robot_61
    33.92235,     16.58533,            0,            0,            0, -0.009191634,    0.9999578
robot_30
    -23.3813,     33.97709,            0,            0,            0,   -0.4434097,     0.896319
robot_122
   -10.05856,    -33.98399,            0,            0,            0,     0.972556,    0.2326689
robot_132
    29.95978,     -39.2783,            0,            0,            0,   -0.3698053,    0.9291093
robot_45
   -16.02585,    -26.00169,            0,            0,            0,    0.3158438,    0.9488112
robot_21
    25.94935,    -27.13603,            0,            0,            0,   -0.6922474,    0.7216603
robot_39
    32.21067,    -38.01868,            0,            0,            0,  -0.02046471,    0.9997906
robot_134
    25.90348,    -7.580028,            0,            0,            0,    0.3344112,    0.9424273
robot_15
   -13.83241,    -30.02862,            0,            0,            0,     0.883142,    0.4691057
robot_145
   -5.440991,    -6.002588,            0,            0,            0,    0.4253141,    0.9050458
robot_140
   -2.099631,    -30.38038,            0,            0,            0,   -0.9855544,    0.1693593
robot_196
   -6.076643,    -20.01243,            0,            0,            0,   -0.9532794,    0.3020901
robot_188
   -17.70522,     1.950467,            0,            0,            0,   -0.2038737,    0.9789972
robot_4
   -26.08219,    -36.95496,            0,            0,            0,    0.7085516,     0.705659
robot_155
   -6.061429,    -28.67865,            0,            0,            0,     0.926142,     0.377175
robot_135
     22.9727,    -33.98928,            0,            0,            0,   -0.6457977,    0.7635085
robot_93
   -30.07016,    -4.445621,            0,            0,            0,   -0.9192122,    0.3937625
robot_111
   -14.05201,      17.3728,            0,            0,            0,    0.9678316,    0.2515987
robot_0
    5.957701,     22.33982,            0,            0,            0,   -0.9686116,    0.2485792
robot_49
    33.00662,    -18.00403,            0,            0,            0,    0.5816071,    0.8134699
robot_113
    37.81028,     33.79266,            0,            0,            0,    0.7718755,    0.6357738
