tuw_multi_robot_msgs::RobotGoalsArray @1970-01-01T01:27:21.500000
frame_id: map
        5241,    500000000
robot_84
   -39.34878,    -30.00039,            0,            0,            0,    0.6196271,    0.7848963
robot_116
   -22.05646,     31.15793,            0,            0,            0,    0.8703878,    0.4923668
robot_74
    20.43277,    -33.99328,            0,            0,            0,   -0.4254995,    0.9049586
robot_41
    36.91101,    -14.01503,            0,            0,            0,    0.9853786,    0.1703788
robot_125
    1.962496,    -29.30862,            0,            0,            0,    0.9538515,    0.3002787
robot_136
     33.9175,     1.753501,            0,            0,            0,   0.04738241,    0.9988768
robot_173
   -10.04029,    -2.845922,            0,            0,            0,   -0.9887422,    0.1496293
robot_67
    10.52098,     18.01134,            0,            0,            0,   -0.9953023,   0.09681549
robot_197
     34.1194,    -34.01088,            0,            0,            0,   -0.4031054,    0.9151535
robot_119
   -24.30427,     2.032892,            0,            0,            0,    0.2258867,    0.9741536
robot_82
    29.92521,    -26.06108,            0,            0,            0,   -0.6773285,    0.7356807
robot_77
    32.07112,     18.02475,            0,            0,            0,   0.03732167,    0.9993033
robot_5
    17.95938,    -19.72867,            0,            0,            0,   -0.5700939,    0.8215796
robot_133
   -9.519321,     14.01903,            0,            0,            0,    0.9742022,    0.2256768
robot_99
   -28.97348,     14.02929,            0,            0,            0,    0.9511944,    0.3085924
robot_171
   -2.083166,     22.13623,            0,            0,            0,   -0.8346078,    0.5508447
robot_180
   -13.43142,     1.980186,            0,            0,            0,   -0.5423715,    0.8401388
robot_56
   -19.81308,     34.01518,            0,            0,            0,    -0.330902,    0.9436651
robot_3
    9.972051,    -1.808265,            0,            0,            0,    0.7431826,    0.6690886
robot_81
   -18.06054,    -24.71557,            0,            0,            0,   -0.7419227,    0.6704855
robot_167
     9.93145,     0.222762,            0,            0,            0,   -0.7625109,    0.6469754
robot_25
    38.22311,    -17.90063,            0,            0,            0,   -0.9481901,    0.3177037
robot_168
    -29.9335,    -1.942426,            0,            0,            0,   -0.4655242,    0.8850351
robot_96
    9.330601,    -18.02543,            0,            0,            0,   -0.9925973,    0.1214521
robot_166
    9.843895,     37.98679,            0,            0,            0,   -0.8332401,    0.5529114
robot_102
    9.965151,       14.369,            0,            0,            0,   -0.6900495,    0.7237622
robot_192
    9.926208,     21.41503,            0,            0,            0,    0.3954353,    0.9184938
robot_179
    5.788129,     21.81218,            0,            0,            0,    0.9716866,    0.2362735
robot_142
   -30.29483,     22.14772,            0,            0,            0,    0.4758684,    0.8795165
robot_1
   -4.135741,     -13.9986,            0,            0,            0,    0.5993662,    0.8004749
robot_44
   -34.08918,    -12.23943,            0,            0,            0,   -0.8939596,    0.4481475
robot_163
    -1.86172,    -25.96892,            0,            0,            0,    0.1040211,    0.9945751
robot_79
    5.790354,    -6.001029,            0,            0,            0,      0.94574,    0.3249243
robot_8
    6.089353,      29.8985,            0,            0,            0,     0.995294,   0.09690122
robot_20
    5.912281,     16.57676,            0,            0,            0,   -0.9617186,    0.2740391
robot_143
   -25.35521,    -5.982333,            0,            0,            0,    -0.997829,   0.06585752
robot_138
   -37.91842,     29.91331,            0,            0,            0,   0.01983329,    0.9998033
robot_123
    26.29172,    -5.905463,            0,            0,            0,    0.9741811,    0.2257681
robot_193
    20.77704,     18.01536,            0,            0,            0,   -0.6755886,    0.7372788
robot_187
    16.64702,     33.98788,            0,            0,            0,   0.04952768,    0.9987728
robot_176
   -29.97378,    -10.28209,            0,            0,            0,     0.997576,   0.06958557
robot_66
   -30.04005,    -23.62824,            0,            0,            0,    0.9167988,    0.3993495
robot_63
   -22.37324,    -2.089693,            0,            0,            0,    0.3791756,    0.9253248
robot_31
   -2.048072,     9.020558,            0,            0,            0,   -0.9988675,   0.04757825
robot_159
    16.78661,     6.001305,            0,            0,            0,   -0.8899386,    0.4560804
robot_160
   -18.09585,    -34.84409,            0,            0,            0,    0.4205682,    0.9072609
robot_151
   -19.17292,    -5.995152,            0,            0,            0,    0.9211779,    0.3891416
robot_150
    31.49706,      30.0168,            0,            0,            0,   -0.3461867,    0.9381657
robot_137
   -34.26582,    -17.96194,            0,            0,            0,   -0.2845259,    0.9586683
robot_199
    17.94067,    -31.25419,            0,            0,            0,  -0.07927316,    0.9968529
robot_54
   -38.41828,    -17.96531,            0,            0,            0,   -0.7975153,    0.6032987
robot_117
    23.38797,    -1.980698,            0,            0,            0,   -0.8231263,    0.5678583
robot_36
   -30.03815,     4.635898,            0,            0,            0,   -0.4498703,    0.8930939
robot_33
    -2.48626,     29.97653,            0,            0,            0,   0.03571141,    0.9993621
robot_146
    6.128428,    -18.14952,            0,            0,            0,    0.5332574,    0.8459531
robot_156
    25.89721,     14.08429,            0,            0,            0,    0.8690722,    0.4946853
robot_112
    33.93363,    -6.707888,            0,            0,            0,   -0.7002242,     0.713923
robot_19
   -26.05752,     27.88773,            0,            0,            0,   -0.8743157,    0.4853576
robot_141
    17.96537,    -9.655873,            0,            0,            0,   -0.9978669,   0.06528113
robot_35
    37.96467,     21.09354,            0,            0,            0,    0.8847513,    0.4660634
robot_184
   -30.29013,    -34.09982,            0,            0,            0,    0.7494139,    0.6621018
robot_98
    38.82535,     17.97687,            0,            0,            0,    -0.999991,  0.004232788
robot_100
   -34.19926,    -5.981069,            0,            0,            0,    0.5114641,    0.8593047
robot_164
   -22.07864,     -17.3913,            0,            0,            0,    0.3183216,    0.9479828
robot_59
   -38.11473,     33.88874,            0,            0,            0,   -0.7142302,    0.6999109
robot_144
   -12.43334,    -18.00021,            0,            0,            0,    0.4658674,    0.8848546
robot_101
    25.46365,    -33.90577,            0,            0,            0,   -0.9966384,   0.08192652
robot_161
    26.40174,     33.91983,            0,            0,            0,   -0.9901559,    0.1399687
robot_149
    -14.0719,    -30.86209,            0,            0,            0,    0.2470855,    0.9689937
robot_86
    28.74774,    -21.97868,            0,            0,            0,    0.9749546,    0.2224041
robot_191
    34.17436,    -18.05298,            0,            0,            0,   -0.2719668,    0.9623066
robot_126
   -36.50063,     17.98366,            0,            0,            0,   -0.7260326,    0.6876603
robot_190
    34.15461,     10.05021,            0,            0,            0,   -0.6230795,    0.7821585
robot_131
   -10.06173,     27.95233,            0,            0,            0,   -0.9888645,    0.1488185
robot_154
   -9.797476,    -25.92167,            0,            0,            0,    0.8260875,    0.5635419
robot_9
     -30.491,     26.08332,            0,            0,            0,    -0.155961,    0.9877632
robot_27
    21.91064,     13.79552,            0,            0,            0,    0.4937622,    0.8695969
robot_34
    29.94027,    -15.14822,            0,            0,            0,   -0.3145276,    0.9492483
robot_114
     13.9419,     17.30924,            0,            0,            0,   -0.2254439,    0.9742562
robot_51
    21.93415,     11.17525,            0,            0,            0,   -0.6747338,    0.7380611
robot_108
    29.96136,    -10.99594,            0,            0,            0,    0.9983599,   0.05724888
robot_147
   -18.08565,     23.25041,            0,            0,            0,    0.7137461,    0.7004045
robot_183
    29.95871,     32.59766,            0,            0,            0,   -0.8523425,     0.522984
robot_48
     9.90052,    -9.946506,            0,            0,            0,    0.3178043,    0.9481563
robot_60
    33.91365,   -0.3506652,            0,            0,            0,   -0.3301433,    0.9439308
robot_75
    37.90592,     14.49901,            0,            0,            0,    0.2201536,    0.9754652
robot_152
   -13.94795,    -38.19861,            0,            0,            0,    0.1494264,    0.9887728
robot_26
   -5.691904,    -26.00395,            0,            0,            0,    0.2122981,     0.977205
robot_182
   -22.65323,     34.01959,            0,            0,            0,   0.07244344,    0.9973725
robot_172
   -10.24939,    -21.89267,            0,            0,            0,   -0.9984878,   0.05497425
robot_43
   -27.81398,     9.985277,            0,            0,            0,   -0.9405969,    0.3395254
robot_170
   -17.90187,     -30.0947,            0,            0,            0,   -0.1272917,    0.9918653
robot_177
   -35.10076,     30.00253,            0,            0,            0,   -0.6531413,    0.7572361
robot_80
    -11.9213,     9.972574,            0,            0,            0,    0.9401239,    0.3408328
robot_16
      10.025,    -26.17609,            0,            0,            0,    0.5023697,    0.8646529
robot_13
    9.874248,     -21.7773,            0,            0,            0,   -0.2892618,      0.95725
robot_178
    6.235583,     38.09672,            0,            0,            0,   -0.6940968,    0.7198817
robot_88
    21.90723,     37.47594,            0,            0,            0,   -0.9585869,    0.2848003
robot_194
   -13.91878,    -6.175909,            0,            0,            0,    -0.981018,    0.1939167
robot_29
    6.659867,       5.9815,            0,            0,            0,    0.5042239,     0.863573
robot_92
   -6.045847,     19.99064,            0,            0,            0,   -0.9941984,    0.1075618
robot_87
    18.21754,    -13.95244,            0,            0,            0,    0.9263216,    0.3767337
robot_68
   -25.26379,    -22.00587,            0,            0,            0,    0.5615588,    0.8274369
robot_22
     25.8737,    -2.012036,            0,            0,            0,    0.2762975,    0.9610722
robot_38
   -35.54733,     14.00367,            0,            0,            0,   -0.7196059,    0.6943827
robot_2
   -13.96531,     26.10932,            0,            0,            0,   -0.5138243,    0.8578954
robot_110
   -9.938519,     37.97047,            0,            0,            0,     0.185037,    0.9827316
robot_14
    38.61416,      26.0076,            0,            0,            0,   -0.9977944,   0.06637987
robot_181
   -9.961537,    -9.964875,            0,            0,            0,   -0.8639732,    0.5035378
robot_61
     -26.047,    -18.73337,            0,            0,            0,    -0.971476,    0.2371377
robot_30
    14.93716,    -14.02847,            0,            0,            0,    0.5627482,    0.8266284
robot_122
   -33.11986,     33.97848,            0,            0,            0,   -0.9924181,    0.1229076
robot_132
    1.783576,     17.99769,            0,            0,            0,   -0.2344685,    0.9721237
robot_45
   -14.33553,     38.00394,            0,            0,            0,    0.4095392,    0.9122925
robot_21
   -14.14345,    -25.92926,            0,            0,            0,    0.6455019,    0.7637587
robot_39
   -33.45169,    -29.97613,            0,            0,            0,   -0.9139309,    0.4058697
robot_134
   -18.03228,     30.22462,            0,            0,            0,   -0.8450711,    0.5346539
robot_15
   -14.04781,     21.91133,            0,            0,            0,    0.7646062,    0.6444977
robot_145
   -9.665807,     29.98386,            0,            0,            0,   -0.8008695,    0.5988389
robot_140
   -6.073187,     29.73903,            0,            0,            0,   -0.2343398,    0.9721548
