tuw_multi_robot_msgs::RobotGoalsArray @1970-01-01T00:55:57.300000
frame_id: map
        3357,    300000000
robot_84
   -14.15152,    -37.93774,            0,            0,            0,   -0.5083114,    0.8611733
robot_116
    5.921445,     27.92869,            0,            0,            0,   -0.4912224,    0.8710342
robot_74
    15.37303,    -17.99158,            0,            0,            0,    -0.234218,    0.9721841
robot_41
    18.04924,    -22.12853,            0,            0,            0,   -0.7692851,    0.6389057
robot_125
    10.59484,    -25.98826,            0,            0,            0,   -0.2267006,    0.9739645
robot_136
   -18.63779,    -22.00027,            0,            0,            0,    0.5310916,    0.8473144
robot_173
    25.48949,      34.0599,            0,            0,            0,    0.2983986,    0.9544413
robot_67
    33.95114,    -36.53549,            0,            0,            0,    0.9886079,    0.1505141
robot_197
    29.92487,     14.06605,            0,            0,            0,    0.4533937,    0.8913104
robot_119
   -34.15515,    -25.81684,            0,            0,            0,    0.6995026,    0.7146301
robot_82
    -30.0566,     14.62275,            0,            0,            0,   -0.9944027,    0.1056568
robot_77
     17.9082,     15.04332,            0,            0,            0,   -0.8293025,    0.5587999
robot_5
   -22.39247,    -34.01081,            0,            0,            0,    0.9801859,    0.1980798
robot_133
   -10.08769,     39.07748,            0,            0,            0,   -0.0476735,     0.998863
robot_99
    13.91291,    -13.65121,            0,            0,            0,    0.9950957,   0.09891688
robot_171
   -34.72808,    -13.99027,            0,            0,            0,  -0.02502011,    0.9996869
robot_180
   -15.98818,     6.019026,            0,            0,            0,    0.4820827,    0.8761257
robot_56
    29.93396,     -13.3459,            0,            0,            0,   -0.8358321,    0.5489851
robot_3
    33.85944,      34.2294,            0,            0,            0,   -0.8230374,    0.5679872
robot_81
    33.62942,     9.932701,            0,            0,            0,    0.3921008,    0.9199223
robot_167
    37.90071,     31.12818,            0,            0,            0,   -0.2755451,    0.9612882
robot_25
   -14.03385,     26.33826,            0,            0,            0,    0.6573909,    0.7535497
robot_168
   -29.87567,     10.07898,            0,            0,            0,   -0.2621504,     0.965027
robot_96
    9.834193,      14.0214,            0,            0,            0,    0.7054659,    0.7087439
robot_166
   -26.04903,     12.94867,            0,            0,            0,    0.6093063,    0.7929349
robot_102
   -23.93809,     -37.9788,            0,            0,            0,   -0.8998615,    0.4361757
robot_192
    25.88431,    -22.05541,            0,            0,            0,    0.2074526,    0.9782451
robot_179
   -30.12833,     -14.0368,            0,            0,            0,     0.868969,    0.4948666
robot_142
   -30.12784,      30.3664,            0,            0,            0,   -0.7680604,    0.6403774
robot_1
    33.91355,      17.4878,            0,            0,            0,   -0.8141902,    0.5805983
robot_44
    29.84219,     5.898016,            0,            0,            0,   -0.9580894,    0.2864693
robot_163
   -14.69588,    -18.00895,            0,            0,            0,    0.9699424,    0.2433346
robot_79
   -38.05618,     32.11771,            0,            0,            0,    0.5194125,    0.8545237
robot_8
   -37.55917,     33.97025,            0,            0,            0,    0.8964206,    0.4432043
robot_20
    21.92921,    -21.92128,            0,            0,            0,   -0.6621717,    0.7493521
robot_143
     17.9355,    -15.24216,            0,            0,            0,     0.668049,    0.7441173
robot_138
   -10.82776,     25.97635,            0,            0,            0,   -0.4944579,    0.8692016
robot_123
     22.2055,    -38.07705,            0,            0,            0,    0.9748922,    0.2226773
robot_193
   -34.10548,     21.74518,            0,            0,            0,   -0.9886953,    0.1499384
robot_187
    30.14063,      2.05673,            0,            0,            0,   -0.5779855,    0.8160471
robot_176
   -17.82174,     29.93077,            0,            0,            0,    0.4334577,    0.9011739
robot_66
   -33.95051,     2.057242,            0,            0,            0,   -0.9702817,    0.2419782
robot_63
    21.91588,     13.09839,            0,            0,            0,   -0.3038714,    0.9527131
robot_31
   -14.11856,     2.082221,            0,            0,            0,   -0.4646578,    0.8854903
robot_159
   -3.242332,     26.02784,            0,            0,            0,    0.9236496,     0.383238
robot_160
    37.32509,     5.989741,            0,            0,            0,    0.9837508,    0.1795395
robot_151
   -34.07603,     23.63742,            0,            0,            0,    0.4769538,    0.8789284
robot_150
   -5.934488,    -25.87055,            0,            0,            0,     0.752487,    0.6586071
robot_137
   -6.033999,      3.07584,            0,            0,            0,    0.4386053,    0.8986798
robot_199
     33.9474,    -38.50638,            0,            0,            0,    0.4118267,    0.9112622
robot_54
   -30.06701,    -25.89919,            0,            0,            0,   -0.9931503,    0.1168439
robot_117
     3.33897,    -30.00746,            0,            0,            0,    0.1703075,     0.985391
robot_36
    26.25468,    -26.02211,            0,            0,            0,    0.9006821,    0.4344787
robot_33
    25.20868,     14.03243,            0,            0,            0,     0.407954,    0.9130025
robot_146
   -15.73062,      14.0279,            0,            0,            0,    0.1503319,    0.9886356
robot_156
    17.96507,     12.16363,            0,            0,            0,  -0.02271008,    0.9997421
robot_112
   -26.11424,    -1.720657,            0,            0,            0,    0.7227098,    0.6911517
robot_19
    14.12507,     2.022106,            0,            0,            0,   -0.5405577,    0.8413069
robot_141
   -31.69328,     34.01499,            0,            0,            0,   0.09924932,    0.9950626
robot_35
   -22.47913,     38.05667,            0,            0,            0,   0.02355474,    0.9997225
robot_184
   -18.08253,    -16.35505,            0,            0,            0,    0.5626022,    0.8267277
robot_98
   -24.31157,    -30.02617,            0,            0,            0,    0.7154682,    0.6986453
robot_100
   -9.069176,     29.97876,            0,            0,            0,   -0.4796869,    0.8774397
robot_164
    13.91315,    -8.104382,            0,            0,            0,    0.3245555,    0.9458667
robot_59
    9.853402,     22.22361,            0,            0,            0,   -0.2304302,    0.9730889
robot_144
    2.268502,     30.00967,            0,            0,            0,     0.267388,     0.963589
robot_101
   -11.63649,    -2.002235,            0,            0,            0,   -0.1682472,    0.9857448
robot_161
    37.94632,    -13.89381,            0,            0,            0,   -0.5644738,     0.825451
robot_149
   -28.58403,     2.002816,            0,            0,            0,    0.9447692,    0.3277365
robot_86
    13.90635,     5.450217,            0,            0,            0,    0.6462354,    0.7631381
