tuw_multi_robot_msgs::RobotGoalsArray @1970-01-01T01:48:35.400000
frame_id: map
        6515,    400000000
robot_84
   -30.08831,     19.60455,            0,            0,            0,    0.5791922,     0.815191
robot_116
   -18.09735,     31.98153,            0,            0,            0,   -0.5039683,    0.8637222
robot_74
   -27.17674,    -18.00509,            0,            0,            0,    0.1264845,    0.9919686
robot_41
   -16.21223,     30.02732,            0,            0,            0,   -0.4570387,    0.8894468
robot_125
     9.80257,     26.08455,            0,            0,            0,   -0.3132249,     0.949679
robot_136
   -14.27947,     18.00832,            0,            0,            0,   -0.9703127,    0.2418539
robot_173
   -10.30681,    -26.02202,            0,            0,            0,   -0.8196181,    0.5729102
robot_67
   -39.44233,     34.01035,            0,            0,            0,   -0.1191158,    0.9928804
robot_197
    9.638431,     13.96777,            0,            0,            0,   -0.8781923,    0.4783078
robot_119
   -29.55571,    -21.98608,            0,            0,            0,   -0.7549906,    0.6557356
robot_82
   -22.45927,     13.95833,            0,            0,            0,    0.7914773,    0.6111986
robot_77
    13.88799,     14.35711,            0,            0,            0,    0.9910984,    0.1331311
robot_5
    28.46205,     33.99288,            0,            0,            0,    0.7074193,    0.7067941
robot_133
   -18.09437,     20.76256,            0,            0,            0,   -0.1609953,    0.9869552
robot_99
   -26.70059,     38.01329,            0,            0,            0,   -0.3548449,    0.9349252
robot_171
    33.95568,    -31.81617,            0,            0,            0,   -0.9696711,    0.2444134
robot_180
    13.94234,      17.6786,            0,            0,            0,    0.1502702,     0.988645
robot_56
   -1.813932,     33.92773,            0,            0,            0,    0.9506556,    0.3102481
robot_3
    18.03161,     6.207479,            0,            0,            0,   -0.6570619,    0.7538366
robot_81
   -9.985992,     38.33837,            0,            0,            0,    0.9780841,    0.2082102
