tuw_multi_robot_msgs::RobotGoalsArray @1970-01-01T01:40:31.400000
frame_id: map
        6031,    400000000
robot_84
    -26.0558,    -4.064018,            0,            0,            0,   -0.9994366,   0.03356429
robot_116
    9.949203,    -17.51893,            0,            0,            0,     0.210042,    0.9776924
robot_74
    17.15517,     9.998395,            0,            0,            0,    0.8591394,    0.5117417
robot_41
   -14.03986,    -6.049513,            0,            0,            0,   -0.7368828,    0.6760205
robot_125
    25.89852,     21.76696,            0,            0,            0,  -0.05726856,    0.9983588
robot_136
   -22.09331,     36.23585,            0,            0,            0,   -0.9820074,    0.1888426
robot_173
    33.96269,    -28.16734,            0,            0,            0,   -0.1896229,     0.981857
robot_67
    37.96563,     -27.1932,            0,            0,            0,    0.9833929,    0.1814896
robot_197
    32.32218,     9.997879,            0,            0,            0,    0.1945993,    0.9808828
robot_119
   -7.814749,     34.01141,            0,            0,            0,   -0.4183942,    0.9082656
robot_82
    1.988709,     -29.7885,            0,            0,            0,   -0.6069015,    0.7947771
robot_77
     37.9384,     7.149247,            0,            0,            0,   -0.7750116,    0.6319469
robot_5
  -0.3519003,     14.01664,            0,            0,            0,    -0.999915,   0.01304114
robot_133
   -5.749462,    -21.91027,            0,            0,            0,     0.677681,     0.735356
robot_99
    38.00905,     17.85857,            0,            0,            0,   -0.9187238,    0.3949006
robot_171
    17.96672,    -22.10311,            0,            0,            0,    0.8284372,     0.560082
robot_180
    13.96319,     16.42658,            0,            0,            0,    0.9981785,   0.06032917
robot_56
   -2.081509,    -14.96703,            0,            0,            0,    0.9925726,     0.121654
robot_3
    23.96087,     -38.0208,            0,            0,            0,    0.7571296,    0.6532647
robot_81
    37.72711,    -30.14343,            0,            0,            0,     0.528669,    0.8488281
robot_167
   -13.53078,    -14.00666,            0,            0,            0,    -0.980167,    0.1981732
robot_25
   -6.394668,     13.94798,            0,            0,            0,    0.8659591,    0.5001148
robot_168
    33.93281,    -22.39924,            0,            0,            0,   -0.9883674,    0.1520853
robot_96
   -29.98274,     6.002696,            0,            0,            0,    -0.968124,    0.2504714
robot_166
   -10.07511,      4.15048,            0,            0,            0,   -0.6653176,    0.7465604
robot_102
    21.89835,    -33.63688,            0,            0,            0,   -0.7917048,    0.6109039
robot_192
   -6.288757,     25.98087,            0,            0,            0,   -0.6902159,    0.7236035
robot_179
   -6.372095,    -6.013329,            0,            0,            0,   -0.4676752,    0.8839004
robot_142
   -28.13467,    -13.99814,            0,            0,            0,   -0.4156669,    0.9095169
robot_1
    17.94784,     35.80226,            0,            0,            0,   -0.3009669,    0.9536346
robot_44
     30.2942,     33.97802,            0,            0,            0,    0.4758403,    0.8795317
robot_163
    -1.11224,    -34.01007,            0,            0,            0,   -0.7847273,    0.6198411
robot_79
   -34.08869,     2.550371,            0,            0,            0,    0.3637348,    0.9315025
robot_8
   -14.07369,    -30.50343,            0,            0,            0,    0.9791943,    0.2029251
robot_20
     9.29555,      26.0048,            0,            0,            0,    -0.752797,    0.6582528
robot_143
   -31.91828,    -9.996849,            0,            0,            0,   -0.5326866,    0.8463126
robot_138
   -34.04688,     -10.9637,            0,            0,            0,    0.9704392,    0.2413458
robot_123
    8.753173,     38.00273,            0,            0,            0,    0.6232023,    0.7820607
robot_193
    17.93354,     38.14423,            0,            0,            0,  -0.04839278,    0.9988284
robot_187
   -5.738968,    -26.06059,            0,            0,            0,   -0.3309698,    0.9436414
robot_176
   -26.12784,     17.94951,            0,            0,            0,   -0.8494236,    0.5277117
robot_66
    29.93149,     31.06284,            0,            0,            0,    0.9409584,    0.3385223
robot_63
   -10.23037,     30.18986,            0,            0,            0,    0.7900728,     0.613013
robot_31
   -9.634263,     9.943854,            0,            0,            0,   -0.7865525,    0.6175234
robot_159
   -6.090832,    -34.77628,            0,            0,            0,   -0.8769411,    0.4805978
robot_160
   -6.076107,     34.83585,            0,            0,            0,   -0.8657783,    0.5004277
robot_151
   -14.04619,     15.84669,            0,            0,            0,   -0.7496164,    0.6618726
robot_150
   -5.652899,    -10.05545,            0,            0,            0,   -0.2036956,    0.9790343
robot_137
   -25.58192,    -2.049512,            0,            0,            0,    0.9928587,    0.1192961
robot_199
     33.9505,      6.16311,            0,            0,            0,   -0.7370106,    0.6758812
robot_54
     9.84499,    -34.04052,            0,            0,            0,   -0.7245994,    0.6891703
robot_117
   -10.11209,    -5.940204,            0,            0,            0,    0.2418713,    0.9703083
robot_36
    13.95323,     24.10503,            0,            0,            0,   -0.1591251,    0.9872584
robot_33
   -13.35376,    -10.02536,            0,            0,            0,   -0.8988009,    0.4383572
robot_146
   -34.03832,     39.01694,            0,            0,            0,    0.1241082,    0.9922687
robot_156
    -34.0515,     9.737713,            0,            0,            0,    0.5687359,    0.8225202
robot_112
    21.82274,    -30.21153,            0,            0,            0,   -0.9957465,   0.09213529
robot_19
   -1.973064,    -25.97544,            0,            0,            0,   0.05567363,     0.998449
robot_141
   -30.14775,     21.98481,            0,            0,            0,   -0.8879383,    0.4599626
robot_35
   -12.72024,     34.01239,            0,            0,            0,     0.906618,    0.4219523
robot_184
    9.925438,    -12.25598,            0,            0,            0,    0.9993352,   0.03645861
robot_98
    21.95101,     6.632861,            0,            0,            0,     0.774404,    0.6326914
robot_100
   -30.01479,     14.25938,            0,            0,            0,    -0.951012,    0.3091539
robot_164
     28.9132,    -25.98146,            0,            0,            0,    0.9933954,    0.1147417
robot_59
   -18.07167,     20.84088,            0,            0,            0,    0.4638407,    0.8859186
robot_144
   -38.09558,     -31.1263,            0,            0,            0,    0.9266768,    0.3758592
robot_101
    3.746868,    -21.97594,            0,            0,            0,    0.7672877,     0.641303
robot_161
    25.92723,    -21.97738,            0,            0,            0,   -0.9983225,   0.05789797
robot_149
    17.91116,   -0.1993924,            0,            0,            0,    0.9698322,    0.2437734
robot_86
   -18.12455,    -13.70362,            0,            0,            0,    0.6533498,    0.7570561
robot_191
   -26.05203,    -22.29133,            0,            0,            0,   -0.4683632,     0.883536
robot_126
    18.14697,    -29.83473,            0,            0,            0,    -0.999292,   0.03762381
robot_190
   -21.93083,    -22.13802,            0,            0,            0,   -0.6888106,    0.7249413
robot_131
   -20.43845,     21.97321,            0,            0,            0,  -0.00183521,    0.9999983
robot_154
    6.247537,     6.100017,            0,            0,            0,   -0.9451114,    0.3267483
robot_9
    33.79237,     26.03961,            0,            0,            0,    0.5824628,    0.8128573
robot_27
   -10.22177,    -17.98509,            0,            0,            0,    0.9717764,     0.235904
robot_34
    17.90305,     30.57037,            0,            0,            0,    0.7766622,    0.6299174
robot_114
   -30.09413,    -18.63251,            0,            0,            0,    0.8964412,    0.4431626
robot_51
   -26.16447,    -17.73429,            0,            0,            0,    -0.821766,    0.5698251
robot_108
    2.332529,    -33.98957,            0,            0,            0,    -0.986523,    0.1636225
robot_147
    16.18018,    -38.01193,            0,            0,            0,    0.2755297,    0.9612926
robot_183
    9.964927,    -21.69553,            0,            0,            0,   -0.6535878,    0.7568507
robot_48
   -26.20038,    -33.87459,            0,            0,            0,   -0.9176525,    0.3973839
robot_60
   -33.62371,     21.99627,            0,            0,            0,    0.9861555,     0.165823
robot_75
    33.85791,    -5.759367,            0,            0,            0,   -0.9434217,    0.3315955
robot_152
    29.77674,    -21.85465,            0,            0,            0,    -0.959515,    0.2816577
robot_26
    17.91577,     4.231427,            0,            0,            0,    0.8520785,     0.523414
robot_182
   -22.49507,     14.09018,            0,            0,            0,   -0.6582897,    0.7527647
robot_172
    25.91403,     29.72905,            0,            0,            0,   -0.4530675,    0.8914762
robot_43
    -38.0765,     17.99122,            0,            0,            0,   -0.8224084,    0.5688976
robot_170
    9.791279,     17.88962,            0,            0,            0,   -0.8060276,    0.5918779
robot_177
   -15.07038,     25.96966,            0,            0,            0,    0.2958036,    0.9552488
robot_80
    10.02415,    -29.68842,            0,            0,            0,    0.9803479,    0.1972763
robot_16
   -10.13095,    -22.33926,            0,            0,            0,   -0.3255947,    0.9455094
robot_13
    27.84027,     33.99674,            0,            0,            0,     0.776258,    0.6304153
robot_178
   -30.08961,     26.00035,            0,            0,            0,    0.6487247,    0.7610231
robot_88
   -34.02722,    -5.996782,            0,            0,            0,    0.2037147,    0.9790303
robot_194
    37.96549,     15.32014,            0,            0,            0,    0.7338309,    0.6793322
robot_29
    33.43642,    -33.90472,            0,            0,            0,    0.9610426,    0.2764003
robot_92
   -32.97301,    -18.02266,            0,            0,            0,   -0.6231096,    0.7821345
robot_87
   -6.038258,     28.10967,            0,            0,            0,    0.5256497,    0.8507011
robot_68
   -6.037636,     21.63144,            0,            0,            0,    0.6195523,    0.7849554
robot_22
   -30.04373,    -22.17864,            0,            0,            0,    0.9899334,    0.1415341
robot_38
    -30.0423,    -5.315858,            0,            0,            0,    0.8651211,     0.501563
robot_2
    -30.0338,    -26.50589,            0,            0,            0,     -0.95995,    0.2801714
robot_110
   -13.01564,     1.979865,            0,            0,            0,     0.978616,    0.2056956
robot_14
   -22.00043,     26.06947,            0,            0,            0,   0.09844037,     0.995143
robot_181
    37.85514,    -14.23512,            0,            0,            0,    0.2796164,    0.9601118
robot_61
    16.82235,     18.00299,            0,            0,            0,  -0.04291853,    0.9990786
robot_30
   -14.07328,     6.359827,            0,            0,            0,    0.5524627,    0.8335376
robot_122
    8.134637,     21.99663,            0,            0,            0,   -0.6991377,     0.714987
robot_132
    5.935364,    -9.946789,            0,            0,            0,   -0.6618105,    0.7496712
robot_45
   -34.02283,     14.26014,            0,            0,            0,  -0.08960031,    0.9959778
robot_21
   -6.163046,     2.071951,            0,            0,            0,   -0.8628091,    0.5055298
robot_39
    3.133377,     21.97243,            0,            0,            0,   -0.4002531,    0.9164047
robot_134
   -18.09622,    -16.64535,            0,            0,            0,   -0.0849737,    0.9963832
robot_15
    24.61843,     37.96913,            0,            0,            0,    0.7939223,    0.6080192
robot_145
   -30.39823,    -38.02515,            0,            0,            0,   -0.9406412,    0.3394025
robot_140
    9.956557,    -26.54456,            0,            0,            0,   -0.0688848,    0.9976246
robot_196
    9.871174,     13.85212,            0,            0,            0,    -0.874055,    0.4858271
robot_188
    1.901858,    -13.99703,            0,            0,            0,   -0.8873682,    0.4610614
robot_4
   -18.22424,    -33.98805,            0,            0,            0,   -0.3758973,    0.9266613
robot_155
    6.035514,    -30.19782,            0,            0,            0,   -0.6078683,    0.7940379
robot_135
   -38.08187,    -24.73709,            0,            0,            0,   -0.9700902,    0.2427446
robot_93
    13.97146,     26.19742,            0,            0,            0,   -0.7090844,    0.7051237
robot_111
    14.08113,    -33.78858,            0,            0,            0,    0.3664353,    0.9304435
robot_0
   -22.18161,    -26.19812,            0,            0,            0,   -0.9988178,    0.0486105
robot_49
    11.04547,     29.98949,            0,            0,            0,   -0.2691916,    0.9630867
robot_113
   -26.64291,    -38.00486,            0,            0,            0,     0.891357,    0.4533019
robot_94
   -14.03616,    -33.01818,            0,            0,            0,   -0.9812705,    0.1926348
robot_40
    24.75559,    -29.99443,            0,            0,            0,    0.9799248,    0.1993673
robot_103
   -22.56329,     6.026152,            0,            0,            0,   -0.1043082,     0.994545
robot_6
    13.65147,     -22.0467,            0,            0,            0,    0.6297463,    0.7768009
robot_71
    6.321255,     10.04895,            0,            0,            0,   -0.9957309,   0.09230329
robot_17
   -25.59949,    -13.90119,            0,            0,            0,   -0.8270917,     0.562067
robot_120
    18.39728,    -38.02597,            0,            0,            0,   -0.6103489,    0.7921327
robot_189
    18.64939,     21.99178,            0,            0,            0,   -0.8233992,    0.5674626
robot_148
   -10.05084,    -15.35374,            0,            0,            0,    0.1917028,     0.981453
robot_186
    14.25963,    -18.08721,            0,            0,            0,    0.9681709,    0.2502901
robot_198
   -8.986901,     17.98364,            0,            0,            0,    0.7605012,    0.6493365
robot_107
   -2.082732,     12.90496,            0,            0,            0,    0.5985775,    0.8010649
robot_18
   -38.28813,     22.06982,            0,            0,            0,   -0.2173912,    0.9760846
robot_23
   -17.87511,     17.85408,            0,            0,            0,   0.08033471,    0.9967679
robot_46
    1.889311,      13.7637,            0,            0,            0,   -0.8375186,    0.5464088
robot_109
   -30.08278,     -1.38703,            0,            0,            0,   0.05495795,    0.9984887
robot_10
    13.90383,    -37.13028,            0,            0,            0,   -0.3575503,    0.9338939
robot_157
  -0.9669603,     30.01994,            0,            0,            0,    0.8097599,    0.5867614
robot_70
   -14.05332,     39.31664,            0,            0,            0,   -0.3741896,    0.9273522
robot_55
   -22.05615,     33.99516,            0,            0,            0,   -0.8513051,    0.5246709
robot_73
    25.70622,     10.14863,            0,            0,            0,    0.9912505,    0.1319941
robot_69
    27.03712,    -13.99591,            0,            0,            0,    0.6537832,    0.7566819
robot_65
   -14.08346,    -38.60393,            0,            0,            0,  -0.04215766,     0.999111
robot_124
   -6.689085,     9.969222,            0,            0,            0,    0.9909026,    0.1345807
robot_115
    21.95346,     21.47705,            0,            0,            0,    0.5895658,    0.8077203
robot_130
    29.15757,     22.01238,            0,            0,            0,    0.8793222,    0.4762274
robot_85
   -20.89233,     -10.0242,            0,            0,            0,    0.9948646,    0.1012148
robot_91
   -33.84129,    -1.993107,            0,            0,            0,    0.9292446,    0.3694652
robot_47
    37.96352,     28.39814,            0,            0,            0,    0.8960493,    0.4439545
robot_52
    22.42754,     13.96907,            0,            0,            0,    0.8433674,    0.5373374
robot_195
     -22.036,    -34.97799,            0,            0,            0,   -0.6623405,     0.749203
robot_72
   -36.23699,     29.98468,            0,            0,            0,   -0.9968801,   0.07893077
robot_158
   -15.31718,     30.02095,            0,            0,            0,   -0.7664428,    0.6423125
robot_153
    22.34312,     10.07225,            0,            0,            0,   -0.9991949,   0.04011847
robot_105
    18.04264,     25.78377,            0,            0,            0,    0.9762802,     0.216511
robot_162
   -2.073914,     31.91709,            0,            0,            0,   -0.9045825,    0.4262986
robot_97
   -2.033475,    -6.133519,            0,            0,            0,    0.2701604,    0.9628153
robot_90
   -2.041175,     16.91634,            0,            0,            0,  -0.02676255,    0.9996418
robot_165
    14.38037,     5.951918,            0,            0,            0,    0.1758581,    0.9844155
robot_42
    37.84858,     10.31046,            0,            0,            0,    0.7446354,    0.6674715
robot_7
   -13.59521,    -1.929815,            0,            0,            0,   -0.2056718,     0.978621
robot_28
    33.96119,     30.06178,            0,            0,            0,    0.9601717,    0.2794107
robot_118
   -38.17762,     30.20705,            0,            0,            0,   -0.3645226,    0.9311945
robot_139
    38.15954,    -6.053029,            0,            0,            0,   -0.4258993,    0.9047706
robot_129
   -10.30262,     38.06924,            0,            0,            0,   -0.3185939,    0.9478913
robot_57
    25.53233,    -26.08779,            0,            0,            0,    0.9948029,    0.1018198
robot_24
   -22.07406,     29.08782,            0,            0,            0,    0.9864437,    0.1640998
robot_106
    12.08066,    -13.97692,            0,            0,            0,    -0.954032,    0.2997047
robot_185
   -38.08102,    -28.03181,            0,            0,            0,    0.2265621,    0.9739967
robot_174
    6.425469,     26.09107,            0,            0,            0,   -0.9635513,    0.2675238
robot_58
     -27.716,     33.99796,            0,            0,            0,   -0.9573929,    0.2887887
robot_12
   -18.07295,     27.27646,            0,            0,            0,   -0.4057412,     0.913988
robot_95
    13.85534,     18.31746,            0,            0,            0,   -0.9367936,    0.3498826
robot_78
   -37.99308,    -33.73926,            0,            0,            0,    0.9219386,    0.3873361
robot_62
   -34.12031,     34.28486,            0,            0,            0,   -0.9932063,    0.1163668
robot_121
   -14.16572,    -22.26974,            0,            0,            0,    -0.679829,    0.7333707
robot_83
     1.91591,    -8.873582,            0,            0,            0,    0.1016681,    0.9948184
robot_127
     1.92669,     24.54752,            0,            0,            0,    0.7444131,    0.6677194
robot_128
   -18.05154,     1.019623,            0,            0,            0,   -0.9999704,  0.007688252
robot_32
    34.36048,     21.99512,            0,            0,            0,   -0.9997025,   0.02439024
robot_89
    30.21054,    -10.09703,            0,            0,            0,    0.8071175,    0.5903908
robot_11
   -10.46514,     -10.0834,            0,            0,            0,   -0.9422358,    0.3349503
robot_37
    26.15396,    -10.13217,            0,            0,            0,   -0.7681732,    0.6402421
robot_175
   -23.21857,     10.01183,            0,            0,            0,   -0.2517947,    0.9677807
robot_50
   -10.34962,     2.066769,            0,            0,            0,    0.9762591,    0.2166062
robot_64
    29.39872,     1.995984,            0,            0,            0,   -0.7526224,    0.6584524
robot_76
   -18.06208,    -30.18169,            0,            0,            0,   -0.1900882,     0.981767
robot_104
    16.59869,    -18.00443,            0,            0,            0,    0.4975548,    0.8674326
robot_169
    1.940728,    -11.00863,            0,            0,            0,    0.6360979,    0.7716083
robot_53
    13.95108,    -39.27244,            0,            0,            0,    0.9646898,    0.2633885
