tuw_multi_robot_msgs::RobotGoalsArray @1970-01-01T00:11:57.500000
frame_id: map
           0,            0
robot_84
   -30.25012,    -6.028821,            0,            0,            0,    0.9997322,   0.02314193
robot_116
   -34.06897,    -27.02017,            0,            0,            0,    -0.482795,    0.8757334
robot_74
   -10.09089,     25.42259,            0,            0,            0,   -0.8846126,    0.4663266
robot_41
   -2.066276,      15.1303,            0,            0,            0,   0.06145534,    0.9981098
robot_125
     29.8241,    -5.915852,            0,            0,            0,   -0.8372897,    0.5467595
robot_136
   -11.41888,     -33.9798,            0,            0,            0,    0.8906931,    0.4546051
robot_173
    37.91045,     6.111055,            0,            0,            0,   -0.9991709,    0.0407134
robot_67
   -31.52441,     26.01502,            0,            0,            0,    -0.845269,    0.5343411
robot_197
    25.71348,    -17.96181,            0,            0,            0,    0.8434954,    0.5371363
robot_119
    25.96331,     7.186647,            0,            0,            0,    0.2548685,    0.9669757
robot_82
    25.90742,     26.41096,            0,            0,            0,    0.9871579,    0.1597479
robot_77
     2.31711,    -13.98967,            0,            0,            0,    0.5692928,    0.8221349
robot_5
     9.93907,     38.19514,            0,            0,            0,    0.9983798,   0.05690065
robot_133
   -6.993974,     6.026402,            0,            0,            0,    0.9923109,    0.1237705
robot_99
    34.67379,    -26.01981,            0,            0,            0,   0.04268144,    0.9990887
robot_171
   -34.03343,    0.1395632,            0,            0,            0,    0.5798415,    0.8147293
robot_180
   -14.05868,     16.71078,            0,            0,            0,    0.9218687,    0.3875025
robot_56
   -34.40535,     22.04057,            0,            0,            0,   -0.9999377,   0.01116035
robot_3
   -5.748615,    -9.900874,            0,            0,            0,  -0.09945642,    0.9950419
robot_81
    4.026594,     22.00257,            0,            0,            0,    0.4012789,    0.9159559
robot_167
   -1.016244,    -14.01378,            0,            0,            0,   -0.5495621,    0.8354529
robot_25
    29.95016,     -1.71162,            0,            0,            0,   -0.3035111,    0.9528279
robot_168
    -26.0756,     12.75242,            0,            0,            0,    0.9988865,   0.04717872
robot_96
   -5.511219,    -22.02845,            0,            0,            0,   -0.9998893,   0.01487904
robot_166
    -29.9371,     6.100846,            0,            0,            0,    0.7336167,    0.6795635
robot_102
   -10.00752,     14.16109,            0,            0,            0,     -0.97419,    0.2257298
robot_192
    17.79126,      18.2307,            0,            0,            0,   -0.6926778,    0.7212472
robot_179
     21.8636,     30.04752,            0,            0,            0,     0.156689,     0.987648
robot_142
     21.9304,    -28.94994,            0,            0,            0,   -0.9980364,   0.06263677
robot_1
    39.37583,    -25.99068,            0,            0,            0,    0.9998066,   0.01966759
robot_44
   -2.076289,     26.52372,            0,            0,            0,    0.2620351,    0.9650583
robot_163
     13.9434,     13.15206,            0,            0,            0,    0.5522883,    0.8336532
robot_79
    5.921417,     35.82403,            0,            0,            0,    0.2878696,    0.9576696
robot_8
   -18.43342,     10.06073,            0,            0,            0,   -0.8096123,     0.586965
robot_20
   -10.57241,    -10.00119,            0,            0,            0,   -0.2994588,    0.9541092
robot_143
    21.88856,     -10.2505,            0,            0,            0,   -0.8516023,    0.5241884
robot_138
   -2.622996,     5.968526,            0,            0,            0,   -0.9983302,   0.05776507
robot_123
    37.92886,    -13.34984,            0,            0,            0,   -0.8092222,    0.5875026
robot_193
   -22.38292,     26.00321,            0,            0,            0,    0.2262122,    0.9740781
robot_187
    2.519767,      18.0257,            0,            0,            0,    0.6629757,    0.7486409
