tuw_multi_robot_msgs::RobotGoalsArray @1970-01-01T00:14:46.400000
frame_id: map
         886,    400000000
robot_84
   -3.191257,     -22.0295,            0,            0,            0,   -0.1707635,     0.985312
robot_116
    35.97202,     18.03298,            0,            0,            0,    0.2179524,    0.9759594
robot_74
   -30.55261,    -9.905302,            0,            0,            0,    0.4476005,    0.8942337
robot_41
    9.991292,     2.193293,            0,            0,            0,    0.4832949,    0.8754576
robot_125
    5.085514,     26.01033,            0,            0,            0,     0.376387,    0.9264625
robot_136
   -22.03866,    -22.06301,            0,            0,            0,      0.28156,    0.9595436
robot_173
    6.974807,    -34.00395,            0,            0,            0,   -0.8529366,    0.5220145
robot_67
   -18.05936,     1.813241,            0,            0,            0,    0.3154676,    0.9489364
robot_197
    -18.2128,     6.160928,            0,            0,            0,   -0.8627138,    0.5056925
robot_119
    25.46679,     29.96102,            0,            0,            0,   -0.7773318,    0.6290908
robot_82
    9.023232,    -5.972022,            0,            0,            0,    0.9573125,    0.2890551
robot_77
    5.745128,     22.13482,            0,            0,            0,    -0.988366,    0.1520941
robot_5
     25.9079,     5.384663,            0,            0,            0,    0.8897397,    0.4564682
robot_133
   -37.58586,     26.05707,            0,            0,            0,   -0.7524711,    0.6586253
robot_99
   -38.26486,      17.8367,            0,            0,            0,    0.6612873,    0.7501327
robot_171
   -11.07278,    -22.02689,            0,            0,            0,    0.3684781,    0.9296364
robot_180
    28.22438,    -38.03237,            0,            0,            0,   -0.4122058,    0.9110907
robot_56
    6.132309,     38.03537,            0,            0,            0,   -0.9237221,    0.3830634
robot_3
    10.00985,     21.78688,            0,            0,            0,   -0.7636181,    0.6456682
robot_81
   -6.554659,    -22.00658,            0,            0,            0,    0.6350939,     0.772435
robot_167
    13.89593,    -30.05305,            0,            0,            0,    0.5655863,    0.8246891
robot_25
   -14.46539,     26.07872,            0,            0,            0,    0.9900788,    0.1405132
robot_168
   -18.35934,     -1.97487,            0,            0,            0,     0.779866,    0.6259465
robot_96
    38.35419,    -30.07447,            0,            0,            0,   -0.8976415,    0.4407264
robot_166
    1.939718,    -21.76896,            0,            0,            0,     -0.74928,    0.6622533
robot_102
    9.887915,     17.71438,            0,            0,            0,   -0.7368374,      0.67607
robot_192
    -21.4978,      38.0289,            0,            0,            0,    0.4115889,    0.9113696
robot_179
   -28.55809,     5.971915,            0,            0,            0,    0.6027145,    0.7979569
robot_142
   -10.07203,     35.65195,            0,            0,            0,   -0.1592792,    0.9872336
robot_1
   -36.11568,    -34.00509,            0,            0,            0,    0.6115298,    0.7912214
robot_44
   -27.57712,      1.99579,            0,            0,            0,    0.8609856,    0.5086293
robot_163
    21.88509,     18.07385,            0,            0,            0,    0.7126143,     0.701556
robot_79
   -18.15702,     13.64031,            0,            0,            0,    -0.967454,     0.253047
robot_8
    25.87201,     2.203401,            0,            0,            0,    0.8953677,    0.4453275
robot_20
    -30.0996,     17.32235,            0,            0,            0,   -0.8475235,    0.5307579
robot_143
    13.96343,    -2.534797,            0,            0,            0,    0.5270611,    0.8498274
robot_138
    2.188861,     14.02429,            0,            0,            0,   -0.7604467,    0.6494004
robot_123
    26.75434,      26.0184,            0,            0,            0,     0.988764,    0.1494852
robot_193
    10.16346,     34.12957,            0,            0,            0,    0.9826153,    0.1856532
robot_187
   -18.05241,    -8.583184,            0,            0,            0,   -0.9998893,   0.01487628
