tuw_multi_robot_msgs::RobotGoalsArray @1970-01-01T01:13:21.500000
frame_id: map
        4401,    500000000
robot_84
   -25.17835,     10.02745,            0,            0,            0,   -0.3370867,    0.9414736
robot_116
    29.53832,     25.92449,            0,            0,            0,     0.333592,    0.9427175
robot_74
    -6.05067,    -2.051541,            0,            0,            0,    -0.996342,   0.08545509
robot_41
    21.91468,    -30.32467,            0,            0,            0,    0.7975227,    0.6032889
robot_125
   -34.96712,    -6.001211,            0,            0,            0,   -0.7960762,    0.6051964
robot_136
    37.94445,    -32.20977,            0,            0,            0,    0.5078836,    0.8614257
robot_173
   -6.083318,     24.56436,            0,            0,            0,    0.9818905,    0.1894493
robot_67
    9.949232,    -1.151516,            0,            0,            0,   -0.2015262,    0.9794831
robot_197
   -26.15468,    -2.254758,            0,            0,            0,    0.9917958,    0.1278322
robot_119
   -6.112725,    -26.03219,            0,            0,            0,   -0.9908335,    0.1350891
robot_82
    -11.5176,    -2.011618,            0,            0,            0,    0.8219672,    0.5695349
robot_77
   -15.00372,    -9.989776,            0,            0,            0,   -0.6319488,    0.7750102
robot_5
   -34.51368,     -33.9945,            0,            0,            0,     -0.87458,    0.4848812
robot_133
    34.08956,    -13.97672,            0,            0,            0,   -0.9799318,    0.1993332
robot_99
    25.72549,      -29.948,            0,            0,            0,   -0.9113619,    0.4116059
robot_171
    20.38006,    -26.02478,            0,            0,            0,    0.8964709,    0.4431026
robot_180
   -1.858603,     -21.9325,            0,            0,            0,   -0.5028435,    0.8643775
robot_56
   -33.40525,     17.97067,            0,            0,            0,   -0.6212115,     0.783643
robot_3
    25.90484,     -14.1649,            0,            0,            0,   -0.8905145,    0.4549548
robot_81
    12.79771,    -21.97627,            0,            0,            0,    0.8856506,    0.4643522
robot_167
    -21.8313,    -22.04629,            0,            0,            0,    0.6460402,    0.7633034
robot_25
    21.96374,     28.19083,            0,            0,            0,   -0.3212677,    0.9469884
robot_168
   -22.29761,    -10.10262,            0,            0,            0,    0.9999821,  0.005985934
robot_96
    1.924419,    -18.53285,            0,            0,            0,    0.6114399,    0.7912909
robot_166
    33.95641,    -9.884394,            0,            0,            0,   -0.6401219,    0.7682733
robot_102
    33.93752,     1.350644,            0,            0,            0,   -0.9355546,    0.3531822
robot_192
   -15.89223,    -26.00042,            0,            0,            0,   0.08883871,     0.996046
robot_179
    22.22126,     13.94402,            0,            0,            0,     -0.86984,     0.493334
robot_142
   -10.41824,     13.99417,            0,            0,            0,   -0.5314731,    0.8470752
robot_1
   -5.756793,    -18.03584,            0,            0,            0,   -0.1545008,    0.9879927
robot_44
    5.926215,    -26.11328,            0,            0,            0,   -0.9005711,    0.4347088
robot_163
   -6.035521,    -4.823084,            0,            0,            0,    -0.891393,    0.4532313
robot_79
    -18.0428,    -31.36887,            0,            0,            0,   -0.6818316,    0.7315091
robot_8
    33.49622,    -1.976694,            0,            0,            0,   -0.6078316,    0.7940659
robot_20
    -26.0336,     38.38732,            0,            0,            0,    0.4644462,    0.8856013
robot_143
   -33.99154,     -13.7169,            0,            0,            0,   -0.8210363,    0.5708761
robot_138
   -18.05268,     19.86095,            0,            0,            0,   -0.9690726,     0.246776
robot_123
    22.02091,     1.855435,            0,            0,            0,    0.1257645,    0.9920601
robot_193
    21.90801,      33.3713,            0,            0,            0,    0.1014538,    0.9948403
robot_187
   -21.83607,    -25.90988,            0,            0,            0,   -0.1123556,    0.9936681
robot_176
   -8.216207,    -1.986797,            0,            0,            0,    0.8258688,    0.5638623
robot_66
   -22.05938,     26.03906,            0,            0,            0,   -0.8889924,    0.4579219
robot_63
    18.38845,     9.973426,            0,            0,            0,    0.9939748,    0.1096093
robot_31
    33.94701,     22.98896,            0,            0,            0,   -0.5466355,    0.8373706
robot_159
    21.94999,       8.1314,            0,            0,            0,     0.913673,    0.4064502
robot_160
   -26.09446,     11.75238,            0,            0,            0,   -0.9214878,    0.3884073
robot_151
   -30.20354,    -22.10155,            0,            0,            0,   -0.8481365,    0.5297778
robot_150
   -1.911569,    -18.18846,            0,            0,            0,    0.9979482,   0.06402581
robot_137
   -10.19409,     37.76767,            0,            0,            0,  -0.06435437,    0.9979271
robot_199
    21.55897,     6.033254,            0,            0,            0,   -0.8122729,    0.5832776
robot_54
   -6.098195,    -12.70435,            0,            0,            0,    0.9414569,    0.3371332
robot_117
    1.658997,     14.04656,            0,            0,            0,    0.6778876,    0.7351656
robot_36
    -6.04222,      8.43102,            0,            0,            0,    0.6046111,    0.7965208
robot_33
     5.55455,    -6.017904,            0,            0,            0,    0.9764059,    0.2159432
robot_146
   -10.07201,     2.991783,            0,            0,            0,    0.5174918,    0.8556882
robot_156
    29.91061,    -9.983568,            0,            0,            0,   -0.9598407,    0.2805455
robot_112
   -10.08579,     6.514621,            0,            0,            0,    0.8645977,    0.5024647
robot_19
   -16.10501,      38.0143,            0,            0,            0,   -0.9999467,   0.01032557
robot_141
   -17.99461,     21.80728,            0,            0,            0,    0.9696145,     0.244638
robot_35
   -9.602734,     17.96425,            0,            0,            0,    0.6919491,    0.7219462
robot_184
   -34.38572,    -21.90342,            0,            0,            0,   -0.9471546,    0.3207774
robot_98
    34.90083,     13.97718,            0,            0,            0,   -0.9982883,   0.05848418
robot_100
    33.92898,     38.00821,            0,            0,            0,    0.6076163,    0.7942307
robot_164
    37.57198,    -13.95951,            0,            0,            0,   -0.9990507,   0.04356196
robot_59
   -26.97845,    -10.01426,            0,            0,            0,   -0.1570174,    0.9875958
robot_144
     -10.034,     32.01051,            0,            0,            0,    0.9742302,    0.2255561
robot_101
   -6.105611,    -37.67954,            0,            0,            0,   -0.2684539,    0.9632925
robot_161
    17.95622,    -20.10758,            0,            0,            0,    0.6325134,    0.7745494
robot_149
    10.17875,    -30.04894,            0,            0,            0,    0.6151443,    0.7884145
robot_86
    25.81317,    -10.01122,            0,            0,            0,   -0.6663482,    0.7456407
robot_191
   -6.043653,    -7.623593,            0,            0,            0,   -0.9437935,    0.3305358
robot_126
    -30.0791,     14.83756,            0,            0,            0,    0.9949057,      0.10081
robot_190
    17.90185,     28.04441,            0,            0,            0,   -0.8061965,    0.5916479
robot_131
    21.89225,     37.87241,            0,            0,            0,    0.9926789,    0.1207831
robot_154
    21.53165,     18.06515,            0,            0,            0, -0.005264328,    0.9999861
robot_9
    30.97296,     5.992174,            0,            0,            0,   -0.9410688,    0.3382151
robot_27
   -20.29857,     38.01067,            0,            0,            0,    0.8343435,    0.5512449
robot_34
    21.91185,    -9.019416,            0,            0,            0,    0.8209044,    0.5710656
robot_114
    30.64498,    -13.99744,            0,            0,            0,    0.7256338,    0.6880811
robot_51
    25.91616,     12.10817,            0,            0,            0,   -0.7164248,    0.6976643
