tuw_multi_robot_msgs::RobotGoalsArray @1970-01-01T01:28:43.400000
frame_id: map
        5323,    400000000
robot_84
   -27.25199,    -6.020509,            0,            0,            0,    0.9975811,    0.0695127
robot_116
   -27.08512,    -34.01623,            0,            0,            0,     0.347578,    0.9376511
robot_74
    13.55761,     13.98135,            0,            0,            0,    0.9313994,    0.3639989
robot_41
   -18.08565,     30.67367,            0,            0,            0,    0.7131609,    0.7010003
robot_125
    29.15541,    -18.01038,            0,            0,            0,   -0.2755005,    0.9613009
robot_136
    -26.0345,     23.44759,            0,            0,            0,     -0.99843,   0.05601294
robot_173
   -30.08836,     12.45915,            0,            0,            0,     0.191723,    0.9814491
robot_67
    17.91523,    -3.287876,            0,            0,            0,    0.1123307,    0.9936709
robot_197
   -5.890351,     10.06767,            0,            0,            0,    0.9042848,    0.4269297
robot_119
   -2.079562,     19.63089,            0,            0,            0,  -0.08299175,    0.9965502
robot_82
   -21.96333,    -10.15428,            0,            0,            0,    0.9594041,    0.2820352
robot_77
   -4.935589,     5.967439,            0,            0,            0,   -0.8308622,    0.5564782
robot_5
    33.92586,    -27.46672,            0,            0,            0,   -0.6280832,    0.7781462
robot_133
      6.5072,      14.0232,            0,            0,            0,     0.998901,   0.04686978
robot_99
   -23.73185,    -18.02049,            0,            0,            0,   -0.9893274,    0.1457096
robot_171
    34.08007,     6.182822,            0,            0,            0,    0.1675994,    0.9858552
robot_180
    9.917995,    -32.60263,            0,            0,            0,    0.6703766,     0.742021
robot_56
   -6.147162,     18.16143,            0,            0,            0,    0.9200485,    0.3918044
robot_3
   -10.07623,    -23.95789,            0,            0,            0,   -0.9835589,    0.1805877
robot_81
   -30.08166,    -24.87588,            0,            0,            0,   -0.1690325,    0.9856105
robot_167
    11.98598,     30.02289,            0,            0,            0,  -0.01497367,    0.9998879
robot_25
     30.0249,    -6.225913,            0,            0,            0,    0.1564367,     0.987688
robot_168
    2.691921,    -29.98391,            0,            0,            0,    0.9835664,    0.1805468
robot_96
    33.95282,    -5.062848,            0,            0,            0,   -0.7367109,    0.6762079
robot_166
   -1.904317,    -18.16125,            0,            0,            0,    0.2024801,    0.9792864
robot_102
   -17.95867,     22.14835,            0,            0,            0,    0.9861212,     0.166027
robot_192
   -30.05323,     25.44627,            0,            0,            0,   -0.5118599,    0.8590689
robot_179
   -5.447749,     22.00742,            0,            0,            0,   -0.9158718,    0.4014708
robot_142
    1.756333,     25.96748,            0,            0,            0,     0.589604,    0.8076925
robot_1
   0.3075493,    -9.986341,            0,            0,            0,    0.3810557,    0.9245521
robot_44
    -26.1322,    -22.07354,            0,            0,            0,   -0.2118089,    0.9773111
robot_163
    14.41856,     30.03308,            0,            0,            0,    0.5143314,    0.8575915
robot_79
   -5.832188,      25.9521,            0,            0,            0,    0.3074655,    0.9515592
robot_8
   -33.61993,    -13.98231,            0,            0,            0,   -0.1654997,    0.9862098
robot_20
   -17.99921,     26.24972,            0,            0,            0,    0.9889941,    0.1479552
robot_143
    35.68056,    -29.99211,            0,            0,            0,    0.5498965,    0.8352328
robot_138
    13.93737,    -35.00688,            0,            0,            0,   -0.9990532,   0.04350512
robot_123
   -21.99887,    -25.81545,            0,            0,            0,   -0.3373319,    0.9413858
robot_193
   -2.102783,     30.11548,            0,            0,            0,   -0.6243503,    0.7811445
robot_187
    -30.0729,    -39.34943,            0,            0,            0,   -0.2433962,     0.969927
robot_176
    9.923373,     -34.7892,            0,            0,            0,    0.9997405,    0.0227782
robot_66
    17.84927,     1.795664,            0,            0,            0,   -0.9363308,    0.3511191
robot_63
    10.96378,     9.969204,            0,            0,            0,    0.9998256,   0.01867699
robot_31
    37.95543,     21.33738,            0,            0,            0,    0.1108771,    0.9938341
robot_159
   -14.04984,    0.5660143,            0,            0,            0,    0.7196945,    0.6942908
robot_160
    29.96931,     1.943036,            0,            0,            0,    0.9727995,    0.2316489
robot_151
    38.14146,     17.89121,            0,            0,            0,   -0.8457546,    0.5335721
robot_150
    33.74168,    -38.12523,            0,            0,            0,   -0.5300112,    0.8479907
robot_137
   -18.20465,    -38.17502,            0,            0,            0,    0.4577973,    0.8890566
robot_199
    29.59055,    -14.02456,            0,            0,            0,    -0.826199,    0.5633784
robot_54
    9.979929,     18.02478,            0,            0,            0,    0.9048242,    0.4257853
robot_117
   -18.48083,     6.077814,            0,            0,            0,    0.9618019,    0.2737464
robot_36
   -22.21905,     38.22225,            0,            0,            0,    0.4530806,    0.8914696
robot_33
    5.947808,    -34.31917,            0,            0,            0,  -0.04696932,    0.9988963
robot_146
   -38.04169,     28.80818,            0,            0,            0,   -0.7975602,    0.6032394
robot_156
   -28.14223,      37.9808,            0,            0,            0,    0.7983917,    0.6021385
robot_112
    37.61028,    -22.05408,            0,            0,            0,    0.9876202,    0.1568639
robot_19
   -6.049272,    -37.47041,            0,            0,            0,    -0.522357,    0.8527269
robot_141
   -21.76431,    -33.99846,            0,            0,            0,    0.4198022,    0.9076156
robot_35
     9.86978,    -18.36442,            0,            0,            0,    0.2506642,    0.9680741
robot_184
   -25.96786,    -17.72119,            0,            0,            0,   -0.1793769,    0.9837804
robot_98
    4.089459,     10.01962,            0,            0,            0,    0.8917164,    0.4525945
robot_100
    -6.06754,    -1.841394,            0,            0,            0,   -0.1045308,    0.9945216
robot_164
    13.95945,      -16.626,            0,            0,            0,   -0.4840405,    0.8750456
robot_59
   -31.66079,    -37.99551,            0,            0,            0,    0.9924105,    0.1229691
robot_144
   -26.02511,     29.95462,            0,            0,            0,   -0.9892494,    0.1462382
robot_101
    19.98792,     2.028654,            0,            0,            0,    -0.138099,    0.9904184
robot_161
    16.10853,    -1.982645,            0,            0,            0,   -0.3928736,    0.9195925
robot_149
   -30.04966,    -15.09455,            0,            0,            0,   -0.1604942,    0.9870368
robot_86
   -18.11614,      13.9966,            0,            0,            0,  -0.01849362,     0.999829
robot_191
   -12.71509,     1.989072,            0,            0,            0,   -0.9332705,    0.3591742
robot_126
    37.85167,     13.70972,            0,            0,            0,   -0.4239565,    0.9056826
robot_190
   -16.46706,     6.031287,            0,            0,            0,    0.9607545,    0.2773999
robot_131
    17.95932,     -10.4353,            0,            0,            0,    0.7612587,    0.6484483
robot_154
   -38.04946,     10.61212,            0,            0,            0,   -0.9821777,    0.1879549
robot_9
   -9.866833,    -5.913158,            0,            0,            0,   -0.2525976,    0.9675714
robot_27
    25.92952,     6.204109,            0,            0,            0,     0.443823,    0.8961145
robot_34
    38.48647,     6.026657,            0,            0,            0,   -0.4066246,    0.9135953
robot_114
    4.198015,    -9.980985,            0,            0,            0,   -0.8538389,    0.5205374
robot_51
    14.91983,     10.02178,            0,            0,            0,    0.9795682,    0.2011124
robot_108
    30.08675,     26.11225,            0,            0,            0,    0.6552266,    0.7554324
robot_147
    34.00186,     22.26668,            0,            0,            0,   -0.9999001,   0.01413529
robot_183
   -18.06892,   -0.3022001,            0,            0,            0,    0.4326159,    0.9015783
robot_48
    22.25079,    -22.01996,            0,            0,            0,   -0.1697338,    0.9854899
robot_60
    9.862168,     34.27439,            0,            0,            0,    0.9852087,    0.1713585
robot_75
    27.93352,    -6.019684,            0,            0,            0,   -0.2320366,    0.9727071
robot_152
   -26.07892,     35.62505,            0,            0,            0,    0.2366689,    0.9715904
robot_26
   -38.09819,    -18.63489,            0,            0,            0,   -0.2133844,    0.9769683
robot_182
   -6.089455,     13.16533,            0,            0,            0,    0.9739566,    0.2267345
robot_172
    13.93423,     28.05681,            0,            0,            0,   -0.9402097,    0.3405962
robot_43
    21.65326,     14.01259,            0,            0,            0,    0.9100883,    0.4144144
robot_170
    7.983569,     6.006696,            0,            0,            0,    0.6825247,    0.7308625
robot_177
    33.89931,    -17.96925,            0,            0,            0,    0.6115819,    0.7911812
robot_80
    6.131169,     10.06237,            0,            0,            0,    0.0812729,    0.9966919
robot_16
    25.92708,    -30.20031,            0,            0,            0,   -0.4477543,    0.8941566
robot_13
   -14.03603,    -3.219196,            0,            0,            0,   0.08657949,    0.9962449
robot_178
    26.21783,     34.07387,            0,            0,            0,    0.7595932,    0.6503985
robot_88
    17.61192,     22.05141,            0,            0,            0,     0.356718,    0.9342121
robot_194
   -34.09115,     20.42965,            0,            0,            0,    0.2210514,    0.9752622
robot_29
   -34.01305,    -1.731726,            0,            0,            0,    0.7082419,    0.7059698
robot_92
    29.72356,     21.97619,            0,            0,            0,    -0.399585,    0.9166962
robot_87
    5.896445,    -30.05557,            0,            0,            0,   -0.4681403,    0.8836541
robot_68
    22.30678,    -14.03772,            0,            0,            0,    0.1490947,    0.9888229
robot_22
    0.598773,    -25.98057,            0,            0,            0,   -0.7958178,    0.6055362
robot_38
    -26.0568,    -14.40275,            0,            0,            0,   -0.7978757,    0.6028221
robot_2
   -1.583397,    -30.04909,            0,            0,            0,   -0.9339926,    0.3572925
robot_110
   -31.06224,    -5.974869,            0,            0,            0,   0.05084106,    0.9987068
robot_14
   -13.59175,     -14.0902,            0,            0,            0,   -0.9708941,    0.2395093
robot_181
    25.84641,     38.15418,            0,            0,            0,    0.8807251,    0.4736278
robot_61
    21.00807,    -9.976336,            0,            0,            0,     0.472789,    0.8811757
robot_30
   -32.52597,    -9.979661,            0,            0,            0,   -0.7754054,    0.6314637
robot_122
    29.47842,     38.05943,            0,            0,            0,   -0.9999236,   0.01235755
robot_132
   -38.11783,     33.95016,            0,            0,            0,   -0.9518058,    0.3067013
robot_45
   -18.07317,    -12.86356,            0,            0,            0,   -0.6819792,    0.7313716
robot_21
    5.903592,     20.81621,            0,            0,            0,   -0.4657882,    0.8848963
robot_39
    -18.0819,        9.983,            0,            0,            0,   -0.9911466,    0.1327718
robot_134
    -36.4454,    -10.00529,            0,            0,            0,    0.7244779,    0.6892981
robot_15
   -30.21823,     1.874423,            0,            0,            0,    0.6135275,    0.7896734
robot_145
    25.93056,     2.455831,            0,            0,            0,  -0.08433808,    0.9964372
robot_140
    -26.0229,     5.929225,            0,            0,            0,    0.8183553,    0.5747127
