tuw_multi_robot_msgs::RobotGoalsArray @1970-01-01T01:40:55
frame_id: map
        6055,            0
robot_84
    5.916337,    -9.745832,            0,            0,            0,   -0.9597233,    0.2809468
robot_116
   -2.079174,     6.818554,            0,            0,            0,    0.5161552,    0.8564951
robot_74
   -10.04619,     32.73933,            0,            0,            0,   -0.8634276,    0.5044728
robot_41
   -10.39567,     14.08848,            0,            0,            0,    -0.460843,    0.8874817
robot_125
    21.64207,    -10.02622,            0,            0,            0,    0.8091261,    0.5876351
robot_136
   -11.39787,    -6.023302,            0,            0,            0,    0.1818602,    0.9833244
robot_173
    31.57347,     38.01611,            0,            0,            0,    0.4024286,    0.9154514
robot_67
   -6.050232,   -0.5310038,            0,            0,            0,    0.1548845,    0.9879326
robot_197
   -30.03944,     8.229553,            0,            0,            0,   -0.9984624,   0.05543333
robot_119
    5.903751,    -39.18316,            0,            0,            0,   -0.4097802,    0.9121843
robot_82
    29.93991,     6.945441,            0,            0,            0,    0.4445798,    0.8957392
robot_77
    20.84082,     34.00498,            0,            0,            0,   0.02680342,    0.9996407
robot_5
   -29.89628,    -14.05339,            0,            0,            0,   0.07485595,    0.9971944
robot_133
   -29.98348,     5.921827,            0,            0,            0,   -0.8762163,     0.481918
robot_99
   -29.92771,    -2.158257,            0,            0,            0,    0.1528199,    0.9882541
robot_171
   -14.09866,     21.84327,            0,            0,            0,    0.4858403,    0.8740476
robot_180
   -2.098095,     19.55064,            0,            0,            0,   -0.7210246,    0.6929095
robot_56
    37.90093,     9.377438,            0,            0,            0,   -0.7265307,     0.687134
robot_3
    25.91009,    -25.52579,            0,            0,            0,    0.5777655,    0.8162028
robot_81
    16.71374,     18.01045,            0,            0,            0,   -0.1274663,    0.9918429
robot_167
   -22.04572,    -24.33264,            0,            0,            0,  -0.03503586,    0.9993861
robot_25
    21.87932,    -18.00166,            0,            0,            0,  -0.01456649,    0.9998939
robot_168
    27.25276,    -21.98909,            0,            0,            0,    0.5073543,    0.8617375
robot_96
    14.16583,     5.970093,            0,            0,            0,   -0.7224839,    0.6913878
robot_166
   -34.05754,    -2.170115,            0,            0,            0,   -0.1375722,    0.9904917
robot_102
   -10.06648,    -13.92753,            0,            0,            0,    0.3484925,    0.9373116
robot_192
   -30.27363,    -25.99954,            0,            0,            0,     0.147457,    0.9890685
robot_179
   -2.532639,     13.92812,            0,            0,            0,    0.1235607,     0.992337
robot_142
   -9.961699,     -33.9932,            0,            0,            0,    0.9081388,    0.4186693
robot_1
   -20.55261,     5.969685,            0,            0,            0,    0.2675642,      0.96354
robot_44
    37.88731,     30.17079,            0,            0,            0,    0.9796834,    0.2005503
robot_163
   -30.03465,     15.43802,            0,            0,            0,   -0.8493841,    0.5277752
robot_79
    -34.0005,     30.18536,            0,            0,            0,    0.9635914,     0.267379
robot_8
    5.468947,     29.98581,            0,            0,            0,   0.05719424,    0.9983631
robot_20
   -22.08795,    -9.530841,            0,            0,            0,    0.2785085,    0.9604338
robot_143
    2.311411,    -13.92887,            0,            0,            0,   -0.9078792,    0.4192318
robot_138
    10.02401,     5.919615,            0,            0,            0,   -0.5994667,    0.8003997
robot_123
    -22.0731,     13.66956,            0,            0,            0,   -0.2124191,    0.9771787
robot_193
    14.35123,     -14.0986,            0,            0,            0,    0.9421006,    0.3353303
robot_187
    38.13291,     14.15985,            0,            0,            0,    0.9990535,   0.04349914
robot_176
   -37.88385,     21.88837,            0,            0,            0,    0.1316594,     0.991295
robot_66
    21.93006,    -21.53957,            0,            0,            0,    0.4675332,    0.8839755
robot_63
   -26.09627,     29.63763,            0,            0,            0,    0.2959826,    0.9551933
robot_31
   -2.187384,    -17.90934,            0,            0,            0,     0.788142,    0.6154935
robot_159
    30.15964,    -29.84341,            0,            0,            0,   -0.2732852,     0.961933
robot_160
    17.96501,      8.47402,            0,            0,            0,   -0.2434908,    0.9699032
robot_151
   -14.32219,    -30.05697,            0,            0,            0,   -0.9783459,    0.2069766
robot_150
    13.47723,    -33.90245,            0,            0,            0,   -0.4694042,    0.8829834
robot_137
   -34.16185,     13.86174,            0,            0,            0,   -0.8086737,    0.5882575
robot_199
    21.35603,    -34.03137,            0,            0,            0,    0.2213417,    0.9751963
robot_54
   -17.94115,    -14.13879,            0,            0,            0,  -0.09358819,     0.995611
robot_117
    19.35887,     1.972734,            0,            0,            0,   -0.6059775,    0.7954818
robot_36
   -25.95248,    -14.11113,            0,            0,            0,   -0.3519832,    0.9360063
robot_33
    -37.9491,     6.154763,            0,            0,            0,   -0.2138822,    0.9768595
robot_146
    21.96192,    -31.26946,            0,            0,            0,   -0.8845373,    0.4664695
robot_156
    9.956732,    -34.05393,            0,            0,            0,   -0.9808933,    0.1945466
robot_112
    6.066424,     22.06971,            0,            0,            0,    0.7552092,    0.6554839
robot_19
    2.027852,     22.36581,            0,            0,            0,    0.5578147,    0.8299655
robot_141
    8.671896,     30.00532,            0,            0,            0,    0.1657109,    0.9861744
robot_35
       9.791,    -14.12211,            0,            0,            0,    0.9410652,    0.3382251
robot_184
   -28.86156,    -18.00983,            0,            0,            0,   -0.3371887,    0.9414371
robot_98
    21.11179,     21.98116,            0,            0,            0,    0.9556085,    0.2946395
robot_100
    29.90532,    -20.88987,            0,            0,            0,     0.307255,    0.9516272
robot_164
    20.36702,     26.01654,            0,            0,            0,   -0.8745076,    0.4850119
robot_59
    38.00125,     25.65937,            0,            0,            0,   -0.6952007,    0.7188157
robot_144
   -26.09292,    -4.072997,            0,            0,            0,    0.9530863,    0.3026988
robot_101
    -5.81978,    -34.08786,            0,            0,            0,     0.836328,    0.5482294
robot_161
    -19.7763,    -25.97682,            0,            0,            0,   -0.5171781,    0.8558778
robot_149
    25.93557,     16.50631,            0,            0,            0,   -0.3289189,    0.9443582
robot_86
   -14.40967,     30.07553,            0,            0,            0,   -0.9991133,   0.04210286
robot_191
    29.95652,     12.95417,            0,            0,            0,   -0.7303505,    0.6830726
robot_126
    33.95262,    -35.65272,            0,            0,            0,    0.6630862,    0.7485431
robot_190
   -18.31815,    -1.929903,            0,            0,            0,     0.776197,    0.6304904
robot_131
   -22.06084,    -4.781941,            0,            0,            0,   -0.9972305,   0.07437315
robot_154
    21.76588,     2.039094,            0,            0,            0,    0.3326546,    0.9430487
robot_9
    9.429504,     17.96742,            0,            0,            0,    0.2108229,    0.9775243
robot_27
   -14.07761,    -9.325809,            0,            0,            0,   -0.7083579,    0.7058534
robot_34
    13.91011,     26.61686,            0,            0,            0,   0.04604136,    0.9989395
robot_114
   -25.25441,      18.0124,            0,            0,            0,   -0.6095814,    0.7927235
robot_51
   -2.233886,    -9.840722,            0,            0,            0,    0.7745528,    0.6325093
robot_108
    33.51467,    -6.051353,            0,            0,            0,   -0.9034782,     0.428634
robot_147
    29.94501,     26.53401,            0,            0,            0,    0.8485474,    0.5291194
robot_183
    25.97475,    -1.816061,            0,            0,            0,   -0.8765247,     0.481357
robot_48
    26.15134,    -13.84662,            0,            0,            0,    0.6745565,    0.7382232
robot_60
   -2.068929,    -7.775202,            0,            0,            0,   0.03793079,    0.9992804
robot_75
   0.2533891,     14.01705,            0,            0,            0,  -0.01168673,    0.9999317
robot_152
   -31.41927,    -9.971431,            0,            0,            0,    0.8781162,    0.4784474
robot_26
   -18.41655,    -10.07096,            0,            0,            0,   -0.9967349,   0.08074381
robot_182
     1.98599,    -30.21659,            0,            0,            0,     0.459801,     0.888022
robot_172
    29.91321,    -10.10169,            0,            0,            0,   -0.2303627,    0.9731048
robot_43
   -34.03128,    -38.07571,            0,            0,            0,    0.7930674,    0.6091339
robot_170
    21.96594,     6.159154,            0,            0,            0,   -0.6342681,    0.7731132
robot_177
    37.99493,    -30.18412,            0,            0,            0,   -0.1684461,    0.9857109
robot_80
    29.90318,     19.97812,            0,            0,            0,   -0.7817584,    0.6235815
robot_16
    36.03243,    -5.990896,            0,            0,            0,  -0.09032569,    0.9959123
robot_13
    33.93306,     9.871047,            0,            0,            0,   -0.7346871,    0.6784061
robot_178
   -28.88998,     1.985891,            0,            0,            0,    0.7898664,     0.613279
robot_88
   -22.16719,    -17.87151,            0,            0,            0,    0.7358445,    0.6771505
robot_194
    34.06522,      29.8157,            0,            0,            0,    0.1767742,    0.9842514
robot_29
    2.112776,     17.86216,            0,            0,            0,   -0.8139539,    0.5809295
robot_92
    2.393886,    -9.947885,            0,            0,            0,    0.6105002,    0.7920161
robot_87
   -31.47398,    -5.972214,            0,            0,            0,    0.9720393,    0.2348184
robot_68
   -26.50958,    -29.92308,            0,            0,            0,   -0.2341147,     0.972209
robot_22
    6.651359,    -14.00676,            0,            0,            0,    0.1314932,    0.9913171
robot_38
   -4.891116,     6.020681,            0,            0,            0,  -0.07790518,    0.9969608
robot_2
   -13.00853,     5.988831,            0,            0,            0,   -0.9732005,    0.2299581
robot_110
   -6.029893,    -9.815775,            0,            0,            0,   0.08257347,     0.996585
robot_14
   -22.11242,     17.88599,            0,            0,            0,   -0.9445936,    0.3282422
robot_181
    27.01115,    -37.99358,            0,            0,            0,    0.4851505,    0.8744307
robot_61
    23.22575,    -13.96988,            0,            0,            0,   0.08379909,    0.9964827
robot_30
    29.93854,    -27.69088,            0,            0,            0,    0.9005156,    0.4348237
robot_122
   -23.69832,     2.032974,            0,            0,            0,   -0.3922298,    0.9198673
robot_132
   -17.84337,     17.85595,            0,            0,            0,   -0.7666671,    0.6420448
robot_45
    34.17162,     33.92622,            0,            0,            0,   -0.5448165,    0.8385553
robot_21
   -15.87016,      6.02383,            0,            0,            0,    0.1457017,    0.9893286
robot_39
    25.67815,     34.07713,            0,            0,            0,   -0.8765303,    0.4813467
robot_134
   -10.07952,    -19.45421,            0,            0,            0,   -0.1374828,    0.9905042
robot_15
   -34.03621,     19.87354,            0,            0,            0,   -0.7994809,    0.6006916
robot_145
   -29.22777,     21.98305,            0,            0,            0,    0.6389298,     0.769265
robot_140
    -5.83977,    -29.89801,            0,            0,            0,    0.7767977,    0.6297502
robot_196
   -18.10907,      21.8942,            0,            0,            0,    0.9856815,     0.168618
robot_188
    18.07107,    -26.01823,            0,            0,            0,   -0.8545257,    0.5194091
robot_4
    29.93363,     35.31765,            0,            0,            0,     0.958226,    0.2860122
robot_155
    21.94348,    -5.437027,            0,            0,            0,     0.784733,    0.6198339
robot_135
    5.965759,     34.08044,            0,            0,            0,   -0.9744866,    0.2244455
robot_93
   -10.29735,    -26.09607,            0,            0,            0,   -0.9624283,    0.2715361
robot_111
    13.94821,     2.963518,            0,            0,            0,   -0.9730077,    0.2307725
robot_0
   -16.02237,     1.977753,            0,            0,            0,    0.4304115,    0.9026328
robot_49
    5.942781,     11.27748,            0,            0,            0,   -0.5602304,    0.8283368
robot_113
    14.36706,     13.97366,            0,            0,            0,  -0.06301851,    0.9980124
robot_94
    23.55166,     14.01342,            0,            0,            0,    -0.970649,    0.2405005
robot_40
   -18.09137,    -32.83754,            0,            0,            0,   -0.8829856,       0.4694
robot_103
   -26.06534,     7.481761,            0,            0,            0,    0.1958869,    0.9806265
robot_6
    -19.3855,     33.99733,            0,            0,            0,    0.4060915,    0.9138324
robot_71
   -22.04089,     20.73091,            0,            0,            0,    -0.892578,     0.450893
robot_17
   -10.34041,     25.93755,            0,            0,            0,    0.9593214,    0.2823161
robot_120
    29.93097,     -18.2825,            0,            0,            0,   -0.6747627,    0.7380347
robot_189
   -31.71428,     34.02731,            0,            0,            0,    0.9878905,    0.1551526
robot_148
   -34.05773,    -8.638961,            0,            0,            0,   -0.9998934,   0.01460209
robot_186
   -6.232424,     17.92878,            0,            0,            0,    0.4350319,    0.9004151
robot_198
    5.985351,    -17.68459,            0,            0,            0,   0.01368066,    0.9999064
robot_107
   -26.27877,     10.04659,            0,            0,            0,  -0.04875889,    0.9988106
robot_18
    17.34879,     5.987298,            0,            0,            0,    -0.900299,    0.4352721
robot_23
    -30.8119,    -21.99876,            0,            0,            0,   -0.7182955,    0.6957382
robot_46
   -20.36284,     10.00944,            0,            0,            0,   -0.7186146,    0.6954085
robot_109
   -6.500811,     29.90444,            0,            0,            0,   -0.6214536,    0.7834509
robot_10
   -30.42688,    -33.99983,            0,            0,            0,    0.7846011,    0.6200009
robot_157
    -29.6033,     34.02392,            0,            0,            0,   -0.9368021,    0.3498596
robot_70
   -18.07229,     36.43369,            0,            0,            0,    0.6992973,     0.714831
robot_55
    5.901894,    -23.85687,            0,            0,            0,    0.1411061,    0.9899945
robot_73
   -30.00877,     29.83186,            0,            0,            0,   -0.2593011,    0.9657965
robot_69
   -14.09306,     3.299537,            0,            0,            0,   -0.9929489,    0.1185433
robot_65
   -37.07622,    -33.98663,            0,            0,            0,   -0.9270462,    0.3749472
robot_124
   -36.77673,     9.967908,            0,            0,            0,   -0.8879789,    0.4598843
robot_115
    17.61549,     26.07205,            0,            0,            0,    0.5115112,    0.8592766
robot_130
    17.90916,    -20.01663,            0,            0,            0,    0.8815393,    0.4721106
robot_85
    16.14644,    -37.96843,            0,            0,            0,    0.9196566,    0.3927234
robot_91
    25.95101,     28.09891,            0,            0,            0,  -0.07223264,    0.9973878
robot_47
   -30.08193,     13.29669,            0,            0,            0,   -0.5110959,    0.8595237
robot_52
   -24.09978,     29.97678,            0,            0,            0,   -0.9913424,    0.1313018
robot_195
     14.9462,    -17.99194,            0,            0,            0,    0.6550547,    0.7555815
robot_72
    9.841231,    -2.095322,            0,            0,            0,    0.7852328,    0.6192007
robot_158
     -2.0615,    -13.61331,            0,            0,            0,   -0.6043818,    0.7966948
robot_153
   -23.45096,     -38.0241,            0,            0,            0,     0.968214,    0.2501231
robot_105
   -6.057255,    -12.70869,            0,            0,            0,    0.8609749,    0.5086474
robot_162
    9.953057,     2.764631,            0,            0,            0,   -0.1547816,    0.9879487
robot_97
   -14.05296,     27.81089,            0,            0,            0,   -0.9998058,   0.01970542
robot_90
    26.17337,    -5.937023,            0,            0,            0,    0.9941434,    0.1080689
robot_165
    19.69382,     -22.0186,            0,            0,            0,   -0.8712778,    0.4907901
robot_42
   -14.90739,    -6.019382,            0,            0,            0,    0.9937084,    0.1119979
robot_7
   -21.91713,     -34.2288,            0,            0,            0,   -0.8041027,    0.5944904
robot_28
    9.228052,    -30.02927,            0,            0,            0,   -0.8787503,    0.4772817
robot_118
   -22.09001,    -7.462892,            0,            0,            0,    0.6966277,    0.7174329
robot_139
    2.012793,    -26.35347,            0,            0,            0,   0.09971593,    0.9950159
robot_129
    33.94648,    -20.19501,            0,            0,            0,    0.9146735,    0.4041936
robot_57
    33.84305,      2.20972,            0,            0,            0,   -0.3595748,    0.9331163
robot_24
   -1.938842,     21.95197,            0,            0,            0,   -0.2216299,    0.9751309
robot_106
   -36.78987,     -10.0034,            0,            0,            0,   -0.7997614,     0.600318
robot_185
    29.53486,     38.06766,            0,            0,            0,   -0.4583965,    0.8887478
robot_174
    29.98813,    -6.197602,            0,            0,            0,   -0.9999831,  0.005816095
robot_58
   -5.832423,    -6.053743,            0,            0,            0,   0.04700627,    0.9988946
robot_12
    13.90198,     37.66436,            0,            0,            0,    0.5352765,    0.8446769
robot_95
    -30.0573,     37.37728,            0,            0,            0,   -0.5635389,    0.8260895
robot_78
    9.606513,    -25.96726,            0,            0,            0,    0.1965115,    0.9805015
robot_62
    37.87579,     17.66355,            0,            0,            0,    0.9983649,   0.05716312
robot_121
    -10.2582,      37.9103,            0,            0,            0,   -0.7418691,    0.6705448
robot_83
    9.488714,    -37.99565,            0,            0,            0,   -0.9824074,    0.1867505
robot_127
   -38.27448,     -29.9258,            0,            0,            0,   -0.3135693,    0.9495653
robot_128
   -26.97568,    -5.991747,            0,            0,            0,    0.4136254,    0.9104472
robot_32
   -25.99347,     1.786901,            0,            0,            0,   -0.9816752,     0.190562
robot_89
   -21.77091,    -13.90752,            0,            0,            0,     0.227153,    0.9738591
robot_11
    21.94685,     28.83181,            0,            0,            0,    0.8785364,    0.4776754
robot_37
    1.887206,    -6.192281,            0,            0,            0,     -0.73942,    0.6732444
robot_175
   -6.946438,    -38.00636,            0,            0,            0,    -0.769501,    0.6386457
robot_50
   -33.71668,    -5.943206,            0,            0,            0,    0.2639061,    0.9645484
robot_64
   -12.51192,     34.02948,            0,            0,            0,  -0.06668722,    0.9977739
robot_76
    5.965637,     8.150243,            0,            0,            0,   -0.9239799,    0.3824411
robot_104
    1.904523,     15.01676,            0,            0,            0,    0.9172819,    0.3982385
robot_169
   -4.935794,     33.99145,            0,            0,            0,   -0.3702872,    0.9289173
robot_53
    18.05474,    -9.866905,            0,            0,            0,   -0.7973707,    0.6034898
