tuw_multi_robot_msgs::RobotGoalsArray @1970-01-01T01:25:47.200000
frame_id: map
        5147,    200000000
robot_84
    33.90658,    -23.87642,            0,            0,            0,     -0.99941,   0.03434521
robot_116
   -33.41915,     33.99856,            0,            0,            0,    0.9494269,    0.3139883
robot_74
    29.93929,     7.700906,            0,            0,            0,   -0.9509281,    0.3094119
robot_41
   -1.956929,     10.05751,            0,            0,            0,   -0.4286474,    0.9034719
robot_125
     38.8886,     21.99602,            0,            0,            0,    0.9468547,    0.3216617
robot_136
   -12.80884,     30.01619,            0,            0,            0,   -0.8764584,    0.4814776
robot_173
    1.646441,      29.9862,            0,            0,            0,   -0.8457938,    0.5335099
robot_67
   -30.07285,     8.913889,            0,            0,            0,    0.9860487,    0.1664568
robot_197
    34.35705,    -18.06512,            0,            0,            0,    0.8763865,    0.4816084
robot_119
    5.906806,     6.595359,            0,            0,            0,    0.9994517,   0.03311078
