tuw_multi_robot_msgs::RobotGoalsArray @1970-01-01T01:48:39.100000
frame_id: map
        6519,    100000000
robot_84
   -22.03618,     12.12746,            0,            0,            0,    0.9795171,    0.2013611
robot_116
    5.930144,     6.516608,            0,            0,            0,    0.7375775,    0.6752625
robot_74
    21.80837,    -13.95279,            0,            0,            0,   -0.4123733,     0.911015
robot_41
   -34.00954,    -34.19526,            0,            0,            0,    0.2451585,     0.969483
robot_125
    5.796724,     21.80953,            0,            0,            0,   -0.9046977,    0.4260541
robot_136
    13.95316,     13.80319,            0,            0,            0,   -0.9804071,    0.1969821
robot_173
   -31.07985,     26.02777,            0,            0,            0,    0.1625087,    0.9867071
robot_67
   -6.083551,     29.15272,            0,            0,            0,    0.8712299,    0.4908751
robot_197
   -30.88037,     33.98055,            0,            0,            0,   -0.9554232,    0.2952397
robot_119
    37.96536,      21.2984,            0,            0,            0,   -0.8663204,    0.4994887
robot_82
    25.94377,     -4.28924,            0,            0,            0,   -0.7265805,    0.6870813
robot_77
   -22.03822,    -6.791084,            0,            0,            0,   -0.8717003,    0.4900394
robot_5
    22.00743,    -21.95557,            0,            0,            0,    0.2022743,    0.9793289
robot_133
    29.63182,    -34.09485,            0,            0,            0,    0.9745622,    0.2241171
robot_99
    9.917997,      37.3553,            0,            0,            0,    0.7287066,     0.684826
robot_171
    13.93244,    -5.221217,            0,            0,            0,    -0.976759,    0.2143406
robot_180
   -18.32744,     26.00054,            0,            0,            0,    0.8374774,    0.5464719
robot_56
    -25.9091,     30.04648,            0,            0,            0,   -0.1393247,    0.9902468
robot_3
    29.91287,    -8.822564,            0,            0,            0,   -0.7932099,    0.6089483
robot_81
   -10.08342,     32.40646,            0,            0,            0,   -0.8940471,     0.447973
