tuw_multi_robot_msgs::RobotGoalsArray @1970-01-01T01:25:15.600000
frame_id: map
        5115,    600000000
robot_84
   -30.35048,    -18.05774,            0,            0,            0,    -0.560764,    0.8279757
robot_116
   -17.86106,     2.153695,            0,            0,            0,    -0.719829,    0.6941514
robot_74
    16.99528,     10.02354,            0,            0,            0,     0.989006,    0.1478754
robot_41
   -24.10866,     10.00598,            0,            0,            0,   -0.7369301,    0.6759689
robot_125
   -14.06344,     23.78123,            0,            0,            0,    0.5844214,    0.8114503
robot_136
    21.90255,    -28.37104,            0,            0,            0,    0.8593519,    0.5113848
robot_173
   -6.041378,     22.43366,            0,            0,            0,  -0.01006797,    0.9999493
robot_67
    29.91255,     17.89048,            0,            0,            0,   -0.5538784,    0.8325976
robot_197
   -24.85564,     -18.0252,            0,            0,            0,     0.940746,    0.3391121
robot_119
    29.98321,     30.13223,            0,            0,            0,    -0.527286,    0.8496879
robot_82
   -10.06483,     6.425696,            0,            0,            0,   -0.9937714,    0.1114383
robot_77
    29.74342,    -13.86239,            0,            0,            0,   -0.9037232,    0.4281172
robot_5
    25.96014,      11.1376,            0,            0,            0,   -0.9947856,    0.1019885
robot_133
    26.11642,       37.884,            0,            0,            0,    0.2185679,    0.9758217
robot_99
   -14.05717,    -20.20295,            0,            0,            0,   0.02161741,    0.9997663
robot_171
    14.12094,     14.05657,            0,            0,            0,   -0.6905632,    0.7232721
robot_180
    6.179417,    -38.04587,            0,            0,            0,   -0.6570541,    0.7538435
robot_56
    -2.09459,    -28.11959,            0,            0,            0,   -0.4260145,    0.9047164
robot_3
     20.4539,     9.995271,            0,            0,            0,  0.002874364,    0.9999959
robot_81
    1.890614,     17.78633,            0,            0,            0,    0.6773887,    0.7356253
robot_167
   -14.03746,    -23.17914,            0,            0,            0,   -0.3229875,    0.9464032
robot_25
   -26.06532,     21.73446,            0,            0,            0,   -0.1343265,    0.9909371
robot_168
    14.15782,     1.854464,            0,            0,            0,    -0.175477,    0.9844835
robot_96
   -14.45791,     38.07954,            0,            0,            0,   -0.3745147,     0.927221
robot_166
   -5.697417,     34.05023,            0,            0,            0,    0.9986892,   0.05118481
robot_102
    25.83262,     14.18299,            0,            0,            0,   -0.9992944,   0.03755815
robot_192
   -33.77546,    -2.054493,            0,            0,            0,    0.9984651,   0.05538436
robot_179
    13.91748,    -13.38258,            0,            0,            0,   -0.9986702,   0.05155495
robot_142
   -17.65121,     21.97908,            0,            0,            0,  -0.08273278,    0.9965718
robot_1
   -7.922194,    -13.97571,            0,            0,            0,    0.9440949,    0.3296739
robot_44
   -6.188236,    -38.01805,            0,            0,            0,    0.8993257,    0.4372794
robot_163
    14.16932,     29.94784,            0,            0,            0,   -0.9495515,    0.3136111
robot_79
   -5.550636,     17.99527,            0,            0,            0,    -0.581605,    0.8134713
robot_8
   -2.252555,    -13.99023,            0,            0,            0,   -0.7099615,    0.7042405
robot_20
    5.735823,    -9.928963,            0,            0,            0,    0.9934049,    0.1146591
robot_143
     21.9173,    -21.41152,            0,            0,            0,   -0.9671024,    0.2543874
robot_138
   -18.05754,    -37.50018,            0,            0,            0,    0.9283243,    0.3717715
robot_123
   -14.04635,    -38.19434,            0,            0,            0,    0.3654152,    0.9308446
robot_193
    25.92869,    -12.12036,            0,            0,            0,    0.9220087,    0.3871691
robot_187
    9.919645,     10.64839,            0,            0,            0,   -0.7092371,      0.70497
robot_176
    5.961572,     2.105634,            0,            0,            0,    -0.692697,    0.7212287
robot_66
    33.85156,     38.04128,            0,            0,            0,   -0.5087467,    0.8609162
robot_63
   -30.34851,     21.93335,            0,            0,            0,   -0.8507352,    0.5255945
robot_31
    33.93235,    -18.92129,            0,            0,            0,    0.5328283,    0.8462234
robot_159
   -10.08658,      17.5087,            0,            0,            0,    0.6339036,    0.7734121
robot_160
   -2.317203,     21.93531,            0,            0,            0,    0.5689427,    0.8223772
robot_151
   -12.37139,     17.97185,            0,            0,            0,    0.9793222,    0.2023067
robot_150
   -17.87061,     30.06296,            0,            0,            0,   -0.8750958,    0.4839498
robot_137
   -9.998368,     1.903254,            0,            0,            0,    0.2230898,    0.9747979
robot_199
    34.00894,    -21.64445,            0,            0,            0,    0.9073869,    0.4202962
robot_54
    6.028517,     10.33886,            0,            0,            0,   -0.8178621,    0.5754143
robot_117
    9.901665,     -14.2792,            0,            0,            0,     0.461496,    0.8871423
robot_36
   -38.08295,    -28.79989,            0,            0,            0,    0.9799677,    0.1991566
robot_33
   -10.40465,      22.0725,            0,            0,            0,     0.462648,     0.886542
robot_146
    23.37241,     -25.9705,            0,            0,            0,   -0.9975226,    0.0703465
robot_156
    25.93161,    -0.216003,            0,            0,            0,   -0.5685077,     0.822678
robot_112
     37.9164,    -32.48679,            0,            0,            0,   -0.2372983,    0.9714368
robot_19
   -10.07473,     -1.62119,            0,            0,            0,    -0.995898,   0.09048342
robot_141
    21.96445,     17.04421,            0,            0,            0,   -0.5728173,    0.8196831
robot_35
   -15.69346,    -30.00579,            0,            0,            0,    0.9855945,    0.1691255
robot_184
    7.078587,    -33.98675,            0,            0,            0,   -0.9910602,    0.1334152
robot_98
    13.91177,    -28.75428,            0,            0,            0,    -0.837881,     0.545853
robot_100
   -22.09142,     24.58497,            0,            0,            0,   -0.5803713,     0.814352
robot_164
   -37.94542,    -10.09406,            0,            0,            0,   -0.3011045,    0.9535912
robot_59
    27.97179,     29.97033,            0,            0,            0,   -0.2769575,    0.9608822
robot_144
    1.960535,    -20.88872,            0,            0,            0,   -0.1368647,    0.9905898
robot_101
   -23.92036,    -22.00255,            0,            0,            0,    0.9408913,    0.3387087
robot_161
   -32.95213,     34.00541,            0,            0,            0,    0.7703402,    0.6376331
robot_149
    1.094083,     -29.9671,            0,            0,            0,   -0.6089911,    0.7931771
robot_86
    -30.7449,     9.972916,            0,            0,            0, -0.006356509,    0.9999798
robot_191
   -29.22052,      18.0103,            0,            0,            0,     0.877622,    0.4793533
robot_126
    18.06047,     2.184099,            0,            0,            0,    0.9484755,    0.3168506
robot_190
   -3.369416,    -18.01275,            0,            0,            0,    0.9885955,    0.1505955
robot_131
    -26.0435,     37.82483,            0,            0,            0,    0.9897619,    0.1427283
robot_154
   -30.06657,     37.28616,            0,            0,            0,    0.9980148,   0.06297925
robot_9
   -10.19523,    -26.16009,            0,            0,            0,    0.9845324,    0.1752027
robot_27
    3.411464,    -33.99784,            0,            0,            0,    0.9824938,    0.1862954
robot_34
    5.954071,    -7.401004,            0,            0,            0,    0.9999998, 0.0006819232
robot_114
   -33.80397,    -26.07263,            0,            0,            0,    0.9998863,   0.01507945
robot_51
    33.96491,     29.01626,            0,            0,            0,   -0.8795171,    0.4758673
robot_108
   -25.77303,     -9.95593,            0,            0,            0,    0.3108894,    0.9504461
robot_147
   -30.09432,    -10.74532,            0,            0,            0,   -0.4212236,    0.9069568
robot_183
     21.8442,    -13.90295,            0,            0,            0,   -0.6809851,    0.7322973
robot_48
   -34.08655,    -11.08927,            0,            0,            0,    0.8452867,    0.5343131
robot_60
   -36.15496,     33.97083,            0,            0,            0,   -0.4763458,     0.879258
robot_75
     13.1307,    -9.986338,            0,            0,            0,   -0.4654442,    0.8850772
robot_152
   -6.008841,     -9.72536,            0,            0,            0,   -0.8919725,    0.4520897
robot_26
   -22.00499,    -9.688604,            0,            0,            0,    0.7099004,    0.7043021
robot_182
    25.84791,    -33.82424,            0,            0,            0,    0.8490509,    0.5283111
robot_172
    21.92371,    -11.78713,            0,            0,            0,   -0.5601737,    0.8283752
robot_43
    29.99849,     14.17155,            0,            0,            0,    0.4352816,    0.9002944
robot_170
    30.41211,    -10.07265,            0,            0,            0,   -0.3781997,     0.925724
robot_177
    8.643541,     22.01828,            0,            0,            0,    -0.419464,     0.907772
robot_80
    25.89716,    -25.65142,            0,            0,            0,   -0.8786478,    0.4774704
robot_16
    5.928002,    -14.79494,            0,            0,            0,   -0.9340292,    0.3571968
robot_13
   -14.07896,      34.7039,            0,            0,            0,    0.3887281,    0.9213525
robot_178
    26.40733,     22.01639,            0,            0,            0,    0.7927095,    0.6095995
robot_88
   -13.27911,     1.973576,            0,            0,            0,    0.3521156,    0.9359565
robot_194
    9.960268,     -29.6735,            0,            0,            0,   -0.1198514,    0.9927918
robot_29
   -30.06795,      5.68581,            0,            0,            0,   -0.8499977,    0.5267863
robot_92
    13.91837,     8.126123,            0,            0,            0,   -0.3422642,    0.9396037
robot_87
    1.916947,    -18.09855,            0,            0,            0,   -0.7050797,     0.709128
robot_68
     33.9544,     4.769596,            0,            0,            0,    0.3300212,    0.9439735
robot_22
   -1.980658,    -6.183589,            0,            0,            0,    0.9974878,   0.07083884
robot_38
   -33.67073,     1.954989,            0,            0,            0,   -0.9761243,    0.2172126
robot_2
   -10.08362,      35.6504,            0,            0,            0,   -0.2924299,     0.956287
robot_110
   -18.04843,    -15.34521,            0,            0,            0,   -0.8547672,    0.5190117
robot_14
    1.786893,     13.80997,            0,            0,            0,    0.9697702,      0.24402
robot_181
    14.12315,    -37.92609,            0,            0,            0,   -0.9468351,    0.3217192
robot_61
    17.71842,    -9.868762,            0,            0,            0,   -0.9106781,    0.4131167
