tuw_multi_robot_msgs::RobotGoalsArray @1970-01-01T01:14:00.900000
frame_id: map
        4440,    900000000
robot_84
    21.67418,     10.02633,            0,            0,            0,    0.9212048,     0.389078
robot_116
    24.31106,     1.983381,            0,            0,            0,   -0.6920308,     0.721868
robot_74
    33.73801,     26.11548,            0,            0,            0,    0.9135459,    0.4067357
robot_41
   -34.24059,    -14.08622,            0,            0,            0,    0.5771194,    0.8166598
robot_125
    1.916314,     21.70045,            0,            0,            0,   -0.9889053,    0.1485474
robot_136
    6.876097,     14.00888,            0,            0,            0,    0.7082693,    0.7059424
robot_173
   -30.08402,     -27.9752,            0,            0,            0,   -0.8662805,    0.4995578
robot_67
    33.90129,     14.96004,            0,            0,            0,    0.2926022,    0.9562343
robot_197
   -29.61861,     14.04071,            0,            0,            0,     0.997634,   0.06874924
robot_119
   -38.07928,    -12.30021,            0,            0,            0,   -0.4387233,    0.8986222
robot_82
   -30.14777,    -6.063499,            0,            0,            0,   -0.9623298,     0.271885
robot_77
   -22.27625,     9.940388,            0,            0,            0,    0.6700918,    0.7422782
robot_5
   -14.46915,     21.97173,            0,            0,            0,    0.9696531,    0.2444849
robot_133
   -5.767052,    -10.02274,            0,            0,            0,    0.6250599,    0.7805768
robot_99
   -20.56569,    -37.99662,            0,            0,            0,   -0.9914752,    0.1302953
robot_171
   -34.04896,    -27.67351,            0,            0,            0,    0.9975876,   0.06941885
robot_180
   -14.19388,     -5.84265,            0,            0,            0,  -0.03325531,    0.9994469
robot_56
   -34.08025,    -34.31796,            0,            0,            0,   -0.5332091,    0.8459835
robot_3
   -2.700295,    -17.97155,            0,            0,            0,    0.9546274,    0.2978028
robot_81
    22.72879,    -10.00133,            0,            0,            0,   -0.9179237,    0.3967568
robot_167
    9.911068,    -24.86351,            0,            0,            0,   -0.8462596,    0.5327707
robot_25
   -29.87297,    -21.94193,            0,            0,            0,    0.7001009,     0.714044
robot_168
    21.88151,    -2.034151,            0,            0,            0,   -0.3686945,    0.9295506
robot_96
    18.14833,    -22.13499,            0,            0,            0,    0.1548305,     0.987941
robot_166
   -22.08246,    -25.55554,            0,            0,            0,   0.05484203,     0.998495
robot_102
   -26.12462,    -25.95494,            0,            0,            0,    0.9671291,    0.2542857
robot_192
    4.399392,       29.996,            0,            0,            0,   -0.4871941,    0.8732937
robot_179
    39.13344,    -22.02566,            0,            0,            0,   -0.9862835,      0.16506
robot_142
    25.91768,     5.384901,            0,            0,            0,    0.2631569,     0.964753
robot_1
    5.929625,    -27.52142,            0,            0,            0,    0.6651611,    0.7466999
robot_44
     19.8211,     34.02934,            0,            0,            0,   0.07183291,    0.9974167
robot_163
    5.919845,    -22.38223,            0,            0,            0,    0.2174336,    0.9760751
robot_79
   -10.04894,     37.35341,            0,            0,            0,    0.5030332,    0.8642671
robot_8
   -21.95053,     22.16569,            0,            0,            0,   -0.7858751,    0.6183853
robot_20
    25.92037,    -32.09718,            0,            0,            0,    0.9861124,    0.1660795
robot_143
     29.9008,    -25.31727,            0,            0,            0,    0.8474165,    0.5309287
robot_138
   -20.54675,    -6.020589,            0,            0,            0,    0.8314601,    0.5555845
robot_123
   -10.11658,    -26.00247,            0,            0,            0,    0.4041179,    0.9147069
robot_193
    25.92829,    -27.73206,            0,            0,            0,   -0.7722493,    0.6353196
robot_187
    9.934886,    -1.159827,            0,            0,            0,    0.6321261,    0.7748655
robot_176
    33.95807,    -9.286497,            0,            0,            0,      0.95813,    0.2863337
robot_66
   -24.56091,      34.0321,            0,            0,            0,    0.8808041,    0.4734808
robot_63
   -23.34663,     29.97383,            0,            0,            0,   -0.7720587,    0.6355513
robot_31
    1.908655,     8.938519,            0,            0,            0,   -0.5764243,    0.8171506
robot_159
    -1.93271,    -30.10932,            0,            0,            0,    -0.251608,    0.9678292
robot_160
    -18.0511,     22.94623,            0,            0,            0,   0.02937194,    0.9995686
robot_151
    17.81856,     13.98458,            0,            0,            0,     0.997828,   0.06587316
robot_150
    1.810831,    -26.19973,            0,            0,            0,    0.7172769,    0.6967882
robot_137
  -0.6044622,    -22.02577,            0,            0,            0,   -0.8110208,    0.5850173
robot_199
    1.928947,    -20.11115,            0,            0,            0,    0.3565757,    0.9342665
robot_54
    18.02366,    -10.12524,            0,            0,            0,    0.4904909,    0.8714463
robot_117
   -10.46149,     34.01127,            0,            0,            0,    0.7255993,    0.6881175
robot_36
    37.98202,     -13.9629,            0,            0,            0,    0.8919297,     0.452174
robot_33
    25.78728,    -18.03981,            0,            0,            0,  0.006440386,    0.9999793
robot_146
   -5.627871,     21.96307,            0,            0,            0,    0.9353384,    0.3537543
robot_156
    25.72841,     25.89111,            0,            0,            0,    0.6008791,    0.7993399
robot_112
     5.95671,    -7.753796,            0,            0,            0,    0.2416927,    0.9703529
robot_19
   -5.649774,     18.04309,            0,            0,            0,    -0.409787,    0.9121813
robot_141
   -2.152628,     13.66781,            0,            0,            0,   -0.5630379,     0.826431
robot_35
   -24.85541,     10.03033,            0,            0,            0,    -0.984191,    0.1771106
robot_184
   -2.366029,     9.955775,            0,            0,            0,     0.949223,     0.314604
robot_98
   -30.87367,     29.99226,            0,            0,            0,   -0.8778072,    0.4790142
robot_100
     9.87293,    -38.17892,            0,            0,            0,   -0.1126783,    0.9936315
robot_164
   -27.36747,    -14.00157,            0,            0,            0,   -0.6753845,    0.7374658
robot_59
    33.97626,     17.77067,            0,            0,            0,    0.8726833,    0.4882866
robot_144
   -13.80637,     18.04999,            0,            0,            0,    -0.208723,    0.9779748
robot_101
    34.09266,     -18.0821,            0,            0,            0,     0.771718,    0.6359649
robot_161
   -38.08276,    -21.80513,            0,            0,            0,    0.4516665,    0.8921868
robot_149
   -22.03598,     14.04288,            0,            0,            0,   -0.8591392,    0.5117419
robot_86
   -36.59222,    -13.99022,            0,            0,            0,    0.2373518,    0.9714238
robot_191
   -22.09282,    -33.54258,            0,            0,            0,    0.8695016,    0.4939301
robot_126
    13.92118,     25.59291,            0,            0,            0,   -0.3402278,     0.940343
robot_190
   -23.14119,    -38.01234,            0,            0,            0,    0.6066977,    0.7949326
robot_131
    9.906931,    -12.26272,            0,            0,            0,   -0.1724631,     0.985016
robot_154
    37.94232,     19.40731,            0,            0,            0,    0.9796173,    0.2008728
robot_9
     14.0615,     17.98567,            0,            0,            0,    0.6232767,    0.7820014
robot_27
    28.00257,    -18.01378,            0,            0,            0,    0.7284182,    0.6851328
robot_34
    -24.1309,    -25.98355,            0,            0,            0,    0.6468213,    0.7626416
robot_114
    33.91351,    -15.06091,            0,            0,            0,     0.872994,    0.4877309
robot_51
    39.26339,     25.98275,            0,            0,            0,   -0.9440219,    0.3298829
