tuw_multi_robot_msgs::RobotGoalsArray @1970-01-01T01:12:04.400000
frame_id: map
        4324,    400000000
robot_84
    21.94129,     20.40979,            0,            0,            0,   -0.1549329,     0.987925
robot_116
    33.94525,    -24.22631,            0,            0,            0,   -0.7759611,    0.6307807
robot_74
    -9.90966,    -14.10062,            0,            0,            0,   0.08086496,    0.9967251
robot_41
    10.03967,    -17.85531,            0,            0,            0,    0.8767606,    0.4809271
robot_125
    21.93066,     8.490569,            0,            0,            0,    -0.374037,    0.9274138
robot_136
    -25.3686,    -14.01541,            0,            0,            0,   -0.3052623,    0.9522683
robot_173
    1.928049,    -16.79652,            0,            0,            0,   -0.1298213,    0.9915374
robot_67
   -6.055709,     22.64141,            0,            0,            0,    0.4761623,    0.8793574
robot_197
   -2.076361,    -28.29345,            0,            0,            0,   -0.9459576,    0.3242902
robot_119
   -12.75093,    -26.01632,            0,            0,            0,   -0.8747325,    0.4846061
robot_82
   -20.25142,    -22.01511,            0,            0,            0,   -0.8124683,    0.5830054
robot_77
    22.08434,    -6.095816,            0,            0,            0,   -0.9052858,    0.4248031
robot_5
   -20.27297,     34.02186,            0,            0,            0,    0.9238364,    0.3827876
robot_133
    17.97436,     30.13638,            0,            0,            0,   -0.8592831,    0.5115003
robot_99
    29.95859,    -19.74406,            0,            0,            0,   -0.9606043,    0.2779197
robot_171
     9.92438,     33.47749,            0,            0,            0,   -0.8618892,    0.5070966
robot_180
   -10.06473,     11.99996,            0,            0,            0,    0.8039666,    0.5946744
robot_56
   -22.70566,     37.99246,            0,            0,            0,    0.9705773,    0.2407897
robot_3
     37.9411,    -24.41008,            0,            0,            0,     0.212141,    0.9772391
robot_81
   -15.90663,    -14.00028,            0,            0,            0,   -0.3908464,    0.9204559
robot_167
    29.80145,     9.869255,            0,            0,            0,    -0.856954,    0.5153928
robot_25
    17.65296,    -14.03153,            0,            0,            0,    0.8926207,    0.4508085
robot_168
   -18.08326,    -23.50882,            0,            0,            0,   -0.9204264,    0.3909158
robot_96
    17.71319,    -9.858441,            0,            0,            0,  -0.06633316,    0.9977975
robot_166
    17.56285,     6.088691,            0,            0,            0,    0.9610968,    0.2762118
robot_102
    22.69868,     13.99452,            0,            0,            0,    0.8863171,    0.4630788
robot_192
   -14.35913,     22.07571,            0,            0,            0,    0.9584813,    0.2851553
robot_179
    39.35168,     22.01792,            0,            0,            0,   -0.7904907,     0.612474
robot_142
    17.90797,     38.03099,            0,            0,            0,   -0.4645413,    0.8855515
robot_1
   -6.153549,      38.1552,            0,            0,            0,    0.9493349,    0.3142662
robot_44
     18.0199,     22.12267,            0,            0,            0,    0.8234138,    0.5674413
robot_163
    3.542711,    -6.013639,            0,            0,            0,    0.9697869,    0.2439536
robot_79
   -11.62064,     38.02569,            0,            0,            0,   -0.9238288,    0.3828059
robot_8
    9.953012,    -28.66651,            0,            0,            0,    0.1507424,    0.9885731
robot_20
    29.93593,     5.416079,            0,            0,            0,    -0.273026,    0.9620067
robot_143
   -9.872062,     -30.0813,            0,            0,            0,    0.9378427,    0.3470607
robot_138
   -21.09187,     14.02671,            0,            0,            0,    0.3907487,    0.9204974
robot_123
   -22.30014,    -37.94229,            0,            0,            0,    0.9682404,    0.2500209
robot_193
   -1.929412,    -18.00213,            0,            0,            0,   -0.3742831,    0.9273145
robot_187
    7.562029,    -18.01219,            0,            0,            0,     0.609527,    0.7927653
robot_176
    21.53888,       5.9077,            0,            0,            0,   -0.7590339,    0.6510511
robot_66
   -9.419666,    -17.99381,            0,            0,            0,   -0.4141845,     0.910193
robot_63
    25.68192,    -33.97786,            0,            0,            0,   0.09991739,    0.9949957
robot_31
    37.95555,    -28.17457,            0,            0,            0,    0.6987671,    0.7153493
robot_159
    7.229405,    -34.00351,            0,            0,            0,    0.7541592,    0.6566917
robot_160
      12.718,    -18.00655,            0,            0,            0,    -0.886308,    0.4630962
robot_151
    4.815401,    -29.97793,            0,            0,            0,   -0.2734676,    0.9618812
robot_150
     33.9185,    -35.26388,            0,            0,            0,    0.4152378,    0.9097129
robot_137
   -34.08283,    -35.09774,            0,            0,            0,    0.1262122,    0.9920033
robot_199
    -13.6718,     14.03199,            0,            0,            0,   -0.9745397,    0.2242152
robot_54
   -14.04055,    -32.25876,            0,            0,            0,   -0.7070056,    0.7072079
robot_117
    25.73469,    -38.05706,            0,            0,            0,   -0.7431071,    0.6691724
robot_36
    -36.3975,    -5.977106,            0,            0,            0,    0.2037663,    0.9790196
robot_33
   -11.76144,     -38.0196,            0,            0,            0,   -0.6063828,    0.7951729
robot_146
   -30.36242,     1.981424,            0,            0,            0,   -0.9318057,    0.3629575
robot_156
    13.94606,     36.01323,            0,            0,            0,    0.8522168,    0.5231888
robot_112
    2.018383,     17.98794,            0,            0,            0,   -0.1921541,    0.9813648
robot_19
    26.00777,     26.28677,            0,            0,            0,   -0.9883444,    0.1522344
robot_141
    10.11144,     38.05313,            0,            0,            0,    0.9965173,   0.08338652
robot_35
   -2.069512,    -13.90758,            0,            0,            0,    0.3697996,    0.9291115
robot_184
    9.715563,     13.92479,            0,            0,            0,    0.6404634,    0.7679887
robot_98
    33.95761,     13.26139,            0,            0,            0,    0.8169715,    0.5766781
robot_100
   -18.73093,     29.97591,            0,            0,            0,   -0.8976008,    0.4408093
robot_164
    1.769169,    -22.10552,            0,            0,            0,    0.8041277,    0.5944566
robot_59
    29.22519,    -29.97924,            0,            0,            0,    0.9850115,    0.1724885
robot_144
    6.299675,     1.905798,            0,            0,            0,    0.9257119,    0.3782294
robot_101
    13.93201,    -33.81787,            0,            0,            0,   -0.8206675,     0.571406
robot_161
   -10.51119,     21.97875,            0,            0,            0,    0.9656679,    0.2597799
robot_149
   -26.10026,     30.09989,            0,            0,            0,   -0.3943905,    0.9189429
robot_86
   -6.176252,       10.071,            0,            0,            0,    -0.545691,    0.8379865
robot_191
   -26.02178,    -1.722899,            0,            0,            0,    0.9969073,   0.07858658
robot_126
    2.417365,    -10.02615,            0,            0,            0,   -0.3914728,    0.9201897
robot_190
   -30.45442,    -1.911019,            0,            0,            0,   0.03149488,    0.9995039
robot_131
   -10.04162,    -23.51707,            0,            0,            0,   -0.5455653,    0.8380683
robot_154
      13.505,    -38.03882,            0,            0,            0,   -0.2113711,    0.9774059
robot_9
    33.93031,     39.21323,            0,            0,            0,    0.7728202,    0.6346251
robot_27
    14.92787,     10.02955,            0,            0,            0,    0.9995226,   0.03089677
robot_34
   -10.06769,    -27.85123,            0,            0,            0,   -0.3763458,    0.9264793
robot_114
   -15.95264,    -26.01567,            0,            0,            0,    0.9074235,    0.4202173
robot_51
    5.961252,    -16.13469,            0,            0,            0,   -0.9162509,    0.4006049
