tuw_multi_robot_msgs::RobotGoalsArray @1970-01-01T01:39:02.400000
frame_id: map
        5942,    400000000
robot_84
   -17.65921,     33.90307,            0,            0,            0,    0.7161728,     0.697923
robot_116
    35.06859,     21.97609,            0,            0,            0,   -0.9562854,     0.292435
robot_74
    7.485013,     37.97096,            0,            0,            0,    0.5085265,    0.8610463
robot_41
    1.847371,     -26.1201,            0,            0,            0,    0.8668146,    0.4986306
robot_125
   -2.135583,     14.19168,            0,            0,            0,    0.5406115,    0.8412723
robot_136
   -19.39451,     17.99359,            0,            0,            0,   -0.6606183,    0.7507219
robot_173
   -17.10852,    -33.97364,            0,            0,            0,   -0.9236237,    0.3833004
robot_67
    2.093381,    -6.025209,            0,            0,            0,   -0.3722073,    0.9281496
robot_197
   -11.43886,    -9.970682,            0,            0,            0,   -0.6657908,    0.7461384
robot_119
   -6.048278,     31.14125,            0,            0,            0,   0.09110538,    0.9958413
robot_82
   -20.43736,    -2.021924,            0,            0,            0,   -0.1375511,    0.9904947
robot_77
    33.90674,    -26.06843,            0,            0,            0,   -0.9851645,    0.1716128
robot_5
    33.88884,    -38.29903,            0,            0,            0,    0.8565476,    0.5160679
robot_133
    -38.0822,     8.516679,            0,            0,            0,    0.5900887,    0.8073384
robot_99
   -27.73165,    -10.02185,            0,            0,            0,   -0.9987772,   0.04943695
robot_171
     6.22204,    -37.98616,            0,            0,            0,   -0.6732254,    0.7394373
robot_180
   -9.179787,    -25.98623,            0,            0,            0,     0.290251,    0.9569506
robot_56
    -18.0638,    -26.61191,            0,            0,            0,   -0.6622776,    0.7492586
robot_3
     25.9361,     9.459568,            0,            0,            0,    0.9693763,    0.2455802
robot_81
   -25.88262,      38.0239,            0,            0,            0,    0.8176172,    0.5757622
robot_167
    10.11821,    -29.93658,            0,            0,            0,    0.8203583,    0.5718499
robot_25
    33.88103,    -5.958542,            0,            0,            0,   -0.8303278,    0.5572753
robot_168
    -22.0616,     37.40868,            0,            0,            0,   -0.9994274,   0.03383455
robot_96
    25.45329,    -14.00928,            0,            0,            0,    0.9704893,    0.2411443
robot_166
    9.908427,     20.68684,            0,            0,            0,   -0.3859502,    0.9225196
robot_102
   -18.15739,    -17.77191,            0,            0,            0,   -0.6009059,    0.7993197
robot_192
    9.937226,     4.994771,            0,            0,            0,   -0.1303243,    0.9914714
robot_179
    3.324467,     25.99077,            0,            0,            0,   -0.2061036,    0.9785302
robot_142
    34.00584,    -22.31262,            0,            0,            0,   -0.6685019,    0.7437104
robot_1
   -14.07206,    -14.19542,            0,            0,            0,    0.8422725,    0.5390521
robot_44
    33.96366,     2.072319,            0,            0,            0,    0.1983419,    0.9801329
robot_163
    22.70686,     38.02179,            0,            0,            0,     0.998879,   0.04733754
robot_79
    36.52174,     26.02362,            0,            0,            0,   -0.9999327,   0.01160296
robot_8
    30.25967,    -26.09485,            0,            0,            0,   -0.8068774,    0.5907189
robot_20
    37.94016,    -13.88979,            0,            0,            0,   -0.6786823,     0.734432
robot_143
    2.321483,    -33.99566,            0,            0,            0,   -0.1311866,    0.9913577
robot_138
   -30.99319,    -10.01354,            0,            0,            0,  -0.09638662,     0.995344
robot_123
   -9.897297,     29.86093,            0,            0,            0,   -0.9775955,    0.2104924
robot_193
    21.78246,     1.984261,            0,            0,            0,    0.3780635,    0.9257797
robot_187
    -14.2957,    -38.09802,            0,            0,            0,   -0.6760467,    0.7368587
robot_176
     2.11517,     13.97705,            0,            0,            0,    0.6737187,    0.7389879
robot_66
     37.9651,     32.40921,            0,            0,            0,    0.7120545,    0.7021241
robot_63
    9.901414,    -26.64211,            0,            0,            0,   -0.5635951,    0.8260512
robot_31
    -25.9188,    -29.80119,            0,            0,            0,    0.4880327,    0.8728253
robot_159
     37.9642,    -23.51243,            0,            0,            0,    0.9999131,   0.01318388
robot_160
    5.954563,      36.6694,            0,            0,            0,    0.9672571,    0.2537985
robot_151
    29.95468,     34.82693,            0,            0,            0,    0.7828254,    0.6222414
robot_150
    -10.5077,    -37.96158,            0,            0,            0,   -0.6549439,    0.7556775
robot_137
   -6.033815,    -18.33225,            0,            0,            0,    -0.680965,     0.732316
robot_199
    12.98211,    -6.025567,            0,            0,            0,   -0.3709392,    0.9286572
robot_54
    -14.0621,     17.73267,            0,            0,            0,   0.05391121,    0.9985457
robot_117
    35.64272,    -18.02304,            0,            0,            0,    0.9798146,    0.1999086
robot_36
    1.855194,     33.67937,            0,            0,            0,    0.9988833,   0.04724602
robot_33
    6.052433,     13.83272,            0,            0,            0,   -0.9675885,    0.2525323
robot_146
   -15.27624,     33.99678,            0,            0,            0,   -0.6606445,    0.7506989
robot_156
     29.5415,    -38.01668,            0,            0,            0,   -0.7728499,    0.6345889
robot_112
     23.2921,     30.02846,            0,            0,            0,   -0.6131843,    0.7899398
robot_19
    29.97423,    -21.98484,            0,            0,            0,    0.2317566,    0.9727738
robot_141
  -0.8429754,     26.01792,            0,            0,            0,    0.1123044,    0.9936739
robot_35
   -33.46415,     5.991803,            0,            0,            0,  -0.04319406,    0.9990667
robot_184
    25.95985,    -11.09224,            0,            0,            0,   -0.4009307,    0.9161084
robot_98
   -18.43003,     6.067833,            0,            0,            0,    0.9641442,    0.2653788
robot_100
    -26.0518,     16.32338,            0,            0,            0,   -0.8381447,    0.5454479
robot_164
    14.28795,     18.01296,            0,            0,            0,    0.9996204,   0.02755276
robot_59
   -18.20193,     14.13829,            0,            0,            0,    0.2110658,    0.9774719
robot_144
    37.96004,    -8.181184,            0,            0,            0,    0.6712268,     0.741252
robot_101
   -30.34294,    -1.929997,            0,            0,            0,   -0.9930332,    0.1178351
robot_161
   -26.01915,    -21.69054,            0,            0,            0,   -0.8910654,     0.453875
robot_149
   -36.29734,     26.03022,            0,            0,            0,   -0.3145289,    0.9492479
robot_86
   -10.03902,     5.812551,            0,            0,            0,    -0.146793,    0.9891672
robot_191
    29.93177,      14.5282,            0,            0,            0,     0.658895,    0.7522349
robot_126
   -16.33256,     21.96981,            0,            0,            0,   -0.9574807,    0.2884972
robot_190
   -18.05937,     1.270994,            0,            0,            0,    0.9998499,   0.01732319
robot_131
    -6.04885,     1.106537,            0,            0,            0,   -0.9997642,   0.02171574
robot_154
   -29.82508,    -6.070011,            0,            0,            0,   -0.3329739,     0.942936
robot_9
    9.926541,      35.6263,            0,            0,            0,   -0.6117651,    0.7910395
robot_27
    18.32199,     34.02871,            0,            0,            0,  -0.08900737,     0.996031
robot_34
   -2.191248,     33.91053,            0,            0,            0,   -0.8021733,    0.5970913
robot_114
    18.00877,    -18.05595,            0,            0,            0,   -0.9996103,   0.02791431
robot_51
    33.94648,     24.16583,            0,            0,            0,    0.6328277,    0.7742927
robot_108
    6.853828,     34.01251,            0,            0,            0,   0.02782696,    0.9996128
robot_147
   -22.15707,    -13.68541,            0,            0,            0,   -0.5718081,    0.8203874
robot_183
   -5.662282,     10.04181,            0,            0,            0,    -0.627799,    0.7783755
robot_48
    13.90435,     11.06803,            0,            0,            0,    -0.942955,    0.3329203
robot_60
    6.209509,     2.081643,            0,            0,            0,  -0.08758602,     0.996157
robot_75
    22.16078,    -33.92947,            0,            0,            0,    0.9483965,    0.3170869
robot_152
   -21.89846,      9.94746,            0,            0,            0,    0.2919766,    0.9564255
robot_26
    24.80387,    -29.97878,            0,            0,            0,   0.09243514,    0.9957187
robot_182
   -4.740936,     6.030258,            0,            0,            0,   -0.5399892,    0.8416719
robot_172
   -31.54686,    -13.99881,            0,            0,            0,    0.1552516,     0.987875
robot_43
    25.96477,    -38.55902,            0,            0,            0,    -0.748895,    0.6626886
robot_170
   -29.59903,    -34.08148,            0,            0,            0,   -0.8564622,    0.5162097
robot_177
   -38.22311,     6.020374,            0,            0,            0,    0.7656827,    0.6432184
robot_80
   -22.08693,      20.6191,            0,            0,            0,    0.6546369,    0.7559435
robot_16
    14.04195,     13.82508,            0,            0,            0,   -0.1947024,    0.9808624
robot_13
    25.95454,     2.957855,            0,            0,            0,    0.2389748,    0.9710258
robot_178
    -18.0463,     26.81683,            0,            0,            0,    0.5168989,    0.8560464
robot_88
    17.48646,      -10.005,            0,            0,            0,    0.2664927,    0.9638369
robot_194
    33.92971,     14.72775,            0,            0,            0,   -0.3294908,    0.9441588
robot_29
   -34.06642,     22.82692,            0,            0,            0,    0.9953963,   0.09584519
robot_92
    18.01253,     -38.0369,            0,            0,            0,    0.9643658,    0.2645727
robot_87
    4.120961,    -21.97527,            0,            0,            0,   -0.9637978,    0.2666341
robot_68
   -6.049383,    -39.43961,            0,            0,            0,   -0.8858799,    0.4639147
robot_22
   -22.03454,    -33.16174,            0,            0,            0,   -0.6251125,    0.7805347
robot_38
    -18.2168,    -1.913367,            0,            0,            0,    0.5456422,    0.8380182
robot_2
   -26.07094,     18.67028,            0,            0,            0,    0.1543019,    0.9880238
robot_110
   -14.53473,    -18.07184,            0,            0,            0,    0.6028316,    0.7978685
robot_14
    21.89081,    -6.137506,            0,            0,            0,    0.9774512,    0.2111614
robot_181
   -29.97116,     38.00407,            0,            0,            0,    -0.997834,    0.0657822
robot_61
    1.954204,    -29.47917,            0,            0,            0,    0.9825972,    0.1857493
robot_30
    13.25007,    -18.01374,            0,            0,            0,    -0.805864,    0.5921007
robot_122
   -30.15268,     21.75482,            0,            0,            0,     0.856912,    0.5154627
robot_132
    12.78954,    -21.99388,            0,            0,            0,    0.6349111,    0.7725852
robot_45
   -38.05737,    -6.812427,            0,            0,            0,   -0.3969412,     0.917844
robot_21
   -5.305878,     13.99275,            0,            0,            0,    0.9338686,    0.3576164
robot_39
    9.928107,     11.18967,            0,            0,            0,   -0.9265465,    0.3761803
robot_134
   -30.07787,    -27.91606,            0,            0,            0,    0.3916621,    0.9201091
robot_15
    25.07597,    -5.999777,            0,            0,            0,   -0.9976924,   0.06789577
robot_145
   -32.49033,    -33.99245,            0,            0,            0,    0.5170238,     0.855971
robot_140
     34.2076,     30.01121,            0,            0,            0,   -0.6699356,    0.7424192
robot_196
     14.1692,     5.906788,            0,            0,            0,    0.9936495,    0.1125194
robot_188
    6.146732,     9.852563,            0,            0,            0,   -0.6783737,    0.7347171
robot_4
   -18.62204,    -21.98832,            0,            0,            0,   -0.6365147,    0.7712646
robot_155
   -30.07533,     35.44964,            0,            0,            0,   0.04763413,    0.9988649
robot_135
   -14.03627,    -35.12697,            0,            0,            0,   0.04874812,    0.9988111
robot_93
    6.383074,    -2.024599,            0,            0,            0,    0.9747711,    0.2232069
robot_111
   -32.60092,    -2.000059,            0,            0,            0,   -0.7538435,     0.657054
robot_0
    1.981632,    -14.20725,            0,            0,            0,   -0.9820984,    0.1883684
robot_49
    8.238501,    -34.02149,            0,            0,            0,     0.945545,    0.3254914
robot_113
    25.47622,    -1.907056,            0,            0,            0,   0.07984323,    0.9968074
robot_94
   -31.62758,     17.99939,            0,            0,            0,  -0.08898672,    0.9960328
robot_40
   -37.75016,    -21.97936,            0,            0,            0,   -0.8217387,    0.5698644
robot_103
   0.9403258,     5.983329,            0,            0,            0,   -0.4926209,     0.870244
robot_6
     9.95435,     26.73302,            0,            0,            0,   -0.2001962,    0.9797558
robot_71
    5.918896,     25.58312,            0,            0,            0,   -0.9267512,    0.3756758
robot_17
    21.92595,    -21.67033,            0,            0,            0,    0.9998549,   0.01703745
robot_120
    38.77618,    -30.02273,            0,            0,            0,   -0.9753356,    0.2207269
robot_189
    25.94643,      14.4924,            0,            0,            0,    0.9199918,    0.3919375
robot_148
    16.98035,    -30.00194,            0,            0,            0,   0.06346122,    0.9979843
robot_186
   -22.07273,    -10.43954,            0,            0,            0,    0.5840497,    0.8117179
robot_198
    25.99791,     33.82951,            0,            0,            0,   -0.4025587,    0.9153942
robot_107
    36.34644,     29.99697,            0,            0,            0,  -0.06338019,    0.9979895
robot_18
    34.42994,    -9.935283,            0,            0,            0,    0.3341672,    0.9425138
robot_23
   -10.04776,   -0.5487256,            0,            0,            0,    0.8008193,    0.5989061
robot_46
   -13.81037,     13.90894,            0,            0,            0,    -0.697442,    0.7166412
robot_109
   -13.17651,     30.00927,            0,            0,            0,    0.3065006,    0.9518705
robot_10
    1.964903,     16.11606,            0,            0,            0,    0.9155503,    0.4022034
robot_157
   -19.96657,     1.970643,            0,            0,            0,    0.9230421,    0.3846989
robot_70
    22.50822,    -13.98896,            0,            0,            0,     -0.97325,    0.2297487
robot_55
   -18.27685,    -37.93539,            0,            0,            0,   -0.9639193,    0.2661948
