tuw_multi_robot_msgs::RobotGoalsArray @1970-01-01T00:55:07.800000
frame_id: map
        3307,    800000000
robot_84
    17.48496,    -14.03632,            0,            0,            0,    0.9994425,   0.03338575
robot_116
   -2.034186,    -20.20088,            0,            0,            0,    0.9279736,    0.3726459
robot_74
   -8.537144,    -38.02007,            0,            0,            0,   -0.9867435,    0.1622879
robot_41
   -10.03924,     21.64719,            0,            0,            0,    0.7728712,    0.6345629
robot_125
   -11.89045,    -1.984767,            0,            0,            0,     0.832127,    0.5545852
robot_136
    13.94368,    -7.610498,            0,            0,            0,    0.6473335,    0.7622069
robot_173
   -14.09115,     17.36731,            0,            0,            0,   0.01400245,     0.999902
robot_67
    30.96028,    -37.99725,            0,            0,            0,    0.5566593,    0.8307409
robot_197
    11.69322,     -22.0216,            0,            0,            0,    0.8477951,    0.5303239
robot_119
    34.14193,    -10.08764,            0,            0,            0,   -0.7010038,    0.7131576
robot_82
   -34.08051,     17.78271,            0,            0,            0,   -0.2362307,     0.971697
robot_77
    37.79927,      26.1697,            0,            0,            0,    0.4750817,    0.8799417
robot_5
    22.03449,    -38.16218,            0,            0,            0,   -0.7533023,    0.6576744
robot_133
   -29.98567,     6.346337,            0,            0,            0,   -0.5330569,    0.8460794
robot_99
    16.79818,     17.99113,            0,            0,            0,      0.46129,    0.8872494
robot_171
   -27.16307,     14.00581,            0,            0,            0,    0.6329403,    0.7742006
robot_180
   -37.98579,     10.24629,            0,            0,            0,    0.4535612,    0.8912251
robot_56
    21.94865,    0.6410318,            0,            0,            0,    0.9929873,     0.118221
robot_3
   -9.919504,    -22.07321,            0,            0,            0,    0.7957876,    0.6055758
robot_81
    21.38624,    -21.96747,            0,            0,            0,    0.9803868,    0.1970833
robot_167
    33.77841,    -37.99528,            0,            0,            0,   -0.1758791,    0.9844118
robot_25
    -30.0295,    -14.12203,            0,            0,            0,   -0.8066666,    0.5910068
robot_168
    28.47528,     10.01513,            0,            0,            0,    0.7899352,    0.6131903
robot_96
    21.82024,     9.918712,            0,            0,            0,   -0.3468098,    0.9379355
robot_166
    23.65456,     37.98564,            0,            0,            0,   -0.8876893,    0.4604429
robot_102
   -33.90414,    -30.08373,            0,            0,            0,    0.5059315,    0.8625737
robot_192
   -11.22437,     9.995073,            0,            0,            0,    0.0729691,    0.9973342
robot_179
    13.69554,    -25.91405,            0,            0,            0,   -0.9611005,     0.276199
robot_142
    13.08891,     6.026041,            0,            0,            0,   -0.1111405,    0.9938047
robot_1
   -22.06051,     23.44202,            0,            0,            0,    0.9390004,    0.3439162
robot_44
    3.703088,     -34.0289,            0,            0,            0,    0.5473288,    0.8369176
robot_163
   -2.185475,     9.932462,            0,            0,            0,   -0.9762549,    0.2166251
robot_79
   -25.90994,     37.95221,            0,            0,            0,    0.2117831,    0.9773167
robot_8
    -1.82437,    -6.092638,            0,            0,            0,   -0.8485503,    0.5291148
robot_20
    5.952277,     7.989897,            0,            0,            0,     -0.25613,    0.9666424
robot_143
   -21.88136,     18.11562,            0,            0,            0,   -0.9953702,   0.09611561
robot_138
    17.93312,     12.32709,            0,            0,            0,    0.1422906,    0.9898249
robot_123
    6.024969,     -13.6621,            0,            0,            0,    0.9920024,    0.1262189
robot_193
    26.19532,     25.98281,            0,            0,            0,   -0.9511001,    0.3088828
robot_187
    31.71115,     26.01773,            0,            0,            0,    0.5091332,    0.8606878
robot_176
   -38.13268,    -33.97729,            0,            0,            0,   -0.7907882,    0.6120899
robot_66
    29.94564,    -33.07773,            0,            0,            0,   -0.9998945,   0.01452658
robot_63
   -14.08644,    -28.28501,            0,            0,            0,   -0.3873835,    0.9219186
robot_31
   -25.76093,     -6.03997,            0,            0,            0,    0.7379939,    0.6748074
robot_159
     39.2663,     18.02969,            0,            0,            0,   -0.7230373,     0.690809
robot_160
   -12.05959,    -34.03215,            0,            0,            0,    0.8515034,    0.5243491
robot_151
    -2.19678,     25.95969,            0,            0,            0,   -0.8904363,    0.4551078
robot_150
    11.31401,    -29.97549,            0,            0,            0,   -0.9942995,    0.1066234
robot_137
   -34.30496,    -18.08615,            0,            0,            0,   -0.9969423,   0.07814147
robot_199
   -17.39092,    -9.973022,            0,            0,            0,     0.229737,    0.9732527
robot_54
   -5.949437,     6.080319,            0,            0,            0,   -0.8635138,    0.5043252
robot_117
   -14.12744,     22.11292,            0,            0,            0,    0.9977446,   0.06712406
robot_36
   -34.03761,     1.839143,            0,            0,            0,    0.9701812,    0.2423808
robot_33
    13.90412,     39.21245,            0,            0,            0,   -0.5599977,    0.8284942
robot_146
    29.91508,       21.683,            0,            0,            0,    0.9999984,   0.00181093
robot_156
   -29.81585,     26.03105,            0,            0,            0,    0.1680047,    0.9857862
robot_112
   -28.86355,     1.968221,            0,            0,            0,    -0.802076,     0.597222
robot_19
   -23.54641,    -5.995369,            0,            0,            0,   -0.1952535,    0.9807528
robot_141
    24.76783,     10.02546,            0,            0,            0,    0.8089442,    0.5878854
robot_35
   -39.61209,     30.02175,            0,            0,            0,    0.8572756,    0.5148578
robot_184
   -6.466397,     21.95894,            0,            0,            0,   0.03746119,    0.9992981
robot_98
   -6.181859,    -29.95614,            0,            0,            0,   -0.7068016,    0.7074118
robot_100
    13.79937,      -22.171,            0,            0,            0,   -0.9538275,    0.3003551
robot_164
    37.92687,    -7.714842,            0,            0,            0,    0.9462603,    0.3234061
robot_59
    6.061911,    -6.049012,            0,            0,            0,    -0.681602,    0.7317231
robot_144
   -2.054223,     27.95486,            0,            0,            0,   -0.9225683,    0.3858337
robot_101
    18.28859,    -29.98451,            0,            0,            0,    0.9122499,    0.4096341
robot_161
     34.0114,    -26.29929,            0,            0,            0,  -0.02570621,    0.9996695
robot_149
    2.910598,     6.013626,            0,            0,            0,   -0.1929585,    0.9812069
robot_86
   -14.95283,    -21.98746,            0,            0,            0,  -0.04016052,    0.9991932
