tuw_multi_robot_msgs::RobotGoalsArray @1970-01-01T00:56:00.800000
frame_id: map
        3360,    800000000
robot_84
   -2.192523,      14.0177,            0,            0,            0,   -0.9623331,    0.2718732
robot_116
   -18.06701,     21.92302,            0,            0,            0,    0.5817775,     0.813348
robot_74
    18.34575,    -30.07742,            0,            0,            0,    0.8396838,    0.5430756
robot_41
   -21.66602,     33.92133,            0,            0,            0,    0.9832391,    0.1823208
robot_125
   -26.03652,     32.86271,            0,            0,            0,   -0.9545957,    0.2979044
robot_136
   -10.23921,    -25.95102,            0,            0,            0,   -0.8102075,    0.5861432
robot_173
   -38.09494,     29.27921,            0,            0,            0,   -0.9991652,   0.04085119
robot_67
    15.78048,      9.97038,            0,            0,            0,    0.7012154,    0.7129494
robot_197
    18.14497,     33.99494,            0,            0,            0,   -0.1303888,    0.9914629
robot_119
   -38.08804,     33.82603,            0,            0,            0,   -0.2871488,     0.957886
robot_82
   -5.014545,     -26.0098,            0,            0,            0,    0.8185475,    0.5744388
robot_77
   -2.101972,     -33.9224,            0,            0,            0,    0.4461401,    0.8949631
robot_5
   -12.74953,     9.975456,            0,            0,            0,   -0.3241535,    0.9460045
robot_133
    4.359601,    -5.990965,            0,            0,            0,    0.9954317,   0.09547679
robot_99
    18.31474,     21.91251,            0,            0,            0,    0.7660077,    0.6428314
robot_171
    37.82147,    -9.818363,            0,            0,            0,    -0.733268,    0.6799397
robot_180
    21.93686,      37.7001,            0,            0,            0,    0.9538894,    0.3001583
robot_56
    5.982267,    -9.787201,            0,            0,            0,   -0.7783042,    0.6278873
robot_3
     33.9672,    -29.98073,            0,            0,            0,    0.5867065,    0.8097996
robot_81
   -2.040809,     17.86678,            0,            0,            0,   -0.5662144,     0.824258
robot_167
   -14.12906,    -21.95685,            0,            0,            0,   -0.4266148,    0.9044334
robot_25
    21.91978,    -14.66974,            0,            0,            0,    0.4938603,    0.8695413
robot_168
    33.90465,      7.64052,            0,            0,            0,   -0.9303016,    0.3667956
robot_96
   -13.63501,    -33.90059,            0,            0,            0,   -0.2718883,    0.9623288
robot_166
    17.95853,    -9.539267,            0,            0,            0,   -0.6583484,    0.7527134
robot_102
   -34.08345,     8.672945,            0,            0,            0,    0.9836818,     0.179917
robot_192
   -38.25614,     6.044372,            0,            0,            0,   -0.7320659,    0.6812338
robot_179
     -2.1708,    -26.20812,            0,            0,            0,    0.3974889,     0.917607
robot_142
   -10.15963,      6.33886,            0,            0,            0,  -0.01830347,    0.9998325
robot_1
   -27.90752,     38.00266,            0,            0,            0,   -0.9702052,    0.2422845
robot_44
    -6.04369,    -5.060076,            0,            0,            0,    -0.936677,    0.3501945
robot_163
    23.12467,     26.02153,            0,            0,            0,    0.9651856,     0.261566
robot_79
   -2.088976,     9.412401,            0,            0,            0,   -0.3493462,    0.9369937
robot_8
    29.96328,     31.44346,            0,            0,            0,    0.9821088,    0.1883146
robot_20
    9.928174,     6.842922,            0,            0,            0,   0.09731529,    0.9952536
robot_143
    20.18505,     10.00918,            0,            0,            0,   -0.5357379,    0.8443843
robot_138
    37.90171,     6.338242,            0,            0,            0,   -0.8261861,    0.5633973
robot_123
    5.601804,     22.01349,            0,            0,            0,    0.1161406,    0.9932328
robot_193
    2.067243,     9.965766,            0,            0,            0,   -0.1169371,    0.9931393
robot_187
    -33.9675,    -22.06528,            0,            0,            0,    0.7709242,    0.6369268
robot_176
    -18.3571,     1.909737,            0,            0,            0,    0.1468967,    0.9891518
robot_66
   -18.06666,    -34.77357,            0,            0,            0,    0.9947961,     0.101886
robot_63
   -25.96526,    -17.87285,            0,            0,            0,    0.5744815,    0.8185175
robot_31
   -8.105861,    -2.031548,            0,            0,            0,    0.2060888,    0.9785333
robot_159
     21.9381,     7.618171,            0,            0,            0,     0.622182,    0.7828727
robot_160
   -17.13944,    -10.01487,            0,            0,            0,    0.2263708,    0.9740412
robot_151
   -1.977447,      -22.206,            0,            0,            0,   -0.6123599,    0.7905791
robot_150
    21.82666,     14.03584,            0,            0,            0,   -0.2285198,    0.9735393
robot_137
   -38.08381,    -33.90034,            0,            0,            0,   -0.7343628,    0.6787571
robot_199
    6.078828,     -14.0118,            0,            0,            0,   -0.9923639,    0.1233445
robot_54
    11.79851,    -18.02954,            0,            0,            0,   -0.6622632,    0.7492713
robot_117
   -18.07251,    -20.42024,            0,            0,            0,   -0.7290276,    0.6844843
robot_36
   -6.090588,    -9.443713,            0,            0,            0,   -0.2669132,    0.9637206
robot_33
    21.95537,    -37.90211,            0,            0,            0,   -0.9530577,    0.3027889
robot_146
    18.06455,    -25.80997,            0,            0,            0,    0.8905018,    0.4549797
robot_156
   -14.01213,     33.88675,            0,            0,            0,    0.3334045,    0.9427839
robot_112
    32.83631,     37.98272,            0,            0,            0,    -0.826245,    0.5633109
robot_19
   -22.11508,     9.786525,            0,            0,            0,    0.1121708,    0.9936889
robot_141
    14.37866,     14.03872,            0,            0,            0,   -0.9652078,     0.261484
robot_35
   -10.08981,     -7.68774,            0,            0,            0,    0.9883606,    0.1521292
robot_184
   -22.07208,    -8.367508,            0,            0,            0,   -0.6480376,    0.7616083
robot_98
    19.71652,     14.03102,            0,            0,            0,  -0.04988595,    0.9987549
robot_100
   -10.01394,     2.110028,            0,            0,            0,    0.8670217,    0.4982704
robot_164
    5.905311,    -39.14037,            0,            0,            0,    0.8879591,    0.4599225
robot_59
    -38.0919,    -19.11624,            0,            0,            0,   -0.2799859,    0.9600041
robot_144
    22.11438,    -18.08531,            0,            0,            0,   -0.7849317,    0.6195823
robot_101
    17.45404,     2.017977,            0,            0,            0,   -0.9997597,   0.02191911
robot_161
    29.49125,    -30.02332,            0,            0,            0,   -0.8292078,    0.5589405
robot_149
  -0.4689804,    -18.00919,            0,            0,            0,     0.131442,    0.9913239
robot_86
    21.91299,    -11.43217,            0,            0,            0,    0.3768926,     0.926257
