tuw_multi_robot_msgs::RobotGoalsArray @1970-01-01T01:47:17.400000
frame_id: map
        6437,    400000000
robot_84
   -8.903647,     14.01485,            0,            0,            0,   -0.8985987,    0.4387714
robot_116
   -32.23408,    -17.98873,            0,            0,            0,    0.9899451,    0.1414524
robot_74
   -23.17705,     10.00565,            0,            0,            0,    0.9909448,    0.1342697
robot_41
    30.90049,     13.99474,            0,            0,            0,    0.8566051,    0.5159725
robot_125
    35.87361,    -22.00508,            0,            0,            0,    0.9991033,   0.04233987
robot_136
    29.70578,    -38.04527,            0,            0,            0,    -0.714414,    0.6997232
robot_173
   -20.85364,     -6.03234,            0,            0,            0,     0.179349,    0.9837855
robot_67
   -26.42435,    -22.03743,            0,            0,            0,   -0.6662157,    0.7457591
robot_197
   -31.50008,     1.981219,            0,            0,            0,   -0.3805254,    0.9247705
robot_119
    -34.0817,     -35.0257,            0,            0,            0,    0.9998665,   0.01634153
robot_82
    9.911853,     9.069426,            0,            0,            0,   -0.6152806,    0.7883082
robot_77
   -34.01772,     14.34832,            0,            0,            0,    0.4860431,    0.8739348
robot_5
    21.95681,     -2.64961,            0,            0,            0,    0.8861712,     0.463358
robot_133
    9.492128,    -34.04337,            0,            0,            0,   -0.8310899,    0.5561381
robot_99
    14.02438,    -18.16212,            0,            0,            0,   -0.8654518,    0.5009923
robot_171
    37.93498,    -12.35142,            0,            0,            0,    0.6213913,    0.7835004
robot_180
   -38.21715,     18.19499,            0,            0,            0,   -0.9534333,    0.3016039
robot_56
   -34.07068,     3.430809,            0,            0,            0,    -0.288092,    0.9576027
robot_3
   -33.61585,     22.07352,            0,            0,            0,   -0.6258106,    0.7799751
robot_81
   -30.03969,    -24.11009,            0,            0,            0,   -0.7581287,     0.652105
