tuw_multi_robot_msgs::RobotGoalsArray @1970-01-01T01:27:20.200000
frame_id: map
        5240,    200000000
robot_84
   -6.103993,     5.948574,            0,            0,            0,   -0.3049877,    0.9523563
robot_116
   -13.97928,    -10.04857,            0,            0,            0,      0.51083,    0.8596817
robot_74
     33.1183,     -5.99045,            0,            0,            0,     0.329859,    0.9440302
robot_41
    26.06864,     17.87413,            0,            0,            0,      0.99982,   0.01897381
robot_125
   -22.04435,    -26.20842,            0,            0,            0,     0.956368,    0.2921647
robot_136
    35.24444,    -21.99492,            0,            0,            0,    0.7487925,    0.6628044
robot_173
   -18.04862,     23.04716,            0,            0,            0,    0.1363886,    0.9906554
robot_67
    -35.7401,     30.00066,            0,            0,            0,  -0.08215459,    0.9966196
robot_197
   -39.46892,     30.03081,            0,            0,            0,   -0.8778993,    0.4788453
robot_119
   -21.66317,    -34.01839,            0,            0,            0,    0.8967817,    0.4424732
robot_82
    37.92185,     30.83056,            0,            0,            0,    0.8149475,    0.5795349
robot_77
    1.914089,    -33.08679,            0,            0,            0,   -0.7702073,    0.6377937
robot_5
     6.05083,      17.9397,            0,            0,            0,   -0.6584682,    0.7526085
robot_133
    38.08501,     17.81025,            0,            0,            0,   -0.4377508,    0.8990964
robot_99
   -9.613929,    -30.02751,            0,            0,            0,    0.8375079,    0.5464252
robot_171
   -14.06503,     6.600115,            0,            0,            0,   -0.4408201,    0.8975955
robot_180
    39.07956,    -14.03237,            0,            0,            0,   -0.2469456,    0.9690293
robot_56
   -30.87915,     5.990943,            0,            0,            0,    0.9863569,    0.1646212
robot_3
    18.11055,     2.098287,            0,            0,            0,   -0.7982311,    0.6023513
robot_81
   -18.05412,    -5.701001,            0,            0,            0,   -0.6674638,    0.7446423
robot_167
    23.27236,    -30.02713,            0,            0,            0,   -0.6844092,    0.7290981
robot_25
    15.47625,    -38.03042,            0,            0,            0,    0.9297039,    0.3683078
robot_168
    -18.2233,    -21.83629,            0,            0,            0,   -0.9716424,    0.2364553
robot_96
   -10.09456,    -38.26433,            0,            0,            0,  -0.09949941,    0.9950376
robot_166
    1.899532,     9.768924,            0,            0,            0,   -0.9696629,    0.2444459
robot_102
    12.97622,    -26.00345,            0,            0,            0,   -0.7576483,    0.6526631
robot_192
   -30.04363,    -14.47586,            0,            0,            0,   -0.9763744,    0.2160856
robot_179
   -9.022867,     34.03074,            0,            0,            0,    0.9695882,    0.2447422
robot_142
    9.877582,    -1.691327,            0,            0,            0,    0.2911066,    0.9566906
robot_1
   -33.13446,    -21.98276,            0,            0,            0,   -0.3477693,    0.9375801
robot_44
    29.80311,    -29.88431,            0,            0,            0,    0.9067037,    0.4217681
robot_163
    34.34284,    -9.939461,            0,            0,            0,   -0.4036963,     0.914893
robot_79
    14.40732,     21.98781,            0,            0,            0,    0.9999795,  0.006405001
robot_8
    9.998859,    -17.89606,            0,            0,            0,    0.9557449,    0.2941966
robot_20
   -2.073792,     22.20049,            0,            0,            0,    0.9936334,    0.1126621
robot_143
    9.909527,    -14.95901,            0,            0,            0,   -0.7660271,    0.6428083
robot_138
   -30.12704,     -1.64355,            0,            0,            0,    0.6503068,    0.7596717
robot_123
    38.02173,     13.79086,            0,            0,            0,   -0.9829782,     0.183722
robot_193
    18.04646,     -33.8553,            0,            0,            0,   -0.6366808,    0.7711275
robot_187
   -37.90879,     18.03128,            0,            0,            0,   -0.4229647,    0.9061462
robot_176
   -26.08167,    -1.156607,            0,            0,            0,   -0.2547007,    0.9670199
robot_66
    29.85487,    -1.846704,            0,            0,            0,    0.2909601,    0.9567352
robot_63
    18.22536,    -25.94277,            0,            0,            0,   -0.2460491,    0.9692574
robot_31
   -2.056406,     -11.8001,            0,            0,            0,   -0.7159489,    0.6981527
robot_159
   -14.11343,    -17.77505,            0,            0,            0,    0.9397098,     0.341973
robot_160
    -4.55092,     22.01119,            0,            0,            0,   -0.9991095,   0.04219205
robot_151
   0.4470485,    -13.97551,            0,            0,            0,  -0.07790879,    0.9969605
robot_150
    25.74331,     30.12242,            0,            0,            0,    0.2824603,     0.959279
robot_137
    20.72492,     26.02014,            0,            0,            0,   -0.9991801,   0.04048662
robot_199
    36.27445,     6.031423,            0,            0,            0,    0.8289918,    0.5592608
robot_54
   -10.65847,     9.985743,            0,            0,            0,    0.9164725,    0.4000978
robot_117
   -17.59034,     34.03197,            0,            0,            0,    0.4263336,     0.904566
robot_36
   -18.14901,    -37.95229,            0,            0,            0,   -0.9594861,     0.281756
robot_33
    17.94715,    -1.824815,            0,            0,            0,     0.817435,    0.5760208
robot_146
    25.93517,    -15.15611,            0,            0,            0,   -0.8305949,     0.556877
robot_156
   -14.05079,     -12.1171,            0,            0,            0,   -0.3894221,    0.9210594
robot_112
    21.91948,     1.765864,            0,            0,            0,   -0.8249245,    0.5652429
robot_19
   -33.76266,    -5.954611,            0,            0,            0,    0.9680493,      0.25076
robot_141
   -38.56665,    -25.91655,            0,            0,            0,    0.9061931,    0.4228641
robot_35
   -35.98006,    -18.03061,            0,            0,            0,   -0.1587078,    0.9873256
robot_184
   -21.86126,     29.90305,            0,            0,            0,   -0.8052367,    0.5929536
robot_98
   -18.14516,     14.01614,            0,            0,            0,   -0.9403273,    0.3402714
robot_100
    10.78986,     -9.98676,            0,            0,            0,    0.2857031,    0.9583182
robot_164
  -0.6825975,    -33.96958,            0,            0,            0,   -0.7749784,    0.6319878
robot_59
    29.48521,     18.05235,            0,            0,            0,    0.1674015,    0.9858888
robot_144
   -34.19863,    -29.88202,            0,            0,            0,    0.4424519,    0.8967923
robot_101
   -13.97191,     18.18411,            0,            0,            0,    0.3838818,    0.9233822
robot_161
   -1.413552,     5.995838,            0,            0,            0,   -0.5591443,    0.8290704
robot_149
   -7.960959,    -2.014638,            0,            0,            0,    0.1286168,    0.9916944
robot_86
    34.06064,    -29.81042,            0,            0,            0,    0.7807703,    0.6248182
robot_191
    26.14505,     2.063337,            0,            0,            0,    -0.693452,    0.7205029
robot_126
   -2.093496,    -22.85351,            0,            0,            0,    0.6716396,    0.7408781
robot_190
    10.24508,     10.02852,            0,            0,            0,     -0.62885,    0.7775266
robot_131
   -25.46912,    -26.00975,            0,            0,            0,    0.9509701,    0.3092828
robot_154
    9.989761,      5.79826,            0,            0,            0,   -0.1201252,    0.9927587
robot_9
   -30.02407,    -34.26288,            0,            0,            0,    0.2564323,    0.9665622
robot_27
   -38.05394,    -12.45669,            0,            0,            0,    0.6349979,    0.7725139
robot_34
    34.39156,     18.01173,            0,            0,            0,    0.9978668,   0.06528268
robot_114
   -18.23277,     10.21518,            0,            0,            0,    0.9306459,     0.365921
robot_51
    17.96101,     8.041721,            0,            0,            0,    0.8925131,    0.4510215
robot_108
    33.94014,     38.41619,            0,            0,            0,   -0.9455726,    0.3254111
robot_147
    2.138437,     18.07119,            0,            0,            0,    0.4036026,    0.9149344
robot_183
    14.99588,     34.01692,            0,            0,            0,    0.7007084,    0.7134478
robot_48
    -10.0972,    -1.543692,            0,            0,            0,   -0.7310727,    0.6822996
robot_60
    33.62307,     9.992582,            0,            0,            0,   -0.3948767,    0.9187341
robot_75
    21.90923,     33.86087,            0,            0,            0,    0.2485834,    0.9686105
robot_152
    32.68405,    -25.98995,            0,            0,            0,   -0.5434859,    0.8394183
robot_26
     -14.004,     13.80415,            0,            0,            0,   -0.4739584,    0.8805472
robot_182
   -30.36606,    -18.03357,            0,            0,            0,   -0.5172074,    0.8558601
robot_172
   -6.047347,    -37.69797,            0,            0,            0,     0.881738,    0.4717394
robot_43
   -10.08678,     26.34099,            0,            0,            0,   -0.6705585,    0.7418567
robot_170
   -21.79583,     33.93913,            0,            0,            0,   -0.2157332,    0.9764524
robot_177
    5.981003,     22.24944,            0,            0,            0,    0.3177139,    0.9481866
robot_80
   -28.84389,    -30.02246,            0,            0,            0,    -0.543375,    0.8394901
robot_16
   -18.27671,    -25.87998,            0,            0,            0,    0.9716264,    0.2365209
robot_13
   -10.03487,     4.277572,            0,            0,            0,   -0.7956543,    0.6057509
robot_178
    -10.0358,    -33.34369,            0,            0,            0,   -0.9329708,    0.3599521
robot_88
   -30.05402,    -20.34543,            0,            0,            0,    0.2506209,    0.9680853
robot_194
    11.41173,     22.00555,            0,            0,            0,    0.7128866,    0.7012794
robot_29
   -33.96989,    -25.67898,            0,            0,            0,    0.5561415,    0.8310876
robot_92
    24.01536,    -34.00186,            0,            0,            0,    0.9880242,    0.1542992
robot_87
   -22.06602,      22.1197,            0,            0,            0,   -0.1856003,    0.9826253
robot_68
    13.31525,     14.02345,            0,            0,            0,   0.07847828,    0.9969158
robot_22
    16.01282,    -18.02114,            0,            0,            0,   -0.8939598,    0.4481471
robot_38
    21.91676,     19.80415,            0,            0,            0,   -0.2652428,    0.9641816
robot_2
   -18.98892,     1.969571,            0,            0,            0,   -0.8638866,    0.5036863
robot_110
    29.53091,    -17.91299,            0,            0,            0,   -0.8899781,    0.4560032
robot_14
    5.812032,    -18.02333,            0,            0,            0,    0.5142594,    0.8576347
robot_181
   -6.078172,     -28.8829,            0,            0,            0,  -0.04467286,    0.9990017
robot_61
    13.94656,     26.49607,            0,            0,            0,    0.4373448,    0.8992939
robot_30
   -22.47963,     17.92707,            0,            0,            0,   -0.2458045,    0.9693194
robot_122
    29.96036,     21.26122,            0,            0,            0,   -0.8933339,    0.4493935
robot_132
   -26.06879,    -31.63752,            0,            0,            0,    0.7906554,    0.6122614
robot_45
     -38.039,    -6.406154,            0,            0,            0,   -0.1806227,    0.9835525
robot_21
   -10.17157,    -18.21153,            0,            0,            0,   -0.2630059,    0.9647942
robot_39
   0.3118542,     30.00178,            0,            0,            0,   -0.2899589,    0.9570391
robot_134
    17.90085,     26.25982,            0,            0,            0,    0.6132418,    0.7898953
robot_15
   -10.03912,    -5.424002,            0,            0,            0,   -0.7987322,    0.6016866
robot_145
    25.90995,    -30.67027,            0,            0,            0,    -0.538871,    0.8423883
robot_140
    30.15078,     14.02855,            0,            0,            0,   -0.7452221,    0.6668164
