tuw_multi_robot_msgs::RobotGoalsArray @1970-01-01T00:55:25.300000
frame_id: map
        3325,    300000000
robot_84
   -22.38244,     25.99548,            0,            0,            0,   -0.2346552,    0.9720787
robot_116
   -35.72243,      -18.027,            0,            0,            0,     0.974196,    0.2257038
robot_74
    22.03641,     2.042558,            0,            0,            0,    0.9931404,    0.1169276
robot_41
    33.96662,    -36.69825,            0,            0,            0,    0.8619159,    0.5070512
robot_125
    29.91664,     27.86221,            0,            0,            0,    0.8016418,    0.5978047
robot_136
   -7.442837,      22.0229,            0,            0,            0,   -0.7213389,    0.6925823
robot_173
   -29.64688,     1.924287,            0,            0,            0,   -0.5459903,    0.8377915
robot_67
   -29.94752,     22.08016,            0,            0,            0,    0.6535567,    0.7568776
robot_197
    5.942295,    -3.699044,            0,            0,            0,   -0.9995475,   0.03007945
robot_119
    37.95565,      26.1492,            0,            0,            0,    0.2464245,     0.969162
robot_82
    9.937376,     -27.2151,            0,            0,            0,    -0.165004,    0.9862929
robot_77
   -34.07324,     8.948911,            0,            0,            0,   -0.6218456,    0.7831399
robot_5
    13.95164,    -1.669013,            0,            0,            0,   -0.9829828,    0.1836979
robot_133
    17.79169,     2.141064,            0,            0,            0,    -0.609845,    0.7925207
robot_99
   -15.49069,     6.025886,            0,            0,            0,   -0.9427022,    0.3336352
robot_171
    33.41891,    -25.98595,            0,            0,            0,   -0.5754355,    0.8178472
robot_180
    6.103288,    -10.10957,            0,            0,            0,    0.4725555,    0.8813009
robot_56
    25.50432,    -37.90732,            0,            0,            0,    0.8906258,     0.454737
robot_3
    -14.2041,     14.18001,            0,            0,            0,   -0.1959896,     0.980606
robot_81
   -14.06713,     18.00795,            0,            0,            0,   -0.4865939,    0.8736283
robot_167
    32.45656,    -34.00579,            0,            0,            0,    0.9636278,    0.2672479
robot_25
    37.91938,    -16.98887,            0,            0,            0,    0.7671551,    0.6414616
robot_168
   -9.987559,    -9.700925,            0,            0,            0,   -0.2909222,    0.9567467
robot_96
    33.92948,    0.1650456,            0,            0,            0,   -0.7701612,    0.6378493
robot_166
   -33.86064,     -34.1144,            0,            0,            0,     0.841793,    0.5398005
robot_102
   -22.05691,    -4.976913,            0,            0,            0,    0.8455489,    0.5338979
robot_192
    29.93709,     6.282277,            0,            0,            0,    0.7380237,    0.6747748
robot_179
   -30.00349,    -30.34731,            0,            0,            0,    0.9770748,    0.2128962
robot_142
   -30.09432,    -24.19923,            0,            0,            0,    0.9998566,   0.01693733
robot_1
    13.92211,     8.567369,            0,            0,            0,   -0.8841824,    0.4671419
robot_44
 -0.04902351,      5.99908,            0,            0,            0,    0.2312523,    0.9728938
robot_163
    24.83402,     26.01374,            0,            0,            0,    0.1662851,    0.9860777
robot_79
    1.659858,     10.05764,            0,            0,            0,    0.5961453,    0.8028765
robot_8
    38.12952,     14.12947,            0,            0,            0,   -0.9691324,     0.246541
robot_20
    -29.7623,     18.09253,            0,            0,            0,    0.8161902,    0.5777833
robot_143
    21.37714,    -25.97233,            0,            0,            0,   -0.6700916,    0.7422784
robot_138
     18.1565,     30.07854,            0,            0,            0,   -0.2365723,    0.9716139
robot_123
   -14.06639,     29.59226,            0,            0,            0,   -0.8975974,    0.4408162
robot_193
   -29.91156,     13.82661,            0,            0,            0,    -0.731198,    0.6821653
robot_187
   -33.87465,    -37.95602,            0,            0,            0,    0.8870796,    0.4616164
robot_176
    29.95087,    0.7795709,            0,            0,            0,   -0.8373677,      0.54664
robot_66
   -14.09424,    -18.37194,            0,            0,            0,   -0.9053478,     0.424671
robot_63
   -19.81455,     5.998982,            0,            0,            0,    0.5298652,    0.8480818
robot_31
    -18.0409,    -26.42622,            0,            0,            0,   -0.9784221,    0.2066159
robot_159
  -0.8036057,     18.02593,            0,            0,            0,   -0.8786883,     0.477396
robot_160
    37.60831,    -22.07384,            0,            0,            0,    0.8331742,    0.5530107
robot_151
    9.904822,      32.7955,            0,            0,            0,    0.2732044,     0.961956
robot_150
    21.91082,    -5.701263,            0,            0,            0,   -0.7495132,    0.6619894
robot_137
   -30.02064,     37.72629,            0,            0,            0,    0.4558996,    0.8900312
robot_199
    -26.0403,    -5.487932,            0,            0,            0,   -0.6845762,    0.7289413
robot_54
   -30.01495,    -2.192141,            0,            0,            0,   -0.8741566,    0.4856442
robot_117
    29.39633,     29.98585,            0,            0,            0,   -0.4907839,    0.8712814
robot_36
       27.76,    -6.017489,            0,            0,            0,    -0.864296,    0.5029835
robot_33
   -18.23314,    -34.15087,            0,            0,            0,    0.9885685,    0.1507724
robot_146
    27.25697,     30.02204,            0,            0,            0,   -0.3728806,    0.9278793
robot_156
     21.1632,    -30.02259,            0,            0,            0,   -0.3750636,    0.9269991
robot_112
    37.41164,     30.00773,            0,            0,            0,   -0.9300479,    0.3674384
robot_19
    29.94592,     3.547493,            0,            0,            0,   -0.5755136,    0.8177922
robot_141
    25.81228,     6.197618,            0,            0,            0,    0.4081223,    0.9129273
robot_35
    21.79187,     14.23103,            0,            0,            0,   -0.4644984,     0.885574
robot_184
     9.91539,    -30.31058,            0,            0,            0,    0.8877018,    0.4604188
robot_98
    21.98757,    -1.690462,            0,            0,            0,    0.3145005,    0.9492573
robot_100
    -18.0725,    -24.39273,            0,            0,            0,    0.9888594,    0.1488524
robot_164
    34.39084,    -34.09677,            0,            0,            0,   -0.8942936,    0.4474808
robot_59
   -9.863653,     38.03788,            0,            0,            0,    0.1827216,    0.9831647
robot_144
   -34.05536,    -8.950982,            0,            0,            0,   -0.7891723,    0.6141719
robot_101
   -25.56335,    -26.02598,            0,            0,            0,    0.1500974,    0.9886712
robot_161
    2.087034,     -10.0102,            0,            0,            0,   -0.7153114,    0.6988058
robot_149
   -26.01563,     26.10483,            0,            0,            0,   -0.5352819,    0.8446734
robot_86
    -22.0477,     13.09503,            0,            0,            0,    0.7447447,    0.6673495
