tuw_multi_robot_msgs::RobotGoalsArray @1970-01-01T01:48:33.700000
frame_id: map
        6513,    700000000
robot_84
    3.821292,    -10.00521,            0,            0,            0,    0.7905821,     0.612356
robot_116
    -14.0553,    -16.68771,            0,            0,            0,   -0.4275806,    0.9039772
robot_74
    25.84083,     21.89488,            0,            0,            0,    0.9998734,   0.01590882
robot_41
    -10.0777,     30.61042,            0,            0,            0,     0.718264,    0.6957706
robot_125
    5.947225,     -11.1854,            0,            0,            0,    0.9223096,    0.3864518
robot_136
    33.69792,    -29.99714,            0,            0,            0,    0.1886682,    0.9820409
robot_173
     8.70763,    -26.01842,            0,            0,            0,    -0.324144,    0.9460078
robot_67
    12.31094,    -37.98003,            0,            0,            0,   -0.6697412,    0.7425946
robot_197
    8.550347,      21.9874,            0,            0,            0,   -0.9858514,    0.1676215
robot_119
     31.3391,    -13.97167,            0,            0,            0,    0.7680135,    0.6404337
robot_82
    6.103576,     14.00738,            0,            0,            0,    0.4051095,    0.9142682
robot_77
    33.93695,     17.24962,            0,            0,            0,    -0.870335,    0.4924601
robot_5
     -34.099,    -37.21533,            0,            0,            0,   -0.9920827,    0.1255865
robot_133
   -23.23484,    -22.01823,            0,            0,            0,    0.8313772,    0.5557085
robot_99
    5.901647,    -29.45719,            0,            0,            0,    0.6434305,    0.7655045
robot_171
    9.672384,    -37.99132,            0,            0,            0,   -0.7061995,    0.7080129
robot_180
     21.9665,     25.16935,            0,            0,            0,   0.03321521,    0.9994482
robot_56
    34.03594,    -13.97636,            0,            0,            0,     0.708621,    0.7055893
robot_3
    18.54913,    -30.02701,            0,            0,            0,    -0.759649,    0.6503333
robot_81
    21.98928,     -30.2711,            0,            0,            0,    0.7495655,    0.6619302
