tuw_multi_robot_msgs::RobotGoalsArray @1970-01-01T01:12:28.900000
frame_id: map
        4348,    900000000
robot_84
     30.2482,    -25.93257,            0,            0,            0,    0.6714756,    0.7410267
robot_116
   -9.467247,      -29.981,            0,            0,            0,    0.9129807,    0.4080027
robot_74
   -33.97678,     25.83309,            0,            0,            0,   -0.5565351,    0.8308241
robot_41
   -26.16117,    -22.00225,            0,            0,            0,    0.8103852,    0.5858974
robot_125
   -38.06254,    -21.59291,            0,            0,            0,    0.1397189,    0.9901912
robot_136
   -1.981238,      26.1722,            0,            0,            0,    0.3003396,    0.9538323
robot_173
    34.41906,     18.01512,            0,            0,            0, -0.001282153,    0.9999992
robot_67
   -30.77046,    -14.00872,            0,            0,            0,    0.6392686,    0.7689835
robot_197
    17.51778,    -2.072061,            0,            0,            0,   -0.9984109,   0.05635244
robot_119
   -14.05976,     17.57359,            0,            0,            0,   -0.9965798,   0.08263594
robot_82
   -1.456161,     29.99995,            0,            0,            0,   -0.9414976,    0.3370197
robot_77
    5.583138,    -22.09663,            0,            0,            0,    0.9821617,    0.1880381
robot_5
   -22.16637,     38.04621,            0,            0,            0,    0.6998645,    0.7142756
robot_133
   -23.60075,    -17.96741,            0,            0,            0,    0.9459758,    0.3242372
robot_99
   -6.458347,    -14.06145,            0,            0,            0,    0.7523483,    0.6587655
robot_171
   -27.75813,     26.01053,            0,            0,            0,   -0.2215352,    0.9751524
robot_180
    21.90074,    -28.54467,            0,            0,            0,    0.8096033,    0.5869775
robot_56
   -14.03762,     20.25396,            0,            0,            0,   -0.1275678,    0.9918298
robot_3
   -32.76338,     -30.0044,            0,            0,            0,    0.5096139,    0.8604032
robot_81
    6.613533,    -37.99936,            0,            0,            0,   -0.7522364,    0.6588933
robot_167
   -23.33914,    -37.98952,            0,            0,            0,    0.9736295,     0.228135
robot_25
   -18.08206,     28.52873,            0,            0,            0,   -0.8117331,    0.5840285
robot_168
     21.8849,     22.02708,            0,            0,            0,    0.3813522,    0.9244298
robot_96
     37.3512,    -25.99019,            0,            0,            0,    0.7229938,    0.6908545
robot_166
    17.90432,     18.36557,            0,            0,            0,   -0.2729967,     0.962015
robot_102
    17.95984,     2.246802,            0,            0,            0,     0.513318,    0.8581985
robot_192
    12.69376,    -37.99725,            0,            0,            0,   -0.1251912,    0.9921326
robot_179
    35.86095,     5.968454,            0,            0,            0,    0.8193239,     0.573331
robot_142
    29.98425,    -1.756793,            0,            0,            0,    0.9984227,    0.0561442
robot_1
    29.90802,    -32.60522,            0,            0,            0,   -0.9549556,    0.2967488
robot_44
   -10.05449,     21.30095,            0,            0,            0,    -0.795286,    0.6062345
robot_163
    29.95896,     28.85651,            0,            0,            0,    0.6489384,    0.7608409
robot_79
    26.29714,    -22.06252,            0,            0,            0,   -0.7345224,    0.6785845
robot_8
   -6.110824,     6.003077,            0,            0,            0,   -0.5653191,    0.8248723
robot_20
   -14.41572,     1.980461,            0,            0,            0,    -0.567158,     0.823609
robot_143
   -26.06823,     -36.0215,            0,            0,            0,    0.2320895,    0.9726944
robot_138
   -21.72305,     18.09775,            0,            0,            0,    0.3321995,    0.9432091
robot_123
    29.93106,     19.23568,            0,            0,            0,   -0.1910783,    0.9815748
robot_193
   -6.107035,    -18.19297,            0,            0,            0,    0.9439469,    0.3300974
robot_187
   -22.09006,     29.30347,            0,            0,            0,   -0.2619383,    0.9650846
robot_176
     22.2977,     37.96575,            0,            0,            0,   -0.1737371,    0.9847921
robot_66
    8.533588,    -21.99731,            0,            0,            0,    0.4939854,    0.8694702
robot_63
    -5.02808,     10.01411,            0,            0,            0,    -0.977455,    0.2111441
robot_31
   -23.20876,    -1.975255,            0,            0,            0,    -0.970748,    0.2401008
robot_159
   -10.04968,     18.36798,            0,            0,            0,  -0.06610613,    0.9978126
robot_160
    15.12683,      29.9898,            0,            0,            0,    0.9967176,   0.08095695
robot_151
    1.952257,     29.64513,            0,            0,            0,    -0.386449,    0.9223108
robot_150
      9.9594,    -12.70134,            0,            0,            0,     0.510161,    0.8600789
robot_137
   -1.253699,    -5.993441,            0,            0,            0,    0.9549332,    0.2968209
robot_199
   -33.03751,    -26.00668,            0,            0,            0,    0.9479847,    0.3183158
robot_54
    29.52369,     33.91758,            0,            0,            0,   -0.4055451,     0.914075
robot_117
   -26.03626,    -30.13431,            0,            0,            0,    0.7724767,    0.6350431
robot_36
   -14.18859,    -10.09404,            0,            0,            0,    0.9997498,   0.02236819
robot_33
    27.85143,     38.00605,            0,            0,            0,     0.857726,    0.5141071
robot_146
   -30.06296,    -32.26285,            0,            0,            0,   -0.9995161,   0.03110588
robot_156
    20.84655,     29.99339,            0,            0,            0,    0.8602797,    0.5098223
robot_112
   -5.787239,     -26.0563,            0,            0,            0,   -0.3111331,    0.9503663
robot_19
    2.294692,     17.95225,            0,            0,            0,   -0.9519825,    0.3061524
robot_141
   -30.06139,   -0.6096422,            0,            0,            0,    -0.286197,    0.9581708
robot_35
  -0.5715976,    -10.00933,            0,            0,            0,   -0.1892985,    0.9819196
robot_184
     25.9455,     5.523999,            0,            0,            0,   -0.1930268,    0.9811935
robot_98
   -34.09954,     6.260599,            0,            0,            0,   -0.8758741,    0.4825397
robot_100
    8.501153,     5.973073,            0,            0,            0,   -0.2800506,    0.9599853
robot_164
   -26.21275,      13.8816,            0,            0,            0,    0.9960649,   0.08862692
robot_59
    31.88598,    -18.01817,            0,            0,            0,   -0.9699416,    0.2433379
robot_144
    7.589755,     9.988974,            0,            0,            0,   -0.8494833,    0.5276155
robot_101
    23.08163,    -21.97692,            0,            0,            0,   -0.8857464,    0.4641694
robot_161
   -27.57245,    -9.993672,            0,            0,            0,    0.6308621,     0.775895
robot_149
    30.92483,    -10.03248,            0,            0,            0,    0.9885568,    0.1508494
robot_86
    29.76428,     26.11251,            0,            0,            0,    0.5165528,    0.8562553
robot_191
    2.112383,     22.13387,            0,            0,            0,    -0.601674,    0.7987418
robot_126
    37.90509,     9.055359,            0,            0,            0,   -0.8844875,    0.4665638
robot_190
   -7.464254,     34.03227,            0,            0,            0,    0.8218385,    0.5697205
robot_131
   -17.82345,     38.09239,            0,            0,            0,    -0.399669,    0.9166595
robot_154
    9.749179,     33.84501,            0,            0,            0,    0.9998751,    0.0158034
robot_9
    33.78278,    -2.192433,            0,            0,            0,   -0.8536047,    0.5209213
robot_27
   -11.85559,    -14.02499,            0,            0,            0,    0.9156903,    0.4018846
robot_34
   -26.12616,    -1.673603,            0,            0,            0,    0.8625081,    0.5060432
robot_114
    25.87342,    -33.90887,            0,            0,            0,   -0.3880761,    0.9216273
robot_51
    23.47398,    -1.978899,            0,            0,            0,   -0.5102818,    0.8600073
