tuw_multi_robot_msgs::RobotGoalsArray @1970-01-01T00:51:44.600000
frame_id: map
        3104,    600000000
robot_84
    5.923394,    -31.23622,            0,            0,            0,   -0.9813654,     0.192151
robot_116
   -18.09665,     13.08716,            0,            0,            0,    0.8806889,     0.473695
robot_74
   -26.07027,    -1.951602,            0,            0,            0,   -0.9998673,   0.01628854
robot_41
   -14.07776,     14.81887,            0,            0,            0,    0.9005163,    0.4348222
robot_125
   -6.227555,    -2.190025,            0,            0,            0,    0.9005836,    0.4346829
robot_136
    9.551227,    -17.99852,            0,            0,            0,    0.5904639,    0.8070641
robot_173
   -26.22826,     22.00274,            0,            0,            0,    0.9425842,    0.3339687
robot_67
    25.93617,    -15.53455,            0,            0,            0,    -0.961541,    0.2746614
robot_197
    14.03661,     37.88853,            0,            0,            0,     0.683846,    0.7296263
robot_119
    21.66966,     33.91161,            0,            0,            0,   -0.2596142,    0.9657124
robot_82
    30.29623,    -30.00989,            0,            0,            0,    0.9970712,   0.07647902
robot_77
   -34.05396,    -36.94073,            0,            0,            0,    0.9511057,    0.3088655
robot_5
   -37.92246,    -13.77453,            0,            0,            0,    0.8772749,    0.4799883
robot_133
   -22.07146,     -26.1868,            0,            0,            0,   -0.7580918,    0.6521479
robot_99
    23.48468,    -2.003574,            0,            0,            0,   -0.9424164,    0.3344417
robot_171
    1.903652,    -33.63352,            0,            0,            0,   -0.7674389,    0.6411221
robot_180
    17.80437,     1.803762,            0,            0,            0,     -0.22815,     0.973626
robot_56
    -26.5161,     1.917271,            0,            0,            0,  0.007410945,    0.9999725
robot_3
   -22.09015,    -21.36974,            0,            0,            0,    0.4576285,    0.8891435
robot_81
    17.90407,    -32.74275,            0,            0,            0,   -0.8369124,    0.5473369
robot_167
    8.934142,     10.01755,            0,            0,            0,    0.7171987,    0.6968688
robot_25
    5.963136,    -12.73333,            0,            0,            0,    0.7990417,    0.6012756
robot_168
    25.92668,     30.93937,            0,            0,            0,    0.6311057,    0.7756968
robot_96
    27.75497,     -6.00646,            0,            0,            0,   0.05832848,    0.9982974
robot_166
   -5.782641,     26.00369,            0,            0,            0,   -0.8867609,    0.4622285
robot_102
   -29.77116,    -14.02728,            0,            0,            0,    0.8868834,    0.4619932
robot_192
    1.985904,     17.96449,            0,            0,            0,   -0.6373801,    0.7705495
robot_179
   -18.03768,    -18.83499,            0,            0,            0,   -0.5225946,    0.8525813
robot_142
    33.94097,     5.378253,            0,            0,            0,    0.9570697,    0.2898579
robot_1
    -18.0665,    -30.05878,            0,            0,            0,     0.723089,    0.6907549
robot_44
   -12.30845,    -26.01948,            0,            0,            0,   -0.9712436,    0.2380879
robot_163
    21.94516,     31.63069,            0,            0,            0,    0.8996688,    0.4365731
robot_79
   -9.348555,     29.97565,            0,            0,            0,   -0.9857784,    0.1680506
robot_8
   -21.01299,     -34.0066,            0,            0,            0,    0.7138046,    0.7003449
robot_20
   -10.22986,    -17.88746,            0,            0,            0,   -0.9130383,    0.4078739
robot_143
     33.9622,    -36.41333,            0,            0,            0,   -0.9631705,    0.2688914
robot_138
    15.94965,    -13.98211,            0,            0,            0,   -0.1817141,    0.9833514
robot_123
   -14.74768,     21.97304,            0,            0,            0,    0.7045159,    0.7096882
robot_193
    6.461312,      25.9835,            0,            0,            0,    -0.904021,    0.4274881
robot_187
   -33.97119,    -25.69803,            0,            0,            0,  -0.02883234,    0.9995843
robot_176
   -18.09534,    -26.45309,            0,            0,            0,   -0.8329469,    0.5533529
robot_66
   -6.136036,     37.81314,            0,            0,            0,   -0.3859802,    0.9225071
robot_63
   -10.06085,    -38.75822,            0,            0,            0,    0.9109661,    0.4124813
robot_31
    33.94498,     8.790907,            0,            0,            0,    0.9351524,    0.3542458
robot_159
    11.84189,     21.98577,            0,            0,            0,   -0.8884802,    0.4589149
robot_160
    14.07139,      22.0965,            0,            0,            0,   -0.6277437,    0.7784201
robot_151
    30.37106,    -13.94929,            0,            0,            0,   -0.9989442,   0.04594068
robot_150
    37.74067,     9.955719,            0,            0,            0,   -0.4358507,     0.900019
robot_137
    34.92632,     34.02621,            0,            0,            0,   -0.9595652,    0.2814864
robot_199
    7.131336,    -37.97116,            0,            0,            0,    0.1282483,    0.9917421
robot_54
   -6.394616,    -37.98932,            0,            0,            0,   -0.8188277,    0.5740394
robot_117
    27.86105,    -26.02726,            0,            0,            0,   -0.9285292,    0.3712593
robot_36
   -6.092104,     23.35145,            0,            0,            0,    -0.975374,    0.2205575
robot_33
    10.36907,    -37.94674,            0,            0,            0,   -0.6497194,    0.7601741
robot_146
    14.35867,    -18.09759,            0,            0,            0,    0.9218844,    0.3874651
robot_156
   -21.57391,     -1.97898,            0,            0,            0,   -0.5064997,    0.8622401
robot_112
    4.796968,     17.99459,            0,            0,            0,  0.007106932,    0.9999747
robot_19
    37.92198,     33.46572,            0,            0,            0,    0.1812919,    0.9834293
robot_141
    10.41571,     33.95216,            0,            0,            0,   -0.5814908,     0.813553
robot_35
    5.943025,      33.7161,            0,            0,            0,    0.9273996,    0.3740721
