tuw_multi_robot_msgs::RobotGoalsArray @1970-01-01T01:40:50.400000
frame_id: map
        6050,    400000000
robot_84
    37.28593,     29.99663,            0,            0,            0,   -0.3149361,    0.9491129
robot_116
   -14.13355,     25.89222,            0,            0,            0,    0.1744042,    0.9846741
robot_74
    34.11347,    -14.07015,            0,            0,            0,   -0.4847315,     0.874663
robot_41
    21.96546,    -6.134263,            0,            0,            0,   -0.7826223,    0.6224969
robot_125
   -9.980714,    -14.31915,            0,            0,            0,    0.9742149,    0.2256221
robot_136
    -14.4393,    -6.069839,            0,            0,            0,   -0.1190493,    0.9928883
robot_173
   -26.09518,     9.738757,            0,            0,            0,   -0.1665024,    0.9860411
robot_67
   -18.07504,      2.43107,            0,            0,            0,   -0.3087903,    0.9511302
robot_197
   -5.578896,    -14.05829,            0,            0,            0,    0.6837055,     0.729758
robot_119
     37.8738,     -29.7861,            0,            0,            0,    0.8419044,    0.5396266
robot_82
    32.96876,     -6.03202,            0,            0,            0,    0.8426914,    0.5383969
robot_77
   -30.06716,    -11.15506,            0,            0,            0,   -0.4180324,    0.9084321
robot_5
   -14.16576,     -22.2662,            0,            0,            0,    0.8644332,    0.5027477
robot_133
   -19.48905,     14.02979,            0,            0,            0,   -0.7731982,    0.6341644
robot_99
    6.502219,     33.99958,            0,            0,            0,     0.248822,    0.9685492
robot_171
   -22.27928,    -26.15859,            0,            0,            0,    0.1734875,    0.9848361
robot_180
   -25.48787,    -9.994561,            0,            0,            0,    0.1110448,    0.9938154
robot_56
     -26.094,     31.70282,            0,            0,            0,    0.8691929,    0.4944731
robot_3
     27.0384,    -21.99354,            0,            0,            0,    0.6718736,    0.7406658
robot_81
    21.89371,      9.67794,            0,            0,            0,   -0.9922759,    0.1240507
robot_167
   -26.08012,    -3.635333,            0,            0,            0,    -0.253816,    0.9672525
robot_25
   -10.04747,     27.80789,            0,            0,            0,   -0.9464816,    0.3227577
robot_168
   -14.51452,    -18.03229,            0,            0,            0,   -0.9968189,   0.07969968
robot_96
   -14.05763,     14.56241,            0,            0,            0,   0.09681533,    0.9953024
robot_166
    3.052693,    -33.98214,            0,            0,            0,   -0.9577064,    0.2877472
robot_102
    39.36693,     29.99136,            0,            0,            0,    0.8197092,    0.5727798
robot_192
    38.41788,    -18.08229,            0,            0,            0,    0.5341117,    0.8454139
robot_179
   -30.08762,     10.21734,            0,            0,            0,    0.8840832,    0.4673295
robot_142
    25.86654,      25.7704,            0,            0,            0,   -0.8717448,    0.4899602
robot_1
   -15.90386,      33.9834,            0,            0,            0,   -0.7115093,    0.7026766
robot_44
    13.82986,     21.92689,            0,            0,            0,    0.9963315,   0.08557806
robot_163
    35.77643,    -6.032469,            0,            0,            0,    0.9221549,    0.3868208
robot_79
   -35.46956,    -17.97284,            0,            0,            0,   -0.2091025,    0.9778937
robot_8
   -6.102893,    -22.06067,            0,            0,            0,   -0.7849944,    0.6195029
robot_20
   -14.06365,    -35.07822,            0,            0,            0,    -0.825237,    0.5647866
robot_143
    -26.0886,     29.43968,            0,            0,            0,    0.5601485,    0.8283922
robot_138
    29.93222,     18.62941,            0,            0,            0,   -0.7899705,    0.6131449
robot_123
   -18.09435,    -19.36966,            0,            0,            0,    -0.999927,   0.01208098
robot_193
   -22.07012,     17.46535,            0,            0,            0,    0.7738625,    0.6333537
robot_187
    5.912961,     17.86135,            0,            0,            0,  -0.06486097,    0.9978943
robot_176
   -26.09667,    -38.67291,            0,            0,            0,     0.970094,    0.2427294
robot_66
    13.07087,     1.990394,            0,            0,            0,   -0.9731686,    0.2300931
robot_63
   -37.70281,    -10.02833,            0,            0,            0,   -0.4770884,    0.8788553
robot_31
   -18.05642,     38.23045,            0,            0,            0,   -0.8180901,    0.5750901
robot_159
    24.20575,     9.969675,            0,            0,            0,   -0.5743751,    0.8185922
robot_160
   -2.172351,    -18.09114,            0,            0,            0,   -0.5960503,    0.8029471
robot_151
   -23.85042,     9.989199,            0,            0,            0,      0.32412,     0.946016
robot_150
   -5.954184,     26.14788,            0,            0,            0,    0.3977436,    0.9174966
robot_137
    15.83672,    -13.98661,            0,            0,            0,   -0.5940016,    0.8044638
robot_199
   -30.70704,     1.996495,            0,            0,            0,   -0.7893767,    0.6139092
robot_54
    37.92913,    -12.88687,            0,            0,            0,    0.3471982,    0.9377918
robot_117
    23.34375,     13.97394,            0,            0,            0,   -0.1489158,    0.9888499
robot_36
   -14.11107,    -10.27701,            0,            0,            0,    0.6028075,    0.7978866
robot_33
  -0.4715523,    -34.00001,            0,            0,            0,    0.8262842,    0.5632535
robot_146
     23.0687,     18.03241,            0,            0,            0,    0.2200189,    0.9754956
robot_156
    30.40491,     33.90166,            0,            0,            0,    0.3683223,    0.9296982
robot_112
    31.18418,    -25.98859,            0,            0,            0,   -0.9900451,    0.1407503
robot_19
   -10.05711,     17.71733,            0,            0,            0,   -0.7655854,    0.6433343
robot_141
    13.92432,     5.752497,            0,            0,            0,    0.7819361,    0.6233587
robot_35
   -35.96919,    -30.00409,            0,            0,            0,   -0.3704065,    0.9288698
robot_184
    14.83518,     -17.9792,            0,            0,            0,   -0.9993401,   0.03632327
robot_98
    29.01572,     13.99229,            0,            0,            0,    0.9919388,    0.1267182
robot_100
   -13.97407,      18.2795,            0,            0,            0,    0.8368469,    0.5474371
robot_164
    1.936229,    -19.41583,            0,            0,            0,   -0.9275032,    0.3738152
robot_59
    11.45859,    -1.983193,            0,            0,            0,    0.9974535,   0.07131992
robot_144
   -26.05606,    -35.48179,            0,            0,            0,    0.4841248,    0.8749989
robot_101
   -34.05242,    -1.622017,            0,            0,            0,    0.3947155,    0.9188034
robot_161
   -21.76854,    -14.00522,            0,            0,            0,   -0.4476542,    0.8942068
robot_149
    -17.9931,    -30.20834,            0,            0,            0,   -0.4983694,    0.8669648
robot_86
   -30.06528,     29.39446,            0,            0,            0,  0.009580482,    0.9999541
robot_191
  -0.7815185,     18.01723,            0,            0,            0,    0.8695508,    0.4938436
robot_126
    11.77571,    -29.96789,            0,            0,            0,   -0.2207216,    0.9753369
robot_190
   -13.13936,    -1.974726,            0,            0,            0,    0.9990488,     0.043607
robot_131
   -38.07675,      11.3908,            0,            0,            0,    0.4237015,    0.9058019
robot_154
    -26.4549,      25.9747,            0,            0,            0,    0.6914982,    0.7223782
robot_9
   -10.08582,     35.89496,            0,            0,            0,    0.2615272,    0.9651961
robot_27
    25.93591,     20.22433,            0,            0,            0,   -0.8248568,    0.5653417
robot_34
   -22.04876,    -32.20918,            0,            0,            0,   -0.3528245,    0.9356895
robot_114
      21.924,    -28.61736,            0,            0,            0,     0.372078,    0.9282015
robot_51
   -39.50616,     30.01929,            0,            0,            0,    0.9991729,   0.04066228
robot_108
     28.0402,     5.981594,            0,            0,            0,    0.9998153,   0.01921964
robot_147
    6.156651,     5.988588,            0,            0,            0,   -0.6961788,    0.7178684
robot_183
    6.318147,     1.909581,            0,            0,            0,   -0.5667547,    0.8238866
robot_48
   -10.06853,    -31.92531,            0,            0,            0,   -0.4066486,    0.9135847
robot_60
    31.47217,    -1.976121,            0,            0,            0,  -0.02804988,    0.9996065
robot_75
    1.894525,    -21.76617,            0,            0,            0,    -0.426295,    0.9045842
robot_152
   -5.972512,     29.94396,            0,            0,            0,   -0.9051767,    0.4250354
robot_26
   -18.07387,    -7.682661,            0,            0,            0,    0.8877941,    0.4602408
robot_182
   -23.79317,    -18.00294,            0,            0,            0,  -0.08777143,    0.9961406
robot_172
   -30.01137,     26.26152,            0,            0,            0,    0.9343859,    0.3562626
robot_43
   -33.97619,     34.02402,            0,            0,            0,   -0.8310922,    0.5561347
robot_170
    -6.09468,     11.97838,            0,            0,            0,     0.779864,     0.625949
robot_177
    13.94299,    -23.16637,            0,            0,            0,   -0.4136839,    0.9104206
robot_80
     25.9474,    -38.85903,            0,            0,            0,   -0.3645185,    0.9311962
robot_16
    14.40835,    -9.975106,            0,            0,            0,   -0.9215586,    0.3882392
robot_13
   -33.05798,     -37.9964,            0,            0,            0,   -0.9177873,    0.3970723
robot_178
    25.79081,     30.05311,            0,            0,            0,   -0.8309714,    0.5563151
robot_88
    17.57813,      38.0405,            0,            0,            0,   -0.7247953,    0.6889643
robot_194
    5.832649,      -22.105,            0,            0,            0,   -0.9014295,     0.432926
robot_29
   -18.08854,     18.62921,            0,            0,            0,    -0.355723,    0.9345914
robot_92
     37.9396,     21.05934,            0,            0,            0,   -0.3411873,    0.9399953
robot_87
    25.88788,    -34.04433,            0,            0,            0,   -0.9810724,    0.1936412
robot_68
    38.01859,     17.94396,            0,            0,            0,   -0.2579419,    0.9661604
robot_22
   -29.01409,    -38.02737,            0,            0,            0,   -0.7086297,    0.7055806
robot_38
    9.822876,     29.92464,            0,            0,            0,   -0.8734515,    0.4869111
robot_2
    32.73835,     2.003386,            0,            0,            0,    0.9133287,    0.4072231
robot_110
    17.78488,     13.78766,            0,            0,            0,   -0.7159883,    0.6981123
robot_14
    37.99939,    -21.93518,            0,            0,            0,     0.984847,    0.1734253
robot_181
    21.45048,     37.99776,            0,            0,            0,    0.8562912,    0.5164933
robot_61
    37.91385,     11.58314,            0,            0,            0,    0.2997451,    0.9540193
robot_30
    27.48376,     34.00215,            0,            0,            0,   -0.1591142,    0.9872602
robot_122
    33.91103,    -24.64194,            0,            0,            0,    0.9247264,    0.3806325
robot_132
    27.08874,    -13.96718,            0,            0,            0, -0.001731358,    0.9999985
robot_45
    29.95589,    -21.65489,            0,            0,            0,    -0.767719,    0.6407867
robot_21
   -15.41904,     38.03185,            0,            0,            0,    0.8052016,    0.5930011
robot_39
   -14.08515,    0.8030619,            0,            0,            0,     0.995718,   0.09244223
robot_134
    4.219017,    -13.98808,            0,            0,            0,    0.4535537,     0.891229
robot_15
    33.73027,     18.00794,            0,            0,            0,   0.07989663,    0.9968032
robot_145
    17.91116,    -8.385225,            0,            0,            0,   -0.9456798,    0.3250995
robot_140
    17.90589,     11.66455,            0,            0,            0,   -0.9271755,    0.3746273
robot_196
    13.95832,    -13.32977,            0,            0,            0,    0.5949522,     0.803761
robot_188
    2.035832,    -29.92202,            0,            0,            0,   -0.8402387,    0.5422166
robot_4
   -38.09551,     24.17569,            0,            0,            0,   -0.9979368,   0.06420374
robot_155
   -17.84019,     10.08331,            0,            0,            0,     0.518125,    0.8553049
robot_135
     9.93023,     4.520966,            0,            0,            0,    0.8598111,    0.5106122
robot_93
    5.715972,     30.02474,            0,            0,            0,    0.9817964,    0.1899363
robot_111
   -30.41066,    -30.04198,            0,            0,            0,    0.4255911,    0.9049156
robot_0
   -30.09938,     16.94738,            0,            0,            0,  -0.05204276,    0.9986449
robot_49
   -10.26437,     1.888009,            0,            0,            0,   -0.9974463,   0.07142002
robot_113
    29.74376,    -9.991477,            0,            0,            0,    0.3502765,    0.9366463
robot_94
    -17.4299,     6.002773,            0,            0,            0,    0.5581448,    0.8297436
robot_40
   -2.045229,     31.92944,            0,            0,            0,   -0.8855043,    0.4646312
robot_103
   -1.914427,    -26.10026,            0,            0,            0,    0.6715977,     0.740916
robot_6
   -4.780452,     9.974126,            0,            0,            0,   -0.4743199,    0.8803526
robot_71
    1.614995,    -13.90521,            0,            0,            0,    0.9946981,    0.1028384
robot_17
   -22.08316,     3.118476,            0,            0,            0,   -0.1098192,    0.9939516
robot_120
   -26.05802,     15.19273,            0,            0,            0,    0.9202072,    0.3914316
robot_189
    30.12716,     22.10206,            0,            0,            0,   -0.8044561,    0.5940121
robot_148
   -2.059957,     23.19768,            0,            0,            0,    0.8617963,    0.5072546
robot_186
   -29.63042,    -5.940955,            0,            0,            0,   -0.4477848,    0.8941414
robot_198
     37.9418,     13.88584,            0,            0,            0,   -0.9628645,    0.2699853
robot_107
   -28.34937,    -21.99208,            0,            0,            0,    0.2090499,     0.977905
robot_18
    33.91679,     26.74838,            0,            0,            0,    0.2663537,    0.9638754
robot_23
   -37.28211,     30.00825,            0,            0,            0,    -0.895898,    0.4442598
robot_46
   -22.05777,     6.558832,            0,            0,            0,    0.4742099,    0.8804118
robot_109
    13.89573,    -33.93749,            0,            0,            0,    0.9999165,   0.01292186
robot_10
    17.94581,    -27.52394,            0,            0,            0,    0.5750268,    0.8181346
robot_157
    17.77576,    -22.04976,            0,            0,            0,   -0.4493942,    0.8933336
robot_70
   -6.067081,     21.89656,            0,            0,            0,    -0.620739,    0.7840173
robot_55
   -22.07358,    -9.916492,            0,            0,            0,   -0.9863023,    0.1649476
robot_73
    21.67355,    -25.94787,            0,            0,            0,    0.4879935,    0.8728473
robot_69
    -9.58253,    -37.92171,            0,            0,            0,   -0.5007344,     0.865601
robot_65
   -30.05511,     38.33766,            0,            0,            0,   -0.9806948,    0.1955445
robot_124
    17.89896,     1.742899,            0,            0,            0,    0.0157823,    0.9998755
robot_115
    9.649672,    -5.997423,            0,            0,            0,    0.2128349,    0.9770882
robot_130
   -8.212282,     29.96866,            0,            0,            0,   -0.6995883,    0.7145462
robot_85
   -17.87541,    -10.01091,            0,            0,            0,   -0.9101899,    0.4141913
robot_91
    20.94671,     22.00099,            0,            0,            0,   -0.5737639,    0.8190207
robot_47
     29.9097,   0.08886272,            0,            0,            0,    0.6289771,    0.7774238
robot_52
    18.40947,    -5.933894,            0,            0,            0,    0.4814721,    0.8764614
robot_195
    22.24024,    -10.00043,            0,            0,            0,    0.8939246,    0.4482173
robot_72
    9.936914,     22.52971,            0,            0,            0,   -0.3230508,    0.9463816
robot_158
    37.91825,     33.37136,            0,            0,            0,   -0.1729312,    0.9849339
robot_153
   -10.21192,    -18.13494,            0,            0,            0,   0.08392813,    0.9964718
robot_105
     -6.1087,     1.814174,            0,            0,            0,   -0.5469691,    0.8371528
robot_162
    1.958507,    -9.862173,            0,            0,            0,   -0.6974629,    0.7166209
robot_97
    39.39723,     -5.98565,            0,            0,            0,   -0.9558952,    0.2937079
robot_90
   -22.19192,     22.04839,            0,            0,            0,    0.7237649,    0.6900467
robot_165
    6.244371,     25.99028,            0,            0,            0,    0.9986593,   0.05176506
robot_42
    1.949793,     16.64837,            0,            0,            0,    0.6368496,    0.7709881
robot_7
      10.162,     9.947789,            0,            0,            0,   -0.7511838,    0.6600931
robot_28
   -25.95228,    -25.83867,            0,            0,            0,     0.988112,    0.1537354
robot_118
    34.09732,     10.08496,            0,            0,            0,   -0.3914126,    0.9202153
robot_139
   -1.913257,    -21.86968,            0,            0,            0,    0.9986302,   0.05232323
robot_129
    39.20026,     5.984837,            0,            0,            0,   -0.7748675,    0.6321237
robot_57
     6.07034,    -2.048855,            0,            0,            0,    0.8457796,    0.5335324
robot_24
    30.72681,    -5.997022,            0,            0,            0,    0.2835225,    0.9589656
robot_106
   -34.06807,     29.97626,            0,            0,            0,    0.9576804,    0.2878337
robot_185
   -14.04736,     6.428121,            0,            0,            0,    0.9816635,    0.1906222
robot_174
    13.95112,     33.88933,            0,            0,            0,   -0.2374767,    0.9713932
robot_58
    1.924437,     11.26398,            0,            0,            0,   -0.9124574,    0.4091718
robot_12
   -1.607895,     26.09479,            0,            0,            0,   -0.9994817,   0.03219105
robot_95
     19.5166,    -10.01719,            0,            0,            0,   -0.2968266,    0.9549314
robot_78
    17.86025,     26.15581,            0,            0,            0,   -0.6178359,    0.7863071
robot_62
    8.398297,     1.986352,            0,            0,            0,   -0.2197567,    0.9755547
robot_121
   -33.74645,    -30.09502,            0,            0,            0,   -0.9361655,    0.3515597
robot_83
    9.902476,     13.19304,            0,            0,            0,   -0.2380941,    0.9712421
robot_127
    5.696873,    -33.95985,            0,            0,            0,     0.732346,    0.6809326
robot_128
    13.70525,    -37.92052,            0,            0,            0,   -0.3855517,    0.9226862
robot_32
   -6.289342,    -18.16577,            0,            0,            0,    0.7975104,    0.6033053
robot_89
   -9.190862,    -5.976286,            0,            0,            0,   -0.9261552,    0.3771426
robot_11
   -10.04063,    -1.769547,            0,            0,            0,   -0.3299353,    0.9440035
robot_37
   -2.070724,     20.35832,            0,            0,            0,   -0.0448986,    0.9989915
robot_175
    -26.0233,    -6.129871,            0,            0,            0,   -0.9796284,    0.2008187
robot_50
    -2.13295,    -6.293159,            0,            0,            0,      0.27662,    0.9609794
robot_64
    29.90993,    -29.67589,            0,            0,            0,    0.9998508,   0.01727399
robot_76
    22.27415,    -33.99056,            0,            0,            0,    0.8921283,     0.451782
robot_104
    5.959142,    -15.55245,            0,            0,            0,    -0.141712,    0.9899079
robot_169
     37.6883,    -10.04401,            0,            0,            0,    0.8815304,    0.4721272
robot_53
   -6.002624,     6.169468,            0,            0,            0,    0.8666017,    0.4990005
