tuw_multi_robot_msgs::RobotGoalsArray @1970-01-01T01:16:04
frame_id: map
        4564,            0
robot_84
    28.05211,     2.012649,            0,            0,            0,    0.9473827,    0.3201031
robot_116
    31.20788,     5.994364,            0,            0,            0,   -0.6159758,    0.7877651
robot_74
    32.15071,    -30.01662,            0,            0,            0,    -0.429074,    0.9032694
robot_41
   -30.07944,    -13.81099,            0,            0,            0,   -0.9839254,    0.1785802
robot_125
    17.90651,     25.88733,            0,            0,            0,    0.9980848,   0.06186123
robot_136
     5.65299,     26.06627,            0,            0,            0,   -0.7148326,    0.6992956
robot_173
   -33.24231,    -22.03056,            0,            0,            0,    0.3642283,    0.9313097
robot_67
      29.932,    -36.48785,            0,            0,            0,    0.8699141,    0.4932033
robot_197
   -22.50194,    -13.91867,            0,            0,            0,   -0.3034434,    0.9528495
robot_119
    5.947734,      22.7295,            0,            0,            0,    0.5240547,    0.8516846
robot_82
    21.56979,    -17.90293,            0,            0,            0,    0.8992001,    0.4375375
robot_77
   -26.04837,    -31.85394,            0,            0,            0,   0.03608804,    0.9993486
robot_5
    13.82685,     37.93041,            0,            0,            0,    0.4745929,    0.8802054
robot_133
   -17.72623,     25.99759,            0,            0,            0,   0.02683926,    0.9996398
robot_99
    25.96296,     24.10802,            0,            0,            0,   -0.7322261,    0.6810617
robot_171
    22.45094,     26.00123,            0,            0,            0,   -0.9861523,    0.1658419
robot_180
    29.15204,    -26.03322,            0,            0,            0,   0.06822379,      0.99767
robot_56
   -34.02728,    -18.13019,            0,            0,            0,    -0.218666,    0.9757998
robot_3
    29.69055,     30.05001,            0,            0,            0,   -0.4599482,    0.8879458
robot_81
   -14.05764,    -6.250188,            0,            0,            0,   0.01521044,    0.9998843
robot_167
    11.39907,     34.00224,            0,            0,            0,    0.9999936,  0.003573087
robot_25
    7.816964,    -38.01684,            0,            0,            0,    0.9432184,    0.3321733
robot_168
    17.71189,    -17.85964,            0,            0,            0,   -0.5209632,    0.8535791
robot_96
   -26.54685,     1.975641,            0,            0,            0,    0.4798159,    0.8773692
robot_166
   -13.83907,    -13.99664,            0,            0,            0,   -0.8664279,    0.4993022
robot_102
   -30.01777,     6.027456,            0,            0,            0,       0.9994,    0.0346356
robot_192
    27.00389,     17.99655,            0,            0,            0,   -0.5263694,     0.850256
robot_179
   -12.20704,    -25.98177,            0,            0,            0,    0.5065348,    0.8622195
robot_142
     22.0254,    -37.63855,            0,            0,            0,   0.08174013,    0.9966537
robot_1
   -9.673816,     17.98557,            0,            0,            0,    -0.645767,    0.7635346
robot_44
   -25.91583,      25.8736,            0,            0,            0,   -0.7171319,    0.6969375
robot_163
   -18.03426,    -34.03076,            0,            0,            0,   -0.9100349,    0.4145317
robot_79
   -18.71315,     17.96921,            0,            0,            0,   -0.6739298,    0.7387954
robot_8
   -18.04374,    -20.99631,            0,            0,            0,   -0.4391599,    0.8984089
robot_20
   -34.07933,    -32.85646,            0,            0,            0,    -0.776298,    0.6303661
robot_143
   -16.46343,     13.97575,            0,            0,            0,    0.4163493,    0.9092047
robot_138
   -5.370558,    -22.00776,            0,            0,            0,   -0.9938222,    0.1109842
robot_123
    33.93951,      35.6198,            0,            0,            0,   0.03673564,     0.999325
robot_193
     22.2464,     2.045849,            0,            0,            0,   -0.9920323,    0.1259835
robot_187
   -10.60499,      2.03139,            0,            0,            0,     0.698763,    0.7153533
robot_176
    37.90781,    -20.80977,            0,            0,            0,   -0.9687734,    0.2479478
robot_66
    15.71038,    -9.995675,            0,            0,            0,   -0.9870311,    0.1605292
robot_63
    17.96155,      18.3672,            0,            0,            0,   -0.9671375,    0.2542541
robot_31
    34.02161,    -14.04761,            0,            0,            0,   -0.5519563,     0.833873
robot_159
    25.95579,    -31.15535,            0,            0,            0,    0.9748969,    0.2226567
robot_160
    9.773345,    -14.08829,            0,            0,            0,   -0.9356228,    0.3530015
robot_151
   -33.95612,    -25.93455,            0,            0,            0,    0.9833748,    0.1815874
robot_150
    19.13226,    -26.00413,            0,            0,            0,   -0.1951898,    0.9807655
robot_137
    33.91726,     11.21241,            0,            0,            0,    0.5980814,    0.8014354
robot_199
    11.48495,    -18.01875,            0,            0,            0,  -0.01231988,    0.9999241
robot_54
   -38.09783,    -22.49876,            0,            0,            0,   -0.6576149,    0.7533543
robot_117
   -22.05276,     15.85697,            0,            0,            0,   -0.2681381,    0.9633805
robot_36
   -38.07545,    -7.188124,            0,            0,            0,    -0.542845,    0.8398329
robot_33
    25.46637,    -1.979884,            0,            0,            0,    0.9999063,   0.01368942
robot_146
    17.77851,     29.88905,            0,            0,            0,    0.7197439,    0.6942397
robot_156
   -30.05893,    -3.306468,            0,            0,            0,    0.3796237,     0.925141
robot_112
    17.91545,     4.523422,            0,            0,            0,   -0.9268939,    0.3753235
robot_19
    21.92154,    -9.754437,            0,            0,            0,  -0.03727427,    0.9993051
robot_141
     29.9409,     15.86649,            0,            0,            0,   -0.8042866,    0.5942416
robot_35
   -25.10225,      34.0144,            0,            0,            0,    0.4169315,    0.9089379
robot_184
   -6.744033,     37.97965,            0,            0,            0,   -0.3292792,    0.9442326
robot_98
   -9.396658,    -38.00492,            0,            0,            0,   -0.1428256,    0.9897479
robot_100
    37.65384,      14.0374,            0,            0,            0,   -0.6587828,    0.7523332
robot_164
    21.90047,    -28.28922,            0,            0,            0,    0.8960164,     0.444021
robot_59
   -13.88258,     13.98044,            0,            0,            0,   -0.5127551,    0.8585349
robot_144
   -2.034034,    -12.76539,            0,            0,            0,    0.6779143,    0.7351409
robot_101
   -30.06134,    -32.63259,            0,            0,            0,   -0.2484706,    0.9686394
robot_161
   0.5784923,    -18.02634,            0,            0,            0,    0.8625094,     0.506041
robot_149
    20.47305,    -29.96911,            0,            0,            0,   -0.9670684,    0.2545165
robot_86
    1.962877,     29.40853,            0,            0,            0,    0.9105994,    0.4132902
robot_191
   -34.08862,      25.8859,            0,            0,            0,   -0.7134233,    0.7007333
robot_126
   -38.14916,     6.183062,            0,            0,            0,   -0.9526128,    0.3041856
robot_190
    13.21718,     10.02978,            0,            0,            0,   -0.4738387,    0.8806116
robot_131
     30.2726,    -10.00592,            0,            0,            0,   -0.9997117,   0.02401263
robot_154
    37.92955,     22.61026,            0,            0,            0,   -0.9278077,    0.3730589
robot_9
   -37.66689,     21.97794,            0,            0,            0,    0.9491185,     0.314919
robot_27
    37.96457,    -27.52873,            0,            0,            0,   0.08508731,    0.9963735
robot_34
   -18.06581,     28.18365,            0,            0,            0,   -0.9845138,    0.1753068
robot_114
    27.22392,     33.97332,            0,            0,            0,    0.8782164,    0.4782634
robot_51
   -28.73804,     10.01572,            0,            0,            0,    0.3356632,    0.9419821
robot_108
   -30.83271,     1.971338,            0,            0,            0,   -0.3526887,    0.9357407
robot_147
   -13.86871,     18.10608,            0,            0,            0,   -0.4816735,    0.8763507
robot_183
    21.83217,     37.78751,            0,            0,            0,    0.5584876,    0.8295129
robot_48
   -6.462085,    -10.05877,            0,            0,            0,   -0.2757139,    0.9612397
robot_60
    33.79607,     25.94976,            0,            0,            0,    0.8348626,    0.5504583
robot_75
    -22.0404,     13.35138,            0,            0,            0,   -0.9992315,   0.03919627
robot_152
    5.915522,    -20.31023,            0,            0,            0,    0.1062722,    0.9943371
robot_26
   -1.975755,    -18.13301,            0,            0,            0,   -0.9987687,   0.04960943
robot_182
    14.17552,    -2.054049,            0,            0,            0,   -0.1182989,     0.992978
robot_172
    24.56167,     30.01567,            0,            0,            0,   -0.9510992,    0.3088855
