tuw_multi_robot_msgs::RobotGoalsArray @1970-01-01T01:12:43.400000
frame_id: map
        4363,    400000000
robot_84
   -2.472576,     9.947114,            0,            0,            0,   -0.3532047,    0.9355461
robot_116
   -10.07265,    -12.98461,            0,            0,            0,    0.0746196,    0.9972121
robot_74
   -36.20049,    -13.99653,            0,            0,            0,    0.6482275,    0.7614467
robot_41
   -10.03754,     10.95666,            0,            0,            0,   -0.5875222,     0.809208
robot_125
   -30.25638,    -2.075749,            0,            0,            0,    0.6157587,    0.7879348
robot_136
    26.33094,    -17.96227,            0,            0,            0,   -0.3344097,    0.9424278
robot_173
    23.18674,    -18.00743,            0,            0,            0,    0.9998997,    0.0141603
robot_67
    37.91938,    -31.08058,            0,            0,            0,   -0.2097177,     0.977762
robot_197
    16.01112,     13.99065,            0,            0,            0,  0.002270457,    0.9999974
robot_119
    21.93721,    -29.89067,            0,            0,            0,   -0.4984772,    0.8669028
robot_82
    25.94363,      33.2681,            0,            0,            0,   -0.4344607,    0.9006908
robot_77
    37.93008,     27.36663,            0,            0,            0,    0.8001288,    0.5998282
robot_5
    13.92232,     25.80995,            0,            0,            0,   -0.9795686,    0.2011104
robot_133
    5.962677,     7.900037,            0,            0,            0,    0.9865517,    0.1634498
robot_99
    1.893164,    -29.65919,            0,            0,            0,   -0.3570839,    0.9340723
robot_171
   -10.08032,     16.97424,            0,            0,            0,   -0.1193583,    0.9928512
robot_180
    -24.1879,     25.97638,            0,            0,            0,   -0.9819115,    0.1893404
robot_56
   -22.08401,     17.43781,            0,            0,            0,   -0.7291669,    0.6843359
robot_3
    33.94855,     -26.7506,            0,            0,            0,    0.7844607,    0.6201785
robot_81
   -10.05388,     8.698703,            0,            0,            0,     0.123883,    0.9922968
robot_167
    -22.0338,    -34.72911,            0,            0,            0,    0.3659595,    0.9306308
robot_25
   -18.48593,    -5.991991,            0,            0,            0,    0.1014878,    0.9948368
robot_168
   -18.00805,     1.689885,            0,            0,            0,   -0.8549079,    0.5187798
robot_96
     11.4878,    -17.97859,            0,            0,            0,    0.5795561,    0.8149323
robot_166
    25.95227,     4.343071,            0,            0,            0,   -0.4908273,    0.8712569
robot_102
    1.947315,    -13.81122,            0,            0,            0,   -0.3864779,    0.9222987
robot_192
    17.95248,    -36.43301,            0,            0,            0,   -0.6267272,    0.7792388
robot_179
    27.27481,    -29.99971,            0,            0,            0,    0.9113565,     0.411618
robot_142
   -15.80821,     18.02082,            0,            0,            0,   -0.7891957,    0.6141419
robot_1
   -37.69078,     25.99047,            0,            0,            0,   -0.8904255,    0.4551289
robot_44
   -2.074989,     12.64692,            0,            0,            0,   -0.2893457,    0.9572247
robot_163
    -25.9643,     5.927512,            0,            0,            0,   -0.9186317,    0.3951148
robot_79
    10.12135,     -38.0035,            0,            0,            0,    0.9754551,    0.2201986
robot_8
   -17.56587,    -10.02681,            0,            0,            0,  -0.01205877,    0.9999273
robot_20
   -12.70465,    -18.00998,            0,            0,            0,     0.769594,    0.6385335
robot_143
    24.73528,    -34.00524,            0,            0,            0,    0.5806192,    0.8141752
robot_138
   -22.40109,     5.928318,            0,            0,            0,    0.7208703,      0.69307
robot_123
    17.26547,     21.99206,            0,            0,            0,    0.5210632,    0.8535181
robot_193
   -38.09895,    -29.67245,            0,            0,            0,     0.357677,    0.9338454
robot_187
   -14.09856,    -23.95938,            0,            0,            0,   -0.3375445,    0.9413096
robot_176
    25.90188,    -2.583876,            0,            0,            0,    0.2254544,    0.9742537
robot_66
   -10.08012,     39.16675,            0,            0,            0,   -0.3781869,    0.9257293
robot_63
    17.90635,     24.37403,            0,            0,            0,   -0.5007414,    0.8655969
robot_31
    18.28466,    -1.963628,            0,            0,            0,    0.8656385,    0.5006695
robot_159
    18.67973,     5.990963,            0,            0,            0,   -0.3232895,    0.9463001
robot_160
   -25.36532,    -9.995505,            0,            0,            0,    0.7975095,    0.6033063
robot_151
    30.17802,    -22.03105,            0,            0,            0,   -0.7620304,    0.6475413
robot_150
   -5.640283,    -9.913487,            0,            0,            0,   -0.3542456,    0.9351524
robot_137
    1.907187,     6.707328,            0,            0,            0,   -0.6183146,    0.7859307
robot_199
    21.92193,     3.376381,            0,            0,            0,   -0.5251319,    0.8510209
robot_54
    17.44088,    -25.97609,            0,            0,            0,   -0.4596421,    0.8881043
robot_117
    23.39397,     26.02972,            0,            0,            0,   -0.8851052,    0.4653911
robot_36
    35.98972,     13.97303,            0,            0,            0,    0.9995784,   0.02903392
robot_33
   -22.50782,    -29.97432,            0,            0,            0,   -0.9072117,    0.4206744
robot_146
   0.4415381,    -6.011082,            0,            0,            0,   -0.9354195,    0.3535397
robot_156
   -18.06038,     7.781877,            0,            0,            0,   -0.5616815,    0.8273536
robot_112
    2.893947,     14.00828,            0,            0,            0,    -0.756609,    0.6538675
robot_19
   -22.12417,     10.29601,            0,            0,            0,   -0.2506081,    0.9680886
robot_141
    -14.6948,     1.989935,            0,            0,            0,   -0.8217103,    0.5699054
robot_35
   -9.836384,    -1.893587,            0,            0,            0,   -0.8103655,    0.5859247
robot_184
   -38.15653,    -10.21879,            0,            0,            0,    0.9107592,    0.4129379
robot_98
    8.748318,     1.976367,            0,            0,            0,   -0.9766323,    0.2149172
robot_100
    -2.09256,     31.90429,            0,            0,            0,      0.14641,     0.989224
robot_164
    36.11235,    -14.02581,            0,            0,            0,   -0.9219366,    0.3873407
robot_59
    25.99024,     -37.9811,            0,            0,            0,   -0.7697877,       0.6383
robot_144
   -6.053545,    -36.47106,            0,            0,            0,   -0.8504293,    0.5260894
robot_101
   -6.068163,    -33.09066,            0,            0,            0,   -0.8916887,    0.4526493
robot_161
   -14.04431,    -15.35349,            0,            0,            0,   -0.9897606,    0.1427374
robot_149
   -32.34281,     22.00389,            0,            0,            0,   -0.7576333,    0.6526805
robot_86
    2.114503,     34.02969,            0,            0,            0,   -0.8999254,    0.4360439
robot_191
   -14.07311,     15.59845,            0,            0,            0,    0.6236023,    0.7817417
robot_126
    22.27623,    -9.959277,            0,            0,            0,    0.8853395,    0.4649451
robot_190
   -35.44903,     22.02385,            0,            0,            0,   -0.9937148,    0.1119414
robot_131
   -26.38887,     38.00023,            0,            0,            0,    0.4583945,    0.8887488
robot_154
    12.91354,    -2.002194,            0,            0,            0,   -0.9622323,    0.2722298
robot_9
   -18.05037,    -4.007017,            0,            0,            0,    0.4071088,    0.9133797
robot_27
    29.94657,    -30.98972,            0,            0,            0,    0.9995708,   0.02929426
robot_34
   -18.96927,    -18.01746,            0,            0,            0,   -0.8755181,    0.4831853
robot_114
   -26.04132,    -24.92699,            0,            0,            0,   -0.1509181,    0.9885463
robot_51
    14.74382,    -38.00715,            0,            0,            0,   -0.5970555,    0.8021999
