tuw_multi_robot_msgs::RobotGoalsArray @1970-01-01T00:01:42.100000
frame_id: map
         102,    100000000
robot_84
    6.282546,    -9.972895,            0,            0,            0,   -0.9448766,    0.3274267
robot_116
   -17.99587,     21.84514,            0,            0,            0,   -0.8422183,    0.5391366
robot_74
    14.39864,     10.03651,            0,            0,            0,   -0.9951842,   0.09802269
robot_41
   -29.37618,     -26.0227,            0,            0,            0,   -0.3554665,     0.934689
robot_125
    3.930967,    -17.97364,            0,            0,            0,   -0.9994319,   0.03370282
robot_136
    1.923216,     31.56731,            0,            0,            0,  0.005028046,    0.9999874
robot_173
    9.569827,    -2.092722,            0,            0,            0,    0.9850038,    0.1725324
robot_67
   -22.05182,    -7.239041,            0,            0,            0,     0.938877,    0.3442529
robot_197
     -22.076,     6.425044,            0,            0,            0,   -0.4430444,    0.8964997
robot_119
    1.916053,    -6.857402,            0,            0,            0,    0.6434034,    0.7655273
robot_82
    12.76847,     33.97027,            0,            0,            0,   -0.9384585,     0.345392
robot_77
   -22.06722,    -35.49056,            0,            0,            0,    -0.878974,    0.4768697
robot_5
   -6.088976,     8.605132,            0,            0,            0,   -0.6465806,    0.7628456
robot_133
    25.92849,     28.53367,            0,            0,            0,     0.524463,    0.8514332
robot_99
    28.69018,    -37.98304,            0,            0,            0,   -0.9896077,    0.1437939
robot_171
    38.08468,    -18.16436,            0,            0,            0,   -0.8296267,    0.5583185
robot_180
    1.957513,    -33.10524,            0,            0,            0,    -0.481295,    0.8765587
robot_56
    37.95278,      31.1295,            0,            0,            0,     0.280867,    0.9597467
robot_3
   -9.696981,    -2.065537,            0,            0,            0,    -0.231984,    0.9727196
robot_81
   -18.08539,     17.88299,            0,            0,            0,   -0.9976796,   0.06808405
robot_167
     -29.708,     21.90274,            0,            0,            0,   -0.5758397,    0.8175627
robot_25
    1.913215,     11.62713,            0,            0,            0,    0.2230637,    0.9748039
robot_168
    -17.9244,    -33.89025,            0,            0,            0,   -0.2065236,    0.9784416
robot_96
   -26.17144,     17.94319,            0,            0,            0,    0.9843265,     0.176356
robot_166
    33.92379,     36.81643,            0,            0,            0,    -0.928193,    0.3720991
