tuw_multi_robot_msgs::RobotGoalsArray @1970-01-01T00:00:53.700000
frame_id: map
          53,    700000000
robot_84
   -2.100278,     33.85791,            0,            0,            0,     0.712728,    0.7014406
robot_116
     25.9169,    -34.99982,            0,            0,            0,    0.2600509,    0.9655949
robot_74
    -6.09391,     33.72464,            0,            0,            0,  -0.04471787,    0.9989997
robot_41
   -38.04574,     17.13492,            0,            0,            0,    0.4049908,    0.9143208
robot_125
    29.90716,    -16.77623,            0,            0,            0,    -0.903962,    0.4276128
robot_136
    19.22958,    -22.02312,            0,            0,            0,    0.9790544,    0.2035986
robot_173
    38.09949,     14.16569,            0,            0,            0,    0.8856812,    0.4642939
robot_67
     32.8671,     25.98552,            0,            0,            0,    0.9726831,     0.232137
robot_197
    -10.8545,    -1.991207,            0,            0,            0,   -0.2325348,    0.9725881
robot_119
   -18.23474,    -21.94857,            0,            0,            0,   -0.6244514,    0.7810637
robot_82
    22.25401,    -18.08105,            0,            0,            0,    -0.213736,    0.9768915
robot_77
   -37.99039,     6.220978,            0,            0,            0,     0.987795,    0.1557594
robot_5
    33.76699,     14.00229,            0,            0,            0,    0.3253486,    0.9455941
robot_133
   -6.378767,    -37.96632,            0,            0,            0,     0.203652,    0.9790434
robot_99
    9.363974,    -29.99079,            0,            0,            0,   -0.4007227,    0.9161994
robot_171
    28.53304,     25.98012,            0,            0,            0,   -0.1576032,    0.9875025
robot_180
   -6.061481,    -14.34988,            0,            0,            0,   -0.9562429,    0.2925741
robot_56
   -19.37639,    -33.98787,            0,            0,            0,    0.9031232,    0.4293816
robot_3
   -10.14352,    -30.33391,            0,            0,            0,    -0.995824,   0.09129339
robot_81
   -2.058534,      12.3126,            0,            0,            0,   -0.5170713,    0.8559423
robot_167
    21.93714,     18.38048,            0,            0,            0,     0.156338,    0.9877036
robot_25
    17.94927,     14.58795,            0,            0,            0,    0.4574301,    0.8892456
robot_168
   -22.14787,     18.10127,            0,            0,            0,    0.9466902,    0.3221453
robot_96
   -30.04276,     13.90811,            0,            0,            0,    -0.768169,    0.6402471
robot_166
     17.9468,     6.845504,            0,            0,            0,   -0.8084004,     0.588633
