tuw_multi_robot_msgs::RobotGoalsArray @1970-01-01T01:24:52.600000
frame_id: map
        5092,    600000000
robot_84
    12.22993,    -25.97459,            0,            0,            0,   -0.8803834,    0.4742627
robot_116
    38.02697,      25.8001,            0,            0,            0,   -0.8781271,    0.4784274
robot_74
   -26.04188,     -8.03441,            0,            0,            0,  -0.04992118,    0.9987532
robot_41
    9.988379,    -30.25347,            0,            0,            0,   -0.1953481,     0.980734
robot_125
   -15.94534,    -6.002409,            0,            0,            0,    0.1214919,    0.9925924
robot_136
   -20.04212,     37.97792,            0,            0,            0,    0.9057444,    0.4238243
robot_173
   -2.133428,     9.907477,            0,            0,            0,     0.591794,    0.8060892
robot_67
    29.99771,    -22.20841,            0,            0,            0,   -0.2425873,    0.9701296
robot_197
     -34.088,     21.07537,            0,            0,            0,    0.2977816,     0.954634
robot_119
   -12.63009,    -6.011195,            0,            0,            0,    0.4025152,    0.9154133
robot_82
    6.254599,     2.045137,            0,            0,            0,   -0.9574248,    0.2886829
robot_77
    33.55644,     -33.9381,            0,            0,            0,   -0.9512619,    0.3083843
robot_5
   -13.93283,     1.823878,            0,            0,            0,    0.2431181,    0.9699967
robot_133
    9.997033,    -17.86754,            0,            0,            0,    0.7821676,    0.6230681
robot_99
   -20.32393,     -26.0115,            0,            0,            0,   -0.7639591,    0.6452647
robot_171
   -30.02986,     -14.3354,            0,            0,            0,   -0.8689231,    0.4949471
robot_180
   -10.08132,   -0.5740553,            0,            0,            0,    0.6567029,    0.7541494
robot_56
     11.7572,     2.032546,            0,            0,            0,    0.9800699,     0.198653
robot_3
    20.23385,     13.97456,            0,            0,            0,   -0.6329122,    0.7742236
robot_81
   -15.79031,     18.00561,            0,            0,            0,   -0.8654794,    0.5009444
robot_167
    5.921169,    -7.625127,            0,            0,            0,   -0.5954161,    0.8034175
robot_25
   -10.22333,     17.88793,            0,            0,            0,   -0.9300869,    0.3673396
robot_168
    31.28853,    -5.995407,            0,            0,            0,    0.9079332,    0.4191149
robot_96
    21.77287,    -29.80624,            0,            0,            0,   -0.6934934,     0.720463
robot_166
   -30.03386,    -29.73759,            0,            0,            0,   -0.2747592,    0.9615131
robot_102
    14.31601,     30.07378,            0,            0,            0,    0.9963316,   0.08557692
robot_192
    37.94812,    -26.00062,            0,            0,            0,    0.9944984,    0.1047515
robot_179
    3.423318,    -26.02018,            0,            0,            0,   -0.9129186,    0.4081416
robot_142
   -5.249307,    -13.97534,            0,            0,            0,    0.7155272,    0.6985849
robot_1
    17.94146,    -30.61784,            0,            0,            0,   -0.9606975,    0.2775975
robot_44
    9.519491,     10.01392,            0,            0,            0, -0.008344202,    0.9999652
robot_163
    15.21512,     22.03104,            0,            0,            0,   -0.2266522,    0.9739758
robot_79
   -1.761285,     25.90186,            0,            0,            0,   -0.2711804,    0.9625285
robot_8
     9.90083,    -6.560515,            0,            0,            0,    0.5040949,    0.8636483
robot_20
     32.3187,    -37.99928,            0,            0,            0,   -0.1827388,    0.9831615
robot_143
    16.06785,    -34.02955,            0,            0,            0,   -0.6220155,    0.7830049
robot_138
    -6.09763,     26.79169,            0,            0,            0,   -0.7879738,    0.6157087
robot_123
   -22.04473,    -8.685944,            0,            0,            0,   -0.5743719,    0.8185945
robot_193
    25.60411,     37.92308,            0,            0,            0,    0.9408399,    0.3388514
robot_187
   -10.24386,     30.05841,            0,            0,            0,  -0.09252585,    0.9957103
robot_176
   -31.79246,    -5.974395,            0,            0,            0,   -0.9976676,   0.06825901
robot_66
    21.93878,     10.91279,            0,            0,            0,     0.811569,    0.5842566
robot_63
   -26.09181,    -18.11579,            0,            0,            0,    0.7792326,    0.6267348
robot_31
   0.1146225,     17.97218,            0,            0,            0,   -0.9372245,    0.3487265
robot_159
    10.04475,    -14.03574,            0,            0,            0,   -0.9982796,   0.05863389
robot_160
   -18.59003,    -10.02517,            0,            0,            0,    0.9930656,    0.1175616
robot_151
    29.56604,     25.92906,            0,            0,            0,    0.9743931,    0.2248511
robot_150
    9.926719,    -27.70502,            0,            0,            0,    0.7023206,    0.7118608
robot_137
    37.85522,     10.21408,            0,            0,            0,    0.8023458,    0.5968594
robot_199
   -29.79032,     38.04254,            0,            0,            0,    0.8728953,    0.4879075
robot_54
    27.81089,    -30.02369,            0,            0,            0,    0.5084299,    0.8611034
robot_117
   -22.07098,     35.91283,            0,            0,            0,   -0.7470378,    0.6647816
robot_36
    1.936128,    -18.22971,            0,            0,            0,   -0.7427559,    0.6695623
robot_33
    4.029287,    -13.98711,            0,            0,            0,     0.427238,    0.9041392
robot_146
    29.57192,    -33.92732,            0,            0,            0,     0.855525,    0.5177615
robot_156
   -34.03968,     6.064943,            0,            0,            0,   0.08639098,    0.9962613
robot_112
    2.049959,     29.79084,            0,            0,            0,    0.7914347,    0.6112537
robot_19
     6.92829,    -21.98289,            0,            0,            0,   -0.9951497,   0.09837236
robot_141
   -26.01995,     37.77399,            0,            0,            0,   -0.8941569,    0.4477538
robot_35
   -18.07616,    -2.651528,            0,            0,            0,    -0.388373,    0.9215022
robot_184
    10.02114,    -25.81908,            0,            0,            0,   -0.9999102,   0.01340329
robot_98
    1.805696,     25.93117,            0,            0,            0,   -0.6930276,    0.7209111
robot_100
   -2.044941,    -14.91002,            0,            0,            0,    0.1437505,     0.989614
robot_164
   -30.04271,    0.3355799,            0,            0,            0,   0.09970392,    0.9950171
robot_59
    27.24861,    -13.97823,            0,            0,            0,    0.2822054,     0.959354
robot_144
   -11.69527,     34.00859,            0,            0,            0,    0.8023194,    0.5968949
robot_101
    38.11238,     13.98023,            0,            0,            0,   -0.1910971,    0.9815711
robot_161
   -35.64937,    -26.02509,            0,            0,            0,    0.9966871,   0.08133135
robot_149
   -13.60688,    -9.984104,            0,            0,            0,    0.0276296,    0.9996182
robot_86
    17.88416,     5.704941,            0,            0,            0,     0.958218,    0.2860389
robot_191
    17.46577,     33.90494,            0,            0,            0,   -0.4601565,    0.8878378
robot_126
    33.90445,     3.832095,            0,            0,            0,   -0.6877398,    0.7259573
robot_190
     30.4259,     2.045981,            0,            0,            0,   -0.9624234,    0.2715532
robot_131
    13.99673,     -13.7338,            0,            0,            0,    0.7891047,    0.6142588
robot_154
   -18.05399,    -34.43366,            0,            0,            0,   -0.9379981,    0.3466405
robot_9
    26.29347,    -22.04689,            0,            0,            0,   0.01206083,    0.9999273
robot_27
    -3.05778,     13.99711,            0,            0,            0,   -0.8913239,    0.4533671
robot_34
   -14.44009,     37.91645,            0,            0,            0,   -0.7826152,    0.6225058
robot_114
   -26.11223,     18.34538,            0,            0,            0,    0.3991371,    0.9168913
robot_51
   -20.81201,     33.97804,            0,            0,            0,    0.3767063,    0.9263328
robot_108
    25.99346,      6.23732,            0,            0,            0,    0.5675547,    0.8233357
robot_147
   -25.21097,    -10.00968,            0,            0,            0,    0.4468563,    0.8946058
robot_183
   -34.09145,     10.93663,            0,            0,            0,    0.7369171,    0.6759831
robot_48
    1.982904,     6.332458,            0,            0,            0,   -0.2714539,    0.9624515
robot_60
    17.92775,     18.63928,            0,            0,            0,   -0.9980104,   0.06305006
robot_75
   -26.05552,    -1.731557,            0,            0,            0,   0.05342145,    0.9985721
robot_152
   -6.446162,    -22.02564,            0,            0,            0,   -0.2941141,    0.9557703
robot_26
    33.92175,    -22.45982,            0,            0,            0,   -0.8437273,    0.5367721
robot_182
   -29.46606,     26.01526,            0,            0,            0,   -0.4466954,    0.8946861
robot_172
   -30.41852,    -10.08548,            0,            0,            0,   -0.2597397,    0.9656787
robot_43
   -14.08692,    -22.55967,            0,            0,            0,   -0.6537597,    0.7567022
robot_170
    1.956896,     32.12492,            0,            0,            0,    0.1322122,    0.9912214
robot_177
   -26.04885,    -20.73653,            0,            0,            0,    0.3644146,    0.9312368
robot_80
    23.22675,    -25.99858,            0,            0,            0,    0.8958491,    0.4443585
robot_16
     24.0102,    -18.02287,            0,            0,            0,    0.2048953,    0.9787839
robot_13
   -22.09395,    -32.04928,            0,            0,            0,   -0.4386185,    0.8986734
robot_178
   -34.19919,    -22.07702,            0,            0,            0,   -0.8665407,    0.4991064
robot_88
    32.59932,     9.991354,            0,            0,            0,    0.2652217,    0.9641875
robot_194
    -17.8084,     30.00358,            0,            0,            0,     0.860138,    0.5100613
robot_29
   0.4319306,    -5.980244,            0,            0,            0,   -0.4879365,    0.8728791
robot_92
    29.82493,     6.098991,            0,            0,            0,   -0.9531671,    0.3024442
robot_87
    37.98658,    -17.95074,            0,            0,            0,   -0.1787077,    0.9839022
robot_68
    13.07255,      -38.001,            0,            0,            0,   -0.2871691,    0.9578799
robot_22
   -14.08692,     31.07567,            0,            0,            0,    0.9970805,   0.07635809
robot_38
   -14.56121,    -18.02781,            0,            0,            0,    0.9203691,    0.3910509
robot_2
    33.95826,     25.44303,            0,            0,            0,   -0.3456973,    0.9383461
robot_110
   -7.815795,    -6.017809,            0,            0,            0,   -0.8661957,    0.4997049
robot_14
    21.88684,      30.2348,            0,            0,            0,    0.7014091,    0.7127589
robot_181
   -25.70952,     2.088123,            0,            0,            0,   -0.7509927,    0.6603105
robot_61
    7.962325,     25.99848,            0,            0,            0,    0.9674244,      0.25316
