tuw_multi_robot_msgs::RobotGoalsArray @1970-01-01T00:51:01.100000
frame_id: map
        3061,    100000000
robot_84
   -26.06089,     9.210717,            0,            0,            0,    0.7000618,    0.7140822
robot_116
   -10.85223,     2.004298,            0,            0,            0,    0.6776401,    0.7353937
robot_74
   -20.29856,    -5.975043,            0,            0,            0,    0.1650657,    0.9862826
robot_41
    14.12381,    -10.06138,            0,            0,            0,    0.9653814,    0.2608423
robot_125
    37.89467,     10.33308,            0,            0,            0,    0.4941052,    0.8694021
robot_136
    10.41194,      5.90759,            0,            0,            0,   -0.4743541,    0.8803341
robot_173
   -15.58567,    -22.00852,            0,            0,            0,    0.9984171,    0.0562437
robot_67
    -13.8231,     38.07178,            0,            0,            0,   -0.9947706,    0.1021342
robot_197
    23.23747,      13.9977,            0,            0,            0,   -0.3735446,    0.9276122
robot_119
   -10.16125,    -17.94144,            0,            0,            0,   -0.9748808,    0.2227273
robot_82
   -30.04586,    -9.694753,            0,            0,            0,    -0.997823,   0.06594883
robot_77
   -17.69238,     21.96492,            0,            0,            0,    0.9807709,    0.1951626
robot_5
   -13.41354,     25.98519,            0,            0,            0,     0.989316,    0.1457867
robot_133
    7.929182,     18.00249,            0,            0,            0,    0.6092837,    0.7929523
robot_99
   -6.205407,    -30.22042,            0,            0,            0,    0.9078235,    0.4193524
robot_171
   -34.09769,     -3.97286,            0,            0,            0,    0.7807947,    0.6247877
robot_180
   -12.95417,    -30.00912,            0,            0,            0,    0.2857789,    0.9582956
robot_56
   -26.26798,     26.16002,            0,            0,            0,    0.3358916,    0.9419007
robot_3
    33.91813,    -29.82375,            0,            0,            0,   -0.7788713,    0.6271838
robot_81
    13.91076,    -23.17368,            0,            0,            0,   -0.9130271,     0.407899
robot_167
   -10.07872,    -0.975783,            0,            0,            0,   -0.4250997,    0.9051465
robot_25
    29.91091,    -38.50944,            0,            0,            0,   -0.9516033,    0.3073291
robot_168
    22.10638,     17.97873,            0,            0,            0,   -0.7034476,    0.7107471
robot_96
    30.59629,     30.00397,            0,            0,            0,    0.2961762,    0.9551333
robot_166
   -6.369652,     18.04663,            0,            0,            0,   -0.4756102,    0.8796562
robot_102
    18.14169,    -9.867157,            0,            0,            0,     0.740879,    0.6716386
robot_192
   -33.99233,     38.26082,            0,            0,            0,   -0.9998421,   0.01777069
robot_179
    16.82377,    -25.97951,            0,            0,            0,    0.6453972,    0.7638472
robot_142
   -12.90223,    -37.97267,            0,            0,            0,    0.9113435,    0.4116467
robot_1
    1.746166,    -14.07299,            0,            0,            0,    0.1745029,    0.9846567
robot_44
    28.59364,    -17.99557,            0,            0,            0,   -0.9971826,   0.07501282
robot_163
    13.70836,    -6.003111,            0,            0,            0,    0.9771785,      0.21242
robot_79
    21.90383,    -25.13139,            0,            0,            0,    0.9815981,    0.1909583
robot_8
   -30.09178,     -24.5741,            0,            0,            0,    -0.939991,    0.3411993
robot_20
    10.62797,     9.988011,            0,            0,            0,    0.1346442,     0.990894
robot_143
   -2.095033,    -29.76503,            0,            0,            0,    0.5319649,    0.8467664
robot_138
   -37.98309,     21.89141,            0,            0,            0,   -0.8581958,    0.5133225
robot_123
   -22.04025,    -36.45069,            0,            0,            0,    0.9997493,   0.02238883
robot_193
   -21.58945,    -34.07778,            0,            0,            0,    0.9524031,    0.3048414
robot_187
    26.08953,     14.15632,            0,            0,            0,    0.5948126,    0.8038644
robot_176
   -22.06102,     23.93867,            0,            0,            0,   -0.9677825,    0.2517875
robot_66
   -38.07685,    -19.38464,            0,            0,            0,    0.4045035,    0.9145364
robot_63
   -36.40956,     10.03092,            0,            0,            0,   -0.9911066,      0.13307
robot_31
    17.12727,     -13.9957,            0,            0,            0,   -0.5630607,    0.8264156
robot_159
    9.953741,    -21.64243,            0,            0,            0,   -0.4341227,    0.9008537
robot_160
   -19.10728,     37.98653,            0,            0,            0,   0.01348305,    0.9999091
robot_151
   -14.18743,     21.85743,            0,            0,            0,   -0.2682476,      0.96335
robot_150
    12.90459,      38.0217,            0,            0,            0,   -0.6934282,    0.7205258
robot_137
   -14.01114,    -33.91247,            0,            0,            0,   -0.9851128,     0.171909
robot_199
   -21.98796,     -14.0447,            0,            0,            0,   -0.8097355,     0.586795
robot_54
    18.26665,    -21.98621,            0,            0,            0,    0.6906768,    0.7231636
robot_117
     5.95939,    -18.71547,            0,            0,            0,    0.7676097,    0.6409176
robot_36
    17.95361,    -1.115955,            0,            0,            0,    0.6199758,     0.784621
robot_33
    23.61244,    -2.020521,            0,            0,            0,    0.0976101,    0.9952247
robot_146
   -13.83313,    -13.96871,            0,            0,            0,    0.2201312,    0.9754703
robot_156
   -24.01954,    -25.98645,            0,            0,            0,   -0.9359238,    0.3522026
robot_112
   -22.14198,     -17.7851,            0,            0,            0,   -0.3929987,     0.919539
robot_19
    37.93201,     -32.8219,            0,            0,            0,    0.8318694,    0.5549714
robot_141
    13.65117,     2.014656,            0,            0,            0,   -0.4408418,    0.8975848
robot_35
   -36.80532,    -22.00576,            0,            0,            0,    0.8311622,    0.5560301
