tuw_multi_robot_msgs::RobotGoalsArray @1970-01-01T01:22:43.700000
frame_id: map
        4963,    700000000
robot_84
   -6.050379,      8.73845,            0,            0,            0,    0.9998385,   0.01796998
robot_116
   -6.066416,     29.81227,            0,            0,            0,  -0.04147214,    0.9991397
robot_74
    -38.1169,    -25.81845,            0,            0,            0,    0.7890963,    0.6142695
robot_41
    10.05791,    -29.81406,            0,            0,            0,    -0.934665,    0.3555297
robot_125
    13.81107,      6.12722,            0,            0,            0,    0.5821907,    0.8130523
robot_136
    28.16402,     -22.0077,            0,            0,            0,   -0.7763585,    0.6302916
robot_173
   -28.02381,     29.97415,            0,            0,            0,    0.9651068,    0.2618565
robot_67
    1.750767,    -29.87065,            0,            0,            0,   -0.9985681,   0.05349595
robot_197
   -25.65219,    -22.00155,            0,            0,            0,   -0.6685965,    0.7436254
robot_119
    9.922023,    -24.36643,            0,            0,            0,   -0.7560343,     0.654532
