tuw_multi_robot_msgs::RobotGoalsArray @1970-01-01T00:01:56.700000
frame_id: map
         116,    700000000
robot_84
   -26.73927,     17.98734,            0,            0,            0,   -0.9831169,    0.1829787
robot_116
   -10.24255,    -2.062004,            0,            0,            0,   -0.1701485,    0.9854184
robot_74
   -9.589785,     17.93265,            0,            0,            0,     0.434668,    0.9005908
robot_41
   -30.42768,     26.07236,            0,            0,            0,    -0.951802,    0.3067131
robot_125
    9.942471,    -9.513551,            0,            0,            0,    0.9901625,    0.1399221
robot_136
    22.22237,    -22.08439,            0,            0,            0,    0.5640396,    0.8257478
robot_173
    5.909305,     26.32007,            0,            0,            0,   -0.2045376,    0.9788587
robot_67
    1.989437,     25.72487,            0,            0,            0,    0.9921693,    0.1249006
robot_197
    9.927549,     30.26984,            0,            0,            0,    0.7282903,    0.6852687
robot_119
    2.289038,    -13.90083,            0,            0,            0,   -0.6116196,     0.791152
robot_82
    7.938385,     17.98381,            0,            0,            0,    0.2722677,    0.9622215
robot_77
    25.90094,     24.33644,            0,            0,            0,   -0.6263144,    0.7795706
robot_5
    13.92293,     23.00082,            0,            0,            0,    0.5136471,    0.8580016
robot_133
   -21.74008,     34.01556,            0,            0,            0,    0.3492363,    0.9370347
robot_99
    33.96118,     -18.0847,            0,            0,            0,    -0.308434,    0.9512457
robot_171
    8.723093,     2.001724,            0,            0,            0,   0.08723722,    0.9961876
robot_180
    29.43974,     38.08221,            0,            0,            0,   -0.4897525,    0.8718615
robot_56
   -34.54748,     29.96615,            0,            0,            0,    0.9405837,     0.339562
robot_3
   -6.399075,     -2.03961,            0,            0,            0,    0.4145817,    0.9100121
robot_81
   -38.37482,    -9.961035,            0,            0,            0,    0.9999862,   0.00525585
robot_167
   -6.551606,     37.95489,            0,            0,            0,   -0.8096774,    0.5868753
robot_25
    4.111636,     9.977715,            0,            0,            0,    0.9999889,  0.004711925
robot_168
   -2.022756,     -22.3358,            0,            0,            0,    0.6180436,    0.7861438
robot_96
    25.90571,     1.106204,            0,            0,            0,   -0.1577435,    0.9874801
robot_166
   -13.38033,     17.97449,            0,            0,            0,     0.025614,    0.9996719
