tuw_multi_robot_msgs::RobotGoalsArray @1970-01-01T01:37:53.600000
frame_id: map
        5873,    600000000
robot_84
     22.1845,    -5.989613,            0,            0,            0,   -0.0233911,    0.9997264
robot_116
    -18.0754,    -15.87158,            0,            0,            0,   -0.9224125,    0.3862062
robot_74
   -15.38777,    -6.023521,            0,            0,            0,    0.4628446,    0.8864395
robot_41
   -18.10401,    -6.243074,            0,            0,            0,   -0.9983884,   0.05675119
robot_125
   -15.16391,    -2.007879,            0,            0,            0,   -0.1528844,    0.9882441
robot_136
    13.24578,     25.96796,            0,            0,            0,   -0.9916658,    0.1288365
robot_173
   -33.60304,     13.90119,            0,            0,            0,   0.02957805,    0.9995625
robot_67
   -18.06323,     8.938979,            0,            0,            0,   -0.9995881,   0.02870059
robot_197
    14.77523,    -25.97093,            0,            0,            0,   -0.3903117,    0.9206828
robot_119
    25.93983,    -21.10664,            0,            0,            0,   -0.0187041,    0.9998251
robot_82
   -6.034755,     14.97591,            0,            0,            0,   -0.6853657,    0.7281991
robot_77
   -38.07571,      28.1365,            0,            0,            0,    0.8803987,    0.4742342
robot_5
   -22.12068,     10.24236,            0,            0,            0,    0.7514862,    0.6597488
robot_133
    9.436193,     1.977531,            0,            0,            0,    0.2963763,    0.9550713
robot_99
     1.93073,    -25.15542,            0,            0,            0,    -0.790386,    0.6126092
robot_171
    13.87457,     14.36649,            0,            0,            0,    0.9904748,    0.1376938
robot_180
   -6.270255,    -2.156707,            0,            0,            0,    -0.737891,    0.6749199
robot_56
   -5.994336,     34.19986,            0,            0,            0,   -0.5819446,    0.8132284
robot_3
    14.08392,     6.204344,            0,            0,            0,    0.9002121,    0.4354516
robot_81
    37.94857,    -21.40055,            0,            0,            0,   -0.1832058,    0.9830746
robot_167
    17.94975,     25.98771,            0,            0,            0,   -0.4389994,    0.8984874
robot_25
    34.01819,    -25.95781,            0,            0,            0,   -0.5722864,    0.8200538
robot_168
    9.926993,    -38.82832,            0,            0,            0,    0.9646512,    0.2635301
robot_96
   -14.16447,     2.191657,            0,            0,            0,   -0.9766937,    0.2146377
robot_166
    37.84618,    -10.20553,            0,            0,            0,   -0.6947785,    0.7192238
robot_102
    29.70974,     18.09445,            0,            0,            0,    0.9995945,   0.02847559
robot_192
   -26.39352,    -33.97309,            0,            0,            0,    0.9409972,    0.3384144
robot_179
   -15.64934,     -29.9785,            0,            0,            0,    0.5731921,     0.819421
robot_142
   -26.05199,     1.531412,            0,            0,            0,    0.9207206,    0.3902225
robot_1
    33.95643,     2.501159,            0,            0,            0,    0.8674026,     0.497607
robot_44
   -30.11782,     6.229381,            0,            0,            0,   0.06313768,    0.9980048
robot_163
   -14.24049,    -33.91286,            0,            0,            0,   -0.5629132,     0.826516
robot_79
   -29.96044,     9.818573,            0,            0,            0,   -0.1507567,    0.9885709
robot_8
    29.95666,     25.36687,            0,            0,            0,    0.9966145,     0.082216
robot_20
   -38.21202,     10.10921,            0,            0,            0,   -0.5446944,    0.8386346
robot_143
    2.018547,     33.95571,            0,            0,            0,    0.9463286,     0.323206
robot_138
   -12.21957,    -37.97282,            0,            0,            0,   -0.8553331,    0.5180784
robot_123
    -26.0517,      17.1878,            0,            0,            0,   -0.5358556,    0.8443096
robot_193
   -6.486766,      5.94695,            0,            0,            0,   -0.9865997,    0.1631598
robot_187
    30.00652,    -5.795338,            0,            0,            0,    0.9734074,    0.2290809
robot_176
    25.77143,     29.76782,            0,            0,            0,    0.2179058,    0.9759698
robot_66
    32.65212,    -30.02925,            0,            0,            0,    -0.352769,    0.9357104
robot_63
   -22.27566,      30.0242,            0,            0,            0,   0.03921971,    0.9992306
robot_31
    6.337943,     25.92234,            0,            0,            0,   -0.6341823,    0.7731836
robot_159
       17.91,     -16.0249,            0,            0,            0,   -0.3278841,    0.9447179
robot_160
     22.2473,    -2.073857,            0,            0,            0,   -0.4106426,    0.9117964
robot_151
   -6.469262,     29.93605,            0,            0,            0,   -0.8445145,    0.5355327
robot_150
    9.902917,    -0.915524,            0,            0,            0,     0.860262,    0.5098522
robot_137
    33.95052,    -21.25913,            0,            0,            0,    0.3530438,    0.9356068
robot_199
    35.86649,     29.97451,            0,            0,            0,   -0.8503388,    0.5262356
robot_54
   -33.91659,     -38.2039,            0,            0,            0,    0.1378957,    0.9904468
robot_117
    13.96166,    -13.62964,            0,            0,            0,     0.658717,    0.7523908
robot_36
    -2.04857,     33.23301,            0,            0,            0,    0.8492587,     0.527977
robot_33
   -12.77868,    -25.99396,            0,            0,            0,   -0.4377878,    0.8990783
robot_146
   -22.16769,     25.97364,            0,            0,            0,    0.6901975,     0.723621
robot_156
   -25.99881,     -17.9916,            0,            0,            0,   -0.8038577,    0.5948217
robot_112
    17.71846,     38.04255,            0,            0,            0,   -0.7669707,    0.6416821
robot_19
   -13.24425,     29.96767,            0,            0,            0,    0.9281487,    0.3722097
robot_141
     16.8046,     9.970832,            0,            0,            0,    0.6176759,    0.7864328
robot_35
    17.94304,     31.73373,            0,            0,            0,   -0.3909248,    0.9204226
robot_184
   -37.02451,     5.993315,            0,            0,            0,   -0.1628162,    0.9866564
robot_98
   -34.06626,      28.2693,            0,            0,            0,    0.2669658,     0.963706
robot_100
   -21.67835,     2.084752,            0,            0,            0,    0.8385695,    0.5447946
robot_164
    13.94113,     23.83124,            0,            0,            0,   -0.9896143,    0.1437484
robot_59
    6.865372,     -10.0096,            0,            0,            0,   -0.9730505,    0.2305923
robot_144
    37.79962,     22.13264,            0,            0,            0,    0.5173646,    0.8557651
robot_101
   -34.06963,     1.307045,            0,            0,            0,    0.9782075,    0.2076297
robot_161
    9.958672,    -30.37646,            0,            0,            0,    0.9986805,   0.05135417
robot_149
   -2.045728,    -25.14951,            0,            0,            0,    0.0367933,    0.9993229
robot_86
    37.73879,    -26.12281,            0,            0,            0,   0.01952702,    0.9998093
robot_191
   -26.04143,     30.87314,            0,            0,            0,    0.9505823,    0.3104726
robot_126
    33.88041,    -2.325988,            0,            0,            0,   -0.9945364,    0.1043906
robot_190
    38.00251,    -29.64861,            0,            0,            0,   -0.9122967,      0.40953
robot_131
   -31.77895,    -21.98901,            0,            0,            0,   -0.7185576,    0.6954674
robot_154
    15.60125,    -22.02436,            0,            0,            0,    0.9967064,   0.08109529
robot_9
    25.76252,      26.0271,            0,            0,            0,   -0.9858641,     0.167547
robot_27
    13.90694,    -7.824608,            0,            0,            0,    0.8322076,    0.5544642
robot_34
    33.94451,      13.4178,            0,            0,            0,    0.1606236,    0.9870157
robot_114
    29.96343,     12.47721,            0,            0,            0,   -0.9883616,    0.1521226
robot_51
   -21.89258,    -26.01078,            0,            0,            0,   -0.9092627,    0.4162228
robot_108
    22.97381,     17.98929,            0,            0,            0,    0.1189796,    0.9928967
robot_147
   -22.07958,    -15.84801,            0,            0,            0,   -0.2429734,     0.970033
robot_183
    33.75456,     10.14369,            0,            0,            0,   -0.9837116,    0.1797538
robot_48
    33.98408,    -34.27458,            0,            0,            0,    0.9637867,    0.2666745
robot_60
   -37.73251,    -22.03291,            0,            0,            0,   -0.9310597,    0.3648668
robot_75
   -38.44116,     21.98646,            0,            0,            0,     0.355455,    0.9346934
robot_152
   -27.63228,     -22.0224,            0,            0,            0,    0.9385091,    0.3452544
robot_26
    11.02067,    -5.994268,            0,            0,            0,     0.537484,    0.8432739
robot_182
    17.72257,    -10.02244,            0,            0,            0,    0.3758133,    0.9266954
robot_172
    12.35962,    -9.973925,            0,            0,            0,   -0.4026722,    0.9153442
robot_43
    5.843188,    -5.704678,            0,            0,            0,    0.3723475,    0.9280934
robot_170
    5.914125,    -21.02746,            0,            0,            0,   -0.3696961,    0.9291527
robot_177
   -26.06095,     8.089701,            0,            0,            0,   -0.4920396,    0.8705728
robot_80
    27.49908,    -30.01539,            0,            0,            0,   -0.7062885,    0.7079242
robot_16
   -18.05219,    -24.22639,            0,            0,            0,     -0.74951,     0.661993
robot_13
    33.80091,     30.08674,            0,            0,            0,  -0.09866307,    0.9951209
robot_178
   -13.61158,    -13.92788,            0,            0,            0,    -0.996088,   0.08836687
robot_88
    18.07107,    -33.97858,            0,            0,            0,   -0.9610749,    0.2762881
robot_194
    38.22732,    -14.00199,            0,            0,            0,   -0.2690972,     0.963113
robot_29
    24.42162,     21.99293,            0,            0,            0,    0.6667655,    0.7452676
robot_92
   -1.934032,     29.84246,            0,            0,            0,    0.3134332,    0.9496102
robot_87
    21.92583,    -33.34273,            0,            0,            0,    0.8548331,     0.518903
robot_68
   -26.18234,    -37.84295,            0,            0,            0,    0.6544917,    0.7560692
robot_22
    21.62377,     29.93835,            0,            0,            0,   -0.7854231,    0.6189592
robot_38
     17.4506,    -14.00432,            0,            0,            0,    0.9776461,     0.210257
robot_2
    -26.2772,      6.00832,            0,            0,            0,    0.3152652,    0.9490036
robot_110
    6.070545,    -30.03699,            0,            0,            0,    0.9686132,    0.2485727
robot_14
   -2.056218,      11.4633,            0,            0,            0,    0.8220504,    0.5694148
robot_181
   -13.90186,     5.953019,            0,            0,            0,    0.5985742,    0.8010674
robot_61
    13.91975,    -4.551102,            0,            0,            0,   -0.9820912,    0.1884059
robot_30
    29.94157,     23.16484,            0,            0,            0,   -0.9869222,    0.1611975
robot_122
   -5.602111,    -33.95576,            0,            0,            0,    0.1732693,    0.9848745
robot_132
    17.74754,     -5.94848,            0,            0,            0,    0.4727496,    0.8811968
robot_45
     9.60952,    -18.09624,            0,            0,            0,    -0.944267,    0.3291804
robot_21
   -18.08231,     31.29337,            0,            0,            0,   -0.4703398,    0.8824854
robot_39
    25.96672,    -18.43946,            0,            0,            0,   -0.6625844,    0.7489873
robot_134
   -38.06888,    -17.71392,            0,            0,            0,   -0.7544958,    0.6563048
robot_15
   -18.07987,      19.8055,            0,            0,            0,   -0.8229131,    0.5681672
robot_145
   -6.972133,    -9.993253,            0,            0,            0,    0.9939228,    0.1100789
robot_140
    1.178682,     22.01574,            0,            0,            0,    0.4426878,    0.8966758
robot_196
   -30.04964,     21.40769,            0,            0,            0,    0.8185135,    0.5744872
robot_188
   -19.92887,     13.97442,            0,            0,            0,     -0.95509,     0.296316
robot_4
    17.98852,     21.85924,            0,            0,            0,    0.8047724,    0.5935835
robot_155
   -17.48053,    -14.02386,            0,            0,            0,    -0.996949,   0.07805535
robot_135
     21.9282,     -13.5633,            0,            0,            0,    0.7576631,    0.6526459
robot_93
    33.74859,    -37.87659,            0,            0,            0,   -0.9658325,     0.259167
robot_111
   -1.396449,     17.96822,            0,            0,            0,   -0.8621966,    0.5065738
robot_0
    6.346598,    -18.00966,            0,            0,            0,   -0.7526729,    0.6583946
robot_49
   -10.04075,     3.637434,            0,            0,            0,    0.3405236,     0.940236
robot_113
    33.96736,     21.93299,            0,            0,            0,    0.9182014,    0.3961139
robot_94
    33.87983,    -17.89646,            0,            0,            0,    0.7722661,    0.6352992
robot_40
   -10.04111,    -17.48332,            0,            0,            0,   -0.3409942,    0.9400654
robot_103
    13.90141,    -34.28586,            0,            0,            0,    0.9906537,    0.1364013
robot_6
    32.22708,     5.992635,            0,            0,            0,    0.6247996,    0.7807852
robot_71
    37.87881,     9.927946,            0,            0,            0,    0.9361961,    0.3514781
robot_17
   -10.05656,    -14.95224,            0,            0,            0,   -0.7693695,     0.638804
robot_120
   -18.08215,     14.77189,            0,            0,            0,   -0.2330512,    0.9724645
robot_189
    25.92222,     19.50433,            0,            0,            0,   -0.7207592,    0.6931856
robot_148
    1.076084,    -30.00785,            0,            0,            0,   -0.9989321,   0.04620324
robot_186
    1.509696,     26.08925,            0,            0,            0,    0.5846389,    0.8112936
robot_198
   -10.10354,    -6.174302,            0,            0,            0,    0.9666849,    0.2559693
robot_107
    36.80524,     26.00632,            0,            0,            0,    0.7792205,    0.6267499
robot_18
      17.853,     17.77103,            0,            0,            0,    0.5155793,    0.8568419
robot_23
    33.96446,    -9.639469,            0,            0,            0,     0.886475,    0.4627765
robot_46
    7.083423,     30.03192,            0,            0,            0,   0.06196016,    0.9980786
robot_109
    10.32233,    -22.09682,            0,            0,            0,   -0.6240649,    0.7813725
robot_10
   -16.73265,    -34.02025,            0,            0,            0,    0.7817686,    0.6235687
robot_157
    2.893881,     14.01368,            0,            0,            0,    -0.847061,    0.5314956
robot_70
   -2.240628,    -33.89063,            0,            0,            0,    0.5185627,    0.8550396
robot_55
   -6.053766,     10.26089,            0,            0,            0,   -0.4269614,    0.9042699
