tuw_multi_robot_msgs::RobotGoalsArray @1970-01-01T00:55:42.900000
frame_id: map
        3342,    900000000
robot_84
   -2.085854,     19.35424,            0,            0,            0,  -0.07303056,    0.9973297
robot_116
    37.96492,    -18.43609,            0,            0,            0,   -0.8231291,    0.5678543
robot_74
     25.8684,    -21.80074,            0,            0,            0,    0.2368057,     0.971557
robot_41
    -13.6611,    -22.08976,            0,            0,            0,    0.0551896,    0.9984759
robot_125
   -22.02927,    -5.642844,            0,            0,            0,   -0.7340014,    0.6791479
robot_136
   -10.15264,    -1.802299,            0,            0,            0,    0.2108809,    0.9775118
robot_173
    37.93749,     32.23499,            0,            0,            0,   -0.7863096,    0.6178326
robot_67
   -10.04595,    -11.59049,            0,            0,            0,    0.8607721,    0.5089906
robot_197
    13.91897,    -17.15832,            0,            0,            0,   -0.3494961,    0.9369378
robot_119
    1.737482,     25.97001,            0,            0,            0,   -0.5156693,    0.8567877
robot_82
    27.06495,    -38.01762,            0,            0,            0,   -0.6418355,    0.7668424
robot_77
   -10.39783,     6.066126,            0,            0,            0,   -0.7238287,    0.6899798
robot_5
    21.91172,     1.462066,            0,            0,            0,   -0.1640089,    0.9864589
robot_133
    9.996835,     33.98961,            0,            0,            0,   -0.9980722,   0.06206314
robot_99
    21.91664,     3.744065,            0,            0,            0,    0.6740962,    0.7386435
robot_171
   -6.091355,      19.1733,            0,            0,            0,    0.4971997,    0.8676361
robot_180
    23.85607,    -37.97057,            0,            0,            0,    0.8712041,    0.4909211
robot_56
   -38.08564,      30.6757,            0,            0,            0,   -0.9988111,   0.04874743
robot_3
     -10.531,    -18.01306,            0,            0,            0,   -0.3882276,    0.9215635
robot_81
    9.940796,    -8.206798,            0,            0,            0,    0.9944437,    0.1052693
robot_167
   -38.19591,      18.1613,            0,            0,            0,   -0.9809871,     0.194073
robot_25
   -10.07379,    -22.37177,            0,            0,            0,    0.9907119,    0.1359777
robot_168
    29.23898,    -9.968713,            0,            0,            0,    0.6830683,    0.7303545
robot_96
   -26.89195,    -38.01458,            0,            0,            0,    0.9239012,    0.3826312
robot_166
   -10.08254,    -28.65164,            0,            0,            0,    0.2548945,    0.9669689
robot_102
   -21.84161,     6.110086,            0,            0,            0,   0.08532699,     0.996353
robot_192
     30.1233,    -1.905426,            0,            0,            0,    0.2389824,    0.9710239
robot_179
    29.84704,     29.87529,            0,            0,            0,    0.5407759,    0.8411667
robot_142
   -22.01373,     14.22504,            0,            0,            0,   -0.3355374,    0.9420269
robot_1
   -34.07724,    -21.51414,            0,            0,            0,   -0.9404749,    0.3398632
robot_44
    9.951388,     4.705497,            0,            0,            0,    0.4173173,    0.9087608
robot_163
    23.92324,      10.0217,            0,            0,            0,   -0.4696163,    0.8828706
robot_79
    13.92015,     21.57763,            0,            0,            0,    0.8040395,    0.5945758
robot_8
    18.02916,     5.871477,            0,            0,            0,    0.4203701,    0.9073528
robot_20
    22.30548,      22.0658,            0,            0,            0,    -0.871182,    0.4909602
robot_143
    29.83909,    -21.91692,            0,            0,            0,    0.5061993,    0.8624165
robot_138
   -9.964136,     1.994159,            0,            0,            0,   -0.8729138,    0.4878745
robot_123
   -24.49852,    -17.98848,            0,            0,            0,    0.9878871,    0.1551744
robot_193
   -8.019133,    -38.01609,            0,            0,            0,    0.6459662,     0.763366
robot_187
   -29.70326,    -22.09804,            0,            0,            0,    0.5206077,     0.853796
robot_176
    33.93781,     22.69591,            0,            0,            0,   -0.6480617,    0.7615878
robot_66
    12.05933,      2.02574,            0,            0,            0,   -0.7749197,    0.6320597
robot_63
    22.46153,    -17.99683,            0,            0,            0,    0.9830529,    0.1833222
robot_31
    1.582399,    -21.96265,            0,            0,            0,    0.9715963,    0.2366446
robot_159
    -26.1518,    -10.05948,            0,            0,            0,   -0.4268863,    0.9043053
robot_160
   -27.88145,     10.00792,            0,            0,            0,   -0.1341501,     0.990961
robot_151
    8.830356,    -26.02249,            0,            0,            0,   -0.7611898,    0.6485292
robot_150
    13.81556,    -25.93994,            0,            0,            0,    0.8273732,    0.5616526
robot_137
   -28.99631,    -34.00327,            0,            0,            0,    0.9998193,   0.01900927
robot_199
   -2.091487,     15.26691,            0,            0,            0,      0.89909,    0.4377638
robot_54
    31.50054,     -25.9738,            0,            0,            0,    0.7919531,     0.610582
robot_117
   -26.09079,   -0.5806629,            0,            0,            0,   -0.4804714,    0.8770104
robot_36
   -1.945409,    -10.16904,            0,            0,            0,   0.03633628,    0.9993396
robot_33
   -25.67573,    -5.910918,            0,            0,            0,  -0.08408287,    0.9964588
robot_146
   -22.35559,     1.946015,            0,            0,            0,    -0.682409,    0.7309705
robot_156
    22.21765,     13.91683,            0,            0,            0,    0.1652263,    0.9862557
robot_112
    34.03425,    -21.96645,            0,            0,            0,    0.3028584,    0.9530356
robot_19
   -25.38404,     29.99647,            0,            0,            0,    0.2809868,    0.9597116
robot_141
    1.289466,     30.02383,            0,            0,            0,    0.2601898,    0.9655575
robot_35
   -17.67295,     38.09366,            0,            0,            0,   0.08441445,    0.9964307
robot_184
   -33.11812,    -37.98801,            0,            0,            0,   -0.5870581,    0.8095448
robot_98
   -13.50894,     10.01738,            0,            0,            0,   -0.1161546,    0.9932311
robot_100
   -26.43018,     21.91166,            0,            0,            0,      0.81506,    0.5793766
robot_164
   -30.04786,     6.566134,            0,            0,            0,   -0.8980491,    0.4398952
robot_59
   -34.07392,     -25.4308,            0,            0,            0,   -0.1808637,    0.9835082
robot_144
    5.961626,    -35.94627,            0,            0,            0,   -0.9088806,    0.4170565
robot_101
    5.876108,     25.92141,            0,            0,            0,   -0.4532515,    0.8913827
robot_161
   -34.17803,     29.78686,            0,            0,            0,    -0.963464,    0.2678377
robot_149
    25.16293,    -26.00034,            0,            0,            0,    0.9132807,    0.4073309
robot_86
   -14.11721,     34.03211,            0,            0,            0, -0.002598916,    0.9999966
