tuw_multi_robot_msgs::RobotGoalsArray @1970-01-01T00:54:57.200000
frame_id: map
        3297,    200000000
robot_84
     11.4564,    -6.027718,            0,            0,            0,   -0.7598974,     0.650043
robot_116
    10.14748,     21.98631,            0,            0,            0,     0.835843,    0.5489686
robot_74
    9.934295,    -9.112611,            0,            0,            0,    0.5470475,    0.8371016
robot_41
   -30.12486,    -34.14174,            0,            0,            0,   -0.6890965,    0.7246696
robot_125
   -6.098439,    -22.75146,            0,            0,            0,   -0.7729881,    0.6344205
robot_136
    14.66143,     33.98941,            0,            0,            0,   -0.6502393,    0.7597295
robot_173
    9.969783,     9.820506,            0,            0,            0,   -0.4060857,     0.913835
robot_67
   -19.05032,     -17.9871,            0,            0,            0,   -0.8918978,     0.452237
robot_197
    37.88631,     33.75661,            0,            0,            0,    0.5240037,     0.851716
robot_119
    1.924233,     13.13557,            0,            0,            0,   -0.2623614,    0.9649697
robot_82
   -3.545942,     21.98091,            0,            0,            0,    0.8932675,    0.4495254
robot_77
   -26.07383,      35.8359,            0,            0,            0,   -0.9473926,    0.3200739
robot_5
    17.90421,     3.831148,            0,            0,            0,   -0.1125468,    0.9936464
robot_133
   -26.16969,      9.92263,            0,            0,            0,   -0.5382344,    0.8427952
robot_99
   -26.21883,     26.14625,            0,            0,            0,    0.9475748,     0.319534
robot_171
   -36.83019,    -29.99291,            0,            0,            0,    0.7229182,    0.6909336
robot_180
   -21.02008,    -9.968495,            0,            0,            0,    0.2240345,    0.9745812
robot_56
   -14.08664,     -4.16098,            0,            0,            0,   0.05209286,    0.9986422
robot_3
    17.36538,     9.975364,            0,            0,            0,   -0.6213181,    0.7835584
robot_81
    15.28764,    -26.03014,            0,            0,            0,   -0.7796788,    0.6261797
robot_167
   -7.765369,     18.00793,            0,            0,            0,    0.6641174,    0.7476283
robot_25
   -37.93315,    -13.85868,            0,            0,            0,   -0.7798455,     0.625972
robot_168
    10.76075,     38.01464,            0,            0,            0,   -0.9999323,   0.01163312
robot_96
    15.24885,     14.00309,            0,            0,            0,    0.4165992,    0.9090903
robot_166
   -6.450445,     26.03412,            0,            0,            0,     0.504816,    0.8632269
robot_102
   -30.18318,     25.97985,            0,            0,            0,   -0.8772649,    0.4800065
robot_192
    37.92834,      10.9406,            0,            0,            0,     0.779502,    0.6263998
robot_179
   -34.25665,     29.83574,            0,            0,            0,    0.7855861,    0.6187523
robot_142
    13.96116,     2.764977,            0,            0,            0,     0.969787,    0.2439533
robot_1
   -26.05345,     32.59968,            0,            0,            0,    0.2149547,     0.976624
robot_44
    -18.0167,     -33.7761,            0,            0,            0,    0.9714654,    0.2371815
robot_163
   -6.727247,    -18.01985,            0,            0,            0,   -0.1790602,    0.9838381
robot_79
   -10.18006,     38.01775,            0,            0,            0,    0.8561148,    0.5167856
robot_8
   -26.05435,    -23.96014,            0,            0,            0,   -0.9825594,    0.1859492
robot_20
    21.92504,    -32.56471,            0,            0,            0,    0.1576314,     0.987498
robot_143
    15.33107,      30.0192,            0,            0,            0,     0.608531,    0.7935301
robot_138
    25.95288,     20.01249,            0,            0,            0,   -0.9949454,    0.1004171
robot_123
   -18.18375,    -6.209754,            0,            0,            0,    0.9947625,     0.102213
robot_193
   -30.10911,     21.71626,            0,            0,            0,    0.9288499,    0.3704562
robot_187
   -34.17477,    -17.94667,            0,            0,            0,   -0.9703909,    0.2415399
robot_176
   -34.03501,     19.82166,            0,            0,            0,     0.557384,    0.8302548
robot_66
    25.90768,    -16.32358,            0,            0,            0,   -0.9845181,    0.1752827
robot_63
   -30.91969,     -6.02464,            0,            0,            0,    -0.721322,    0.6925999
robot_31
   -22.06818,    -34.75802,            0,            0,            0,    0.6623672,    0.7491793
robot_159
   -22.10324,    -2.207328,            0,            0,            0,   -0.7746499,    0.6323904
robot_160
   -13.91431,    -37.92188,            0,            0,            0,    0.5434846,    0.8394191
robot_151
   -30.02877,    -9.709629,            0,            0,            0,     0.916187,     0.400751
robot_150
   -30.08964,    -20.54198,            0,            0,            0,   -0.1313866,    0.9913312
robot_137
   -22.43034,     5.910515,            0,            0,            0,   -0.5718345,     0.820369
robot_199
    18.66248,    -26.02267,            0,            0,            0,    0.2341622,    0.9721975
robot_54
     20.9533,      34.0065,            0,            0,            0,   -0.9996231,   0.02745188
robot_117
    34.35811,    -22.03251,            0,            0,            0,    0.2594722,    0.9657506
robot_36
    -14.5398,     5.928156,            0,            0,            0,    0.9055155,    0.4243133
robot_33
   -2.061017,     28.70576,            0,            0,            0,   -0.9852973,    0.1708485
robot_146
     30.0837,     22.07517,            0,            0,            0,    0.9599299,    0.2802404
robot_156
    19.64756,    -10.02333,            0,            0,            0,   -0.9694615,    0.2452437
robot_112
    -2.29681,     10.04194,            0,            0,            0,   -0.3027619,    0.9530662
robot_19
    33.17155,    -30.00557,            0,            0,            0,   -0.5083754,    0.8611355
robot_141
   -5.157537,     6.009799,            0,            0,            0,   0.08457539,    0.9964171
robot_35
   -6.315453,    -34.06095,            0,            0,            0,    0.9797552,    0.2001994
robot_184
    33.92566,     16.20992,            0,            0,            0, -0.006225878,    0.9999806
robot_98
   -33.95854,     22.19068,            0,            0,            0,   -0.8730718,    0.4875916
robot_100
    13.90578,     -17.1826,            0,            0,            0,   -0.4817257,    0.8763221
robot_164
    34.05389,     -33.9359,            0,            0,            0,   -0.2935371,    0.9559477
robot_59
   -34.09827,     7.427081,            0,            0,            0,    0.9543377,    0.2987298
robot_144
   -26.09449,    -20.83724,            0,            0,            0,   -0.5758303,    0.8175692
robot_101
    35.03482,     25.98541,            0,            0,            0,   -0.9758513,    0.2184361
robot_161
   -2.074199,     24.59339,            0,            0,            0,    0.2400291,    0.9707657
robot_149
   -8.343833,      -21.999,            0,            0,            0,   -0.2549476,    0.9669549
robot_86
   -25.98001,     30.22001,            0,            0,            0,   -0.2219118,    0.9750667
