tuw_multi_robot_msgs::RobotGoalsArray @1970-01-01T00:53:56.200000
frame_id: map
        3236,    200000000
robot_84
    22.01599,    -26.26567,            0,            0,            0,    0.8074651,    0.5899153
robot_116
    10.34516,     22.00588,            0,            0,            0,    0.5237747,    0.8518568
robot_74
   -18.04165,     6.328996,            0,            0,            0,   -0.7486279,    0.6629904
robot_41
   -33.77444,    -9.909501,            0,            0,            0,   -0.3415927,    0.9398481
robot_125
    39.15644,    -34.00036,            0,            0,            0,   -0.9936707,    0.1123321
robot_136
   -34.14806,     9.789981,            0,            0,            0,     0.363837,    0.9314626
robot_173
    21.91724,    -19.82576,            0,            0,            0,   -0.6183081,    0.7859358
robot_67
   -23.57648,     14.03125,            0,            0,            0,    0.7403292,    0.6722445
robot_197
   -30.20725,     34.00181,            0,            0,            0,    0.6022649,    0.7982963
robot_119
    37.90466,    -21.88921,            0,            0,            0,    0.9994053,   0.03448288
robot_82
    -9.97862,    -38.04942,            0,            0,            0,   -0.9733367,     0.229381
robot_77
    5.347424,    -17.99471,            0,            0,            0,    0.9954592,   0.09518936
robot_5
    10.35265,    -29.93389,            0,            0,            0,   -0.1143161,    0.9934444
robot_133
   -34.04514,     18.39717,            0,            0,            0,   -0.9683772,    0.2494907
robot_99
    34.04225,     10.17524,            0,            0,            0,   -0.9261346,    0.3771932
robot_171
    9.942949,     15.50142,            0,            0,            0,   -0.7679483,    0.6405119
robot_180
   -34.15282,     14.23674,            0,            0,            0,    0.9282776,    0.3718881
robot_56
   -13.69008,    -25.92416,            0,            0,            0,    0.4827882,    0.8757372
robot_3
    15.98081,     10.02434,            0,            0,            0,    0.7236968,    0.6901181
robot_81
   -6.312503,     37.95066,            0,            0,            0,    0.7877687,    0.6159711
robot_167
    9.948321,     26.14267,            0,            0,            0,    0.3882454,     0.921556
robot_25
    18.43005,     -38.0291,            0,            0,            0,  -0.08911889,     0.996021
robot_168
    9.984383,    -17.77034,            0,            0,            0,    0.6196778,    0.7848563
robot_96
   -25.95261,     5.944268,            0,            0,            0,    0.5765194,    0.8170834
robot_166
   -10.04683,    -3.265838,            0,            0,            0,     -0.95216,    0.3055999
robot_102
    37.66212,     13.97124,            0,            0,            0,    -0.522438,    0.8526773
robot_192
    13.70518,     37.87715,            0,            0,            0,  -0.07862897,    0.9969039
robot_179
   -30.03709,     -18.0383,            0,            0,            0,    0.9944467,    0.1052411
robot_142
    21.95202,    -36.79424,            0,            0,            0,    -0.459038,    0.8884166
robot_1
   -14.30964,    -29.92568,            0,            0,            0,    0.9836009,    0.1803588
robot_44
   -18.09856,     9.705307,            0,            0,            0,     0.978806,    0.2047898
robot_163
     -20.506,    -38.01123,            0,            0,            0,    -0.935857,    0.3523801
robot_79
    -38.0937,     9.398431,            0,            0,            0,   -0.6276816,    0.7784702
robot_8
   -30.01417,    -21.65724,            0,            0,            0,   -0.2517126,     0.967802
robot_20
   -10.07088,     13.32589,            0,            0,            0,   -0.5084033,    0.8611191
robot_143
    13.95749,     19.37991,            0,            0,            0,   -0.2363103,    0.9716776
robot_138
     34.8626,     13.98347,            0,            0,            0,    0.9588179,    0.2840215
robot_123
    5.919024,      33.3347,            0,            0,            0,   -0.4696489,    0.8828533
robot_193
   -34.04745,   -0.1745391,            0,            0,            0,   -0.5968804,    0.8023302
robot_187
    -4.86992,     -10.0168,            0,            0,            0,    0.7210499,    0.6928831
robot_176
    1.939678,     7.684918,            0,            0,            0,   -0.9955437,   0.09430092
robot_66
    25.94832,      3.42942,            0,            0,            0,    0.7137121,    0.7004391
robot_63
    13.91149,    -5.714953,            0,            0,            0,     0.871136,    0.4910418
robot_31
   -22.13848,     9.989773,            0,            0,            0,    0.9329132,    0.3601014
robot_159
    17.91835,     26.04039,            0,            0,            0,    0.9699013,    0.2434983
robot_160
    9.957554,     9.563619,            0,            0,            0,   -0.3662913,    0.9305002
robot_151
    -11.5758,      6.00488,            0,            0,            0,   -0.4482991,    0.8938836
robot_150
    30.15382,    -38.11876,            0,            0,            0,    0.3454473,    0.9384381
robot_137
   -1.986575,    -29.76003,            0,            0,            0,    0.9000321,    0.4358236
robot_199
     10.7412,    -9.979881,            0,            0,            0,   -0.8846874,    0.4661848
robot_54
    3.838045,     5.975311,            0,            0,            0,   -0.5074234,    0.8616969
robot_117
    4.820039,      22.0081,            0,            0,            0,     0.966073,     0.258269
robot_36
    9.335987,     -34.0124,            0,            0,            0,   -0.1020856,    0.9947756
robot_33
    26.36895,     38.00139,            0,            0,            0,    0.7484389,    0.6632038
robot_146
     2.04948,     26.01526,            0,            0,            0,     -0.13131,    0.9913414
robot_156
   -26.09745,    -17.19195,            0,            0,            0,   -0.3871082,    0.9220343
robot_112
   -21.88353,     18.07526,            0,            0,            0,   -0.0193223,    0.9998133
robot_19
    33.91897,    -17.60983,            0,            0,            0,    0.7203977,    0.6935612
robot_141
    -36.0342,    -5.966587,            0,            0,            0,    0.3164045,    0.9486244
robot_35
    35.97096,      33.9786,            0,            0,            0,    0.5768141,    0.8168754
robot_184
   -34.04412,    -37.44031,            0,            0,            0,    0.2873445,    0.9578273
robot_98
    1.964401,    -14.86564,            0,            0,            0,   -0.5101469,    0.8600873
robot_100
    -19.5857,    -26.01047,            0,            0,            0,   -0.2153409,    0.9765389
robot_164
   -37.77784,    -14.09929,            0,            0,            0,   -0.7106417,    0.7035541
robot_59
    5.988357,    -30.00395,            0,            0,            0,    0.9108791,    0.4126734
robot_144
    18.00697,     21.82717,            0,            0,            0,  0.003764978,    0.9999929
robot_101
     26.4172,    -21.92302,            0,            0,            0,    0.1065187,    0.9943107
robot_161
   -7.049183,    -1.969838,            0,            0,            0,   -0.9972163,   0.07456285
robot_149
   -32.09189,     21.97726,            0,            0,            0,   -0.7542164,    0.6566259
robot_86
    13.99917,    -29.81221,            0,            0,            0,   -0.2443117,    0.9696967
