tuw_multi_robot_msgs::RobotGoalsArray @1970-01-01T00:54:35.600000
frame_id: map
        3275,    600000000
robot_84
    -10.0461,    -22.14435,            0,            0,            0,    -0.198206,    0.9801604
robot_116
    -30.5652,    -26.07432,            0,            0,            0,    0.2447919,    0.9695756
robot_74
   -22.72001,     1.987007,            0,            0,            0,   -0.1629844,    0.9866286
robot_41
   -14.08232,     21.80344,            0,            0,            0,    0.1504169,    0.9886226
robot_125
    17.92301,     12.05438,            0,            0,            0,     -0.99151,    0.1300306
robot_136
   -26.04174,    -17.60042,            0,            0,            0,   -0.9372978,    0.3485295
robot_173
    27.45601,    -25.99922,            0,            0,            0,   -0.9994206,   0.03403536
robot_67
    5.906766,     31.60237,            0,            0,            0,    0.3173855,    0.9482966
robot_197
   -13.75138,    -10.01748,            0,            0,            0,    0.5005182,     0.865726
robot_119
   -34.00069,    -18.20133,            0,            0,            0,   -0.1235803,    0.9923346
robot_82
    25.35821,    -1.968785,            0,            0,            0,    0.0210997,    0.9997774
robot_77
    14.12412,    -9.861872,            0,            0,            0,   -0.1889042,    0.9819955
robot_5
   -23.24919,     22.02087,            0,            0,            0,     0.845296,    0.5342984
robot_133
    10.74488,     38.02805,            0,            0,            0,    0.4014648,    0.9158745
robot_99
   -32.60079,    -29.98618,            0,            0,            0,   -0.9975576,   0.06984903
robot_171
   -5.982131,     6.067272,            0,            0,            0,    0.9995445,   0.03018001
robot_180
    34.57774,    -22.02054,            0,            0,            0,   -0.9644228,    0.2643645
robot_56
    34.13759,    -26.00004,            0,            0,            0,   -0.6696896,    0.7426412
robot_3
    26.03171,    -6.151207,            0,            0,            0,    0.7689223,    0.6393423
robot_81
   -17.95574,    -9.909796,            0,            0,            0,  -0.07951899,    0.9968334
robot_167
    -21.6833,     14.00135,            0,            0,            0,   -0.9255491,    0.3786276
robot_25
    7.595033,     6.009571,            0,            0,            0,    0.8971604,     0.441705
robot_168
    25.93371,     5.513157,            0,            0,            0,   0.06167922,     0.998096
robot_96
    21.81019,     29.93912,            0,            0,            0,   0.04398606,    0.9990321
robot_166
     21.9158,     2.271387,            0,            0,            0, -0.003135976,    0.9999951
robot_102
   -26.04295,     29.88632,            0,            0,            0,   -0.1711281,    0.9852488
robot_192
    33.65529,    -5.994465,            0,            0,            0,    0.9050974,    0.4252043
robot_179
   -38.05008,     29.06115,            0,            0,            0,    0.9170858,      0.39869
robot_142
    14.17604,    -1.988809,            0,            0,            0,   -0.1608406,    0.9869804
robot_1
   -7.772194,    -17.96698,            0,            0,            0,    0.9853271,    0.1706765
robot_44
   -11.57109,      26.0124,            0,            0,            0,   -0.4896928,     0.871895
robot_163
    24.71009,     26.00615,            0,            0,            0,    -0.881924,    0.4713915
robot_79
   -26.11384,     5.740469,            0,            0,            0,   0.07348328,    0.9972964
robot_8
    -18.0942,     1.248064,            0,            0,            0,    0.9999162,   0.01294921
robot_20
   -33.63995,     33.95929,            0,            0,            0,   -0.5722531,    0.8200771
robot_143
    33.90404,     21.82247,            0,            0,            0,   -0.8404359,    0.5419109
robot_138
    9.422556,      13.9793,            0,            0,            0,    0.3644811,    0.9312108
robot_123
   -18.03747,     29.71469,            0,            0,            0,    0.9782685,    0.2073421
robot_193
    11.18552,     -25.9856,            0,            0,            0,    0.8396983,    0.5430531
robot_187
    1.923479,    -9.157036,            0,            0,            0,   -0.1568032,    0.9876299
robot_176
    5.976459,     -29.7002,            0,            0,            0,    0.9921312,    0.1252022
robot_66
    13.90627,     10.58844,            0,            0,            0,   -0.1733302,    0.9848638
robot_63
   -30.12107,     9.701859,            0,            0,            0,    0.5383583,     0.842716
robot_31
    25.94479,    -14.20358,            0,            0,            0,    0.9214648,    0.3884619
robot_159
    26.67024,    -22.00579,            0,            0,            0,   -0.3353576,    0.9420909
robot_160
    29.95545,     -25.0086,            0,            0,            0,   -0.4596596,    0.8880952
robot_151
    17.92849,     18.91696,            0,            0,            0,     0.609908,    0.7924723
robot_150
    13.92136,    -15.52579,            0,            0,            0,    -0.544248,    0.8389244
robot_137
   -21.63919,    -38.00532,            0,            0,            0,   -0.6504784,    0.7595248
robot_199
     1.91876,     25.36763,            0,            0,            0,   -0.2309642,    0.9729623
robot_54
   -37.75287,    -13.91569,            0,            0,            0,    0.9953084,   0.09675289
robot_117
   -6.050287,    -28.46869,            0,            0,            0,     0.440447,    0.8977786
robot_36
   -37.61194,     6.049736,            0,            0,            0,    0.9941914,    0.1076269
robot_33
    35.89792,     22.01025,            0,            0,            0,   -0.6503502,    0.7596345
robot_146
    13.58327,     5.912163,            0,            0,            0,   -0.8546892,      0.51914
robot_156
    22.15581,     5.919316,            0,            0,            0,    0.5693427,    0.8221003
robot_112
   -5.999692,    -33.70715,            0,            0,            0,     0.991346,     0.131275
robot_19
    30.72625,    -22.02529,            0,            0,            0,    0.8246633,    0.5656239
robot_141
    6.283019,    -37.91841,            0,            0,            0,   -0.9454951,    0.3256362
robot_35
    14.09627,    -29.98744,            0,            0,            0,   -0.9242603,    0.3817629
robot_184
   -22.07643,     18.46356,            0,            0,            0,    0.9562953,    0.2924026
robot_98
    33.90347,     37.44246,            0,            0,            0,  -0.09455736,    0.9955194
robot_100
    16.50211,     10.01807,            0,            0,            0,    -0.111406,     0.993775
robot_164
     33.7852,     25.83255,            0,            0,            0,    0.6228072,    0.7823754
robot_59
     27.3214,     14.01593,            0,            0,            0,     0.232005,    0.9727146
robot_144
     17.7015,    -6.067613,            0,            0,            0,    0.3847707,    0.9230122
robot_101
   -34.09534,     6.821257,            0,            0,            0,  -0.03747299,    0.9992976
robot_161
    25.77516,     10.01246,            0,            0,            0,    0.1627334,    0.9866701
robot_149
   -10.07163,     23.61617,            0,            0,            0,    0.9833811,    0.1815532
robot_86
    10.05473,     17.89298,            0,            0,            0,   -0.4537126,    0.8911481
