tuw_multi_robot_msgs::RobotGoalsArray @1970-01-01T01:22:19.100000
frame_id: map
        4939,    100000000
robot_84
    17.91939,    -28.58282,            0,            0,            0,  -0.07883117,     0.996888
robot_116
    17.92547,    -5.157317,            0,            0,            0,    0.7912612,    0.6114783
robot_74
    1.838503,     30.01019,            0,            0,            0,   -0.9344688,    0.3560451
robot_41
    9.963781,     20.62069,            0,            0,            0,   -0.4370573,    0.8994337
robot_125
    1.897929,     6.245587,            0,            0,            0,   -0.3512857,    0.9362683
robot_136
   -6.196554,     10.03523,            0,            0,            0,   -0.9710397,    0.2389183
robot_173
    -34.1844,     -6.17724,            0,            0,            0,    0.7556048,    0.6550278
robot_67
     33.8287,     6.212655,            0,            0,            0,   -0.4942163,     0.869339
robot_197
    34.07083,     25.81313,            0,            0,            0,   0.08669109,    0.9962352
robot_119
   -18.03459,     35.84091,            0,            0,            0,   -0.1662044,    0.9860913
