tuw_multi_robot_msgs::RobotGoalsArray @1970-01-01T01:27:24.100000
frame_id: map
        5244,    100000000
robot_84
    5.940432,    -6.716812,            0,            0,            0,    0.2458915,    0.9692974
robot_116
   -10.62129,    -26.00106,            0,            0,            0,    0.8965401,    0.4429625
robot_74
    34.93727,    -21.97424,            0,            0,            0,  -0.05717521,    0.9983642
robot_41
    2.372945,    -30.09294,            0,            0,            0,    -0.957868,    0.2872089
robot_125
    2.147307,    -6.138399,            0,            0,            0,    0.6235772,    0.7817618
robot_136
    5.012667,     33.99774,            0,            0,            0,    0.8090421,    0.5877507
robot_173
   -2.061222,    -8.360097,            0,            0,            0,    0.1138736,    0.9934953
robot_67
   -22.06692,     15.93511,            0,            0,            0,   -0.2863291,    0.9581313
robot_197
     7.87567,     17.97059,            0,            0,            0,    0.7156613,    0.6984475
robot_119
   -25.40817,     -1.96689,            0,            0,            0,    0.4214742,    0.9068404
robot_82
    29.91831,    -7.884647,            0,            0,            0,  -0.06770495,    0.9977054
robot_77
   -10.41413,     1.915895,            0,            0,            0,   -0.8529113,    0.5220559
robot_5
     21.9374,    -21.28949,            0,            0,            0,     0.685187,    0.7283672
robot_133
    20.40737,     21.97499,            0,            0,            0,    -0.664151,    0.7475984
robot_99
    27.67434,      21.9936,            0,            0,            0,    0.3776693,    0.9259405
robot_171
   -29.39388,      17.9877,            0,            0,            0,   -0.7161732,    0.6979226
robot_180
    9.856694,     29.96899,            0,            0,            0,    0.3751338,    0.9269707
robot_56
    6.075418,     13.82429,            0,            0,            0,   -0.4588703,    0.8885032
robot_3
   -10.22995,     38.04081,            0,            0,            0,     0.810694,    0.5854701
robot_81
    1.964328,    -16.91325,            0,            0,            0,    0.9946688,    0.1031217
robot_167
    29.83719,    -26.32486,            0,            0,            0,   -0.9871233,    0.1599611
robot_25
   -26.28474,     9.925349,            0,            0,            0,    0.9154262,    0.4024859
robot_168
    1.941881,       -8.478,            0,            0,            0,    0.7062148,    0.7079977
robot_96
   -21.90666,    -22.07125,            0,            0,            0,    0.6954864,    0.7185393
robot_166
    -2.14602,    -22.29918,            0,            0,            0,    0.9322552,    0.3618013
robot_102
    37.94166,     33.96616,            0,            0,            0,    0.9955554,   0.09417802
robot_192
    -2.08319,     15.03987,            0,            0,            0,   -0.9389478,    0.3440596
robot_179
   -36.45736,     14.01746,            0,            0,            0,   -0.1418807,    0.9898838
robot_142
   -22.58576,      38.0101,            0,            0,            0,    0.9688606,    0.2476069
robot_1
    9.955058,     9.743947,            0,            0,            0,    0.1142145,    0.9934561
robot_44
    -30.0889,      37.5025,            0,            0,            0,   -0.2022786,     0.979328
robot_163
      17.855,    -37.89715,            0,            0,            0,   -0.9964707,   0.08394154
robot_79
   -37.64191,     33.93708,            0,            0,            0,   -0.2446493,    0.9696116
robot_8
   -18.04649,    -14.32636,            0,            0,            0,   -0.6714521,     0.741048
robot_20
    1.910015,     20.95414,            0,            0,            0,    0.6864209,    0.7272045
robot_143
   -38.06954,    -23.15535,            0,            0,            0,   -0.9704655,    0.2412398
robot_138
   -2.143063,    -29.76007,            0,            0,            0,    0.2327445,    0.9725379
robot_123
    9.944318,    -33.20874,            0,            0,            0,    0.9975205,   0.07037711
robot_193
   -6.520443,    -2.012649,            0,            0,            0,    0.9973798,   0.07234333
robot_187
   -14.07521,    -38.17734,            0,            0,            0,   -0.9740667,     0.226261
robot_176
    17.62725,      10.0362,            0,            0,            0,   -0.4962518,    0.8681786
robot_66
    21.92122,    -12.36396,            0,            0,            0,    0.4852394,    0.8743813
robot_63
    29.80706,     38.15788,            0,            0,            0,   -0.1329234,    0.9911263
robot_31
    17.94664,    -3.819745,            0,            0,            0,   -0.4529698,    0.8915258
robot_159
    13.92039,     37.33187,            0,            0,            0,    0.9596916,    0.2810552
robot_160
    -18.1677,     13.93213,            0,            0,            0,   -0.2837113,    0.9589097
robot_151
    34.01722,    -5.657261,            0,            0,            0,    0.8197808,    0.5726775
robot_150
    15.46995,     22.02178,            0,            0,            0,   -0.9954224,   0.09557292
robot_137
   -9.625261,    -13.93364,            0,            0,            0,   -0.6624584,    0.7490987
robot_199
   -28.78097,    -26.02205,            0,            0,            0,    0.5693606,    0.8220879
robot_54
    34.12709,    -14.09532,            0,            0,            0,   -0.9794711,    0.2015848
robot_117
     1.95481,     9.239552,            0,            0,            0,   -0.7658102,    0.6430667
robot_36
    26.24135,     -13.9149,            0,            0,            0,   0.02163075,     0.999766
robot_33
   -10.16393,     34.02649,            0,            0,            0,   -0.6542979,    0.7562369
robot_146
    33.80286,     14.19599,            0,            0,            0,    0.9412514,    0.3377066
robot_156
   -26.37274,    -33.92658,            0,            0,            0,   -0.7254592,    0.6882652
robot_112
   -18.00723,    -5.892247,            0,            0,            0,   -0.7120572,    0.7021215
robot_19
    13.57932,    -6.015265,            0,            0,            0,    0.9100942,    0.4144015
robot_141
   -18.02811,     33.80267,            0,            0,            0,    0.1188616,    0.9929108
robot_35
     17.8888,     14.13125,            0,            0,            0,   -0.2910109,    0.9567198
robot_184
    17.92795,    -1.178014,            0,            0,            0,   -0.9628645,    0.2699852
robot_98
   -14.05039,     -8.24404,            0,            0,            0,  -0.04021767,    0.9991909
robot_100
     37.6777,    -9.911933,            0,            0,            0,    0.4970852,    0.8677018
robot_164
   -34.04814,      10.5717,            0,            0,            0,   -0.8940262,    0.4480146
robot_59
   -18.46924,     37.97352,            0,            0,            0,   -0.3092485,    0.9509813
robot_144
   -13.97668,     25.69347,            0,            0,            0,   -0.8866535,    0.4624345
robot_101
   -38.04295,    -14.16999,            0,            0,            0,   -0.6362655,    0.7714701
robot_161
   -26.06947,    -23.64542,            0,            0,            0,    0.2824445,    0.9592836
robot_149
   -38.05073,    -10.30542,            0,            0,            0,   -0.1895423,    0.9818726
robot_86
    -10.2339,    -9.976133,            0,            0,            0,   -0.8906951,    0.4546012
robot_191
    37.95616,     13.76199,            0,            0,            0,     0.999453,   0.03307043
robot_126
   -14.12426,    -14.13531,            0,            0,            0,    0.5684781,    0.8226984
robot_190
    3.410186,     6.033293,            0,            0,            0,    0.7216748,    0.6922322
robot_131
    17.80335,     29.81758,            0,            0,            0,    0.4627246,    0.8865021
robot_154
    19.13574,    -9.982729,            0,            0,            0,   -0.9895913,    0.1439067
robot_9
    32.01997,     22.01879,            0,            0,            0,    0.8117729,    0.5839732
robot_27
   -17.78558,     10.02003,            0,            0,            0,  -0.06973605,    0.9975655
robot_34
    17.90258,     25.61302,            0,            0,            0,   -0.7529962,    0.6580249
robot_114
    32.18264,     -1.97426,            0,            0,            0,    0.3000018,    0.9539386
robot_51
    21.95169,      17.0915,            0,            0,            0,   -0.1418367,    0.9898901
robot_108
    5.936393,    -33.01994,            0,            0,            0,   -0.6778574,    0.7351934
robot_147
   -26.07581,     27.85762,            0,            0,            0,   -0.8790992,    0.4766388
robot_183
    33.97825,    -33.81077,            0,            0,            0,    0.8609791,    0.5086404
robot_48
   -26.04107,     16.98373,            0,            0,            0,   -0.9788752,    0.2044585
robot_60
    17.92823,    -6.336706,            0,            0,            0,      0.84246,    0.5387589
robot_75
   -22.08453,    -38.67715,            0,            0,            0,   -0.9175324,     0.397661
robot_152
    9.916415,     5.866724,            0,            0,            0,   -0.3926296,    0.9196967
robot_26
   -14.05229,     9.968653,            0,            0,            0,   -0.8174201,     0.576042
robot_182
   -22.03733,     7.362526,            0,            0,            0,    0.9995357,   0.03046903
robot_172
    17.90351,     3.344794,            0,            0,            0,    0.9112251,    0.4119087
robot_43
   -11.08357,    -6.001557,            0,            0,            0,    0.7412471,    0.6712323
robot_170
   -29.96749,     5.813451,            0,            0,            0,   -0.5411102,    0.8409517
robot_177
   -12.68078,    -34.01778,            0,            0,            0,   -0.9699171,    0.2434354
robot_80
    -2.06315,     19.10506,            0,            0,            0,   -0.6509178,    0.7591483
robot_16
    -36.5094,    -34.02999,            0,            0,            0,   0.09324926,    0.9956428
robot_13
    25.66348,     29.98708,            0,            0,            0,   -0.9652886,    0.2611856
robot_178
   -7.870292,    -21.98836,            0,            0,            0,    0.9817334,    0.1902618
robot_88
    -34.0453,     12.72604,            0,            0,            0,    0.9582554,    0.2859138
robot_194
   -34.08958,     1.956612,            0,            0,            0,    0.3559574,    0.9345022
robot_29
    21.90323,     29.44482,            0,            0,            0,   -0.1671053,    0.9859391
robot_92
    13.91591,    -18.82175,            0,            0,            0,   -0.1083936,    0.9941081
robot_87
   -10.01006,    -21.88541,            0,            0,            0,   -0.8878477,    0.4601375
robot_68
   -25.98998,     13.65351,            0,            0,            0,   -0.6246752,    0.7808847
robot_22
     13.9343,     8.107062,            0,            0,            0,  -0.01508386,    0.9998862
robot_38
   -35.26474,     -9.98307,            0,            0,            0,    0.1309007,    0.9913955
robot_2
   -22.01621,     14.01384,            0,            0,            0,   -0.2010467,    0.9795817
robot_110
    5.911665,    -17.32411,            0,            0,            0,    0.4024171,    0.9154564
robot_14
   -26.73368,     30.02855,            0,            0,            0,    0.9967187,   0.08094304
robot_181
  -0.2283394,     -13.9905,            0,            0,            0,   0.06083136,    0.9981481
robot_61
   -30.70331,     13.98102,            0,            0,            0,     0.975118,    0.2216864
robot_30
    12.80516,    -9.973235,            0,            0,            0,   -0.6702396,    0.7421448
robot_122
   -33.14331,     -26.0184,            0,            0,            0,    0.1599232,    0.9871295
robot_132
   -30.78656,     30.02505,            0,            0,            0,   -0.4187836,    0.9080861
robot_45
   -6.035511,    -9.054174,            0,            0,            0,   -0.1941479,    0.9809723
robot_21
    33.82191,     38.03665,            0,            0,            0,   -0.9990043,   0.04461334
robot_39
    -22.0926,    -17.25945,            0,            0,            0,   -0.7265844,    0.6870772
robot_134
    25.16544,    -29.96734,            0,            0,            0,   -0.9882272,    0.1529932
robot_15
   -10.06145,     25.91493,            0,            0,            0,   -0.5777174,    0.8162368
robot_145
   -9.692848,     21.95672,            0,            0,            0,    0.1034389,    0.9946358
robot_140
    27.23906,     9.975337,            0,            0,            0,   -0.9818831,    0.1894879
