tuw_multi_robot_msgs::RobotGoalsArray @1970-01-01T01:41:53.500000
frame_id: map
        6113,    500000000
robot_84
    0.662127,     13.98879,            0,            0,            0,    0.2046546,    0.9788342
robot_116
    18.17232,    -14.09082,            0,            0,            0,    0.3719694,     0.928245
robot_74
   -24.41512,    -22.02657,            0,            0,            0,   -0.7962003,    0.6050332
robot_41
   -5.661307,    -34.03562,            0,            0,            0,   -0.1509786,     0.988537
robot_125
   -13.11802,    -13.96841,            0,            0,            0,    0.9838905,    0.1787723
robot_136
   -22.07191,     25.23835,            0,            0,            0,   -0.8151958,    0.5791855
robot_173
    5.954638,    -25.88214,            0,            0,            0,    0.7252329,    0.6885036
robot_67
   -11.36815,      29.9943,            0,            0,            0,    0.9375309,     0.347902
robot_197
    27.42566,     18.00864,            0,            0,            0,    0.1876237,     0.982241
robot_119
     5.93445,    -36.72905,            0,            0,            0,   -0.5865673,    0.8099005
robot_82
    6.582453,    -6.022812,            0,            0,            0,   -0.5158789,    0.8566615
robot_77
    17.88925,    -2.280294,            0,            0,            0,   -0.4040579,    0.9147334
robot_5
   -18.16559,    -1.698722,            0,            0,            0,    0.2820955,    0.9593863
robot_133
    29.96053,     14.23785,            0,            0,            0,   -0.9988206,   0.04855258
robot_99
    6.246514,     2.070524,            0,            0,            0,   0.05290902,    0.9985993
robot_171
   -27.96738,     18.02215,            0,            0,            0,    0.8449207,    0.5348916
robot_180
   -22.07729,     5.669932,            0,            0,            0,     0.902021,    0.4316922
robot_56
   -26.06089,     32.00163,            0,            0,            0,    0.9317891,    0.3630001
robot_3
   -5.998893,     25.70208,            0,            0,            0,    0.8688883,    0.4950083
robot_81
   -37.97872,     25.97702,            0,            0,            0,    0.9357508,    0.3526619
robot_167
   -22.48299,    -33.95351,            0,            0,            0,   -0.4117289,    0.9113064
robot_25
   -32.02884,    -6.009053,            0,            0,            0,     0.254487,    0.9670762
robot_168
    23.88954,    -21.97869,            0,            0,            0,    0.9106098,    0.4132672
robot_96
    25.94967,     39.34523,            0,            0,            0,    0.9998216,   0.01888665
robot_166
   -30.16101,    -9.645004,            0,            0,            0,   -0.9319938,    0.3624742
robot_102
   -14.08577,    -30.67669,            0,            0,            0,   -0.9151877,    0.4030278
robot_192
   -18.04267,     -6.31912,            0,            0,            0,   -0.3837923,    0.9234194
robot_179
   -14.43254,      29.9856,            0,            0,            0,    0.7898155,    0.6133445
robot_142
    -14.3793,     21.96408,            0,            0,            0,    0.9744709,     0.224514
robot_1
    17.58193,    -21.97242,            0,            0,            0,    0.9801983,    0.1980185
robot_44
   -18.99447,    -29.99261,            0,            0,            0,   -0.9261304,    0.3772035
robot_163
    25.34835,    -5.984496,            0,            0,            0,    0.9998192,   0.01901427
robot_79
    9.960642,     12.86237,            0,            0,            0,   -0.3079052,     0.951417
robot_8
    -38.1677,    -21.99316,            0,            0,            0,   -0.9999779,  0.006649766
robot_20
   -6.045172,    -19.38201,            0,            0,            0,     0.667004,    0.7450542
robot_143
    1.929208,    -12.27143,            0,            0,            0,    0.9287064,    0.3708158
robot_138
   -22.36554,    -37.96976,            0,            0,            0,    0.9823827,      0.18688
robot_123
    5.966434,    -8.548408,            0,            0,            0,   -0.8559846,    0.5170013
robot_193
    27.61064,    -22.02466,            0,            0,            0,   -0.7128569,    0.7013096
robot_187
    34.05112,     25.86644,            0,            0,            0,   -0.2562791,    0.9666028
robot_176
    7.524301,    -2.001987,            0,            0,            0,   -0.9757833,    0.2187394
robot_66
    -38.0922,    -9.791517,            0,            0,            0,   -0.9878041,     0.155702
robot_63
    37.95659,    -7.887133,            0,            0,            0,    0.4582801,    0.8888078
robot_31
    14.57805,     29.97872,            0,            0,            0,    0.6835701,    0.7298848
robot_159
   -34.06631,     26.67514,            0,            0,            0,   -0.3054299,    0.9522146
robot_160
   -26.45621,     6.028218,            0,            0,            0,   -0.4449503,    0.8955553
robot_151
    1.902986,     23.20736,            0,            0,            0,    0.1066225,    0.9942996
robot_150
   -22.03813,     38.53314,            0,            0,            0,    0.3396907,    0.9405372
robot_137
   -31.64227,     -14.0075,            0,            0,            0,    0.9715825,    0.2367013
robot_199
    25.95162,    -20.01565,            0,            0,            0,      0.80835,    0.5887022
robot_54
     -18.092,     31.58194,            0,            0,            0,   -0.6132827,    0.7898635
robot_117
   -19.51478,    -17.98258,            0,            0,            0,    0.1724444,    0.9850193
robot_36
    13.95972,     28.14448,            0,            0,            0,    0.9864366,    0.1641425
robot_33
    1.849516,    -29.81926,            0,            0,            0,   -0.3156087,    0.9488894
robot_146
    1.953462,     8.269852,            0,            0,            0,   -0.4591225,     0.888373
robot_156
    -21.9647,     2.168897,            0,            0,            0,   -0.6744229,    0.7383453
robot_112
   -16.65945,     9.979989,            0,            0,            0,    0.8038587,    0.5948203
robot_19
   -10.47984,     2.069452,            0,            0,            0,    0.8320874,    0.5546446
robot_141
   -2.236435,     6.091345,            0,            0,            0,  -0.03772597,    0.9992881
robot_35
     15.4929,    -1.997711,            0,            0,            0,   -0.5215448,    0.8532239
robot_184
   -38.12805,      18.2614,            0,            0,            0,    0.6317535,    0.7751694
robot_98
   -6.069107,     9.480502,            0,            0,            0,    0.1603196,    0.9870652
robot_100
   -13.92876,     6.114514,            0,            0,            0,   -0.1231052,    0.9923936
robot_164
   -13.56512,    -9.983209,            0,            0,            0,    0.1953232,    0.9807389
robot_59
   -14.26029,     14.13452,            0,            0,            0,    0.1109291,    0.9938283
robot_144
   -10.29357,     5.998743,            0,            0,            0,    -0.340417,    0.9402746
robot_101
     34.0503,     17.93915,            0,            0,            0,    0.2614583,    0.9652148
robot_161
    -30.0779,    -39.23454,            0,            0,            0,     0.932599,    0.3609142
robot_149
   -33.25248,     21.99335,            0,            0,            0,   -0.1867453,    0.9824084
robot_86
   -38.08061,     11.47576,            0,            0,            0,   -0.9178382,    0.3969546
robot_191
    25.76743,     29.76957,            0,            0,            0,    0.4769666,    0.8789214
robot_126
    17.93021,     2.593072,            0,            0,            0,   -0.9742357,    0.2255322
robot_190
    29.88984,     1.772331,            0,            0,            0,    0.4647888,    0.8854216
robot_131
   -6.422907,     5.996137,            0,            0,            0,    0.9310899,    0.3647897
robot_154
   -18.03917,     13.58157,            0,            0,            0,   -0.7616868,    0.6479454
robot_9
    28.64667,      25.9829,            0,            0,            0,    0.6999653,    0.7141768
robot_27
    9.907929,    -6.516157,            0,            0,            0,    0.7750911,    0.6318495
robot_34
    13.81847,     18.15255,            0,            0,            0,    0.9497972,    0.3128662
robot_114
    13.95587,     15.56872,            0,            0,            0,   -0.6881079,    0.7256083
robot_51
    16.36583,    -30.01514,            0,            0,            0,   -0.6243858,    0.7811161
robot_108
   -25.43856,    -2.027673,            0,            0,            0,     0.474443,    0.8802862
robot_147
    30.28137,     29.92328,            0,            0,            0,   -0.8576498,    0.5142342
robot_183
    5.897413,    -14.18083,            0,            0,            0,   -0.9893341,     0.145664
robot_48
    38.04818,     33.94838,            0,            0,            0,   -0.8489137,    0.5285315
robot_60
    38.26817,     26.03453,            0,            0,            0,    0.2377538,    0.9713254
robot_75
    37.91197,    -11.20012,            0,            0,            0,    0.9614559,    0.2749592
robot_152
   -6.230813,      17.9235,            0,            0,            0,   -0.1613143,    0.9869031
robot_26
   -22.15495,     10.32711,            0,            0,            0,    0.9561063,    0.2930199
robot_182
    37.96396,    -34.03055,            0,            0,            0,   -0.5628639,    0.8265496
robot_172
   -30.08143,      30.0431,            0,            0,            0,    0.1779597,    0.9840378
robot_43
    22.69291,    -6.031647,            0,            0,            0,  -0.05534026,    0.9984676
robot_170
   -6.080557,    -13.49023,            0,            0,            0,  -0.05272777,    0.9986089
robot_177
      17.891,     17.63716,            0,            0,            0,      0.96538,    0.2608477
robot_80
    31.02808,    -6.001852,            0,            0,            0,    0.5553376,     0.831625
robot_16
    37.52419,    -25.90108,            0,            0,            0,    0.9050362,    0.4253345
robot_13
    21.90615,     32.76658,            0,            0,            0,    0.8565167,    0.5161194
robot_178
    17.90276,    -28.35356,            0,            0,            0,   -0.9482722,    0.3174585
robot_88
   -36.33067,    -26.02319,            0,            0,            0,   -0.6440342,    0.7649967
robot_194
    6.324182,    -18.05199,            0,            0,            0,     0.445475,    0.8952944
robot_29
    6.602438,     13.97281,            0,            0,            0,      0.55525,    0.8316835
robot_92
   -27.16602,    -13.98662,            0,            0,            0,   -0.5166517,    0.8561956
robot_87
    29.20396,     -17.9969,            0,            0,            0,   -0.9385142,    0.3452407
robot_68
    14.39312,     -5.90486,            0,            0,            0,   -0.8841401,    0.4672218
robot_22
     10.0266,    -14.34895,            0,            0,            0,    0.9727627,    0.2318031
robot_38
    32.16918,     29.98051,            0,            0,            0,   -0.1741659,    0.9847163
robot_2
    16.29245,     21.97835,            0,            0,            0,   -0.4395956,    0.8981958
robot_110
    3.761689,     25.96702,            0,            0,            0,   -0.2290099,    0.9734241
robot_14
   -14.04442,     26.95019,            0,            0,            0,    0.2805201,    0.9598482
robot_181
   -18.07786,     19.62367,            0,            0,            0,   -0.2834561,    0.9589852
robot_61
    14.38633,    -17.90368,            0,            0,            0,   -0.9827968,    0.1846899
robot_30
    28.48803,     9.993204,            0,            0,            0,  -0.05261367,    0.9986149
robot_122
   -2.089774,     27.28935,            0,            0,            0,    0.2260405,    0.9741179
robot_132
    9.492858,    -21.93561,            0,            0,            0,   0.07756438,    0.9969873
robot_45
    5.941498,    -10.79696,            0,            0,            0,    0.7806846,    0.6249252
robot_21
   -24.19032,    -30.01797,            0,            0,            0,    0.4439235,    0.8960647
robot_39
     37.9636,    -18.55215,            0,            0,            0,   -0.8435749,    0.5370115
robot_134
    3.712652,     33.96716,            0,            0,            0,   -0.8805571,      0.47394
robot_15
    26.05166,    -9.912163,            0,            0,            0,    0.1413709,    0.9899567
robot_145
    37.52521,     5.979526,            0,            0,            0,    -0.541336,    0.8408064
robot_140
   -17.87934,    -38.09593,            0,            0,            0,    0.5650991,     0.825023
robot_196
   -18.18026,     25.77488,            0,            0,            0,   -0.8672557,    0.4978629
robot_188
    8.746751,    -9.994351,            0,            0,            0,   -0.9012405,    0.4333191
robot_4
    5.928725,   -0.3320189,            0,            0,            0,    0.2782261,    0.9605156
robot_155
   -10.07741,     12.77833,            0,            0,            0,   0.04802722,     0.998846
robot_135
     12.8426,     34.02384,            0,            0,            0,   -0.5994606,    0.8004043
robot_93
    29.70725,     33.98377,            0,            0,            0,    0.6165215,     0.787338
robot_111
   -34.63137,     30.02781,            0,            0,            0,    0.1101633,    0.9939135
robot_0
   -18.09517,     33.66974,            0,            0,            0,    -0.980372,    0.1971564
robot_49
    19.42714,    -10.01686,            0,            0,            0,   -0.9998236,   0.01878107
robot_113
   -10.08642,     27.75062,            0,            0,            0,    0.9543028,    0.2988412
robot_94
   -1.936957,    -13.81094,            0,            0,            0,    0.6804887,    0.7327586
robot_40
    16.67771,    -9.984948,            0,            0,            0,    0.8338526,    0.5519872
robot_103
    5.951378,     21.43843,            0,            0,            0,   -0.9746411,     0.223774
robot_6
    29.61913,    -25.91298,            0,            0,            0,    0.8649476,    0.5018622
robot_71
   -33.71252,    -17.97288,            0,            0,            0,     0.974096,     0.226135
robot_17
      29.939,     18.12867,            0,            0,            0,   -0.5728916,    0.8196312
robot_120
    -2.53592,      30.0815,            0,            0,            0,    0.2212798,    0.9752104
robot_189
   -32.57231,    -30.01097,            0,            0,            0,    0.9974227,   0.07174869
robot_148
    29.90464,     37.65572,            0,            0,            0,    0.3161578,    0.9487066
robot_186
    17.91649,     37.78581,            0,            0,            0,    0.6004454,    0.7996657
robot_198
    36.86613,     17.97291,            0,            0,            0,   -0.9995856,   0.02878632
robot_107
   -26.05231,     16.49173,            0,            0,            0,   0.06082086,    0.9981487
robot_18
    2.742526,     -6.02097,            0,            0,            0,    0.7795971,    0.6262814
robot_23
    13.91381,    -12.50485,            0,            0,            0,    0.9732197,     0.229877
robot_46
    10.12209,     -37.9929,            0,            0,            0,    0.9225755,    0.3858166
robot_109
    17.94953,    -11.44193,            0,            0,            0,     0.390194,    0.9207327
robot_10
    17.87152,     33.79677,            0,            0,            0,    0.8091818,    0.5875584
robot_157
   -18.14884,    -21.76377,            0,            0,            0,   -0.8691807,    0.4944945
robot_70
   -34.04742,     18.65479,            0,            0,            0,   -0.9237662,    0.3829569
robot_55
   -8.224996,    -5.971944,            0,            0,            0,   -0.9999742,  0.007188694
robot_73
   -18.08521,    -11.48867,            0,            0,            0,    0.1422414,     0.989832
robot_69
    35.26076,      6.03181,            0,            0,            0,     0.471966,    0.8816167
robot_65
     5.61119,    -30.03988,            0,            0,            0,    0.9970478,   0.07678352
robot_124
    6.554893,     9.982667,            0,            0,            0,    0.7074284,     0.706785
robot_115
     1.46904,    -9.919186,            0,            0,            0,    0.3549673,    0.9348787
robot_130
   -31.76581,    -26.01457,            0,            0,            0,   -0.1782963,    0.9839768
robot_85
    -31.0074,    -33.99714,            0,            0,            0,    0.8569368,    0.5154214
robot_91
   -14.06661,    -25.01844,            0,            0,            0,   -0.9851816,    0.1715144
robot_47
    20.43546,    -2.004556,            0,            0,            0,   -0.9656724,    0.2597629
robot_52
    29.90139,     20.51371,            0,            0,            0,   -0.7481023,    0.6635834
robot_195
    5.946074,    -23.71703,            0,            0,            0,    0.1130691,    0.9935871
robot_72
    9.961149,     30.47578,            0,            0,            0,   -0.2361086,    0.9717267
robot_158
    17.93281,      28.5637,            0,            0,            0,    0.1431979,    0.9896941
robot_153
    29.90126,    -2.631689,            0,            0,            0,    0.1628877,    0.9866446
robot_105
   -25.76753,    -9.930959,            0,            0,            0,   -0.6924421,    0.7214735
robot_162
   -33.04185,     34.01872,            0,            0,            0,   -0.4040864,    0.9147208
robot_97
    18.13449,     25.99753,            0,            0,            0,   -0.4923361,    0.8704052
robot_90
   -38.28418,     22.00824,            0,            0,            0,    0.2993431,    0.9541455
robot_165
    10.32032,     2.030384,            0,            0,            0,    0.7523499,    0.6587637
robot_42
    36.29951,     29.99242,            0,            0,            0,    0.9974962,   0.07072026
robot_7
   -14.03954,    -34.13156,            0,            0,            0,   -0.9503034,    0.3113252
robot_28
   -34.16195,     -9.83833,            0,            0,            0,   -0.6144563,    0.7889508
robot_118
   -9.686006,    -17.99233,            0,            0,            0,    0.9835199,    0.1807998
robot_139
   -23.86813,    -13.97202,            0,            0,            0,    0.9667711,    0.2556436
robot_129
    17.93918,     12.68203,            0,            0,            0,   -0.9833614,    0.1816602
robot_57
   -10.06254,    -13.30211,            0,            0,            0,   -0.9935462,    0.1134283
robot_24
   -30.07763,     21.71414,            0,            0,            0,    0.5112162,    0.8594522
robot_106
    20.84251,    -21.97475,            0,            0,            0,    0.8428848,    0.5380941
robot_185
    32.77771,      6.01051,            0,            0,            0,     -0.54426,    0.8389166
robot_174
   -9.959056,    -33.96867,            0,            0,            0,    0.9196278,    0.3927908
robot_58
    37.82199,    -22.13633,            0,            0,            0,    0.9768481,     0.213934
robot_12
   -2.074029,    -7.853303,            0,            0,            0,     0.491572,    0.8708369
robot_95
   -14.12737,     10.23117,            0,            0,            0, -0.0001756108,            1
robot_78
    36.76428,     22.02594,            0,            0,            0,    0.1913713,    0.9815177
robot_62
    1.918501,     18.43392,            0,            0,            0,   -0.9803052,    0.1974887
robot_121
   -16.67928,    -13.97916,            0,            0,            0,   -0.9512616,    0.3083851
robot_83
   -21.77376,    -13.98032,            0,            0,            0,   -0.9978606,   0.06537789
robot_127
    29.94114,    -16.22304,            0,            0,            0,   -0.9939841,    0.1095247
robot_128
    21.92072,    -10.34928,            0,            0,            0,   0.03743168,    0.9992992
robot_32
    38.27887,     -13.9745,            0,            0,            0,   -0.9457837,    0.3247971
robot_89
    28.09661,    -9.981552,            0,            0,            0,    -0.955816,    0.2939655
robot_11
    13.92102,     23.30919,            0,            0,            0,   -0.6680886,    0.7440817
robot_37
   -17.28741,     38.03223,            0,            0,            0,   -0.9799073,    0.1994537
robot_175
    -29.6207,      10.0864,            0,            0,            0,   -0.6644365,    0.7473447
robot_50
    13.93963,    -9.639271,            0,            0,            0,   -0.3848498,    0.9229792
robot_64
   -4.850864,    -10.01778,            0,            0,            0,    0.9400837,    0.3409437
robot_76
   -38.15506,    -18.13761,            0,            0,            0,    -0.808967,    0.5878541
robot_104
    -34.0786,    -2.511686,            0,            0,            0,    0.9264371,    0.3764495
robot_169
    9.986344,    -34.05095,            0,            0,            0,   -0.9612172,    0.2757925
robot_53
    13.90567,     36.17951,            0,            0,            0,     0.999552,    0.0299296
