tuw_multi_robot_msgs::RobotGoalsArray @1970-01-01T01:47:28.100000
frame_id: map
        6448,    100000000
robot_84
   -21.87376,    -21.95133,            0,            0,            0,   -0.2529537,    0.9674784
robot_116
    33.95853,     7.959589,            0,            0,            0,    0.3404986,     0.940245
robot_74
     33.9239,     10.60829,            0,            0,            0,    0.3269299,    0.9450486
robot_41
   -10.04414,     12.77625,            0,            0,            0,   -0.9407182,    0.3391892
robot_125
    38.09331,    -25.86119,            0,            0,            0,   0.01522979,     0.999884
robot_136
    37.96196,     18.39259,            0,            0,            0,    0.9961045,   0.08818081
robot_173
   -10.08552,    -20.72417,            0,            0,            0,    0.9854065,    0.1702174
robot_67
    9.935878,    -22.31719,            0,            0,            0,     0.999629,    0.0272359
robot_197
   -20.12213,     21.98368,            0,            0,            0,   -0.8750761,    0.4839854
robot_119
   -34.05261,    -32.03412,            0,            0,            0,    0.2362249,    0.9716984
robot_82
   -22.04924,    -27.48145,            0,            0,            0,   -0.9146714,    0.4041983
robot_77
    25.56025,     18.04114,            0,            0,            0,    0.9856705,    0.1686823
robot_5
   -26.74639,     10.01911,            0,            0,            0,   -0.4457613,    0.8951519
robot_133
    24.38072,    -17.98633,            0,            0,            0,   -0.5739643,    0.8188803
robot_99
    1.930223,    -6.780779,            0,            0,            0,    0.9697158,    0.2442359
robot_171
   -6.048068,     13.65644,            0,            0,            0,   -0.7195906,    0.6943985
robot_180
   -29.82899,     21.98724,            0,            0,            0,   -0.9818437,    0.1896915
robot_56
     16.8383,    -10.03199,            0,            0,            0,    0.9319813,    0.3625062
robot_3
   -1.758364,    -13.93212,            0,            0,            0,    0.9024965,    0.4306972
robot_81
   -14.19308,     14.19481,            0,            0,            0,   -0.9961901,    0.0872084
