tuw_multi_robot_msgs::RobotGoalsArray @1970-01-01T01:12:01.800000
frame_id: map
        4321,    800000000
robot_84
    17.97369,    -33.74043,            0,            0,            0,    0.8653442,    0.5011781
robot_116
   -26.04495,    -11.24026,            0,            0,            0,    0.9301149,    0.3672687
robot_74
    -22.1816,    -9.880496,            0,            0,            0,    0.9929787,    0.1182932
robot_41
     2.34562,    -29.92718,            0,            0,            0,     -0.53403,    0.8454655
robot_125
     2.03662,     30.13499,            0,            0,            0,    0.5687013,    0.8225441
robot_136
   -38.08163,     28.81292,            0,            0,            0,    0.9999705,  0.007680371
robot_173
      9.9565,    -36.83756,            0,            0,            0,    0.6898725,    0.7239308
robot_67
    26.36083,     29.92892,            0,            0,            0,   -0.9950311,   0.09956472
robot_197
    37.91742,    -32.06282,            0,            0,            0,    0.7689188,    0.6393464
robot_119
   -26.19565,     17.99679,            0,            0,            0,   -0.9960497,   0.08879753
robot_82
   -9.859301,     -38.1475,            0,            0,            0,    0.5077502,    0.8615043
robot_77
   -10.16166,    -30.08503,            0,            0,            0,   -0.9960013,   0.08933849
robot_5
   -38.05205,     14.76464,            0,            0,            0,   -0.9626364,    0.2707974
robot_133
   -18.09559,     30.20501,            0,            0,            0,    0.1273574,    0.9918569
robot_99
   -1.819905,    -14.02605,            0,            0,            0,     0.079762,    0.9968139
robot_171
    2.055716,     -6.05725,            0,            0,            0,   -0.6343808,    0.7730207
robot_180
    9.985818,    -29.75405,            0,            0,            0,   -0.6164156,     0.787421
robot_56
    23.08517,    -29.98214,            0,            0,            0,   -0.1312068,     0.991355
robot_3
   -26.07158,     34.60805,            0,            0,            0,   -0.9932294,    0.1161691
robot_81
    17.90231,     16.44098,            0,            0,            0,    0.9583021,     0.285757
robot_167
   -6.206907,     33.95554,            0,            0,            0,   -0.9083029,    0.4183132
robot_25
   -1.707577,    -26.09116,            0,            0,            0,    0.5693296,    0.8221094
robot_168
     18.0249,    -38.19441,            0,            0,            0,    0.8658798,    0.5002522
robot_96
   -34.27767,    -33.94379,            0,            0,            0,    0.9974518,    0.0713442
robot_166
   -14.05694,    -38.45433,            0,            0,            0,   -0.9999885,  0.004794744
robot_102
    30.09239,    -34.09023,            0,            0,            0,     0.947769,    0.3189576
robot_192
    33.94693,     8.397208,            0,            0,            0,    0.7634458,     0.645872
robot_179
    4.494974,     -34.0017,            0,            0,            0,   -0.2796649,    0.9600977
robot_142
   -17.89323,     25.84322,            0,            0,            0,   -0.9595645,     0.281489
robot_1
    33.06561,    -2.015989,            0,            0,            0,   -0.5617333,    0.8273184
robot_44
     33.6639,     6.020935,            0,            0,            0,    0.4687805,    0.8833147
robot_163
   -10.09675,     27.67445,            0,            0,            0,   -0.6966989,    0.7173637
robot_79
    10.01842,     38.00573,            0,            0,            0,    0.7610852,    0.6486519
robot_8
   -38.33529,    -17.90921,            0,            0,            0,   -0.7552306,    0.6554592
robot_20
    1.839767,    -21.77585,            0,            0,            0,    0.5286137,    0.8488625
robot_143
   -13.75719,     10.00337,            0,            0,            0,    0.1940508,    0.9809915
robot_138
   -19.02545,     22.00576,            0,            0,            0,    0.7501235,    0.6612977
robot_123
   -21.83216,     34.00357,            0,            0,            0,   -0.8138503,    0.5810746
robot_193
    25.92417,    -13.10572,            0,            0,            0,    0.9961125,   0.08809041
robot_187
    21.63015,     38.01678,            0,            0,            0,    0.9666946,    0.2559326
robot_176
   -18.20201,    -25.98951,            0,            0,            0,   -0.9909862,    0.1339639
robot_66
    5.911086,     13.29444,            0,            0,            0,   -0.8982449,    0.4394953
robot_63
   -14.09112,     19.10293,            0,            0,            0,  -0.01912342,    0.9998171
robot_31
   -38.09025,       22.419,            0,            0,            0,    0.3350656,    0.9421948
robot_159
    29.92901,    -37.75038,            0,            0,            0,    0.9141542,    0.4053667
robot_160
   -37.39641,     25.97579,            0,            0,            0,    0.5042972,    0.8635302
robot_151
   -34.05547,     23.86834,            0,            0,            0,   -0.9849626,    0.1727678
robot_150
    31.87713,     18.01027,            0,            0,            0,    0.9968222,   0.07965905
robot_137
    25.94118,    -4.674518,            0,            0,            0,   -0.7898644,    0.6132815
robot_199
   -34.08735,    -38.37925,            0,            0,            0,   -0.9482073,    0.3176522
robot_54
    33.93656,     23.36171,            0,            0,            0,    0.6976005,    0.7164869
robot_117
    5.917239,     22.11419,            0,            0,            0,    0.8524711,    0.5227743
robot_36
   -13.07307,    -2.002137,            0,            0,            0,    0.5978314,    0.8016218
robot_33
   -10.05592,    -8.906571,            0,            0,            0,   -0.8782268,    0.4782445
robot_146
    21.90103,     22.54038,            0,            0,            0,   -0.9984594,   0.05548685
robot_156
   -30.24323,     29.88799,            0,            0,            0,   -0.4505908,    0.8927306
robot_112
   -6.064935,     7.142276,            0,            0,            0,    0.3637461,    0.9314981
robot_19
    36.22378,     -9.98138,            0,            0,            0,  -0.04028712,    0.9991881
robot_141
   -30.26856,     18.12447,            0,            0,            0,   -0.4790579,    0.8777833
robot_35
   -1.835143,    -18.04954,            0,            0,            0,   -0.3608639,    0.9326185
robot_184
   -23.71262,     26.01733,            0,            0,            0,   -0.5949864,    0.8037358
robot_98
   -34.15022,    -6.081995,            0,            0,            0,  -0.08629563,    0.9962696
robot_100
    5.990377,    -10.07754,            0,            0,            0,     0.325434,    0.9455648
robot_164
    25.94442,    -24.72848,            0,            0,            0,     0.517648,    0.8555937
robot_59
    29.96303,     8.601986,            0,            0,            0,  -0.03527957,    0.9993775
robot_144
   0.9292217,     13.96742,            0,            0,            0,    0.8472738,    0.5311564
robot_101
    28.12586,     10.01289,            0,            0,            0,    0.9982014,   0.05994887
robot_161
    14.03998,    -2.107467,            0,            0,            0,   -0.3857103,    0.9226199
robot_149
   -5.587974,     -6.01269,            0,            0,            0,    0.1271437,    0.9918843
robot_86
   -26.11597,     22.18059,            0,            0,            0,   -0.6400698,    0.7683168
robot_191
    21.94539,     32.19585,            0,            0,            0,    0.7253596,    0.6883701
robot_126
   -25.85099,      14.1071,            0,            0,            0,   -0.9911006,    0.1331153
robot_190
   -26.54777,    -6.014893,            0,            0,            0,    0.6558295,     0.754909
robot_131
   -26.12834,    -33.64561,            0,            0,            0,    -0.999961,  0.008835004
robot_154
    14.41745,    -9.947075,            0,            0,            0,    0.9592751,    0.2824734
robot_9
     39.2723,    -10.02476,            0,            0,            0,    0.1410467,    0.9900029
robot_27
   -12.40089,     5.998455,            0,            0,            0,    0.3527852,    0.9357043
robot_34
   -25.88731,    -13.99625,            0,            0,            0,   -0.6988454,    0.7152728
robot_114
    29.47202,      26.0515,            0,            0,            0,   -0.6738058,    0.7389085
robot_51
     17.9362,    -16.58939,            0,            0,            0,    0.9977109,   0.06762407
