tuw_multi_robot_msgs::RobotGoalsArray @1970-01-01T01:24:28.600000
frame_id: map
        5068,    600000000
robot_84
    29.91799,    -3.132284,            0,            0,            0,    0.9896954,     0.143189
robot_116
   -30.15382,    -25.71638,            0,            0,            0,   -0.7948502,    0.6068057
robot_74
    29.89037,     22.16274,            0,            0,            0,    -0.726522,    0.6871432
robot_41
   -18.04063,    -16.51522,            0,            0,            0,    0.5454652,    0.8381335
robot_125
    27.59146,    -9.991371,            0,            0,            0,   -0.9997627,   0.02178283
robot_136
   -16.37815,     29.99724,            0,            0,            0,    0.9100654,    0.4144647
robot_173
   -33.74927,     5.900685,            0,            0,            0,   -0.8314584,    0.5555871
robot_67
   -26.03908,    -15.06083,            0,            0,            0,   -0.9979892,   0.06338456
robot_197
     -12.385,    -5.983095,            0,            0,            0,    0.9014741,    0.4328331
robot_119
    1.301953,    -14.01047,            0,            0,            0,    0.6767691,    0.7361954
robot_82
   -22.26893,     5.997967,            0,            0,            0,    0.8503135,    0.5262766
robot_77
   -26.20292,    -37.82382,            0,            0,            0,   -0.6557534,    0.7549752
robot_5
    13.93932,     1.120498,            0,            0,            0,    0.1194377,    0.9928417
robot_133
   -20.78251,    -13.97227,            0,            0,            0,    -0.998944,   0.04594418
robot_99
    33.68639,     33.99519,            0,            0,            0,   -0.9972941,   0.07351465
robot_171
   -10.08009,    -39.01798,            0,            0,            0,  -0.01752079,    0.9998465
robot_180
     5.36172,    -9.971329,            0,            0,            0,   -0.9095395,    0.4156175
robot_56
    33.91277,     26.36414,            0,            0,            0,    0.8626066,    0.5058753
robot_3
    32.04685,     17.97227,            0,            0,            0,    0.5591765,    0.8290486
robot_81
   -18.09803,   0.09499702,            0,            0,            0,    0.1683552,    0.9857264
robot_167
    9.773609,     1.988944,            0,            0,            0,   -0.9847017,    0.1742486
robot_25
    21.98185,    -6.215037,            0,            0,            0,   -0.6863527,    0.7272689
robot_168
   -10.07171,    -16.55094,            0,            0,            0,     0.179178,    0.9838167
robot_96
   -26.05844,     3.535188,            0,            0,            0,    0.7437057,    0.6685072
robot_166
   -22.07948,    -23.70901,            0,            0,            0,   -0.5111214,    0.8595085
robot_102
   -14.09291,    -14.58871,            0,            0,            0,    0.3921629,    0.9198958
robot_192
   -14.09133,     -31.2993,            0,            0,            0,   -0.8362186,    0.5483962
robot_179
    13.93754,     22.57456,            0,            0,            0,   -0.9650132,    0.2622012
robot_142
   -18.03369,     5.069359,            0,            0,            0,   -0.3587179,     0.933446
robot_1
   -2.232851,    -14.02684,            0,            0,            0,   -0.6445664,    0.7645483
robot_44
   -26.04742,     13.89911,            0,            0,            0,   -0.9894678,    0.1447534
robot_163
   -22.04987,    -11.62645,            0,            0,            0,    0.6132586,    0.7898822
robot_79
    33.71938,    -14.11488,            0,            0,            0,   -0.8846791,    0.4662005
robot_8
   -24.02992,     9.968479,            0,            0,            0,     -0.72219,    0.6916948
robot_20
   -18.08499,     9.144361,            0,            0,            0,   -0.9760822,    0.2174018
robot_143
   -14.10472,    -26.20805,            0,            0,            0,    0.6109537,    0.7916663
robot_138
    33.94768,    -18.71993,            0,            0,            0,   -0.6327806,    0.7743311
robot_123
   -29.87963,     29.94182,            0,            0,            0,   -0.1336407,    0.9910299
robot_193
   -9.944453,     14.16388,            0,            0,            0,   -0.6625692,    0.7490007
robot_187
   -13.80654,    -2.019964,            0,            0,            0,   -0.5647032,     0.825294
robot_176
    5.902274,     1.353196,            0,            0,            0,   -0.5278608,    0.8493309
robot_66
    18.25076,    -21.91554,            0,            0,            0,  -0.08692565,    0.9962148
robot_63
    33.89214,    -34.28867,            0,            0,            0,    0.9045239,     0.426423
robot_31
    11.59564,    -33.97667,            0,            0,            0,   -0.8026759,    0.5964155
robot_159
    39.22086,    -6.019747,            0,            0,            0,   0.01890395,    0.9998213
robot_160
    -6.06078,    -19.56054,            0,            0,            0,   -0.1947552,    0.9808519
robot_151
   -30.07698,     19.88336,            0,            0,            0,    0.5094558,    0.8604968
robot_150
   -18.06445,     27.75184,            0,            0,            0,    0.9858599,    0.1675719
robot_137
    30.08803,    -25.82265,            0,            0,            0,   -0.1500786,    0.9886741
robot_199
     33.9562,     2.761469,            0,            0,            0,   -0.9735108,    0.2286411
robot_54
    37.68592,    -14.01596,            0,            0,            0,    0.7439456,    0.6682402
robot_117
   -12.27034,     33.98112,            0,            0,            0,     0.827988,    0.5607458
robot_36
    21.94541,    -23.06995,            0,            0,            0,    0.2098346,    0.9777369
robot_33
   -29.91895,    -10.08997,            0,            0,            0,    0.3942299,    0.9190118
robot_146
   -15.96002,     18.01122,            0,            0,            0,   -0.9857572,    0.1681748
robot_156
    9.963036,     19.37426,            0,            0,            0,   0.08418639,      0.99645
robot_112
   -21.74261,     21.92309,            0,            0,            0,    -0.955724,    0.2942645
robot_19
    1.931466,     29.38711,            0,            0,            0,  -0.04983126,    0.9987577
robot_141
   -18.09167,     14.78731,            0,            0,            0,    0.7995355,    0.6006188
robot_35
    37.91781,     15.96062,            0,            0,            0,    0.5142528,    0.8576386
robot_184
   -25.88561,     22.14199,            0,            0,            0,   -0.9080916,    0.4187716
robot_98
   -30.66595,    -5.996299,            0,            0,            0,    0.6219917,    0.7830238
robot_100
    26.21752,     9.986131,            0,            0,            0,   -0.9508034,    0.3097949
robot_164
    25.96199,    -32.77963,            0,            0,            0,    0.9841935,    0.1770967
robot_59
     26.0676,      2.15285,            0,            0,            0,    0.9909715,    0.1340726
robot_144
    9.908339,     32.09586,            0,            0,            0,   -0.6045842,    0.7965413
robot_101
   -20.83016,     -21.9827,            0,            0,            0,   -0.6003299,    0.7997525
robot_161
   -22.07341,     13.27804,            0,            0,            0,   -0.7025762,    0.7116085
robot_149
   -6.099324,    -3.413263,            0,            0,            0,    0.2639854,    0.9645267
robot_86
   -7.121079,     26.02392,            0,            0,            0,    0.9364356,    0.3508395
robot_191
   -6.302056,    -13.92069,            0,            0,            0,    0.2616222,    0.9651704
robot_126
   -18.10705,    -6.126984,            0,            0,            0,    0.5430665,    0.8396897
robot_190
    1.965353,     16.50155,            0,            0,            0,    0.0614369,     0.998111
robot_131
   -38.09723,     33.09828,            0,            0,            0,   -0.9853525,    0.1705297
robot_154
    36.94523,    -30.03252,            0,            0,            0,   -0.5089245,    0.8608111
robot_9
    24.14406,    -13.98972,            0,            0,            0,    0.9005353,    0.4347828
robot_27
    14.10107,    -10.14394,            0,            0,            0,    0.7865741,    0.6174959
robot_34
   -22.07786,     33.21497,            0,            0,            0,    0.1514972,    0.9884577
robot_114
    -26.2606,     37.96617,            0,            0,            0,  0.005618054,    0.9999842
robot_51
   -18.08904,    -34.18818,            0,            0,            0,    0.7503694,    0.6610187
robot_108
    21.90891,    -14.30471,            0,            0,            0,   -0.8303848,    0.5571904
robot_147
    6.379611,    -22.08381,            0,            0,            0,    0.8587861,    0.5123342
robot_183
   -20.17503,     33.96784,            0,            0,            0,    0.3385419,    0.9409513
robot_48
    31.20607,     6.027306,            0,            0,            0,    0.8454533,    0.5340494
robot_60
   -6.039898,    -5.921799,            0,            0,            0,    0.9842496,    0.1767844
robot_75
   -10.06171,    -20.96296,            0,            0,            0,    0.9964797,   0.08383406
robot_152
    11.01323,     21.96982,            0,            0,            0,   -0.6333653,    0.7738529
robot_26
    22.21621,     33.95669,            0,            0,            0,   -0.9984045,     0.056467
robot_182
     18.1661,     13.90404,            0,            0,            0,    0.3213498,    0.9469606
robot_172
     9.92783,    -6.803685,            0,            0,            0,    0.1042478,    0.9945513
robot_43
    21.83168,    -25.88603,            0,            0,            0,   0.02562308,    0.9996717
robot_170
    13.77994,    -22.04231,            0,            0,            0,    -0.975881,    0.2183031
robot_177
   -16.53018,     34.01012,            0,            0,            0,    0.9242634,    0.3817554
robot_80
   -26.00938,    -2.033026,            0,            0,            0,   -0.9006393,    0.4345674
robot_16
   -22.01784,      37.9228,            0,            0,            0,   -0.1044959,    0.9945253
robot_13
   -38.05103,    -10.16944,            0,            0,            0,    0.9771675,    0.2124703
robot_178
    26.09164,    -2.115353,            0,            0,            0,   -0.6771244,    0.7358685
robot_88
   -18.12607,     37.75553,            0,            0,            0,    0.2774656,    0.9607356
robot_194
    5.909728,    -33.94047,            0,            0,            0,    0.6108544,     0.791743
robot_29
    9.576916,     -9.96473,            0,            0,            0,    0.2511179,    0.9679565
robot_92
   0.7228167,     14.00101,            0,            0,            0,    0.9251957,    0.3794903
robot_87
   -33.55045,    -5.968435,            0,            0,            0,   -0.8898046,    0.4563418
robot_68
    33.94354,     38.28196,            0,            0,            0,   -0.8615154,    0.5077314
robot_22
   -14.08689,     13.06761,            0,            0,            0,    -0.984566,    0.1750137
robot_38
    14.96705,      -14.033,            0,            0,            0,   -0.9661323,    0.2580471
robot_2
    14.94085,     -26.0161,            0,            0,            0,   -0.9550307,     0.296507
robot_110
   -34.04675,    -17.54302,            0,            0,            0,    0.0205147,    0.9997896
robot_14
    21.90229,     24.51571,            0,            0,            0,   -0.6630043,    0.7486156
robot_181
    37.96509,     18.70825,            0,            0,            0,    0.2078003,    0.9781713
robot_61
   -9.757084,     22.09831,            0,            0,            0,    0.8733157,    0.4871548
