tuw_multi_robot_msgs::RobotGoalsArray @1970-01-01T01:36:32
frame_id: map
        5792,            0
robot_84
    7.665384,     22.01661,            0,            0,            0,     0.629761,     0.776789
robot_116
    4.364326,    -6.029529,            0,            0,            0,    0.2522797,    0.9676544
robot_74
   -9.913657,    -17.99684,            0,            0,            0,     0.950661,    0.3102316
robot_41
    24.04389,    -33.98247,            0,            0,            0,    0.9887819,    0.1493665
robot_125
    1.776259,    -10.04586,            0,            0,            0,   -0.5794828,    0.8149844
robot_136
   -28.07389,     29.97123,            0,            0,            0,    0.9351465,    0.3542612
robot_173
   -34.06196,     -37.3146,            0,            0,            0,   -0.8210621,    0.5708388
robot_67
    9.303092,     6.028269,            0,            0,            0,   -0.2068077,    0.9783816
robot_197
   -34.07762,     11.56436,            0,            0,            0,   -0.2329103,    0.9724982
robot_119
     16.4383,    -9.981027,            0,            0,            0,   -0.9989607,   0.04557971
robot_82
    21.90868,    -10.46061,            0,            0,            0,    0.9007356,    0.4343679
robot_77
     26.3954,      18.0997,            0,            0,            0,    0.9998566,   0.01693624
robot_5
    22.39805,    -29.98727,            0,            0,            0,    0.4857049,    0.8741229
robot_133
    25.92082,     32.30176,            0,            0,            0,   -0.2137586,    0.9768865
robot_99
    5.934183,    -21.62104,            0,            0,            0,    0.7161277,    0.6979692
robot_171
    -38.1593,    -21.75253,            0,            0,            0,   -0.8551561,    0.5183705
robot_180
    30.27979,    -21.98607,            0,            0,            0,    0.4464553,     0.894806
robot_56
    34.83708,     9.972768,            0,            0,            0,   0.09310534,    0.9956563
robot_3
   -38.37725,     29.93391,            0,            0,            0,    0.8454172,    0.5341065
robot_81
   -24.34875,     13.97315,            0,            0,            0,   -0.9050058,    0.4253991
robot_167
   -22.07032,     -3.56026,            0,            0,            0,   -0.9976786,   0.06809871
robot_25
    -10.0975,    -15.48714,            0,            0,            0,    0.3994313,    0.9167631
robot_168
    25.84305,     10.35517,            0,            0,            0,   -0.6221501,     0.782898
robot_96
  -0.5948038,     18.01814,            0,            0,            0,    0.8291129,    0.5590812
robot_166
    -18.0425,     9.157119,            0,            0,            0,   -0.6626371,    0.7489406
robot_102
    29.92294,    -6.727182,            0,            0,            0,    0.1807918,    0.9835214
robot_192
    37.83443,    -14.35075,            0,            0,            0,     0.763663,    0.6456151
robot_179
    -34.0653,    -27.65009,            0,            0,            0,   -0.9869972,    0.1607373
robot_142
    33.93087,     22.09409,            0,            0,            0,    -0.538144,    0.8428529
robot_1
    1.923394,    -17.52588,            0,            0,            0,   -0.9680779,    0.2506495
robot_44
   -9.072932,     22.01068,            0,            0,            0,   -0.2209768,    0.9752791
robot_163
    -6.17765,     5.923681,            0,            0,            0,   -0.5981639,    0.8013738
robot_79
    1.908929,    -20.61534,            0,            0,            0,    0.3540054,    0.9352434
robot_8
   -6.092449,     13.05815,            0,            0,            0,  -0.02534352,    0.9996788
robot_20
    16.13469,    -18.03086,            0,            0,            0,   -0.9050153,    0.4253789
robot_143
    -34.0425,    -32.92928,            0,            0,            0,    0.8730835,    0.4875707
robot_138
    -22.0884,     28.35777,            0,            0,            0,   -0.9877049,    0.1563296
robot_123
   -14.01128,     21.82814,            0,            0,            0,   -0.4574413,    0.8892398
robot_193
   -26.09541,     30.96799,            0,            0,            0,    0.7372876,     0.675579
robot_187
   -6.068492,    -29.10851,            0,            0,            0,      0.50156,    0.8651229
robot_176
   -34.08734,     6.378329,            0,            0,            0,   0.06007014,    0.9981942
robot_66
   -34.13366,     30.07549,            0,            0,            0,   -0.4591669,      0.88835
robot_63
    25.14837,    -13.99829,            0,            0,            0,    0.6752149,    0.7376211
robot_31
    10.82404,     26.02313,            0,            0,            0,   -0.9000291,    0.4358298
robot_159
    17.96168,     -19.2191,            0,            0,            0,    0.7317117,    0.6816142
robot_160
   -14.16578,    -10.15698,            0,            0,            0,    0.9999851,  0.005450521
robot_151
    34.69627,     33.98423,            0,            0,            0,    0.1960322,    0.9805975
robot_150
    33.91737,     5.844342,            0,            0,            0,   -0.4174531,    0.9086985
robot_137
    18.50661,     10.03155,            0,            0,            0,   -0.3373665,    0.9413734
robot_199
   -2.090395,     21.14164,            0,            0,            0,   -0.8727065,    0.4882451
robot_54
    5.939707,     9.553386,            0,            0,            0,    0.5047889,    0.8632428
robot_117
    21.84038,    -25.71441,            0,            0,            0,    0.4397266,    0.8981317
robot_36
   -18.07371,     26.54443,            0,            0,            0,   0.06934155,     0.997593
robot_33
   -39.23744,    -26.00481,            0,            0,            0,    0.6244381,    0.7810743
robot_146
    17.45983,     34.09309,            0,            0,            0,   -0.7031392,    0.7110522
robot_156
   -36.83376,    -30.02148,            0,            0,            0,   -0.2156144,    0.9764786
robot_112
    13.96424,     23.66315,            0,            0,            0,   -0.9016398,    0.4324878
robot_19
    29.94365,      20.7614,            0,            0,            0,  -0.06732622,     0.997731
robot_141
   -14.34176,      17.9172,            0,            0,            0,   -0.4927206,    0.8701876
robot_35
    13.97745,    -2.202445,            0,            0,            0,     0.210091,    0.9776818
robot_184
   -6.072787,      24.0811,            0,            0,            0,    0.9999969,  0.002477303
robot_98
     1.36924,     34.02883,            0,            0,            0,    0.3681843,    0.9297528
robot_100
     -34.337,      22.0125,            0,            0,            0,   -0.9702014,    0.2422998
robot_164
    19.61231,    -10.01531,            0,            0,            0,    0.2844832,     0.958681
robot_59
   -38.06813,     14.68446,            0,            0,            0,   -0.4312895,    0.9022136
robot_144
   -30.19111,     -33.8039,            0,            0,            0,  -0.05092305,    0.9987026
robot_101
    28.35591,    -1.970778,            0,            0,            0,    0.2554117,    0.9668324
robot_161
    21.98392,     18.31251,            0,            0,            0,    0.3105454,    0.9505586
robot_149
    2.123514,     22.12061,            0,            0,            0,    0.9946667,    0.1031415
robot_86
   -1.903392,      5.97153,            0,            0,            0,    0.7702312,    0.6377648
robot_191
   -30.03796,    -31.11027,            0,            0,            0,    0.6650516,    0.7467974
robot_126
   -18.04668,     16.53216,            0,            0,            0,   -0.1138473,    0.9934983
robot_190
     26.4034,     29.95328,            0,            0,            0,   -0.9408179,    0.3389126
robot_131
    33.64357,     37.98344,            0,            0,            0,    0.3489842,    0.9371286
robot_154
    16.97679,     22.00054,            0,            0,            0,   -0.1210861,     0.992642
robot_9
   -12.22554,    -26.01826,            0,            0,            0,   -0.8485451,    0.5291231
robot_27
    25.27487,     26.01985,            0,            0,            0,   -0.8149521,    0.5795283
robot_34
    -22.0201,      22.2591,            0,            0,            0,   -0.5092525,    0.8606172
robot_114
    37.91279,    -11.95148,            0,            0,            0,    0.5039005,    0.8637617
robot_51
    1.851582,    -34.01426,            0,            0,            0,    0.4808051,    0.8768275
robot_108
   -28.42991,    -22.00693,            0,            0,            0,    0.8730605,    0.4876119
robot_147
   -25.28963,     22.00991,            0,            0,            0,   -0.6934791,    0.7204768
robot_183
   -8.057116,     25.99029,            0,            0,            0,   -0.5655451,    0.8247173
robot_48
    10.14794,    -26.00418,            0,            0,            0,   -0.5097043,    0.8603496
robot_60
   -18.12856,     13.85684,            0,            0,            0,   -0.3348423,    0.9422742
robot_75
    2.370672,     13.94764,            0,            0,            0,   -0.9300848,    0.3673449
robot_152
   -22.04029,    -31.00096,            0,            0,            0,    0.9967305,   0.08079831
robot_26
   -26.09507,     8.735124,            0,            0,            0,    0.8232841,    0.5676296
robot_182
    33.92866,    -31.11239,            0,            0,            0,    0.6569502,     0.753934
robot_172
    25.85693,    -38.23754,            0,            0,            0,   -0.5694453,    0.8220293
robot_43
    36.77755,     17.99575,            0,            0,            0,    0.8527557,      0.52231
robot_170
    20.65547,    -5.984546,            0,            0,            0,    0.9804591,    0.1967232
robot_177
    21.70414,      29.8364,            0,            0,            0,   -0.8072697,    0.5901827
robot_80
  -0.8883345,    -21.99969,            0,            0,            0,    0.1666187,    0.9860214
robot_16
    30.04675,    -34.20195,            0,            0,            0,    0.6623814,    0.7491668
robot_13
    17.96296,    -24.65343,            0,            0,            0,   -0.5870829,    0.8095268
robot_178
   -22.17305,     10.16916,            0,            0,            0,    0.7583895,    0.6518017
robot_88
    9.782563,    -37.98388,            0,            0,            0,     -0.51821,    0.8552534
robot_194
   -18.08284,    -11.45044,            0,            0,            0,   -0.9188534,    0.3945992
robot_29
   -10.90619,     17.98024,            0,            0,            0,     0.548523,    0.8361355
robot_92
    9.772439,    -34.13563,            0,            0,            0,   -0.9803816,     0.197109
robot_87
    4.481155,     33.97372,            0,            0,            0,    0.9006853,    0.4344721
robot_68
    33.95593,    -11.59691,            0,            0,            0,   -0.8419242,    0.5395958
robot_22
   -30.26859,     38.13617,            0,            0,            0,  -0.03508762,    0.9993842
robot_38
   -21.64041,    -6.057923,            0,            0,            0, -0.004271682,    0.9999909
robot_2
     30.5752,      38.0135,            0,            0,            0,   -0.9914699,    0.1303357
robot_110
    19.77483,    -17.99066,            0,            0,            0,    0.5479879,    0.8364862
robot_14
   -10.09533,     31.44479,            0,            0,            0,   -0.9745421,    0.2242045
robot_181
   -30.51701,     2.047163,            0,            0,            0,  -0.07649964,    0.9970696
robot_61
    20.46652,     37.99921,            0,            0,            0,   -0.9393951,    0.3428364
robot_30
    -2.09501,     23.16724,            0,            0,            0,    0.9150124,    0.4034256
robot_122
   -2.078177,     30.78474,            0,            0,            0,   -0.7570042,      0.65341
robot_132
     9.94271,    -32.19687,            0,            0,            0,   -0.8972044,    0.4416155
robot_45
   -26.08121,    -28.65225,            0,            0,            0,   -0.7555576,    0.6550822
robot_21
    9.878665,     17.76958,            0,            0,            0,    0.7387943,     0.673931
robot_39
    -30.0973,     14.79286,            0,            0,            0,    0.2782815,    0.9604996
robot_134
    25.96247,    -7.268623,            0,            0,            0,    0.3715142,    0.9284273
robot_15
   -10.16814,     38.16808,            0,            0,            0,    0.2161307,    0.9763644
robot_145
    21.86992,     25.98978,            0,            0,            0,     0.383699,    0.9234582
robot_140
   -26.48516,     18.01413,            0,            0,            0,    0.5579915,    0.8298467
robot_196
    13.90798,     18.47261,            0,            0,            0,   -0.9123411,    0.4094309
robot_188
   -26.07732,     33.27843,            0,            0,            0,   -0.9532661,     0.302132
robot_4
    28.02896,    -17.98546,            0,            0,            0,    0.6767186,    0.7362417
robot_155
    38.06248,    -17.99596,            0,            0,            0,   -0.5030631,    0.8642497
robot_135
    7.969997,     29.97896,            0,            0,            0,   -0.3290791,    0.9443024
robot_93
   -10.09458,     20.30297,            0,            0,            0,   -0.7299622,    0.6834875
robot_111
    24.00877,      18.0093,            0,            0,            0,   -0.2065272,    0.9784409
robot_0
   -2.058011,     10.90799,            0,            0,            0,   -0.4054984,    0.9140958
robot_49
   -10.17715,    -5.957172,            0,            0,            0,   -0.7497754,    0.6616925
robot_113
    35.85499,     30.02382,            0,            0,            0,    0.9412171,    0.3378021
robot_94
   -34.37869,    -14.07575,            0,            0,            0,   -0.5400213,    0.8416513
robot_40
    33.92351,     24.45487,            0,            0,            0,   -0.6441972,    0.7648595
robot_103
   -10.04749,     35.84307,            0,            0,            0,   -0.8567016,    0.5158123
robot_6
   -31.38805,    -18.01744,            0,            0,            0,    0.8652155,    0.5014001
robot_71
   -10.19193,     13.99965,            0,            0,            0,    0.3298995,    0.9440161
robot_17
    -17.0529,     21.98093,            0,            0,            0,   -0.9207093,    0.3902492
robot_120
   -8.326454,     18.02341,            0,            0,            0,   -0.1201043,    0.9927613
robot_189
   -5.848149,    -25.88548,            0,            0,            0,   -0.8485754,    0.5290744
robot_148
    38.06875,    -25.97972,            0,            0,            0,   -0.9654547,    0.2605709
robot_186
   -14.40996,    -2.058174,            0,            0,            0,   -0.5261527,    0.8503901
