tuw_multi_robot_msgs::RobotGoalsArray @1970-01-01T01:16:10.500000
frame_id: map
        4570,    500000000
robot_84
    33.92871,    0.9518039,            0,            0,            0,  -0.04420661,    0.9990224
robot_116
   -22.20272,    -17.86318,            0,            0,            0,    0.7246023,    0.6891673
robot_74
    5.953528,    -7.825352,            0,            0,            0,   -0.8747829,    0.4845151
robot_41
   -9.854689,    -5.887621,            0,            0,            0,   -0.8748689,    0.4843598
robot_125
      30.576,     18.00089,            0,            0,            0,    0.9987288,    0.0504062
robot_136
   -34.04322,    -6.490849,            0,            0,            0,    0.3424466,    0.9395373
robot_173
      1.5873,     18.07309,            0,            0,            0,    0.5220679,    0.8529039
robot_67
    29.90315,    -27.99373,            0,            0,            0,   -0.6532829,    0.7571139
robot_197
   -38.08851,    -15.13321,            0,            0,            0,    0.8003837,     0.599488
robot_119
    20.00989,    -10.03097,            0,            0,            0,   -0.5531248,    0.8330984
robot_82
    30.16137,    -22.00873,            0,            0,            0,    0.8227788,    0.5683617
robot_77
    25.45807,      10.0878,            0,            0,            0,   -0.3550607,    0.9348433
robot_5
   -30.15581,       13.654,            0,            0,            0,    0.2628546,    0.9648355
robot_133
   -14.12703,      6.21061,            0,            0,            0,    0.8191068,     0.573641
robot_99
    21.76543,     38.00812,            0,            0,            0,    0.9988354,   0.04824706
robot_171
   -21.89413,    -30.03548,            0,            0,            0,    -0.942214,    0.3350115
robot_180
    33.91382,     36.92276,            0,            0,            0,    0.4275614,    0.9039863
robot_56
    33.87217,     22.11681,            0,            0,            0,   -0.7626174,    0.6468498
robot_3
    21.79119,     5.950205,            0,            0,            0,   -0.9753569,    0.2206328
robot_81
    1.962456,     23.32927,            0,            0,            0,   -0.9856923,    0.1685546
robot_167
   -29.92478,    -29.85823,            0,            0,            0,    0.1379529,    0.9904388
robot_25
    12.46048,     13.97467,            0,            0,            0,    0.6969322,     0.717137
robot_168
   -30.19879,    -33.94372,            0,            0,            0,    0.4076868,    0.9131218
robot_96
    13.92103,     32.19893,            0,            0,            0,   -0.5808515,    0.8140096
robot_166
    37.94855,     23.63007,            0,            0,            0,   -0.5218137,    0.8530595
robot_102
   -18.08451,    -22.02506,            0,            0,            0,   -0.9994078,   0.03440923
robot_192
    13.92922,     -24.2658,            0,            0,            0,    0.1515681,    0.9884468
robot_179
    21.62709,    -37.98811,            0,            0,            0,    0.2079707,    0.9781351
robot_142
   -17.76649,    -33.96512,            0,            0,            0,    0.8139895,    0.5808795
robot_1
    35.83624,     17.99637,            0,            0,            0,   0.02202211,    0.9997575
robot_44
    13.92283,     35.64153,            0,            0,            0,   -0.9214751,    0.3884374
robot_163
   -33.76953,      10.0154,            0,            0,            0,   -0.5603995,    0.8282224
robot_79
   -36.52377,       29.991,            0,            0,            0,   0.05882086,    0.9982686
robot_8
    24.38051,    -30.00227,            0,            0,            0,   -0.8964901,    0.4430638
robot_20
   -27.94455,    -29.98172,            0,            0,            0,   -0.4562733,    0.8898397
robot_143
   -12.46741,    -14.02994,            0,            0,            0,    0.9575453,    0.2882829
robot_138
    17.91842,     11.28638,            0,            0,            0,   -0.8794738,    0.4759472
robot_123
    19.28071,    -5.993833,            0,            0,            0,   0.07243017,    0.9973735
robot_193
    8.796339,    -30.00382,            0,            0,            0,   -0.2614899,    0.9652062
robot_187
    1.739713,     30.04354,            0,            0,            0,    0.1274355,    0.9918469
robot_176
    16.39587,     5.981404,            0,            0,            0,    0.8996397,     0.436633
robot_66
    -14.0877,     18.26257,            0,            0,            0,   -0.9989251,   0.04635441
robot_63
 -0.05449559,     14.00913,            0,            0,            0,   -0.7748694,    0.6321213
robot_31
    -30.0148,     22.02503,            0,            0,            0,   -0.9754248,    0.2203326
robot_159
    29.64926,    -25.90103,            0,            0,            0,    0.9635338,    0.2675865
robot_160
    13.70572,    -10.15006,            0,            0,            0,   -0.7284161,     0.685135
robot_151
    14.32406,     17.92911,            0,            0,            0,    0.3791797,     0.925323
robot_150
    17.93749,   -0.4456153,            0,            0,            0,    0.2869768,    0.9579375
robot_137
    32.91653,     5.969273,            0,            0,            0,    0.1335562,    0.9910412
robot_199
    34.05569,     14.07164,            0,            0,            0,   -0.5414882,    0.8407083
robot_54
   -8.705843,    -26.02821,            0,            0,            0,    0.1010594,    0.9948804
robot_117
    2.020635,     9.799105,            0,            0,            0,     0.995494,   0.09482426
robot_36
    -6.08151,     22.30413,            0,            0,            0,    0.1698158,    0.9854758
robot_33
    36.81943,     14.03338,            0,            0,            0,    0.7646145,    0.6444879
robot_146
    17.24175,     17.98526,            0,            0,            0,    0.8188261,    0.5740417
robot_156
    37.94447,     28.23175,            0,            0,            0,   -0.8466191,    0.5321993
robot_112
   -14.06482,     3.654726,            0,            0,            0,    0.3610735,    0.9325373
robot_19
   -37.98705,    -30.04316,            0,            0,            0,   0.02709742,    0.9996328
robot_141
   -31.71324,     -13.9888,            0,            0,            0,   -0.9900848,    0.1404713
robot_35
    12.19607,     2.004237,            0,            0,            0,    0.9953881,   0.09592935
robot_184
     4.56722,     17.98126,            0,            0,            0,    0.8007961,    0.5989371
robot_98
    5.197592,    -21.97496,            0,            0,            0,   -0.3085324,    0.9512138
robot_100
    17.02659,     14.02508,            0,            0,            0,    0.9984023,     0.056505
robot_164
    21.87906,    -1.669436,            0,            0,            0,    0.2572894,    0.9663344
robot_59
   -1.989094,     10.00395,            0,            0,            0,   -0.5479771,    0.8364933
robot_144
   -17.71498,     -30.0028,            0,            0,            0,    0.7148507,    0.6992772
robot_101
   -2.163829,    -30.34853,            0,            0,            0,    0.8549995,    0.5186288
robot_161
   -17.47908,     30.00412,            0,            0,            0,    0.3610007,    0.9325655
robot_149
   0.4667138,    -14.00424,            0,            0,            0,     0.770827,    0.6370446
robot_86
   -5.097556,     5.988185,            0,            0,            0,    0.7210834,    0.6928483
robot_191
    21.94952,     22.80945,            0,            0,            0,   -0.8649392,    0.5018767
robot_126
    29.95722,    0.9189124,            0,            0,            0,   -0.9962059,   0.08702799
robot_190
    -12.5545,     29.97519,            0,            0,            0,   0.03250484,    0.9994716
robot_131
   -21.96605,    -1.792174,            0,            0,            0,     0.470118,    0.8826036
robot_154
   -5.408979,    -10.01424,            0,            0,            0,   -0.6731055,    0.7395465
robot_9
   -33.83833,    -34.09841,            0,            0,            0,    0.7818373,    0.6234825
robot_27
     8.71637,     37.97982,            0,            0,            0,   -0.9996224,   0.02747803
robot_34
    13.92369,    -15.30307,            0,            0,            0,   -0.9075473,    0.4199499
robot_114
      14.216,    -30.06847,            0,            0,            0,   -0.7099813,    0.7042205
robot_51
   -15.21432,    -22.01136,            0,            0,            0,     0.794685,    0.6070221
robot_108
    9.944531,     -21.1223,            0,            0,            0,    0.5841732,     0.811629
robot_147
    34.60079,    -34.02258,            0,            0,            0,   -0.6357806,    0.7718698
robot_183
   -14.05676,    -11.13556,            0,            0,            0,    0.9815591,    0.1911588
robot_48
     37.7793,    -33.87707,            0,            0,            0,   -0.9204209,    0.3909287
robot_60
    18.74692,    -13.97182,            0,            0,            0,    0.5437436,    0.8392514
robot_75
   -18.12551,      26.0657,            0,            0,            0,    0.3328034,    0.9429962
robot_152
   -18.48211,    -14.02193,            0,            0,            0,  -0.07223022,     0.997388
robot_26
      29.806,    -6.180905,            0,            0,            0,    0.8825272,    0.4702614
robot_182
    34.02855,     25.95693,            0,            0,            0,    0.9008812,    0.4340657
robot_172
   -26.34546,     10.08045,            0,            0,            0,   -0.9997232,   0.02352778
