tuw_multi_robot_msgs::RobotGoalsArray @1970-01-01T00:54:39.300000
frame_id: map
        3279,    300000000
robot_84
   -30.03384,    -15.11398,            0,            0,            0,    0.2987504,    0.9543313
robot_116
   -9.901356,    -13.77718,            0,            0,            0,    0.3457013,    0.9383446
robot_74
   -38.06102,    -26.71538,            0,            0,            0,    0.8198326,    0.5726033
robot_41
    21.96183,    -24.09683,            0,            0,            0,    0.1217078,     0.992566
robot_125
   -14.20147,    -2.110074,            0,            0,            0,    0.7601636,    0.6497317
robot_136
    -22.8083,    -30.01731,            0,            0,            0,   -0.5313008,    0.8471833
robot_173
    34.03974,     13.87844,            0,            0,            0,  -0.08903962,    0.9960281
robot_67
    13.83045,     -14.1596,            0,            0,            0,   -0.6704971,    0.7419121
robot_197
    30.01475,     33.99589,            0,            0,            0,    0.5509072,    0.8345665
robot_119
    9.799596,    -9.918755,            0,            0,            0,    -0.940725,    0.3391704
robot_82
   -34.06699,     35.46931,            0,            0,            0,   -0.9996225,   0.02747489
robot_77
    10.36058,     22.06536,            0,            0,            0,   -0.6173909,    0.7866565
robot_5
   -31.74054,     29.97725,            0,            0,            0,  -0.07774407,    0.9969733
robot_133
    39.07371,      14.0165,            0,            0,            0,    0.9266803,    0.3758505
robot_99
   -34.32428,    -34.00869,            0,            0,            0,   -0.9771561,    0.2125229
robot_171
     17.5522,    -37.97541,            0,            0,            0,    0.9904897,    0.1375868
robot_180
   -25.36134,     29.98337,            0,            0,            0,   -0.2742346,    0.9616628
robot_56
   -10.07042,     8.086721,            0,            0,            0,   -0.8463782,    0.5325824
robot_3
     10.2697,    -22.09108,            0,            0,            0,    0.4763969,    0.8792303
robot_81
   -30.11036,    -18.35638,            0,            0,            0,   -0.6956239,    0.7184061
robot_167
    2.013524,     10.25152,            0,            0,            0,    0.9787417,    0.2050969
robot_25
   -30.28423,    -21.85365,            0,            0,            0,   -0.5232261,    0.8521939
robot_168
    -34.0573,      7.61489,            0,            0,            0,  -0.05413112,    0.9985338
robot_96
   -32.41935,     14.01931,            0,            0,            0,   -0.7368299,    0.6760782
robot_166
    21.92769,     10.55745,            0,            0,            0,    0.4359039,    0.8999932
robot_102
   -18.44646,     -14.0471,            0,            0,            0,    0.7840112,    0.6207467
robot_192
   -14.04147,    -17.52487,            0,            0,            0,   -0.2200028,    0.9754992
robot_179
    9.994097,    -29.93102,            0,            0,            0,    0.9965427,   0.08308206
robot_142
    29.90899,     23.09178,            0,            0,            0,    0.9290725,    0.3698976
robot_1
    16.90875,     5.987244,            0,            0,            0,    0.8684389,    0.4957961
robot_44
   -26.04459,     15.14009,            0,            0,            0,    0.8531183,    0.5217175
robot_163
   -7.373287,    -14.00457,            0,            0,            0,    0.9484005,     0.317075
robot_79
    22.02898,     5.634436,            0,            0,            0,    0.9966427,   0.08187363
robot_8
   -23.24683,    -10.00428,            0,            0,            0,    0.1596252,    0.9871777
robot_20
   -22.03874,    -15.01834,            0,            0,            0,   -0.6579344,    0.7530752
robot_143
   -17.26489,    -37.97288,            0,            0,            0,   -0.5903688,    0.8071336
robot_138
   -14.99584,     17.98454,            0,            0,            0,   -0.5178397,    0.8554777
robot_123
   -18.07002,     -32.7553,            0,            0,            0,  -0.04213844,    0.9991118
robot_193
    22.69895,    -17.99641,            0,            0,            0,   -0.8611751,    0.5083085
robot_187
    34.43284,    -13.94755,            0,            0,            0, -0.009714501,    0.9999528
robot_176
    11.21689,    -33.99139,            0,            0,            0,    0.9405888,    0.3395478
robot_66
   -10.08011,    -16.41421,            0,            0,            0,     0.805317,    0.5928444
robot_63
   -30.07675,     26.18358,            0,            0,            0,   -0.5430017,    0.8397316
robot_31
    13.94368,     31.54253,            0,            0,            0,    -0.539967,    0.8416862
robot_159
   -30.13413,     9.898969,            0,            0,            0,   -0.4166108,    0.9090849
robot_160
   -1.079079,    -18.02223,            0,            0,            0,   -0.5143283,    0.8575934
robot_151
    9.476287,     13.94471,            0,            0,            0,   0.07147374,    0.9974425
robot_150
   -18.22108,    -29.95285,            0,            0,            0,   -0.9556312,    0.2945657
robot_137
    21.95056,     15.96301,            0,            0,            0,   -0.5736165,     0.819124
robot_199
    29.94239,   -0.6206726,            0,            0,            0,    0.9163156,     0.400457
robot_54
     1.93296,    -13.38019,            0,            0,            0,   -0.1209467,     0.992659
robot_117
   -22.06281,     17.16386,            0,            0,            0,   -0.8531206,    0.5217138
robot_36
    24.99629,     9.973264,            0,            0,            0,    0.9114271,    0.4114615
robot_33
   -14.07823,     30.22754,            0,            0,            0,    0.9814891,    0.1915182
robot_146
    25.91207,     25.04284,            0,            0,            0,    0.2671904,    0.9636438
robot_156
    13.95225,    -1.949819,            0,            0,            0,   -0.3600355,    0.9329386
robot_112
    37.93958,     24.28291,            0,            0,            0,    0.8623528,    0.5063078
robot_19
    13.90534,    -4.665561,            0,            0,            0,    0.9654612,    0.2605469
robot_141
    33.95465,     16.57219,            0,            0,            0,   -0.4992433,    0.8664618
robot_35
    29.90661,    -20.09824,            0,            0,            0,   -0.2701342,    0.9628227
robot_184
    5.995122,     6.248039,            0,            0,            0,    0.9848524,    0.1733948
robot_98
    29.76626,    -25.88061,            0,            0,            0,   -0.1212142,    0.9926264
robot_100
    9.922798,    -15.90383,            0,            0,            0,    0.9254105,    0.3789663
robot_164
   -8.029046,     14.01677,            0,            0,            0,     0.714809,    0.6993197
robot_59
    10.06021,    -18.12769,            0,            0,            0,    0.9971898,   0.07491628
robot_144
   -34.05084,    -26.54487,            0,            0,            0,   -0.8026176,     0.596494
robot_101
    19.53807,      14.0242,            0,            0,            0,   -0.6628398,    0.7487612
robot_161
   -10.45937,    -6.098448,            0,            0,            0,    0.7137315,    0.7004194
robot_149
   -6.842642,     25.99803,            0,            0,            0,   -0.9990948,    0.0425382
robot_86
    -29.7197,    -5.945932,            0,            0,            0,   0.04579677,    0.9989508
