tuw_multi_robot_msgs::RobotGoalsArray @1970-01-01T01:12:15.800000
frame_id: map
        4335,    800000000
robot_84
   -34.23601,    -9.999516,            0,            0,            0,   -0.3762096,    0.9265346
robot_116
    -22.0421,    -37.46983,            0,            0,            0,    0.9400475,    0.3410435
robot_74
    30.28645,    -30.02082,            0,            0,            0,   -0.8572256,    0.5149411
robot_41
   -34.40525,    -34.04664,            0,            0,            0,    0.9582275,     0.286007
robot_125
   -14.07092,    -11.31563,            0,            0,            0,    0.9597647,    0.2808054
robot_136
    21.94544,    -10.32537,            0,            0,            0,    0.1232688,    0.9923733
robot_173
    -26.5299,    -21.93391,            0,            0,            0,    0.8054387,    0.5926792
robot_67
   -36.83296,     5.993673,            0,            0,            0,    0.4113496,    0.9114777
robot_197
    6.754897,     18.00519,            0,            0,            0,   -0.8108088,    0.5853111
robot_119
   -39.77825,     33.99658,            0,            0,            0,    0.7412899,    0.6711849
robot_82
   -38.65242,      9.98409,            0,            0,            0,    0.5289337,    0.8486631
robot_77
   -39.52832,    -13.97475,            0,            0,            0,   -0.9946868,    0.1029471
robot_5
    29.95247,     32.42486,            0,            0,            0,   -0.7128457,    0.7013209
robot_133
   -26.14625,    -5.983368,            0,            0,            0,    0.7960507,    0.6052299
robot_99
    21.92999,     21.77767,            0,            0,            0,    0.8959478,    0.4441593
robot_171
    30.00955,    -34.19735,            0,            0,            0,    0.9761241,    0.2172137
robot_180
   -6.105259,    -6.032875,            0,            0,            0,   -0.5560983,    0.8311165
robot_56
     -11.971,    -10.01234,            0,            0,            0,    0.4810829,    0.8766751
robot_3
   -20.62008,     13.98964,            0,            0,            0,   -0.8730107,    0.4877011
robot_81
    25.96531,     -4.38474,            0,            0,            0,    0.6405047,    0.7679542
robot_167
   -14.04374,     26.34625,            0,            0,            0,    0.8160427,    0.5779916
robot_25
   -7.510981,    -14.01747,            0,            0,            0,    0.1342786,    0.9909436
robot_168
    8.982838,    -29.97407,            0,            0,            0,    0.1511629,    0.9885089
robot_96
    13.94537,     7.420896,            0,            0,            0,    0.5367479,    0.8437427
robot_166
   -32.34228,     38.00765,            0,            0,            0,    0.8283942,    0.5601455
robot_102
   -30.14559,    -34.27139,            0,            0,            0,    0.9916538,    0.1289288
robot_192
    33.27681,     5.978654,            0,            0,            0,   -0.9968729,   0.07902176
robot_179
    25.84094,    -10.07508,            0,            0,            0,   -0.1259845,    0.9920322
robot_142
   -10.04276,     6.328824,            0,            0,            0,   -0.9993232,   0.03678392
robot_1
    -25.8913,     14.05587,            0,            0,            0,   -0.4786414,    0.8780105
robot_44
    9.924834,     15.78489,            0,            0,            0,   -0.7616023,    0.6480447
robot_163
   -24.32218,     10.01651,            0,            0,            0,   -0.6859404,    0.7276577
robot_79
    6.639286,    -21.99549,            0,            0,            0,   0.09324679,     0.995643
robot_8
    18.02293,     26.15007,            0,            0,            0,   -0.9216394,    0.3880475
robot_20
    9.918334,     7.745727,            0,            0,            0,    -0.997429,   0.07166232
robot_143
    18.03318,    -29.97253,            0,            0,            0,    0.5723956,    0.8199776
robot_138
    22.12495,     26.15763,            0,            0,            0,    0.5939124,    0.8045297
robot_123
    -17.8797,     5.910095,            0,            0,            0,   -0.9264761,    0.3763536
robot_193
   -30.05291,    -21.56766,            0,            0,            0,   -0.5992045,     0.800596
robot_187
    38.49868,    -6.018894,            0,            0,            0,    -0.348917,    0.9371536
robot_176
    25.66567,      6.01892,            0,            0,            0,    0.2070654,    0.9783271
robot_66
   -10.17409,      2.13166,            0,            0,            0,    0.9710956,    0.2386909
robot_63
   -14.07932,    -14.41137,            0,            0,            0,   -0.2652497,    0.9641797
robot_31
   -26.14156,     6.313215,            0,            0,            0,   -0.1424485,    0.9898022
robot_159
    22.02727,     29.87838,            0,            0,            0,   -0.8553669,    0.5180226
robot_160
    -29.9497,     37.86135,            0,            0,            0,    0.9414752,    0.3370824
robot_151
    37.91066,     32.45816,            0,            0,            0,   -0.7706448,     0.637265
robot_150
   -24.15907,    -6.018646,            0,            0,            0,    0.9700635,    0.2428513
robot_137
    30.09666,    -14.20111,            0,            0,            0,   -0.5210859,    0.8535042
robot_199
    14.29708,    -18.07153,            0,            0,            0,    0.1924344,    0.9813098
robot_54
   -2.045214,    -29.19359,            0,            0,            0,   -0.8883312,    0.4592034
robot_117
   -30.06663,    -36.27124,            0,            0,            0,    0.7147984,    0.6993305
robot_36
   -38.03475,    -6.445626,            0,            0,            0,   -0.7614775,    0.6481913
robot_33
   -10.07294,     -25.5295,            0,            0,            0,    0.9910749,    0.1333061
robot_146
   -28.05778,      30.0033,            0,            0,            0,   -0.6816969,    0.7316347
robot_156
    16.93631,    -21.98718,            0,            0,            0,    0.6927958,    0.7211339
robot_112
   -30.19327,    -5.893229,            0,            0,            0,   -0.9092288,    0.4162968
robot_19
   -14.18967,     34.03617,            0,            0,            0,   -0.8737917,    0.4863004
robot_141
   -1.907177,     30.04438,            0,            0,            0,    0.8039788,     0.594658
robot_35
    19.77268,       10.016,            0,            0,            0,   -0.9853861,    0.1703354
robot_184
   -15.14796,    -5.994757,            0,            0,            0,    0.4258874,    0.9047762
robot_98
    5.376945,    -10.02941,            0,            0,            0,   -0.9949332,    0.1005383
robot_100
    28.88382,    -9.992918,            0,            0,            0,   -0.9977075,   0.06767374
robot_164
   -37.77369,     17.92001,            0,            0,            0,   -0.9573716,    0.2888591
robot_59
    25.90285,    -13.72965,            0,            0,            0,   -0.9606547,    0.2777454
robot_144
   -37.99092,     29.65158,            0,            0,            0,    -0.921937,    0.3873399
robot_101
    -10.0766,     12.03324,            0,            0,            0,   -0.2738409,     0.961775
robot_161
    -33.9345,     6.152716,            0,            0,            0,   -0.9485353,    0.3166714
robot_149
    14.01384,     21.64872,            0,            0,            0,    0.2065199,    0.9784424
robot_86
    21.87899,    -14.35366,            0,            0,            0,   -0.5216219,    0.8531768
robot_191
   -23.13226,     6.002014,            0,            0,            0,   -0.1996001,    0.9798774
robot_126
    9.976183,    -37.96066,            0,            0,            0,   -0.1836719,    0.9829876
robot_190
    38.79295,    -29.97413,            0,            0,            0,    0.2450677,     0.969506
robot_131
    25.92063,    -1.762844,            0,            0,            0,    0.2717935,    0.9623556
robot_154
    6.038472,    -2.065523,            0,            0,            0,   -0.2547251,    0.9670135
robot_9
   -26.04337,     29.81687,            0,            0,            0,    0.8533194,    0.5213885
robot_27
    17.95708,    -14.95178,            0,            0,            0,     0.998411,   0.05635121
robot_34
   -33.09994,     1.985681,            0,            0,            0,  -0.00138945,     0.999999
robot_114
   -30.15897,     33.98299,            0,            0,            0,  -0.09426301,    0.9955473
robot_51
    5.600599,     5.995799,            0,            0,            0,    0.9297456,    0.3682025
