tuw_multi_robot_msgs::RobotGoalsArray @1970-01-01T01:32:03.300000
frame_id: map
        5523,    300000000
robot_84
   -18.13801,      -37.868,            0,            0,            0,    0.4542534,    0.8908725
robot_116
    11.53697,     13.97001,            0,            0,            0,    0.1108133,    0.9938412
robot_74
    23.83534,    -18.00346,            0,            0,            0,    -0.826905,    0.5623417
robot_41
    5.168297,     5.967058,            0,            0,            0,    -0.768859,    0.6394184
robot_125
   -23.42375,    -10.01303,            0,            0,            0,    0.9239185,    0.3825893
robot_136
     9.94724,    -8.984234,            0,            0,            0,   -0.1296149,    0.9915644
robot_173
   -22.46649,     14.02376,            0,            0,            0,    0.1741761,    0.9847145
robot_67
    1.977869,    -25.72676,            0,            0,            0,    -0.329253,    0.9442417
robot_197
   -32.04966,    -22.01995,            0,            0,            0,   -0.6420714,    0.7666448
robot_119
    18.14357,    -38.13058,            0,            0,            0,    0.5681754,    0.8229075
robot_82
   -30.14761,    -22.13147,            0,            0,            0,   -0.9907783,     0.135493
robot_77
   -30.06342,    -18.72493,            0,            0,            0,   -0.1621581,    0.9867648
robot_5
   -35.40629,      5.97624,            0,            0,            0,   -0.3755198,    0.9268144
robot_133
   -25.85766,     37.85364,            0,            0,            0,   -0.2048299,    0.9787976
robot_99
    2.044862,     6.212844,            0,            0,            0,   -0.9703858,    0.2415603
robot_171
   -5.930626,     10.08621,            0,            0,            0,   -0.9996411,   0.02678824
robot_180
   -29.87033,     38.06725,            0,            0,            0,    0.2473194,     0.968934
robot_56
      37.956,     31.54883,            0,            0,            0,    0.1539425,    0.9880798
robot_3
    28.25539,    -2.011845,            0,            0,            0,   -0.1058747,    0.9943795
robot_81
   -10.04106,     -30.2786,            0,            0,            0,    0.8550308,    0.5185773
robot_167
    31.00163,     5.988827,            0,            0,            0,   -0.0915663,     0.995799
robot_25
   -6.094723,     34.42867,            0,            0,            0,    0.9923183,    0.1237112
robot_168
   -38.25622,    -18.08517,            0,            0,            0,   -0.0359222,    0.9993546
robot_96
    36.82319,     22.01583,            0,            0,            0,    -0.993209,    0.1163435
robot_166
    9.937176,     28.93844,            0,            0,            0,   -0.6607034,    0.7506471
robot_102
   -34.05622,     21.73625,            0,            0,            0,    0.5253412,    0.8508917
robot_192
    25.95772,     25.89252,            0,            0,            0,   -0.1816117,    0.9833703
robot_179
   -6.031952,    -29.91354,            0,            0,            0,    -0.855557,    0.5177086
robot_142
    5.973345,    -34.09533,            0,            0,            0,    0.9035633,    0.4284546
robot_1
   -33.88194,    -30.11659,            0,            0,            0,   0.08613368,    0.9962836
robot_44
   -1.912182,     29.80986,            0,            0,            0,    0.7082678,    0.7059439
robot_163
     13.5241,     34.03912,            0,            0,            0,   -0.9951808,   0.09805728
robot_79
   -22.05164,    -23.73768,            0,            0,            0,   -0.8412491,    0.5406477
robot_8
    30.03864,     17.79623,            0,            0,            0,  -0.08450262,    0.9964233
robot_20
   -22.05784,     27.32856,            0,            0,            0,    0.2876774,    0.9577274
robot_143
   -35.77484,    -14.02085,            0,            0,            0,     0.946487,    0.3227419
robot_138
    29.95673,     8.923403,            0,            0,            0,   -0.8101786,    0.5861831
robot_123
   -34.05022,    -15.70347,            0,            0,            0,   0.08071292,    0.9967374
robot_193
    -38.2576,     14.13109,            0,            0,            0,    0.0553839,    0.9984651
robot_187
  -0.2264318,     21.98439,            0,            0,            0,    0.3015635,    0.9534461
robot_176
    17.91418,    -31.57776,            0,            0,            0,    0.9999731,  0.007329569
robot_66
   -22.94888,    -14.01496,            0,            0,            0,    0.6646248,    0.7471772
robot_63
   -8.961861,     33.99878,            0,            0,            0,   0.04755822,    0.9988685
robot_31
    21.94488,    -31.90248,            0,            0,            0,    0.9965787,   0.08264966
robot_159
   -18.05703,    -20.77008,            0,            0,            0,    0.7973678,    0.6034936
robot_160
    9.957245,     32.58086,            0,            0,            0,    0.7952689,    0.6062569
robot_151
    17.84206,     14.29688,            0,            0,            0,   -0.2940542,    0.9557887
robot_150
   -6.522642,    -38.07369,            0,            0,            0,     0.107748,    0.9941782
robot_137
    9.908503,     1.199165,            0,            0,            0,    0.4288366,    0.9033821
robot_199
   -22.14626,     37.98325,            0,            0,            0,    0.3177456,     0.948176
robot_54
    6.982069,     25.99549,            0,            0,            0,    0.5989762,    0.8007668
robot_117
   -18.07005,     19.37295,            0,            0,            0,    0.3512869,    0.9362678
robot_36
   -11.85974,      5.97322,            0,            0,            0,  -0.02411595,    0.9997092
robot_33
    29.51017,     26.00957,            0,            0,            0,    0.5514012,    0.8342402
robot_146
    18.73783,    -22.01271,            0,            0,            0,   -0.9084156,    0.4180684
robot_156
    17.54329,    -26.09049,            0,            0,            0,   -0.9905327,    0.1372771
robot_112
    25.99529,    -22.14936,            0,            0,            0,   -0.9755277,    0.2198767
robot_19
   -26.06502,     4.614044,            0,            0,            0,    0.7517247,    0.6594771
robot_141
   -38.35522,     26.09794,            0,            0,            0,    0.5428259,    0.8398452
robot_35
    21.08687,     -37.9989,            0,            0,            0,    -0.999977,  0.006776558
robot_184
   -31.34797,    -5.968319,            0,            0,            0,     0.845065,    0.5346635
robot_98
    25.93278,    -8.174537,            0,            0,            0,    0.5717714,     0.820413
robot_100
    37.91213,     9.108492,            0,            0,            0,    0.8454241,    0.5340956
robot_164
    14.72775,    -30.02154,            0,            0,            0,     0.105525,    0.9944166
robot_59
    33.95642,    -8.045995,            0,            0,            0,    0.6819456,    0.7314029
robot_144
   -34.07587,     25.40856,            0,            0,            0,    0.8924082,    0.4512291
robot_101
    -26.0554,    -23.69907,            0,            0,            0,    0.8556644,    0.5175311
robot_161
     39.0425,     17.98238,            0,            0,            0,   -0.9926118,    0.1213337
robot_149
    25.86685,     22.05928,            0,            0,            0,   -0.9809224,    0.1943998
robot_86
   -39.18682,    -30.03145,            0,            0,            0,    0.9882963,    0.1525467
robot_191
   -18.07891,    -34.01985,            0,            0,            0,    0.8285238,    0.5599538
robot_126
   -26.04454,     11.85859,            0,            0,            0,    -0.186356,    0.9824823
robot_190
   -30.07665,    -25.48631,            0,            0,            0,    0.7644723,    0.6446566
robot_131
    17.99797,    -9.722345,            0,            0,            0,   -0.9974787,   0.07096613
robot_154
    13.94919,    -34.78721,            0,            0,            0,    0.0311608,    0.9995144
robot_9
    5.264629,     18.01194,            0,            0,            0,   0.07816878,    0.9969401
robot_27
    33.95827,     11.82046,            0,            0,            0,     0.679729,    0.7334633
robot_34
    -17.7942,     26.06762,            0,            0,            0,    0.9424092,    0.3344621
robot_114
    5.927756,    -19.39069,            0,            0,            0,   -0.2006273,    0.9796676
robot_51
     22.8574,    -10.00983,            0,            0,            0,     0.606233,    0.7952871
robot_108
    6.121004,     10.05017,            0,            0,            0,    0.8576193,    0.5142851
robot_147
    1.962625,     -32.6484,            0,            0,            0,   -0.9875841,    0.1570915
robot_183
    14.87586,    -6.010054,            0,            0,            0,    0.7675681,    0.6409674
robot_48
    37.80773,    -33.87516,            0,            0,            0,    0.8052294,    0.5929634
robot_60
    14.01945,     26.02726,            0,            0,            0,    -0.729276,    0.6842197
robot_75
    34.80363,     34.01788,            0,            0,            0,   -0.9976183,   0.06897567
robot_152
   -22.31792,    -1.959759,            0,            0,            0,    0.8593152,    0.5114463
robot_26
   -18.02557,    -5.658245,            0,            0,            0,    0.9558898,    0.2937256
robot_182
    29.87425,      33.7117,            0,            0,            0,   -0.4203027,     0.907384
robot_172
   -1.948056,     -17.9002,            0,            0,            0,    0.9670463,    0.2546007
robot_43
   -14.07094,    -13.70023,            0,            0,            0,     0.935266,    0.3539456
robot_170
   -29.08313,     2.017565,            0,            0,            0,   -0.3585132,    0.9335246
robot_177
    17.92476,       23.174,            0,            0,            0,    0.4756396,    0.8796402
robot_80
     18.0051,    -1.721508,            0,            0,            0,   -0.4071156,    0.9133766
robot_16
    29.35744,    -9.975116,            0,            0,            0,    0.4988615,    0.8666817
robot_13
    -7.60315,     25.98748,            0,            0,            0,    0.2677995,    0.9634747
robot_178
    32.76252,     30.00944,            0,            0,            0,   -0.1829131,    0.9831291
robot_88
    1.907406,    -18.63829,            0,            0,            0,    0.7178876,    0.6961591
robot_194
   -6.066158,    -1.824316,            0,            0,            0,   -0.6946197,    0.7193772
robot_29
    17.99962,    -13.69313,            0,            0,            0,   -0.4252513,    0.9050753
robot_92
   -18.04479,     2.435662,            0,            0,            0,   -0.6766879,      0.73627
robot_87
   -30.09191,    0.3366419,            0,            0,            0,    0.7541126,    0.6567452
robot_68
   -27.98437,    -9.970183,            0,            0,            0,   -0.9069477,    0.4212432
robot_22
   -26.06919,    -34.92479,            0,            0,            0,   -0.9999721,  0.007472453
robot_38
    37.93566,    -14.59628,            0,            0,            0,    0.4875794,    0.8730786
robot_2
    21.97035,     10.24769,            0,            0,            0,   -0.1958961,    0.9806246
robot_110
    9.891281,     5.992478,            0,            0,            0,   -0.5083924,    0.8611255
robot_14
   -6.050543,    -25.05464,            0,            0,            0,  -0.06937626,    0.9975906
robot_181
    23.88853,     33.99263,            0,            0,            0,    0.2285623,    0.9735293
robot_61
   -38.05868,     29.33062,            0,            0,            0,    0.6306586,    0.7760604
robot_30
    25.91893,    -17.10755,            0,            0,            0,    0.6367683,    0.7710552
robot_122
   -32.09617,     2.033518,            0,            0,            0,   -0.1608713,    0.9869754
robot_132
    10.67984,    -2.020527,            0,            0,            0,   -0.6134716,    0.7897167
robot_45
   -17.61549,     30.08769,            0,            0,            0,    0.6465034,    0.7629111
robot_21
   -34.04162,     4.403204,            0,            0,            0,    0.2363234,    0.9716744
robot_39
   -10.05068,     2.368487,            0,            0,            0,      0.44772,    0.8941738
robot_134
   -6.090326,      3.06733,            0,            0,            0,    0.5816482,    0.8134405
robot_15
   -10.23798,    -14.09693,            0,            0,            0,    -0.955719,    0.2942809
robot_145
   -18.09587,    -1.209172,            0,            0,            0,   -0.9680203,     0.250872
robot_140
    13.88893,     5.943289,            0,            0,            0,   -0.7374406,     0.675412
robot_196
    21.81694,     2.196342,            0,            0,            0,     0.547868,    0.8365648
robot_188
   -21.24841,     34.02364,            0,            0,            0,    -0.326916,    0.9450534
robot_4
   -22.15549,    -26.09225,            0,            0,            0,    0.8893937,     0.457142
robot_155
    14.43302,     -21.9293,            0,            0,            0,    0.1723956,    0.9850278
robot_135
    26.20119,     38.02121,            0,            0,            0,  0.009419754,    0.9999556
robot_93
    22.04926,    -1.977287,            0,            0,            0,   -0.6186918,    0.7856338
robot_111
   -1.403863,    -10.00648,            0,            0,            0,    0.1172673,    0.9931004
robot_0
     -34.102,     -34.0195,            0,            0,            0,  -0.04490871,    0.9989911
robot_49
    25.92901,    -24.73685,            0,            0,            0,   -0.2187716,    0.9757761
robot_113
   -26.25763,     21.94208,            0,            0,            0,   -0.9852618,    0.1710532
