tuw_multi_robot_msgs::RobotGoalsArray @1970-01-01T01:22:00.700000
frame_id: map
        4920,    700000000
robot_84
   -18.04066,    -1.061138,            0,            0,            0,   -0.7206738,    0.6932743
robot_116
   -16.43146,     25.98965,            0,            0,            0, -0.008413588,    0.9999646
robot_74
    32.18157,     37.99185,            0,            0,            0,   -0.5876042,    0.8091485
robot_41
   -26.07439,    -31.94906,            0,            0,            0,     0.986955,    0.1609962
robot_125
   -9.952437,     34.13889,            0,            0,            0,    -0.209092,     0.977896
robot_136
    5.450445,     6.011035,            0,            0,            0,    0.3224794,    0.9465765
robot_173
    1.688629,     30.08429,            0,            0,            0,   -0.9995639,   0.02952873
robot_67
   -14.06345,    -12.33677,            0,            0,            0,   -0.7013461,    0.7128209
robot_197
    37.95719,    -14.23031,            0,            0,            0,   -0.9999851,  0.005458321
robot_119
   -34.07578,     28.29273,            0,            0,            0,    0.2165351,    0.9762748
