tuw_multi_robot_msgs::RobotGoalsArray @1970-01-01T01:41:37
frame_id: map
        6097,            0
robot_84
    1.913699,    -27.23467,            0,            0,            0,   0.03168832,    0.9994978
robot_116
    17.96125,    -3.768523,            0,            0,            0,   -0.9743148,    0.2251904
robot_74
    29.52779,     33.95383,            0,            0,            0,   -0.9751187,    0.2216832
robot_41
   -16.17806,     33.99125,            0,            0,            0,    0.1929849,    0.9812017
robot_125
     12.8208,    -6.027422,            0,            0,            0,   -0.9616648,    0.2742277
robot_136
    30.13354,     9.956838,            0,            0,            0,  -0.02957785,    0.9995625
robot_173
    35.95645,     25.99965,            0,            0,            0,    0.9261202,    0.3772285
robot_67
   -18.53013,     9.961862,            0,            0,            0,   -0.2866856,    0.9580247
robot_197
    9.934307,     22.48123,            0,            0,            0,    0.4727288,     0.881208
robot_119
   -16.16691,     14.02419,            0,            0,            0,   -0.8267297,    0.5625993
robot_82
    39.23234,    -30.02471,            0,            0,            0,    -0.048769,    0.9988101
robot_77
    25.62402,     10.09388,            0,            0,            0,   -0.9256145,    0.3784678
robot_5
    3.166403,    -17.98235,            0,            0,            0,     -0.92606,    0.3773763
robot_133
   -18.05019,     16.66712,            0,            0,            0,    -0.181755,    0.9833438
robot_99
     36.7786,     22.01428,            0,            0,            0,    0.7975298,    0.6032796
robot_171
    34.49685,    -9.991229,            0,            0,            0,   -0.9296097,    0.3685455
robot_180
    26.69676,      13.9841,            0,            0,            0,   -0.7345346,    0.6785713
robot_56
   -30.07059,     6.626232,            0,            0,            0,    0.2159193,    0.9764112
robot_3
   -34.06264,    -1.032759,            0,            0,            0,   -0.8585282,    0.5127663
robot_81
    12.37272,     37.96769,            0,            0,            0,    0.9006851,    0.4344725
robot_167
    10.06936,     9.934021,            0,            0,            0,   -0.8875421,    0.4607266
robot_25
    28.79381,      13.9839,            0,            0,            0,    0.9397149,    0.3419588
robot_168
   -34.14967,    -34.23162,            0,            0,            0,   -0.9927801,     0.119949
robot_96
   -10.09292,     -22.3097,            0,            0,            0,    0.3609125,    0.9325997
robot_166
   -6.054853,     34.65087,            0,            0,            0,   -0.9210214,    0.3895121
robot_102
   -21.99237,    -10.07538,            0,            0,            0,    0.7316313,    0.6817006
robot_192
    5.923238,    -4.278969,            0,            0,            0,     0.526458,    0.8502012
robot_179
   -9.938439,     22.19722,            0,            0,            0,   0.02983715,    0.9995548
robot_142
    16.74182,    -38.00983,            0,            0,            0,    0.7035074,     0.710688
robot_1
    26.06188,    -30.13977,            0,            0,            0,    0.1175492,    0.9930671
robot_44
    5.808193,    -10.15951,            0,            0,            0,    0.4454582,    0.8953027
robot_163
   -10.14319,    -1.691204,            0,            0,            0,   -0.6298838,    0.7766894
robot_79
   -22.31415,     25.98551,            0,            0,            0,    0.4628805,    0.8864207
robot_8
   -21.50421,    -30.02403,            0,            0,            0,    0.9525872,    0.3042658
robot_20
    -6.00276,     -9.93985,            0,            0,            0,     0.999197,   0.04006591
robot_143
    15.94703,     33.98348,            0,            0,            0,  -0.09778553,    0.9952075
robot_138
    29.95392,    -15.02056,            0,            0,            0,   -0.9357573,    0.3526446
robot_123
  -0.5569525,     25.96829,            0,            0,            0,    0.5150961,    0.8571325
robot_193
    9.448707,    -38.03575,            0,            0,            0,   -0.7870805,    0.6168504
robot_187
    21.57783,     6.052823,            0,            0,            0,    -0.712207,    0.7019695
robot_176
    16.57216,     9.991553,            0,            0,            0,    0.7680525,    0.6403869
robot_66
    9.933928,     30.43203,            0,            0,            0,   -0.2283787,    0.9735724
robot_63
   -25.97989,     22.25996,            0,            0,            0,   -0.9423151,    0.3347272
robot_31
   -18.41152,    -33.93832,            0,            0,            0,   -0.6206973,    0.7840503
robot_159
    22.03323,     34.06882,            0,            0,            0,   -0.8886458,    0.4585941
robot_160
    5.939508,    -35.43313,            0,            0,            0,    0.9602311,    0.2792066
robot_151
   -23.19354,     30.01825,            0,            0,            0,    0.2642517,    0.9644537
robot_150
   -7.559539,    -29.99391,            0,            0,            0,   -0.8776393,    0.4793217
robot_137
    17.83376,    -30.16876,            0,            0,            0,     -0.32252,    0.9465627
robot_199
   -2.037796,    -21.31893,            0,            0,            0,   -0.9931298,    0.1170183
robot_54
   -34.07483,     4.551599,            0,            0,            0,     0.279301,    0.9602036
robot_117
   -20.39049,    -1.986533,            0,            0,            0,    0.1351077,    0.9908309
robot_36
    33.93644,     37.30133,            0,            0,            0,   -0.5065363,    0.8622186
robot_33
   -14.53634,    -29.91081,            0,            0,            0,   -0.9816611,    0.1906343
robot_146
   0.3974799,    -29.98711,            0,            0,            0,    0.7932361,    0.6089142
robot_156
    21.87474,     -30.3329,            0,            0,            0,    0.9542902,    0.2988817
robot_112
    2.563591,    -6.002755,            0,            0,            0,   -0.7232289,    0.6906084
robot_19
    -25.6255,     1.931502,            0,            0,            0,    0.8820355,     0.471183
robot_141
   -2.050656,     19.81439,            0,            0,            0,    -0.428913,    0.9033458
robot_35
   -38.05569,    -18.93732,            0,            0,            0,   -0.3045073,      0.95251
robot_184
   -33.98767,     25.90973,            0,            0,            0,   -0.9613917,    0.2751836
robot_98
    33.92462,     19.42238,            0,            0,            0,   0.06433868,    0.9979281
robot_100
    37.95082,    -6.478135,            0,            0,            0,   -0.1435958,    0.9896364
robot_164
   -2.345245,    -25.90109,            0,            0,            0,   -0.9463197,     0.323232
robot_59
     29.9669,     17.14151,            0,            0,            0,  -0.02910928,    0.9995762
robot_144
    30.06456,    -21.85778,            0,            0,            0,    0.9691606,      0.24643
robot_101
   -1.001526,    -5.994064,            0,            0,            0,    0.5552792,     0.831664
robot_161
   -30.04093,     37.86108,            0,            0,            0,    0.5878759,    0.8089511
robot_149
   -37.96963,    -10.19158,            0,            0,            0,   0.09722365,    0.9952626
robot_86
    -25.9924,    -18.30396,            0,            0,            0,   -0.9871289,    0.1599267
robot_191
   -10.55604,     38.02585,            0,            0,            0,    0.9996138,   0.02778845
robot_126
    -6.10575,     26.19634,            0,            0,            0,  0.002982092,    0.9999956
robot_190
    13.72536,     5.879666,            0,            0,            0,    0.5200632,    0.8541278
robot_131
    26.17951,     25.91074,            0,            0,            0,    0.9420153,    0.3355699
robot_154
    33.94118,    -28.75935,            0,            0,            0,   -0.5133273,    0.8581929
robot_9
   -8.948264,     30.00621,            0,            0,            0,   -0.4293601,    0.9031334
robot_27
   -35.44666,    -10.02035,            0,            0,            0,   -0.3607505,    0.9326624
robot_34
    17.95034,     32.30163,            0,            0,            0,   -0.1324358,    0.9911916
robot_114
    9.962752,    0.1339949,            0,            0,            0,    0.2528409,    0.9675079
robot_51
    13.90762,    -30.80069,            0,            0,            0,    0.9729825,    0.2308787
robot_108
    22.37884,     10.06955,            0,            0,            0,   -0.3849758,    0.9229266
robot_147
   -17.32146,    -25.98233,            0,            0,            0,    0.9687886,    0.2478883
robot_183
   -2.058806,     24.52395,            0,            0,            0,   -0.2068849,    0.9783653
robot_48
    37.79724,     13.84194,            0,            0,            0,    0.3635245,    0.9315847
robot_60
   -25.61222,     -25.9186,            0,            0,            0,   0.06309686,    0.9980074
robot_75
   -33.98684,    -26.28727,            0,            0,            0,   -0.1059445,     0.994372
robot_152
   -25.75222,     17.96976,            0,            0,            0,    0.9902104,    0.1395829
robot_26
    21.85191,     1.748998,            0,            0,            0,    0.7736434,    0.6336213
robot_182
    13.96054,    -9.716268,            0,            0,            0,   -0.9919604,    0.1265489
robot_172
   -34.03913,     29.42694,            0,            0,            0,    0.8192661,    0.5734135
robot_43
    23.51547,     25.97404,            0,            0,            0,    0.9792155,    0.2028224
robot_170
    6.064966,     1.938127,            0,            0,            0,   -0.9502941,    0.3113536
robot_177
   -26.39165,    -5.954635,            0,            0,            0,   -0.4607136,    0.8875489
robot_80
   -2.044743,     6.694509,            0,            0,            0,    -0.268742,    0.9632122
robot_16
    29.95637,     37.02119,            0,            0,            0,    0.9379936,    0.3466526
robot_13
   -23.07574,    -1.977164,            0,            0,            0,    0.6793059,    0.7338553
robot_178
   -25.60394,     13.97974,            0,            0,            0,  -0.05775855,    0.9983306
robot_88
   -10.04743,     20.23713,            0,            0,            0,   -0.0483192,    0.9988319
robot_194
   -34.07538,    -22.60675,            0,            0,            0,   -0.6639695,    0.7477596
robot_29
   -6.033724,    -17.94735,            0,            0,            0,    0.8769499,    0.4805818
robot_92
   -37.99955,     18.00914,            0,            0,            0,    0.6999469,    0.7141949
robot_87
     30.5101,    -34.02631,            0,            0,            0,    0.6572308,    0.7536894
robot_68
     7.28189,     33.97219,            0,            0,            0,    0.4563529,    0.8897989
robot_22
    16.37811,     -21.9943,            0,            0,            0,    0.1925239,    0.9812923
robot_38
   -34.05382,    -4.990484,            0,            0,            0,   -0.7502484,    0.6611561
robot_2
    16.46609,    -13.96943,            0,            0,            0,   -0.9314623,    0.3638379
robot_110
   -25.99944,     -21.9768,            0,            0,            0,   -0.5778352,    0.8161534
robot_14
    12.92451,     34.00644,            0,            0,            0,   -0.9799927,    0.1990335
robot_181
   -20.48798,     2.011829,            0,            0,            0,    0.7886065,    0.6148983
robot_61
    17.81493,    -18.04886,            0,            0,            0,   -0.6606685,    0.7506778
robot_30
    21.94575,    -34.96385,            0,            0,            0,   -0.9937876,    0.1112936
robot_122
    -25.1939,    -38.01382,            0,            0,            0,    0.4764769,     0.879187
robot_132
   -26.00363,     29.73325,            0,            0,            0,    0.8992811,     0.437371
robot_45
    26.42361,     17.96233,            0,            0,            0,  -0.06103956,    0.9981353
robot_21
     12.3238,     13.98401,            0,            0,            0,    -0.999011,   0.04446339
robot_39
   -13.99418,     22.11519,            0,            0,            0,    0.3663301,     0.930485
robot_134
   -9.884549,    -38.09425,            0,            0,            0,     0.218348,     0.975871
robot_15
   -30.29419,    -14.04708,            0,            0,            0,    0.9756742,    0.2192256
robot_145
    1.189862,    -10.00718,            0,            0,            0,    0.9016474,     0.432472
robot_140
   -14.07134,    -33.68797,            0,            0,            0,    0.9876814,    0.1564785
robot_196
   -38.04525,    -28.58603,            0,            0,            0,    -0.959316,    0.2823346
robot_188
   -22.40834,     5.923626,            0,            0,            0,    0.9986207,    0.0525046
robot_4
    1.943389,     30.79651,            0,            0,            0,   -0.5724602,    0.8199325
robot_155
   -2.091247,     29.20762,            0,            0,            0,   -0.8938554,    0.4483554
robot_135
    1.939995,    -13.27206,            0,            0,            0,    0.8737662,    0.4863463
robot_93
    25.90492,    -10.67812,            0,            0,            0,     0.694753,    0.7192484
robot_111
   -16.92812,    -6.016344,            0,            0,            0,    0.6560917,    0.7546812
robot_0
   -34.05702,     12.31696,            0,            0,            0,   -0.7130552,    0.7011078
robot_49
    -29.6657,     26.06993,            0,            0,            0,   -0.6403698,    0.7680667
robot_113
   -1.574136,     33.92966,            0,            0,            0,   -0.7310189,    0.6823572
robot_94
    17.85063,     17.63785,            0,            0,            0,    0.6167654,    0.7871471
robot_40
     20.1333,     -13.9711,            0,            0,            0,    0.2689428,    0.9631561
robot_103
   -22.09388,    -20.18148,            0,            0,            0,   -0.7100141,    0.7041875
robot_6
   -37.90047,    -25.78992,            0,            0,            0,   -0.7561738,    0.6543708
robot_71
   -14.09054,      -5.5872,            0,            0,            0,    0.6606253,    0.7507158
robot_17
    13.98668,    -33.69622,            0,            0,            0,   0.02766828,    0.9996172
robot_120
    -7.11114,    -21.98019,            0,            0,            0,    -0.682825,    0.7305819
robot_189
   -30.16527,     14.05321,            0,            0,            0,     0.986075,    0.1663009
robot_148
     9.66841,    -18.08947,            0,            0,            0,    0.9240974,     0.382157
robot_186
    38.71836,    -9.987399,            0,            0,            0,    0.8434855,    0.5371519
robot_198
    33.94384,     -37.6406,            0,            0,            0,    0.4683202,    0.8835588
robot_107
    18.73403,     5.983399,            0,            0,            0,    0.9803117,    0.1974564
robot_18
   -18.07716,     23.27562,            0,            0,            0,    0.5850319,    0.8110103
robot_23
    9.900257,      33.0874,            0,            0,            0,   -0.8771003,    0.4803073
robot_46
    31.31048,     1.974045,            0,            0,            0,    0.7589044,     0.651202
robot_109
    29.92852,     24.16919,            0,            0,            0,   0.08211757,    0.9966226
robot_10
   -22.10409,    -5.688747,            0,            0,            0,    0.4576761,     0.889119
robot_157
    18.14318,     13.98076,            0,            0,            0,  -0.02140444,    0.9997709
robot_70
    4.487504,     17.98904,            0,            0,            0,    0.9278695,     0.372905
robot_55
   -14.08192,    -16.23445,            0,            0,            0,    0.9984102,   0.05636489
robot_73
   -5.982283,    -14.35684,            0,            0,            0,    0.9178582,    0.3969084
robot_69
    20.01099,    -9.974456,            0,            0,            0,    0.9965361,   0.08316188
robot_65
      6.3918,     26.09564,            0,            0,            0,   -0.2979264,    0.9545889
robot_124
   -11.87753,    -14.02611,            0,            0,            0,   -0.8256593,    0.5641691
robot_115
    21.96437,     28.99015,            0,            0,            0,   -0.9990522,   0.04352705
robot_130
   -25.00161,     10.00022,            0,            0,            0,    0.6973178,    0.7167621
robot_85
    6.094293,    -14.11757,            0,            0,            0,   -0.9713663,    0.2375867
robot_91
    20.56967,      18.0269,            0,            0,            0,   0.06973806,    0.9975653
robot_47
    8.991348,    -6.023549,            0,            0,            0,    0.9758378,    0.2184961
robot_52
   -26.29868,     26.05041,            0,            0,            0,  -0.06394204,    0.9979536
robot_195
   -12.38957,     17.97648,            0,            0,            0,    0.2670884,     0.963672
robot_72
   -13.66556,     38.06752,            0,            0,            0,    0.5373352,    0.8433688
robot_158
    29.92016,    -12.10667,            0,            0,            0,    0.3982788,    0.9172644
robot_153
   -6.089268,    -32.60721,            0,            0,            0,   -0.2167789,    0.9762207
robot_105
     29.9258,    -24.39956,            0,            0,            0,    0.8700328,    0.4929938
robot_162
     33.9567,    -20.69905,            0,            0,            0,    0.9979502,   0.06399563
robot_97
    17.74219,     21.94737,            0,            0,            0,   -0.6886876,    0.7250582
robot_90
   -26.76895,     37.98581,            0,            0,            0,   -0.8989233,     0.438106
robot_165
   -29.38157,     9.973979,            0,            0,            0,    0.8498278,    0.5270605
robot_42
   -10.26667,     6.157588,            0,            0,            0,   -0.8543015,    0.5197777
robot_7
   0.3683169,    -26.00573,            0,            0,            0,    0.9338764,     0.357596
robot_28
   -9.695844,    -26.00358,            0,            0,            0,    0.9158554,    0.4015083
robot_118
    1.490522,     18.00348,            0,            0,            0,    0.5408822,    0.8410983
robot_139
   -14.94966,    -22.01512,            0,            0,            0,     0.713531,    0.7006237
robot_129
   -6.002882,     5.932833,            0,            0,            0,     0.989283,    0.1460105
robot_57
   -30.30709,    -10.03677,            0,            0,            0,   -0.3760851,    0.9265851
robot_24
   -8.047444,      38.0097,            0,            0,            0,   -0.9268696,    0.3753834
robot_106
   -38.04128,     23.45152,            0,            0,            0,    0.9522713,    0.3052529
robot_185
    5.075761,    -25.99013,            0,            0,            0,   -0.6120562,    0.7908143
robot_174
    17.92777,    -8.134705,            0,            0,            0,     0.495221,     0.868767
robot_58
   -13.96138,     30.02877,            0,            0,            0,    0.9150255,    0.4033959
robot_12
   -17.93011,    -30.03519,            0,            0,            0,   0.01285879,    0.9999173
robot_95
   -20.35396,    -18.01216,            0,            0,            0,   -0.8857487,    0.4641651
robot_78
  -0.5669897,    -17.98604,            0,            0,            0,    -0.128845,    0.9916647
robot_62
   -2.285108,    -9.887149,            0,            0,            0,   -0.9511746,    0.3086534
robot_121
    -22.1737,     37.89969,            0,            0,            0,   -0.9983772,   0.05694648
robot_83
     -35.941,     34.00741,            0,            0,            0,   -0.3289837,    0.9443356
robot_127
    20.15458,     9.993037,            0,            0,            0,   -0.8086462,    0.5882952
robot_128
    33.95662,    -13.13012,            0,            0,            0,    0.9982612,   0.05894524
robot_32
   -14.20455,    -2.197462,            0,            0,            0,     0.419156,    0.9079142
robot_89
   -19.64404,     13.97248,            0,            0,            0,    0.4337424,    0.9010369
robot_11
    38.44244,      9.99094,            0,            0,            0,    0.9107154,    0.4130344
robot_37
     34.2966,     6.079243,            0,            0,            0,    0.7502565,    0.6611469
robot_175
    29.51021,     30.07305,            0,            0,            0,    0.6088642,    0.7932745
robot_50
    25.95028,     35.01101,            0,            0,            0,    0.9619471,    0.2732358
robot_64
    -10.1387,     18.09522,            0,            0,            0,    0.9671001,    0.2543962
robot_76
   -14.08796,     15.97828,            0,            0,            0,     0.984212,    0.1769938
robot_104
   -2.037869,    -28.49298,            0,            0,            0,    0.6144863,    0.7889275
robot_169
    5.934882,      10.9774,            0,            0,            0,    0.6599621,    0.7512989
robot_53
    1.873759,     25.80184,            0,            0,            0,    -0.678813,    0.7343112
