tuw_multi_robot_msgs::RobotGoalsArray @1970-01-01T01:42:33.900000
frame_id: map
        6153,    900000000
robot_84
   -2.094899,    -17.45421,            0,            0,            0,   -0.3797372,    0.9250944
robot_116
    9.663394,    -10.03017,            0,            0,            0,    0.4202622,    0.9074027
robot_74
    29.72786,    -6.055979,            0,            0,            0,   -0.6309379,    0.7758333
robot_41
    26.08001,     29.78457,            0,            0,            0,   -0.4481693,    0.8939487
robot_125
   -21.63889,    -9.986951,            0,            0,            0,    0.8808481,     0.473399
robot_136
    5.944388,     6.418943,            0,            0,            0,    0.9335097,    0.3585521
robot_173
   -2.066977,     22.21137,            0,            0,            0,   -0.9972467,   0.07415476
robot_67
     1.87839,    -33.79527,            0,            0,            0,   -0.9530225,    0.3028994
robot_197
   -10.01809,     22.11787,            0,            0,            0,    0.6888268,     0.724926
robot_119
   -9.988119,    -13.84119,            0,            0,            0,   -0.4977968,    0.8672937
robot_82
   -8.408923,     9.996181,            0,            0,            0,    0.2854874,    0.9583825
robot_77
   -24.81225,     22.01815,            0,            0,            0,   -0.7532289,    0.6577585
robot_5
    -20.0168,     25.99384,            0,            0,            0,    0.2238145,    0.9746318
robot_133
    -18.1808,     18.12911,            0,            0,            0,    -0.932369,    0.3615079
robot_99
   -30.09217,     23.72359,            0,            0,            0,   -0.9968075,   0.07984273
robot_171
    14.15759,     21.99722,            0,            0,            0,   -0.8305642,    0.5569229
robot_180
    38.15347,    -26.15015,            0,            0,            0,    -0.998742,    0.0501446
robot_56
   -1.889514,     14.08759,            0,            0,            0,    0.8487162,    0.5288486
robot_3
    33.45245,     9.917012,            0,            0,            0,    0.1019992,    0.9947845
robot_81
   -34.05025,    -18.83178,            0,            0,            0,   -0.1575971,    0.9875035
