tuw_multi_robot_msgs::RobotGoalsArray @1970-01-01T01:15:42.100000
frame_id: map
        4542,    100000000
robot_84
    22.29451,     10.02716,            0,            0,            0,   -0.6886128,    0.7251292
robot_116
    33.90084,    -20.51171,            0,            0,            0,    0.4914055,    0.8709309
robot_74
   -18.02985,     33.98246,            0,            0,            0,    0.5301624,    0.8478961
robot_41
   -5.992562,    -30.04305,            0,            0,            0,    0.6961166,    0.7179288
robot_125
    21.67983,     22.07113,            0,            0,            0,    0.7019107,    0.7122649
robot_136
    17.59716,    -17.96841,            0,            0,            0,    0.7225575,    0.6913108
robot_173
   -13.04404,    -9.997979,            0,            0,            0,     0.458309,    0.8887929
robot_67
    4.898732,     9.997194,            0,            0,            0,    0.7643535,    0.6447974
robot_197
   -21.91414,     6.211935,            0,            0,            0,    0.1046586,    0.9945082
robot_119
   -6.097302,    -35.56972,            0,            0,            0,   -0.5487122,    0.8360113
robot_82
    39.05553,    -22.02765,            0,            0,            0,   0.01127174,    0.9999365
robot_77
   -37.87259,    -14.02419,            0,            0,            0,    -0.220175,    0.9754604
robot_5
   -9.873806,     -13.9652,            0,            0,            0,    0.5703061,    0.8214323
robot_133
   -8.295791,    -30.00256,            0,            0,            0,    0.4697182,    0.8828164
robot_99
   -30.09193,    -17.09713,            0,            0,            0,  0.004326653,    0.9999906
robot_171
   -38.21292,    -10.23205,            0,            0,            0,    0.3114768,    0.9502538
robot_180
    1.926403,     26.46908,            0,            0,            0,    0.4145942,    0.9100064
robot_56
   -19.92798,     -34.0135,            0,            0,            0,   -0.7988553,    0.6015232
robot_3
    13.94485,    -38.79574,            0,            0,            0,   -0.3467267,    0.9379662
robot_81
    19.73371,     10.00916,            0,            0,            0,  -0.06742257,    0.9977245
robot_167
    1.368885,     5.997427,            0,            0,            0,    0.8841504,    0.4672023
robot_25
   -35.39919,    -13.97838,            0,            0,            0,    0.5033819,    0.8640641
robot_168
    25.89484,    -6.245827,            0,            0,            0,  -0.06297613,     0.998015
robot_96
   -26.05633,    -23.70771,            0,            0,            0,    0.1282246,    0.9917452
robot_166
   -25.63007,     18.00246,            0,            0,            0,    0.9374562,    0.3481033
robot_102
   -2.154054,     10.29722,            0,            0,            0,   -0.9750958,    0.2217843
robot_192
    31.59032,    -21.97467,            0,            0,            0,   -0.2649256,    0.9642689
robot_179
    33.81321,    -25.78976,            0,            0,            0,   -0.8400566,    0.5424988
robot_142
   -15.94811,     13.99313,            0,            0,            0,    0.6985232,    0.7155874
robot_1
   -34.07652,      37.0669,            0,            0,            0,   -0.7275621,    0.6860419
robot_44
   -30.68981,    -9.973872,            0,            0,            0,   -0.8863032,    0.4631054
robot_163
   -22.18589,    -6.106273,            0,            0,            0,   -0.5323663,    0.8465141
robot_79
   -34.01797,     22.14761,            0,            0,            0,    0.5832082,    0.8123227
robot_8
    1.965095,    -20.92461,            0,            0,            0,    -0.308405,    0.9512552
robot_20
   -10.06061,    -20.15478,            0,            0,            0,  -0.07473306,    0.9972036
robot_143
    25.90905,    -8.401434,            0,            0,            0,   -0.3312628,    0.9435385
robot_138
    17.94517,    -14.11622,            0,            0,            0,     0.598315,     0.801261
robot_123
     14.1814,     2.096678,            0,            0,            0,  -0.09552594,    0.9954269
robot_193
    1.947865,    -32.38104,            0,            0,            0,   0.08471222,    0.9964055
robot_187
   -5.865306,     9.859618,            0,            0,            0,    0.7831939,    0.6217776
robot_176
   -22.35681,    -1.927462,            0,            0,            0,   -0.4869624,    0.8734229
robot_66
    13.92867,      4.97692,            0,            0,            0,     0.420816,     0.907146
robot_63
   -30.11683,    -5.856724,            0,            0,            0,   -0.8898582,    0.4562372
robot_31
    20.52051,     14.00862,            0,            0,            0,   -0.4636819,    0.8860018
robot_159
   -6.141709,     29.63594,            0,            0,            0,   0.03810713,    0.9992737
robot_160
    10.72444,    -18.00936,            0,            0,            0,   -0.9999916,  0.004110639
robot_151
   -13.98511,     14.34342,            0,            0,            0,   -0.9727366,    0.2319126
robot_150
   -33.93894,     10.03446,            0,            0,            0,    0.9944074,    0.1056117
robot_137
    19.53301,     17.98094,            0,            0,            0,    0.3005662,     0.953761
robot_199
    30.41882,    -13.97609,            0,            0,            0,    0.8082301,    0.5888667
robot_54
     34.0318,     5.962458,            0,            0,            0,   -0.4415532,    0.8972351
robot_117
    37.94432,    -28.01058,            0,            0,            0,   -0.5287273,    0.8487918
robot_36
   -5.957245,    -6.012919,            0,            0,            0,    0.8241434,    0.5663811
robot_33
   -18.25538,     6.102842,            0,            0,            0,    0.9926883,     0.120706
robot_146
   -10.08257,    -16.35645,            0,            0,            0,    0.5577804,    0.8299885
robot_156
    17.92255,     12.86342,            0,            0,            0,    -0.142081,     0.989855
robot_112
   -10.05966,     6.426804,            0,            0,            0,   -0.8091936,    0.5875421
robot_19
    -18.0635,     16.76563,            0,            0,            0,    -0.924724,    0.3806382
robot_141
    37.92379,     23.78382,            0,            0,            0,    0.4163702,    0.9091952
robot_35
    13.91172,     -36.7015,            0,            0,            0,    0.4886307,    0.8724907
robot_184
    37.91673,     6.059465,            0,            0,            0,    0.1633026,     0.986576
robot_98
   -33.60818,    -25.98341,            0,            0,            0,   -0.1114724,    0.9937675
robot_100
    32.51945,     26.01036,            0,            0,            0,    0.3945982,    0.9188538
robot_164
    20.87202,    -38.00705,            0,            0,            0,    0.9888535,    0.1488917
robot_59
    32.46697,    -13.99698,            0,            0,            0,    0.9995537,   0.02987383
robot_144
    25.58987,     14.09302,            0,            0,            0,   -0.9933656,    0.1149989
robot_101
   -18.37159,     30.04218,            0,            0,            0,    0.5926433,    0.8054651
robot_161
    13.32704,      14.0073,            0,            0,            0,  -0.01821744,     0.999834
robot_149
   -2.065429,    -15.68304,            0,            0,            0,     0.442827,    0.8966071
robot_86
   -18.08712,    -5.112111,            0,            0,            0,   -0.7896152,    0.6136023
robot_191
   -34.04148,     30.10278,            0,            0,            0,    0.6188644,    0.7854978
robot_126
   -30.08544,    -30.34739,            0,            0,            0,  -0.09053058,    0.9958937
robot_190
    -13.5805,    -38.05317,            0,            0,            0,   -0.8544812,    0.5194823
robot_131
    10.05027,     5.870233,            0,            0,            0,   -0.4687604,    0.8833254
robot_154
    -13.2965,     37.99909,            0,            0,            0,   -0.9400106,    0.3411454
robot_9
    2.507373,    -9.972579,            0,            0,            0,   -0.5493445,     0.835596
robot_27
    1.963176,      8.67311,            0,            0,            0,   -0.2692442,    0.9630719
robot_34
   -18.04166,     3.234365,            0,            0,            0,    0.4444454,    0.8958059
robot_114
    21.93472,     4.907216,            0,            0,            0,    0.5244076,    0.8514674
robot_51
     17.9535,    -37.00181,            0,            0,            0,   -0.9727104,    0.2320225
robot_108
   -37.90026,    -30.15341,            0,            0,            0,    0.1242356,    0.9922527
robot_147
   -38.16881,     21.79629,            0,            0,            0,    0.7059766,    0.7082352
robot_183
    8.527862,     1.980648,            0,            0,            0,   -0.5326768,    0.8463187
robot_48
    -38.0657,     26.01851,            0,            0,            0,    0.7293827,    0.6841059
robot_60
    37.05541,    -10.01274,            0,            0,            0,   -0.3293456,    0.9442094
robot_75
    -18.2175,     13.98736,            0,            0,            0,    0.1600581,    0.9871076
robot_152
    17.17196,      -29.992,            0,            0,            0,    0.7170834,    0.6969874
robot_26
   -20.37896,    -14.02609,            0,            0,            0,    0.9219983,    0.3871938
robot_182
    25.60657,    -21.95163,            0,            0,            0,    0.2687167,    0.9632193
robot_172
     28.6856,    -33.99887,            0,            0,            0,    0.6445243,    0.7645838
