tuw_multi_robot_msgs::RobotGoalsArray @1970-01-01T00:56:16.900000
frame_id: map
        3376,    900000000
robot_84
   -6.039073,    -6.179965,            0,            0,            0,   -0.9913594,    0.1311738
robot_116
   -37.56076,     14.02048,            0,            0,            0,    0.6677421,    0.7443927
robot_74
    -18.0973,    -23.61208,            0,            0,            0,    -0.988715,    0.1498087
robot_41
    10.11896,    -1.942752,            0,            0,            0,   -0.4320524,    0.9018485
robot_125
   -21.93247,      21.8132,            0,            0,            0,   -0.9756485,      0.21934
robot_136
    1.593597,    -9.987345,            0,            0,            0,    0.0755862,    0.9971393
robot_173
   -14.06719,      28.0687,            0,            0,            0,   -0.9089182,    0.4169745
robot_67
    21.96997,     30.02055,            0,            0,            0,    0.5800206,    0.8146018
robot_197
    23.55339,     26.01053,            0,            0,            0,   -0.7488543,    0.6627347
robot_119
    21.75766,    -33.88301,            0,            0,            0,   -0.2698553,    0.9629009
robot_82
    29.83636,     26.22149,            0,            0,            0,   -0.9716074,    0.2365988
robot_77
    5.944243,    -2.992381,            0,            0,            0,   -0.7467025,    0.6651581
robot_5
    29.90851,    -7.199624,            0,            0,            0,    0.9980514,   0.06239773
robot_133
     13.8786,     26.32907,            0,            0,            0,   -0.4689889,    0.8832041
robot_99
   -22.78084,    -30.01245,            0,            0,            0,  -0.08600013,    0.9962951
robot_171
    12.96928,     9.994939,            0,            0,            0,   -0.9661875,    0.2578403
robot_180
   -26.08829,     9.553456,            0,            0,            0,    0.8134072,    0.5816947
robot_56
    1.889072,     17.85735,            0,            0,            0,   -0.1556835,     0.987807
robot_3
    24.71417,     5.996148,            0,            0,            0,   -0.9346087,    0.3556777
robot_81
   -26.03784,    -8.545054,            0,            0,            0,   -0.9545366,    0.2980938
robot_167
    1.926648,     7.593011,            0,            0,            0,    0.4791063,    0.8777569
robot_25
   -38.22633,    -29.84196,            0,            0,            0,   -0.1337024,    0.9910215
robot_168
    25.92441,      -23.522,            0,            0,            0,    0.6687839,    0.7434569
robot_96
   -18.47242,     1.981376,            0,            0,            0,    0.9896593,    0.1434383
robot_166
    25.91279,    -8.237971,            0,            0,            0,    0.9120577,    0.4100619
robot_102
    33.91641,    -33.33962,            0,            0,            0,     0.510902,     0.859639
robot_192
    36.95899,     21.98461,            0,            0,            0,    0.0551312,    0.9984791
robot_179
    17.92562,    -20.19119,            0,            0,            0,   -0.6086538,    0.7934359
robot_142
   -23.49097,     26.00555,            0,            0,            0,   -0.8895303,    0.4568762
robot_1
   -14.79891,    -14.03049,            0,            0,            0, -0.0005216759,    0.9999999
robot_44
    5.834991,     29.88618,            0,            0,            0,   -0.8913393,    0.4533367
robot_163
    1.636404,    -22.05584,            0,            0,            0,    0.6122755,    0.7906445
robot_79
   -13.31327,    -18.03032,            0,            0,            0,  -0.07370367,    0.9972802
robot_8
    9.960811,    -38.48742,            0,            0,            0,    0.5560745,    0.8311325
robot_20
   -30.07966,     37.88318,            0,            0,            0,    0.9453712,    0.3259959
robot_143
    4.440499,     14.00967,            0,            0,            0,    0.6891544,    0.7246145
robot_138
   -2.079867,     26.67471,            0,            0,            0,    0.9974764,   0.07099878
robot_123
   -18.61965,     30.00462,            0,            0,            0,  -0.06405652,    0.9979463
robot_193
    17.96617,    -28.38004,            0,            0,            0,   -0.3232277,    0.9463212
robot_187
   -38.12217,    -6.250605,            0,            0,            0,   0.09591771,    0.9953893
robot_176
    17.93367,     -7.72939,            0,            0,            0,    0.6903115,    0.7235122
robot_66
   -29.97484,     14.05155,            0,            0,            0,   -0.1801987,    0.9836302
robot_63
   -10.50491,     2.052635,            0,            0,            0,    0.2890758,    0.9573062
robot_31
    36.26904,    -17.99182,            0,            0,            0,    0.2736108,    0.9618405
robot_159
   -22.10884,    -17.87751,            0,            0,            0,   -0.9752248,    0.2212164
robot_160
   -22.08468,     6.105821,            0,            0,            0,   -0.9999538,  0.009608081
robot_151
    14.00127,    -29.78814,            0,            0,            0,    0.3709544,    0.9286511
robot_150
     8.81824,     25.99779,            0,            0,            0,    0.9780296,     0.208466
robot_137
    37.92945,      32.7031,            0,            0,            0,   -0.4534421,    0.8912857
robot_199
    17.48798,    -1.958783,            0,            0,            0,    0.7353926,    0.6776413
robot_54
    5.752806,    -5.893982,            0,            0,            0,   -0.1519953,    0.9883812
robot_117
    5.934088,     39.20963,            0,            0,            0,    -0.611118,    0.7915395
robot_36
    1.900574,    -11.95465,            0,            0,            0,   -0.0212863,    0.9997734
robot_33
    13.94168,     12.86425,            0,            0,            0,   -0.9314087,    0.3639751
robot_146
     26.0947,    -2.159265,            0,            0,            0,   -0.4005203,    0.9162879
robot_156
    -22.0853,    -10.60661,            0,            0,            0,    0.9746724,    0.2236375
robot_112
    23.95256,    -18.01921,            0,            0,            0,    0.9885674,    0.1507798
robot_19
     -14.091,    -35.52374,            0,            0,            0,    0.9238332,    0.3827952
robot_141
   -14.06242,    -39.01683,            0,            0,            0,  -0.01363912,     0.999907
robot_35
    4.615028,     17.99855,            0,            0,            0,  -0.08524271,    0.9963602
robot_184
   -34.33558,      29.9185,            0,            0,            0,   -0.9971895,   0.07492016
robot_98
     -13.107,     13.96845,            0,            0,            0,   -0.9484759,    0.3168492
robot_100
    10.05174,    -22.18693,            0,            0,            0,    0.8217448,    0.5698557
robot_164
    9.919426,     36.86736,            0,            0,            0,   -0.8854364,    0.4647606
robot_59
   -6.224576,     22.18508,            0,            0,            0,  -0.09545116,    0.9954341
robot_144
    5.939358,    -35.68906,            0,            0,            0,   -0.4542848,    0.8908565
robot_101
   -6.052216,    -31.94739,            0,            0,            0,   -0.7685968,    0.6397335
robot_161
    17.90889,     7.504589,            0,            0,            0,   -0.3129603,    0.9497662
robot_149
     17.8682,     10.20581,            0,            0,            0,    0.5568168,    0.8306354
robot_86
    18.34952,     26.01901,            0,            0,            0,    0.8400724,    0.5424743
