tuw_multi_robot_msgs::RobotGoalsArray @1970-01-01T00:01:54.100000
frame_id: map
         114,    100000000
robot_84
    19.85723,    -6.001261,            0,            0,            0,   -0.7691429,    0.6390769
robot_116
   -18.07317,     14.24739,            0,            0,            0,    0.3643466,    0.9312634
robot_74
    8.662431,     29.96977,            0,            0,            0,    0.9628153,    0.2701607
robot_41
    17.83597,     6.135266,            0,            0,            0,    0.4478132,    0.8941271
robot_125
   -35.14016,    -17.96977,            0,            0,            0,   -0.3012514,    0.9535447
robot_136
    9.921747,    -39.48881,            0,            0,            0,   -0.4049298,    0.9143478
robot_173
   -38.09612,     15.58296,            0,            0,            0,   -0.5342473,    0.8453283
robot_67
   -30.33623,    -30.01561,            0,            0,            0,    0.9999186,   0.01276174
robot_197
   -4.409276,    -14.02466,            0,            0,            0,    0.3669054,    0.9302582
robot_119
    25.73482,     9.953919,            0,            0,            0,   -0.4305193,    0.9025814
robot_82
   -34.31181,     18.03413,            0,            0,            0,    0.6263966,    0.7795046
robot_77
  -0.5161742,    -6.001865,            0,            0,            0,   -0.7336176,    0.6795625
robot_5
   -22.06801,    -36.48198,            0,            0,            0,     0.168973,    0.9856207
robot_133
    13.91688,    -23.51332,            0,            0,            0,   -0.9732164,    0.2298908
robot_99
    1.788835,    -21.86925,            0,            0,            0,    -0.799901,     0.600132
robot_171
   -38.53968,    -17.95753,            0,            0,            0,   -0.3030886,    0.9529624
robot_180
   -25.39337,      -18.004,            0,            0,            0,    0.6477379,    0.7618632
robot_56
   -30.04161,    -37.52178,            0,            0,            0,   0.05206774,    0.9986436
robot_3
    8.012855,     17.98616,            0,            0,            0,  -0.02543339,    0.9996765
robot_81
   -27.99422,     26.03139,            0,            0,            0,    -0.167321,    0.9859025
robot_167
    2.786278,     17.97369,            0,            0,            0,   -0.9998004,   0.01997894
robot_25
    19.52994,     1.976336,            0,            0,            0,    0.8499959,    0.5267893
robot_168
    10.27854,     21.99576,            0,            0,            0,    0.8596758,      0.51084
robot_96
   -6.312061,     5.979299,            0,            0,            0,    0.3350269,    0.9422086
robot_166
    9.772788,     37.93168,            0,            0,            0,   -0.9990153,   0.04436729
