tuw_multi_robot_msgs::RobotGoalsArray @1970-01-01T01:35:26.700000
frame_id: map
        5726,    700000000
robot_84
   -21.38217,    -34.00749,            0,            0,            0,    0.9939574,    0.1097661
robot_116
    18.01917,    -34.12359,            0,            0,            0,    0.8457515,     0.533577
robot_74
    1.901397,     31.62432,            0,            0,            0,   -0.9823814,    0.1868871
robot_41
   -10.07849,     4.038567,            0,            0,            0,   -0.5358704,    0.8443002
robot_125
    8.474505,    -18.00901,            0,            0,            0,    0.7569578,    0.6534638
robot_136
    26.02864,    -14.23936,            0,            0,            0,    -0.572218,    0.8201016
robot_173
   -33.64491,     13.93168,            0,            0,            0,   -0.9991322,   0.04165088
robot_67
   -18.08827,      30.2944,            0,            0,            0,    0.9494241,    0.3139965
robot_197
    10.05826,    -34.16679,            0,            0,            0,     0.997735,   0.06726659
robot_119
   -6.357649,     21.96264,            0,            0,            0,   -0.9745286,    0.2242631
robot_82
   -18.05734,     4.275163,            0,            0,            0,    -0.725244,    0.6884919
robot_77
    -1.48974,    -9.975413,            0,            0,            0,   -0.3470551,    0.9378447
robot_5
   -34.43764,     5.988196,            0,            0,            0,     0.322951,    0.9464157
robot_133
     1.95262,     24.47492,            0,            0,            0,    -0.977415,    0.2113292
robot_99
    25.92385,    -1.651134,            0,            0,            0,    0.8639605,    0.5035596
robot_171
   -30.05723,     27.86141,            0,            0,            0,    0.4345584,    0.9006437
robot_180
    12.83558,     33.99697,            0,            0,            0,    0.3825451,    0.9239368
robot_56
    30.41901,     5.908386,            0,            0,            0,    0.9908825,    0.1347289
robot_3
   -34.54219,     33.95348,            0,            0,            0,    0.6351446,    0.7723933
robot_81
    10.15405,    -5.924321,            0,            0,            0,    0.7925217,    0.6098437
robot_167
   -35.54122,     30.03185,            0,            0,            0,    0.1464565,    0.9892171
robot_25
   -18.06282,    -27.19733,            0,            0,            0,   -0.7589919,    0.6511001
robot_168
    33.57794,     30.04081,            0,            0,            0,    0.9565722,    0.2914955
robot_96
    -14.0619,    -4.839487,            0,            0,            0,    0.6227676,    0.7824069
robot_166
   -39.22046,     21.97754,            0,            0,            0,   -0.9950066,   0.09980916
robot_102
    37.90891,     15.22828,            0,            0,            0,   -0.7557248,    0.6548893
robot_192
   -14.91896,     2.009695,            0,            0,            0,   -0.9591019,    0.2830611
robot_179
    17.44793,    -30.04019,            0,            0,            0,   -0.4421615,    0.8969355
robot_142
    18.25351,     38.02587,            0,            0,            0,    0.1907901,    0.9816309
robot_1
   -37.88047,     25.90204,            0,            0,            0,    0.9229576,    0.3849016
robot_44
   -34.22329,     18.23054,            0,            0,            0,   -0.6278094,    0.7783671
robot_163
   -26.06016,     16.71607,            0,            0,            0,    0.4658376,    0.8848702
robot_79
   -26.83228,      1.99996,            0,            0,            0,   -0.6910384,     0.722818
robot_8
    1.935905,     18.95873,            0,            0,            0,    0.8676324,    0.4972062
robot_20
     22.0084,      14.2458,            0,            0,            0,    0.9830294,    0.1834482
robot_143
    -15.8305,    -5.976657,            0,            0,            0,   -0.8970578,    0.4419132
robot_138
   -5.866371,    -5.964622,            0,            0,            0,    0.2712539,    0.9625078
robot_123
    29.94933,      25.3165,            0,            0,            0,    -0.998258,   0.05900049
robot_193
   -18.58704,    -6.015435,            0,            0,            0,    -0.209336,    0.9778438
robot_187
    30.13202,    -26.08818,            0,            0,            0,   -0.9834914,    0.1809551
robot_176
    29.96439,     35.74019,            0,            0,            0,  0.008646013,    0.9999626
robot_66
   -23.13126,     5.989591,            0,            0,            0,    0.9128288,    0.4083424
robot_63
   -17.80343,     13.95447,            0,            0,            0,    0.4811708,    0.8766269
robot_31
    20.97781,    -22.03106,            0,            0,            0,    0.1071199,    0.9942461
robot_159
    1.441118,     9.947664,            0,            0,            0,   -0.7577285,    0.6525699
robot_160
    2.982353,    -22.02417,            0,            0,            0,   -0.9980966,   0.06167017
robot_151
    37.76864,     26.09694,            0,            0,            0,    0.2947729,    0.9555673
robot_150
    1.532329,    -29.98363,            0,            0,            0,   -0.9970925,   0.07620097
robot_137
    33.75034,    -13.86592,            0,            0,            0,   -0.2398799,    0.9708026
robot_199
   -29.63763,     2.090995,            0,            0,            0,    0.1650674,    0.9862823
robot_54
    -34.0499,    -34.04754,            0,            0,            0,    0.9563801,    0.2921252
robot_117
    4.030409,     30.02273,            0,            0,            0,   -0.9830327,    0.1834304
robot_36
   -9.757534,    -26.03169,            0,            0,            0,   -0.9995308,   0.03062985
robot_33
   -1.946364,    -17.78218,            0,            0,            0,    0.8261974,    0.5633808
robot_146
   -16.04068,    -26.02391,            0,            0,            0,    0.3169195,    0.9484525
robot_156
   -26.38277,    -10.00674,            0,            0,            0,    0.9668491,    0.2553484
robot_112
    23.69652,    -25.98741,            0,            0,            0,    0.4735076,    0.8807897
robot_19
   -30.07904,     7.229003,            0,            0,            0,    0.5543007,    0.8323165
robot_141
   -25.73073,     -13.9294,            0,            0,            0,    0.9991209,   0.04192179
robot_35
    15.48059,     30.01445,            0,            0,            0,    0.8466888,    0.5320883
robot_184
    -7.53527,    -38.00018,            0,            0,            0,   -0.6021801,    0.7983603
robot_98
   -9.936395,     37.97409,            0,            0,            0,    0.6324071,    0.7746362
robot_100
   -21.62629,     26.09875,            0,            0,            0,     0.977416,    0.2113242
robot_164
    29.63251,     22.06984,            0,            0,            0,    0.8629689,     0.505257
robot_59
   -26.08041,     34.62448,            0,            0,            0,    0.9887099,    0.1498426
robot_144
    21.93436,     3.998905,            0,            0,            0,   -0.5070587,    0.8619115
robot_101
   -6.523891,    -1.981266,            0,            0,            0,    0.1236495,     0.992326
robot_161
    33.54549,     37.96215,            0,            0,            0,   -0.8741863,    0.4855907
robot_149
   -2.070418,     30.84563,            0,            0,            0,    0.7373576,    0.6755026
robot_86
   -23.13812,    -30.00116,            0,            0,            0,   -0.9149611,    0.4035421
robot_191
   -38.07054,     15.15155,            0,            0,            0,   -0.9997148,   0.02388134
robot_126
    33.20158,    -33.97903,            0,            0,            0,   -0.1473254,    0.9890881
robot_190
   -9.465198,    -6.006983,            0,            0,            0,    0.9821829,    0.1879276
robot_131
   -14.06392,    -33.02696,            0,            0,            0,    0.9654474,    0.2605981
robot_154
    31.44358,    -6.011245,            0,            0,            0,     -0.99764,   0.06866242
robot_9
   -26.37595,    -29.93584,            0,            0,            0,   -0.7051966,    0.7090118
robot_27
    16.13096,     -25.9992,            0,            0,            0,    0.9080738,    0.4188103
robot_34
   -9.103835,    -22.00213,            0,            0,            0,   -0.4454411,    0.8953113
robot_114
    17.67106,     5.976147,            0,            0,            0,   -0.2060251,    0.9785467
robot_51
     10.1371,     -10.0033,            0,            0,            0,    0.9519759,    0.3061731
robot_108
   -14.08251,     5.945256,            0,            0,            0,    0.5546461,    0.8320864
robot_147
   -6.163091,     10.08897,            0,            0,            0,   -0.7401011,    0.6724956
robot_183
    13.92296,    -22.57697,            0,            0,            0,    0.9011864,    0.4334318
robot_48
   -24.56785,     29.98841,            0,            0,            0,    0.6992722,    0.7148556
robot_60
     29.9418,     16.13236,            0,            0,            0,    0.4886326,    0.8724896
robot_75
    25.50041,     2.069689,            0,            0,            0,    0.9043471,    0.4267977
robot_152
   -10.05163,     8.971069,            0,            0,            0,    0.9680698,    0.2506806
robot_26
     17.9303,     11.68165,            0,            0,            0,    0.3504576,    0.9365786
robot_182
   -29.69487,    -22.04669,            0,            0,            0,   -0.9664636,    0.2568037
robot_172
   -6.076084,     7.284457,            0,            0,            0,    0.2049668,    0.9787689
robot_43
   -14.04429,    -1.306746,            0,            0,            0,   -0.8814854,    0.4722113
robot_170
    9.627963,      13.9147,            0,            0,            0,     0.524027,    0.8517017
robot_177
    37.70071,    -34.01109,            0,            0,            0,   -0.9428804,    0.3331314
robot_80
    15.46837,     10.00839,            0,            0,            0,   -0.9914438,    0.1305342
robot_16
    21.48257,     30.07161,            0,            0,            0,    0.7600627,    0.6498497
robot_13
    19.83445,     25.99456,            0,            0,            0,    -0.142027,    0.9898628
robot_178
    -6.53726,     2.062141,            0,            0,            0,    0.6691869,    0.7430941
robot_88
    17.91941,     15.21991,            0,            0,            0,   -0.9867301,    0.1623693
robot_194
    19.37393,     22.01666,            0,            0,            0,   -0.4790842,    0.8777689
robot_29
   -14.20007,    -21.93205,            0,            0,            0,   -0.2617681,    0.9651308
robot_92
   -16.27912,     25.97166,            0,            0,            0,   -0.6026036,    0.7980406
robot_87
   -34.00755,     26.32225,            0,            0,            0,   -0.6474106,    0.7621414
robot_68
   -33.88836,    -29.84093,            0,            0,            0,      0.68867,    0.7250749
robot_22
    34.33092,      6.01006,            0,            0,            0,     0.913803,    0.4061577
robot_38
   -38.03433,    -16.05109,            0,            0,            0,    0.1377228,    0.9904708
robot_2
   -5.744491,    -29.96768,            0,            0,            0,   -0.8082346,    0.5888606
robot_110
    21.87079,     1.886958,            0,            0,            0,    0.4812563,    0.8765799
robot_14
    30.79885,     38.00969,            0,            0,            0,   -0.8833168,    0.4687765
robot_181
    5.910041,    -2.967482,            0,            0,            0,     0.739089,    0.6736078
robot_61
    -6.05783,    -32.48106,            0,            0,            0,   -0.3602899,    0.9328404
robot_30
   -2.093262,    -25.62137,            0,            0,            0,    0.4388737,    0.8985488
robot_122
    -13.9753,     10.02452,            0,            0,            0,    0.7023754,    0.7118067
robot_132
   -18.09164,     18.34821,            0,            0,            0,   -0.2330993,    0.9724529
robot_45
    25.72621,     30.11931,            0,            0,            0,   -0.8042341,    0.5943127
robot_21
    9.891306,     2.312512,            0,            0,            0,    -0.382049,    0.9241421
robot_39
    5.934877,     28.00047,            0,            0,            0,     -0.20027,    0.9797407
robot_134
   -14.08214,      25.0631,            0,            0,            0,   -0.3915253,    0.9201673
robot_15
    21.99439,    -37.78186,            0,            0,            0,    0.4650143,    0.8853032
robot_145
   -26.53202,     5.910431,            0,            0,            0,   -0.1671189,    0.9859367
robot_140
   -18.12708,     9.682472,            0,            0,            0,   -0.9935983,    0.1129705
robot_196
    26.06161,    -33.89798,            0,            0,            0,     0.765945,    0.6429061
robot_188
   -2.052401,     33.06545,            0,            0,            0,    0.5330908,     0.846058
robot_4
    10.05064,    -2.107713,            0,            0,            0,   0.08954914,    0.9959824
robot_155
   -33.92789,     21.97978,            0,            0,            0,    0.9795868,    0.2010217
robot_135
   -10.09805,     17.55833,            0,            0,            0,     0.998093,   0.06172878
robot_93
    6.755978,     13.99885,            0,            0,            0,   -0.3615516,    0.9323521
robot_111
    13.92607,    -35.76112,            0,            0,            0,   -0.4410849,    0.8974654
robot_0
    -2.07316,    -23.05764,            0,            0,            0,   -0.5376788,    0.8431497
robot_49
     -14.089,      19.3596,            0,            0,            0,   -0.8424681,    0.5387462
robot_113
    5.921802,     38.00659,            0,            0,            0,   -0.7423211,    0.6700443
robot_94
    2.108511,     6.109899,            0,            0,            0,    0.9998145,   0.01926043
robot_40
    27.82707,     29.96716,            0,            0,            0,   -0.9161421,    0.4008536
robot_103
   -22.09556,     -10.0427,            0,            0,            0,    -0.067731,    0.9977036
robot_6
   -15.91766,    -18.01158,            0,            0,            0,   0.03217327,    0.9994823
robot_71
   -5.897687,     17.99718,            0,            0,            0,   -0.9999626,  0.008649252
robot_17
   -20.56797,    -18.00155,            0,            0,            0,    0.7596483,    0.6503341
robot_120
   -30.06077,     15.07281,            0,            0,            0,    0.8857803,    0.4641047
robot_189
     13.7997,    -33.77094,            0,            0,            0,    0.9403265,    0.3402734
robot_148
   -14.22315,     -10.0663,            0,            0,            0,   -0.1674952,    0.9858729
robot_186
    14.07553,    -17.87418,            0,            0,            0,   -0.9065089,    0.4221866
