tuw_multi_robot_msgs::RobotGoalsArray @1970-01-01T01:38:16.100000
frame_id: map
        5896,    100000000
robot_84
    25.95357,    -20.46177,            0,            0,            0,   0.08730514,    0.9961816
robot_116
   -33.99695,     -26.1375,            0,            0,            0,    0.5227073,    0.8525122
robot_74
    25.91198,     38.87813,            0,            0,            0,    -0.969237,    0.2461291
robot_41
   -29.94364,    -33.76768,            0,            0,            0,    0.4385646,    0.8986997
robot_125
   -18.64283,     -13.9953,            0,            0,            0,     0.999813,   0.01933592
robot_136
     31.5278,    -2.024171,            0,            0,            0,   -0.8411457,    0.5408086
robot_173
   -26.04669,    -6.365897,            0,            0,            0,    0.5471786,    0.8370159
robot_67
   -38.05668,     -30.8336,            0,            0,            0,    0.8872749,     0.461241
robot_197
    6.068708,    -17.98429,            0,            0,            0,   -0.9722918,    0.2337707
robot_119
   -7.435629,     30.01879,            0,            0,            0,   -0.9627088,    0.2705397
robot_82
    5.944048,    -2.097191,            0,            0,            0,    0.4258619,    0.9047882
robot_77
   -10.06162,     18.08533,            0,            0,            0,    0.9652218,    0.2614325
robot_5
   -6.049399,     21.82001,            0,            0,            0,    0.6708348,    0.7416068
robot_133
    29.79686,    -17.99134,            0,            0,            0,    0.9965415,   0.08309604
robot_99
   -10.08287,    -2.394942,            0,            0,            0,    0.3577468,    0.9338186
robot_171
    37.97416,     18.27394,            0,            0,            0,    0.7707906,    0.6370886
robot_180
    10.05188,     25.99847,            0,            0,            0,    0.9999955,  0.003006917
robot_56
   -2.490012,     34.01163,            0,            0,            0,   -0.3507939,    0.9364527
robot_3
    25.91876,     24.90112,            0,            0,            0,   -0.8973014,    0.4414184
robot_81
    1.950466,    -27.10533,            0,            0,            0,   -0.9431774,    0.3322895
robot_167
    15.59278,     1.985695,            0,            0,            0,    0.1889787,    0.9819812
robot_25
    5.908387,    -10.50407,            0,            0,            0,     0.392881,    0.9195893
robot_168
    33.89415,    -22.25094,            0,            0,            0,   -0.9060447,    0.4231819
robot_96
   -2.050989,    -18.82809,            0,            0,            0,   -0.8493606,    0.5278129
robot_166
    33.85101,     37.91564,            0,            0,            0,    0.9799148,    0.1994168
robot_102
     -9.9309,       5.8372,            0,            0,            0,   -0.6918657,    0.7220262
robot_192
   -17.77417,    -33.99168,            0,            0,            0,   -0.9556795,    0.2944092
robot_179
   -26.12417,    -17.96642,            0,            0,            0,    0.6148243,    0.7886641
robot_142
   -10.31106,    -6.039182,            0,            0,            0,    0.6935699,    0.7203893
robot_1
    22.03334,     37.87312,            0,            0,            0,    0.6686411,    0.7435853
robot_44
   -26.06553,    -32.31329,            0,            0,            0,     0.803031,    0.5959373
robot_163
   -22.09272,    -37.41838,            0,            0,            0,    0.7616377,    0.6480031
robot_79
   -14.05081,     18.67676,            0,            0,            0,   -0.9427177,    0.3335916
robot_8
    -26.1301,     -21.7714,            0,            0,            0,  -0.01486974,    0.9998894
robot_20
   -26.02307,    -1.717678,            0,            0,            0,    0.9934473,    0.1142912
robot_143
   -6.042897,     27.34242,            0,            0,            0,    0.1839356,    0.9829383
robot_138
    9.794309,    -34.18983,            0,            0,            0,  -0.07915607,    0.9968622
robot_123
   -10.96243,     33.97574,            0,            0,            0,    0.8364006,    0.5481186
robot_193
   -30.00035,     6.035973,            0,            0,            0,    0.9931407,    0.1169256
robot_187
    10.35897,     5.993344,            0,            0,            0,    0.8202896,    0.5719484
robot_176
    21.70786,        30.01,            0,            0,            0,  -0.03604636,    0.9993501
robot_66
    26.01983,    -2.115349,            0,            0,            0,    0.6591862,    0.7519798
robot_63
   -17.96062,     38.13954,            0,            0,            0,   0.07483133,    0.9971962
robot_31
   -30.05484,     12.95463,            0,            0,            0,    0.8446194,    0.5353673
robot_159
   -38.46933,    -9.951415,            0,            0,            0,    0.9946883,    0.1029334
robot_160
    9.023649,    -21.98215,            0,            0,            0,    0.6883062,    0.7254203
robot_151
   -22.04288,     32.69916,            0,            0,            0,    0.8581078,    0.5134696
robot_150
    33.96173,     7.680014,            0,            0,            0,   -0.1931745,    0.9811644
robot_137
    -29.6262,    -18.03612,            0,            0,            0,    0.8673214,    0.4977485
robot_199
    -10.0561,    -9.136916,            0,            0,            0,    -0.624013,     0.781414
robot_54
   -36.22755,    -22.02245,            0,            0,            0,   -0.9998593,   0.01677242
robot_117
    15.85099,    -22.02673,            0,            0,            0,   -0.3721703,    0.9281645
robot_36
    21.93349,     10.43726,            0,            0,            0,   -0.6724747,    0.7401201
robot_33
    38.23054,     -13.9119,            0,            0,            0,    0.6080192,    0.7939223
robot_146
    -12.0258,     1.969052,            0,            0,            0,     0.999351,   0.03602249
robot_156
   -18.15294,     -10.1646,            0,            0,            0,   -0.2916933,    0.9565119
robot_112
     22.1076,    -29.88145,            0,            0,            0,    0.1743217,    0.9846888
robot_19
     25.9681,     33.69945,            0,            0,            0,    0.9670286,    0.2546678
robot_141
   -7.084063,    -38.01155,            0,            0,            0,    0.3640039,    0.9313974
robot_35
   -14.12594,    -17.94873,            0,            0,            0,    0.8695862,    0.4937812
robot_184
    16.20231,    -17.97366,            0,            0,            0,    0.6162934,    0.7875166
robot_98
   -18.08134,    -6.883729,            0,            0,            0,    0.9789498,    0.2041012
robot_100
   -12.32247,     14.01446,            0,            0,            0,   -0.9511607,    0.3086962
robot_164
   -1.371877,    -29.98155,            0,            0,            0,    -0.624248,    0.7812262
robot_59
   -39.73378,     26.00893,            0,            0,            0,   -0.7530487,    0.6579648
robot_144
     6.03844,    -29.98042,            0,            0,            0,   -0.7442589,    0.6678912
robot_101
   -20.93044,    -14.01773,            0,            0,            0,   -0.9994874,   0.03201528
robot_161
    33.90096,     15.28589,            0,            0,            0,   -0.7326984,    0.6805535
robot_149
    15.30673,    -10.01181,            0,            0,            0,    0.8767029,    0.4810322
robot_86
    33.89574,     2.067292,            0,            0,            0,   -0.7726342,    0.6348515
robot_191
    28.37767,     17.99447,            0,            0,            0,   -0.4779374,    0.8783939
robot_126
    13.93407,     34.82441,            0,            0,            0,    0.7524295,    0.6586728
robot_190
    6.116326,     22.09343,            0,            0,            0,   -0.4552504,    0.8903635
robot_131
    18.03819,    -38.05494,            0,            0,            0,   -0.4887647,    0.8724156
robot_154
   -20.73464,     5.986135,            0,            0,            0,    0.9479526,    0.3184115
robot_9
     5.70942,    -6.074965,            0,            0,            0,   -0.8153309,    0.5789952
robot_27
    13.96526,     3.198975,            0,            0,            0,    0.4114174,     0.911447
robot_34
    29.94189,     21.00152,            0,            0,            0,   -0.8165672,    0.5772503
robot_114
   -30.03662,      21.2946,            0,            0,            0,    0.9182998,    0.3958857
robot_51
    9.136248,    -5.991203,            0,            0,            0,    0.2440617,    0.9697597
robot_108
     9.96561,     10.30323,            0,            0,            0,   -0.2406791,    0.9706048
robot_147
   -22.00636,     -2.12917,            0,            0,            0,   -0.9819216,     0.189288
robot_183
   -6.382349,    -17.97295,            0,            0,            0,    -0.488625,    0.8724939
robot_48
    17.90786,    -29.24299,            0,            0,            0,      0.72467,    0.6890961
robot_60
     25.9578,    -24.17306,            0,            0,            0,    0.6150284,     0.788505
robot_75
   -6.120992,    -5.681435,            0,            0,            0,   -0.9971419,    0.0755519
robot_152
    33.87917,     33.84358,            0,            0,            0,    0.7205569,    0.6933958
robot_26
    13.95895,      20.2353,            0,            0,            0,   -0.5510142,    0.8344958
robot_182
    18.01728,     30.23864,            0,            0,            0,     0.290905,    0.9567519
robot_172
    13.76262,      26.1358,            0,            0,            0,    0.9177049,    0.3972628
robot_43
    4.504083,     13.99958,            0,            0,            0,     0.967787,    0.2517702
robot_170
     26.4046,     29.93961,            0,            0,            0,   -0.1042053,    0.9945558
robot_177
   -26.08639,     32.32428,            0,            0,            0,   -0.9875665,    0.1572019
robot_80
    29.64904,     25.92905,            0,            0,            0,   -0.9971569,   0.07535344
robot_16
    22.08808,     18.17798,            0,            0,            0,    0.4200604,    0.9074962
robot_13
   -18.27777,      1.94454,            0,            0,            0,    0.7165115,    0.6975753
robot_178
    28.43856,    -37.97512,            0,            0,            0,   -0.5545067,    0.8321793
robot_88
     33.8726,    -1.922027,            0,            0,            0,   -0.9832471,    0.1822776
robot_194
   -23.30668,     6.029142,            0,            0,            0,    0.5661305,    0.8243157
robot_29
    13.95195,    -18.30631,            0,            0,            0,     0.626863,    0.7791295
robot_92
    9.939491,     38.54887,            0,            0,            0,    0.7068986,    0.7073149
robot_87
    16.87346,    -1.968472,            0,            0,            0,    0.9268621,    0.3754021
robot_68
    10.63198,    -10.02556,            0,            0,            0,   -0.8188066,    0.5740695
robot_22
   -6.089076,     13.24765,            0,            0,            0,    0.9842708,    0.1766666
robot_38
    8.774907,      29.9769,            0,            0,            0,   -0.8390457,     0.544061
robot_2
   -30.27956,    -30.11653,            0,            0,            0,    -0.186433,    0.9824677
robot_110
   -38.06322,     33.29432,            0,            0,            0,    0.1896517,    0.9818514
robot_14
   -6.444655,     -1.93312,            0,            0,            0,   -0.5310937,    0.8473131
robot_181
   -6.098335,     38.91352,            0,            0,            0,   -0.9723435,    0.2335553
robot_61
    -25.9855,     9.848616,            0,            0,            0,    0.6976903,    0.7163995
robot_30
    13.98662,    -38.25755,            0,            0,            0,     -0.81976,    0.5727072
robot_122
   -10.05822,     -19.3739,            0,            0,            0,    -0.263774,    0.9645845
robot_132
      25.914,    -15.14493,            0,            0,            0,    0.8097047,    0.5868375
robot_45
   -16.68596,    -25.99666,            0,            0,            0,   -0.9458575,    0.3245822
robot_21
    -34.0727,    -33.68339,            0,            0,            0,   -0.6450086,    0.7641753
robot_39
   -33.46976,    -14.00152,            0,            0,            0,   -0.2752735,    0.9613659
robot_134
   -13.93245,     22.21171,            0,            0,            0,    0.9834964,    0.1809279
robot_15
   -16.52612,    -18.00273,            0,            0,            0,    -0.836967,    0.5472534
robot_145
   -2.083876,    -24.79436,            0,            0,            0,   -0.8643375,    0.5029122
robot_140
    22.09382,     26.23284,            0,            0,            0,     0.105799,    0.9943875
robot_196
   -17.83542,     5.920786,            0,            0,            0,   -0.3155939,    0.9488943
robot_188
    25.97261,    -29.70783,            0,            0,            0,    0.8991138,    0.4377149
robot_4
    -38.1737,    -21.89698,            0,            0,            0,    0.6168273,    0.7870985
robot_155
    7.951548,    -1.986051,            0,            0,            0,   -0.9992132,   0.03966177
robot_135
    37.27932,     26.00761,            0,            0,            0,   -0.2471364,    0.9689807
robot_93
   -6.943524,    -29.97233,            0,            0,            0,   -0.7713954,    0.6363561
robot_111
   -9.904214,    -26.14643,            0,            0,            0,   0.06261247,    0.9980379
robot_0
    33.85743,    -29.73579,            0,            0,            0,    0.9768091,     0.214112
robot_49
   -22.46849,     10.07629,            0,            0,            0,    0.3564238,    0.9343244
robot_113
    19.07375,    -22.01908,            0,            0,            0,    0.9872425,     0.159224
robot_94
   -14.05808,     28.39997,            0,            0,            0,    0.7419827,    0.6704191
robot_40
   -14.03966,     36.33774,            0,            0,            0,   -0.9787682,    0.2049702
robot_103
    6.537094,     1.998577,            0,            0,            0,    0.9614118,    0.2751135
robot_6
    13.92673,     30.12308,            0,            0,            0,    0.9108561,     0.412724
robot_71
    18.52814,     33.98577,            0,            0,            0,   -0.7432482,    0.6690157
robot_17
    30.24012,     6.029625,            0,            0,            0,    -0.928894,    0.3703458
robot_120
   -22.09094,      38.5809,            0,            0,            0,    0.9142347,     0.405185
robot_189
    23.32965,    -2.012826,            0,            0,            0,    0.3384396,    0.9409881
robot_148
   -2.185205,    -10.17519,            0,            0,            0,    0.9988886,   0.04713299
robot_186
   -38.35448,    -14.09642,            0,            0,            0,    0.9862916,    0.1650116
robot_198
     33.8446,    -5.720012,            0,            0,            0,    0.9205515,    0.3906213
robot_107
    29.93703,    -15.81512,            0,            0,            0,   -0.3737685,     0.927522
robot_18
    25.92732,    -32.90897,            0,            0,            0,    0.9575053,    0.2884156
robot_23
    3.627938,     18.01801,            0,            0,            0,  0.004544308,    0.9999897
robot_46
   -9.555102,     38.01798,            0,            0,            0,   -0.8724551,    0.4886942
robot_109
     35.0396,     25.96772,            0,            0,            0,   -0.9018138,    0.4321247
robot_10
   -17.72518,      10.0674,            0,            0,            0,   -0.7609664,    0.6487913
robot_157
   -1.966959,     18.30869,            0,            0,            0,    0.4667785,    0.8843743
robot_70
    33.91229,     19.89757,            0,            0,            0,    0.9039866,    0.4275608
robot_55
   -34.07718,    -36.40693,            0,            0,            0,    0.4382412,    0.8988574
