tuw_multi_robot_msgs::RobotGoalsArray @1970-01-01T01:27:39.600000
frame_id: map
        5259,    600000000
robot_84
     5.39986,     5.982873,            0,            0,            0,   -0.6168779,    0.7870589
robot_116
      -26.51,     2.060456,            0,            0,            0,   -0.8491738,    0.5281135
robot_74
   -22.03367,     5.907338,            0,            0,            0,     0.997009,   0.07728555
robot_41
    9.950739,     18.07786,            0,            0,            0,    0.9127122,    0.4086031
robot_125
   -25.81114,      38.0805,            0,            0,            0,    -0.631692,    0.7752194
robot_136
    5.930632,     8.422847,            0,            0,            0,   -0.9544113,    0.2984948
robot_173
   -11.90241,      25.9706,            0,            0,            0,    0.6915544,    0.7223244
robot_67
   -17.81686,    -21.97681,            0,            0,            0,   -0.1700481,    0.9854358
robot_197
   -23.29449,     2.008006,            0,            0,            0,    -0.411675,    0.9113307
robot_119
   -2.252701,    -9.862216,            0,            0,            0,   -0.2362809,    0.9716848
robot_82
    22.78106,      30.0076,            0,            0,            0,    0.7486582,    0.6629562
robot_77
   -26.05388,    -11.81706,            0,            0,            0,    0.9531832,    0.3023935
robot_5
   -6.172572,     26.05934,            0,            0,            0,   -0.4863786,    0.8737482
robot_133
     33.0823,     14.00179,            0,            0,            0,    0.1319222,    0.9912601
robot_99
   -6.063258,     23.41035,            0,            0,            0,   -0.3869766,    0.9220895
robot_171
   -29.62982,    -1.988923,            0,            0,            0,     0.498073,    0.8671351
robot_180
   -28.27252,    -38.03165,            0,            0,            0,   0.09378548,    0.9955924
robot_56
    29.87155,     26.15184,            0,            0,            0,    0.6256892,    0.7800725
robot_3
   -18.18511,    -9.872979,            0,            0,            0,    0.3621258,    0.9321293
robot_81
    5.925696,    -31.75186,            0,            0,            0,   -0.9844035,    0.1759256
robot_167
   -23.65599,    -34.02229,            0,            0,            0,    0.1203536,    0.9927311
robot_25
    24.02496,     25.96806,            0,            0,            0,   -0.6321674,    0.7748318
robot_168
    5.733108,    -34.12535,            0,            0,            0,    0.9741353,    0.2259655
robot_96
   -2.064827,    -27.69359,            0,            0,            0,   -0.6024766,    0.7981365
robot_166
    29.88041,    -34.05203,            0,            0,            0,   -0.9560504,    0.2932022
robot_102
    37.91412,    -7.521369,            0,            0,            0,    0.1569815,    0.9876015
robot_192
    37.92988,     24.86867,            0,            0,            0,   -0.1677087,    0.9858366
robot_179
   -16.27063,     33.99554,            0,            0,            0,   -0.6686184,    0.7436057
robot_142
   -30.55387,    -37.92448,            0,            0,            0,     0.976759,    0.2143405
robot_1
    22.41819,     10.02575,            0,            0,            0,    0.1601377,    0.9870947
robot_44
    37.91487,    -20.74316,            0,            0,            0,   -0.6101467,    0.7922884
robot_163
    13.82663,     10.12479,            0,            0,            0,    -0.982362,    0.1869889
robot_79
    5.946505,     12.40277,            0,            0,            0,   -0.9881976,    0.1531847
robot_8
    21.90443,    -9.664445,            0,            0,            0,   -0.2210308,    0.9752668
robot_20
    -2.08615,     9.381993,            0,            0,            0,    0.4033446,    0.9150482
robot_143
    21.44458,    -33.99313,            0,            0,            0,    0.6104513,    0.7920538
robot_138
   -31.23489,     9.992908,            0,            0,            0,    0.1072774,    0.9942291
robot_123
   -18.05467,     16.58483,            0,            0,            0,   -0.6945654,    0.7194296
robot_193
     -18.038,     38.29048,            0,            0,            0,   -0.4512005,    0.8924226
robot_187
   -14.07755,    -33.49257,            0,            0,            0,    0.1312854,    0.9913446
robot_176
    14.03141,     38.21232,            0,            0,            0,   -0.8199375,     0.572453
robot_66
   -22.07216,    -35.17422,            0,            0,            0,   -0.5635574,    0.8260769
robot_63
     21.8725,     14.14131,            0,            0,            0,   -0.9240571,    0.3822544
robot_31
    13.99902,     6.289179,            0,            0,            0,   -0.1322809,    0.9912123
robot_159
    17.89786,    -1.911491,            0,            0,            0,   -0.2452401,    0.9694624
robot_160
    27.82035,    -17.97861,            0,            0,            0,   -0.9808562,    0.1947334
robot_151
    14.08287,    -2.104156,            0,            0,            0,   0.08691832,    0.9962154
robot_150
    -34.0706,    -33.41408,            0,            0,            0,    0.1091876,    0.9940212
robot_137
    30.09063,    -1.995687,            0,            0,            0,   -0.6916414,    0.7222411
robot_199
    37.93144,    -26.42071,            0,            0,            0,    0.7839384,    0.6208386
robot_54
   -22.48485,    -13.90484,            0,            0,            0,    0.1618975,    0.9868076
robot_117
    26.01793,     34.27954,            0,            0,            0,    0.9323442,     0.361572
robot_36
    38.39254,    -10.01475,            0,            0,            0,    0.7743913,     0.632707
robot_33
    25.86495,     30.15576,            0,            0,            0,    0.2433194,    0.9699462
robot_146
   -14.06496,      39.2381,            0,            0,            0,   -0.3817088,    0.9242826
robot_156
   -30.19336,    -30.14828,            0,            0,            0,   -0.3956534,    0.9183999
robot_112
    9.931827,     34.20564,            0,            0,            0,   -0.9856387,    0.1688677
robot_19
   -24.03189,    -5.967993,            0,            0,            0,    0.9966051,   0.08233025
robot_141
   -2.061894,    -16.65781,            0,            0,            0,    0.4602302,    0.8877996
robot_35
   -36.84258,     21.96893,            0,            0,            0,   -0.9724142,    0.2332607
robot_184
   -26.09104,     7.092241,            0,            0,            0,   -0.9799367,    0.1993091
robot_98
   -25.93435,    -1.782192,            0,            0,            0,    0.3901222,    0.9207631
robot_100
   -15.73725,    -2.006699,            0,            0,            0,   -0.9923576,     0.123395
robot_164
   -14.15775,    -38.13224,            0,            0,            0,    0.9721829,    0.2342228
robot_59
    25.96107,     16.55271,            0,            0,            0,    0.6366806,    0.7711276
robot_144
    33.88724,    -2.330558,            0,            0,            0,   -0.5717773,    0.8204089
robot_101
   -2.094876,     29.49379,            0,            0,            0,    0.6161813,    0.7876043
robot_161
    25.30858,    -13.99688,            0,            0,            0,     -0.85868,    0.5125121
robot_149
   -9.781842,    -2.064096,            0,            0,            0,    0.7636986,     0.645573
robot_86
    19.71471,      1.98893,            0,            0,            0,    0.3089743,    0.9510704
robot_191
   -14.80729,    -21.99243,            0,            0,            0,    0.7263453,      0.68733
robot_126
    26.04845,    -37.95087,            0,            0,            0,   -0.8919747,    0.4520853
robot_190
   -19.30243,     5.985528,            0,            0,            0,    0.6703894,    0.7420095
robot_131
   -38.08214,     27.87244,            0,            0,            0,    0.9551911,    0.2959899
robot_154
   -30.34868,     22.08652,            0,            0,            0,   -0.4712852,    0.8819809
robot_9
   -6.080247,    -9.811206,            0,            0,            0,    0.2315773,    0.9728165
robot_27
   -2.044925,     23.28151,            0,            0,            0,   -0.4907629,    0.8712931
robot_34
   -6.171192,     -6.07048,            0,            0,            0,    0.4922918,    0.8704302
robot_114
   -9.571545,    -33.98503,            0,            0,            0,   -0.9552714,    0.2957304
robot_51
   -17.71064,     25.97184,            0,            0,            0,   -0.4570269,    0.8894529
robot_108
    2.801442,    -21.99294,            0,            0,            0,    0.7616383,    0.6480024
robot_147
   -33.80926,    -14.05262,            0,            0,            0,   -0.9944064,    0.1056218
robot_183
    2.069394,    -14.04161,            0,            0,            0,   -0.1251615,    0.9921364
robot_48
   -34.02039,     5.790768,            0,            0,            0,    0.9725948,    0.2325067
robot_60
    8.843174,     30.01418,            0,            0,            0,    0.4177007,    0.9085847
robot_75
   -25.46792,     26.02634,            0,            0,            0,  -0.08964219,     0.995974
robot_152
    17.95521,     23.73763,            0,            0,            0,   -0.4579809,    0.8889621
robot_26
    15.90215,    -25.97103,            0,            0,            0,   -0.1751024,    0.9845502
robot_182
    29.90295,    -37.48978,            0,            0,            0,     0.974957,    0.2223934
robot_172
    25.91055,     5.163422,            0,            0,            0,   -0.9173375,    0.3981104
robot_43
    11.07187,    -17.98733,            0,            0,            0,    0.9431152,    0.3324662
robot_170
    10.66203,     37.99182,            0,            0,            0,    0.9374585,    0.3480969
robot_177
   -12.54801,    -1.976715,            0,            0,            0,   -0.3109364,    0.9504307
robot_80
    33.91658,     36.40956,            0,            0,            0,   -0.9812671,    0.1926524
robot_16
    6.047203,     26.16758,            0,            0,            0,    0.2512785,    0.9679148
robot_13
   -26.07709,    -28.89701,            0,            0,            0,    0.9331245,    0.3595535
robot_178
    5.942944,    -23.72721,            0,            0,            0,   -0.8129494,    0.5823344
robot_88
    17.94225,     35.90144,            0,            0,            0,    0.6415592,    0.7670736
robot_194
   -22.04856,    -27.78572,            0,            0,            0,    0.7135366,     0.700618
robot_29
    1.906344,    -31.76394,            0,            0,            0,   -0.7396412,    0.6730014
robot_92
   -18.82769,    -29.97007,            0,            0,            0,   0.08900369,    0.9960313
robot_87
   -30.04708,     12.22594,            0,            0,            0,   0.03294383,    0.9994572
robot_68
    12.25845,     2.021169,            0,            0,            0,    0.8024563,    0.5967109
robot_22
    29.06964,    -22.01396,            0,            0,            0,   -0.9577743,    0.2875211
robot_38
   -32.57193,    -29.99396,            0,            0,            0,    0.6426263,    0.7661798
robot_2
   -34.07254,    -17.23105,            0,            0,            0,    0.2863586,    0.9581225
robot_110
   -20.84379,    -26.02021,            0,            0,            0,    0.6147134,    0.7887506
robot_14
    37.82124,     22.17097,            0,            0,            0,  -0.06438905,    0.9979249
robot_181
    33.62533,     10.09366,            0,            0,            0,     0.636591,    0.7712016
robot_61
    29.96327,    -11.99982,            0,            0,            0,    0.8546954,    0.5191297
robot_30
   -10.18619,    -29.92611,            0,            0,            0,   -0.5298699,    0.8480789
robot_122
   -8.717412,     5.999823,            0,            0,            0,   0.06105599,    0.9981343
robot_132
     33.9639,    -7.528133,            0,            0,            0,   -0.4956487,    0.8685231
robot_45
   -23.29011,    -21.98611,            0,            0,            0,  -0.04650126,    0.9989182
robot_21
    13.96463,     23.65376,            0,            0,            0,   -0.3073202,    0.9516062
robot_39
    33.94481,     20.51084,            0,            0,            0,    0.9754141,    0.2203799
robot_134
    21.96467,     38.09412,            0,            0,            0,   -0.8478007,     0.530315
robot_15
     29.9466,      5.20539,            0,            0,            0,    0.7331549,    0.6800617
robot_145
    34.08426,    -34.08036,            0,            0,            0,   -0.4348782,    0.9004893
robot_140
   -30.09518,    -20.35038,            0,            0,            0,   -0.5270564,    0.8498303
