tuw_multi_robot_msgs::RobotGoalsArray @1970-01-01T01:17:14.400000
frame_id: map
        4634,    400000000
robot_84
    17.78909,    -29.78249,            0,            0,            0,   -0.6770429,    0.7359435
robot_116
    17.95069,     8.583764,            0,            0,            0,   -0.6881705,     0.725549
robot_74
    13.77014,     30.17365,            0,            0,            0,   -0.1800803,    0.9836519
robot_41
   -34.08304,    -19.58709,            0,            0,            0,    0.9779099,    0.2090267
robot_125
   -28.00539,    -29.98091,            0,            0,            0,   -0.4930112,     0.870023
robot_136
   -30.03538,     15.56318,            0,            0,            0,    -0.425969,    0.9047378
robot_173
   -22.03896,    -36.29882,            0,            0,            0,   0.03145466,    0.9995052
robot_67
    21.90964,     7.742779,            0,            0,            0,     0.723999,     0.689801
robot_197
   -38.12338,    -21.81388,            0,            0,            0,    0.7018673,    0.7123077
robot_119
   -22.05705,      12.7552,            0,            0,            0,    -0.563011,    0.8264494
robot_82
   -10.05996,     5.572829,            0,            0,            0,    0.6240736,    0.7813656
robot_77
     24.8372,     2.017846,            0,            0,            0,   -0.9995187,   0.03102322
robot_5
    22.28536,    -21.97945,            0,            0,            0,   -0.9999278,    0.0120126
robot_133
  -0.7634196,    -10.02167,            0,            0,            0,   -0.1046588,    0.9945082
robot_99
    10.04019,    -13.81992,            0,            0,            0,    0.1037364,    0.9946048
robot_171
    28.98138,    -6.021487,            0,            0,            0,    0.7283169,    0.6852405
robot_180
    13.86371,    -9.960321,            0,            0,            0,    0.1680944,    0.9857709
robot_56
    1.786133,    -29.97723,            0,            0,            0,   -0.7177255,    0.6963262
robot_3
   -23.76759,     10.01203,            0,            0,            0,    0.8548045,    0.5189501
robot_81
   -33.01411,     25.99871,            0,            0,            0,    0.9915372,    0.1298228
robot_167
     17.6236,    -1.924958,            0,            0,            0,   -0.9667232,    0.2558248
robot_25
   -6.064656,    -26.08652,            0,            0,            0,    0.7457124,    0.6662679
robot_168
   -6.039316,     8.379857,            0,            0,            0,    0.7496183,    0.6618703
robot_96
   -2.080579,    -31.78432,            0,            0,            0,   -0.9889222,    0.1484347
robot_166
   -17.95785,     10.12815,            0,            0,            0,   -0.9891226,    0.1470933
robot_102
   -36.95856,      14.0275,            0,            0,            0,   -0.5692011,    0.8221983
robot_192
    13.84934,     37.98785,            0,            0,            0,   -0.2547778,    0.9669996
robot_179
   -10.07306,     18.63385,            0,            0,            0,  -0.05722285,    0.9983614
robot_142
    19.65402,     5.999833,            0,            0,            0,    0.6351986,    0.7723488
robot_1
   -18.54161,    -5.979844,            0,            0,            0,   -0.9295073,    0.3688038
robot_44
    27.99834,    -25.99537,            0,            0,            0,   -0.5780012,    0.8160359
robot_163
    -2.28818,     22.01881,            0,            0,            0,    0.5292086,    0.8484918
robot_79
  -0.7115032,     10.01978,            0,            0,            0,    0.3269813,    0.9450308
robot_8
    33.82475,    -14.18021,            0,            0,            0,   -0.9976577,   0.06840424
robot_20
   -9.976574,     30.22504,            0,            0,            0,       0.5924,     0.805644
robot_143
   -14.45681,    -38.00588,            0,            0,            0,     0.118804,    0.9929177
robot_138
    33.64164,     30.07013,            0,            0,            0,   0.05155778,      0.99867
robot_123
    9.904325,     5.818112,            0,            0,            0,    0.9996483,     0.026521
robot_193
   -22.12415,     37.72402,            0,            0,            0,   -0.1806715,    0.9835435
robot_187
    31.23601,     9.995052,            0,            0,            0,   -0.6668997,    0.7451475
robot_176
   -37.56072,    -29.97541,            0,            0,            0,   -0.9887248,    0.1497438
robot_66
    5.960185,     10.83113,            0,            0,            0,  -0.04372293,    0.9990437
robot_63
   -38.09006,     24.80347,            0,            0,            0,     0.786075,    0.6181311
robot_31
    33.95266,     -6.44428,            0,            0,            0,   -0.2874131,    0.9578067
robot_159
   -17.73947,     2.003911,            0,            0,            0,    0.8308194,    0.5565421
robot_160
   -26.16989,    -9.911175,            0,            0,            0,   -0.3954081,    0.9185056
robot_151
    33.06138,     2.021607,            0,            0,            0,    0.9049722,    0.4254708
robot_150
    4.671527,     14.00052,            0,            0,            0,    0.2401057,    0.9707467
robot_137
   -29.97082,    -13.90468,            0,            0,            0,   -0.4284962,    0.9035436
robot_199
   -33.87169,     21.96072,            0,            0,            0,    0.9825476,    0.1860115
robot_54
    33.95915,     -19.2073,            0,            0,            0,    0.8396177,    0.5431777
robot_117
   -24.23351,     18.02122,            0,            0,            0,   -0.9975553,   0.06988203
robot_36
    26.39148,     10.02586,            0,            0,            0,   0.01094358,    0.9999401
robot_33
    21.87169,    -14.14081,            0,            0,            0,    0.9598198,    0.2806172
robot_146
   -30.08404,    -38.18181,            0,            0,            0,   -0.7117622,    0.7024205
robot_156
    15.06054,    -38.01261,            0,            0,            0,    0.7006236,    0.7135311
robot_112
    13.78986,    -34.06387,            0,            0,            0,   -0.9770357,    0.2130758
robot_19
    25.90363,    -9.890366,            0,            0,            0,    0.3850372,     0.922901
robot_141
    34.53606,    -21.98066,            0,            0,            0,   -0.6734215,    0.7392587
robot_35
   -9.681864,     2.073389,            0,            0,            0,    0.9964411,   0.08429251
robot_184
    12.00815,     26.03096,            0,            0,            0,    0.1305409,    0.9914429
robot_98
   -17.41528,     6.029707,            0,            0,            0,    0.8867392,      0.46227
robot_100
    9.783939,     26.13114,            0,            0,            0,    0.9300573,    0.3674144
robot_164
    -34.0827,     34.96754,            0,            0,            0,    0.9959944,   0.08941538
robot_59
   -6.956391,     18.00955,            0,            0,            0,   -0.4643373,    0.8856584
robot_144
    21.95893,     34.99078,            0,            0,            0,   -0.8636758,    0.5040477
robot_101
   -37.67283,    -26.09294,            0,            0,            0,    0.2542261,    0.9671448
robot_161
    10.79564,     38.00712,            0,            0,            0,   0.05922575,    0.9982446
robot_149
    -7.12068,     -6.03027,            0,            0,            0,    0.5430864,    0.8396768
robot_86
     10.2605,    -29.91563,            0,            0,            0,    0.6348347,     0.772648
robot_191
    17.92971,    -6.354152,            0,            0,            0,    0.7646179,    0.6444839
robot_126
   -34.04242,     6.618479,            0,            0,            0,   -0.4747448,    0.8801235
robot_190
    1.945143,     14.73636,            0,            0,            0,    0.7219127,    0.6919842
robot_131
   -25.85275,    -21.93581,            0,            0,            0,    -0.932805,    0.3603814
robot_154
   -28.13606,     6.031783,            0,            0,            0,   -0.6600144,    0.7512529
robot_9
   -25.84497,    -29.90198,            0,            0,            0,   -0.1080016,    0.9941507
robot_27
   -17.61923,    -14.01509,            0,            0,            0,   -0.6097988,    0.7925562
robot_34
    29.96939,     17.75788,            0,            0,            0,   -0.5676064,    0.8233001
robot_114
   -37.88063,    -9.998074,            0,            0,            0,   -0.9991764,   0.04057647
robot_51
   -18.30657,    -30.06395,            0,            0,            0,   -0.9570987,     0.289762
robot_108
    9.948612,    -34.14645,            0,            0,            0,    0.9725729,    0.2325981
robot_147
   -10.01803,    -10.22569,            0,            0,            0,    -0.943014,    0.3327531
robot_183
    5.959414,     2.670164,            0,            0,            0,    0.9957148,   0.09247775
robot_48
    33.24649,    -33.97678,            0,            0,            0,   -0.2801764,    0.9599485
robot_60
   -33.10431,    -38.00804,            0,            0,            0,   -0.2274231,     0.973796
robot_75
    5.926496,    -14.07265,            0,            0,            0,    0.9984117,   0.05633941
robot_152
    38.08902,    -30.20507,            0,            0,            0,   -0.7927548,    0.6095406
robot_26
   -22.09778,    -18.64229,            0,            0,            0,    0.3717507,    0.9283326
robot_182
     13.9618,     7.490848,            0,            0,            0,    0.7719841,    0.6356418
robot_172
   -17.71729,      13.9149,            0,            0,            0,     0.562392,    0.8268707
