tuw_multi_robot_msgs::RobotGoalsArray @1970-01-01T01:25:25.200000
frame_id: map
        5125,    200000000
robot_84
    9.771108,    -13.97953,            0,            0,            0,    0.8863562,     0.463004
robot_116
   -21.74137,    -10.09032,            0,            0,            0,     0.391897,    0.9200091
robot_74
    37.94841,    -7.555832,            0,            0,            0,    0.3036055,    0.9527978
robot_41
   -26.04902,    -17.88344,            0,            0,            0,   -0.6953196,    0.7187006
robot_125
    23.08769,    -25.98945,            0,            0,            0,   -0.6922474,    0.7216602
robot_136
   -17.98214,     -38.1031,            0,            0,            0,   -0.3804253,    0.9248116
robot_173
   -21.66771,     17.92771,            0,            0,            0,   -0.9861465,    0.1658765
robot_67
   -10.09376,    -36.64622,            0,            0,            0,   -0.9490726,    0.3150574
robot_197
    5.929039,     9.498104,            0,            0,            0,   -0.9471562,    0.3207727
robot_119
   0.7473318,      17.9884,            0,            0,            0,    0.9297729,    0.3681335
robot_82
    -18.0514,     15.28119,            0,            0,            0,   -0.6885432,    0.7251954
robot_77
   -22.11772,    -26.17876,            0,            0,            0,    0.9980087,    0.0630757
robot_5
    12.88467,      26.0283,            0,            0,            0,   -0.7988512,    0.6015287
robot_133
   -6.069065,     36.26765,            0,            0,            0,   -0.4728893,    0.8811218
robot_99
   -7.576204,     17.98469,            0,            0,            0,   -0.9994042,   0.03451549
robot_171
    31.04273,     21.98753,            0,            0,            0,     0.710404,    0.7037942
robot_180
    6.307015,     25.95761,            0,            0,            0,   -0.4426852,    0.8966771
robot_56
    21.46213,    -38.07171,            0,            0,            0,    0.1709156,    0.9852857
robot_3
    30.03717,    -1.817429,            0,            0,            0,    0.9847615,    0.1739103
robot_81
    37.89933,     -26.0755,            0,            0,            0,    0.2379705,    0.9712724
robot_167
    6.062264,     29.86434,            0,            0,            0,    0.7266242,    0.6870351
robot_25
      1.8868,    -26.01466,            0,            0,            0,   -0.5537547,    0.8326798
robot_168
    12.24889,    -14.01099,            0,            0,            0,    0.4209222,    0.9070967
robot_96
   -22.03048,    -14.15242,            0,            0,            0,    0.9960036,   0.08931293
robot_166
   -10.07921,     5.511786,            0,            0,            0,    0.5101414,    0.8600906
robot_102
   -5.031696,    -25.98505,            0,            0,            0,    -0.988543,    0.1509398
robot_192
    37.94249,    -28.88068,            0,            0,            0,   0.09723015,    0.9952619
robot_179
      15.972,     26.00823,            0,            0,            0,    0.3205109,    0.9472448
robot_142
    -34.0965,    -5.915072,            0,            0,            0,    0.3835172,    0.9235337
robot_1
    25.87347,    -5.676319,            0,            0,            0,   0.08335517,    0.9965199
robot_44
    29.91333,      4.07134,            0,            0,            0,    0.8580905,    0.5134985
robot_163
   -33.93689,    -38.02387,            0,            0,            0,    -0.987428,    0.1580692
robot_79
    -25.5885,    -13.91638,            0,            0,            0,   -0.8665691,    0.4990572
robot_8
    17.92915,     9.924251,            0,            0,            0,    0.4969725,    0.8677663
robot_20
   -2.046663,    -14.72567,            0,            0,            0,    0.8801013,     0.474786
robot_143
   -9.656543,    -17.93794,            0,            0,            0,    0.8281355,     0.560528
robot_138
     14.0712,    -30.04943,            0,            0,            0,   -0.1680867,    0.9857722
robot_123
    31.54714,      17.9748,            0,            0,            0,    0.2398688,    0.9708053
robot_193
     21.9141,     24.43657,            0,            0,            0,   -0.9683726,    0.2495086
robot_187
    10.62451,     37.99164,            0,            0,            0,    0.5673434,    0.8234813
robot_176
   -17.66329,     5.960193,            0,            0,            0,   -0.6495898,    0.7602849
robot_66
   -14.03519,    -15.59832,            0,            0,            0,   -0.4792868,    0.8776583
robot_63
   -10.56626,    -25.95984,            0,            0,            0,   -0.9665425,    0.2565066
robot_31
    17.90577,      21.9971,            0,            0,            0,    0.5665869,     0.824002
robot_159
   -39.39568,    -6.005522,            0,            0,            0,    0.6243074,    0.7811787
robot_160
   -14.70016,    -6.017657,            0,            0,            0,    0.9662086,    0.2577614
robot_151
   -26.01929,    -22.35074,            0,            0,            0,   -0.6130655,    0.7900321
robot_150
    3.357726,    -29.97995,            0,            0,            0,     0.169978,    0.9854479
robot_137
   -33.84149,     5.970223,            0,            0,            0,   -0.4554326,    0.8902703
robot_199
   -16.69055,    -22.01215,            0,            0,            0,   -0.7510399,    0.6602568
robot_54
    25.80996,     14.04794,            0,            0,            0,   -0.9057665,    0.4237771
robot_117
   -36.40046,     6.019143,            0,            0,            0,     0.930726,    0.3657173
robot_36
   -30.01521,     34.19363,            0,            0,            0,    0.3438341,    0.9390304
robot_33
    13.93357,     -34.3728,            0,            0,            0,   0.07317149,    0.9973194
robot_146
    35.73135,     18.03101,            0,            0,            0,   0.05503794,    0.9984843
robot_156
   -34.06312,     18.70831,            0,            0,            0,    0.4711205,    0.8820689
robot_112
   -37.22367,     30.02871,            0,            0,            0,   -0.9863252,     0.164811
robot_19
   -30.06355,    -4.580095,            0,            0,            0,    0.9297606,    0.3681646
robot_141
   -34.03193,    -29.67418,            0,            0,            0,    0.9984203,   0.05618716
robot_35
    13.94288,    -3.915074,            0,            0,            0,    -0.990573,    0.1369858
robot_184
   -2.034533,     26.77001,            0,            0,            0,    0.2597934,    0.9656642
robot_98
   -18.07128,     38.02352,            0,            0,            0,   -0.1208196,    0.9926745
robot_100
   -26.72375,     29.99818,            0,            0,            0,    0.5434565,    0.8394373
robot_164
    6.273893,     2.091186,            0,            0,            0,   -0.8223125,    0.5690362
robot_59
   -25.89944,     21.98178,            0,            0,            0,    0.2141719,     0.976796
robot_144
    -10.0504,     3.548101,            0,            0,            0,    -0.313953,    0.9494385
robot_101
   -6.056069,    -12.41421,            0,            0,            0,    0.2418349,    0.9703174
robot_161
   -29.99132,    -14.06527,            0,            0,            0,   -0.7571377,    0.6532553
robot_149
   -23.43927,      22.0155,            0,            0,            0,    0.3592056,    0.9332585
robot_86
   -38.29459,    -17.84162,            0,            0,            0,   -0.6311466,    0.7756636
robot_191
    33.56788,     5.926094,            0,            0,            0,    0.8747048,    0.4846562
robot_126
    1.477036,     33.98996,            0,            0,            0,    0.9723346,    0.2335923
robot_190
    34.01269,    -10.03166,            0,            0,            0,    0.8652141,    0.5014027
robot_131
      6.6194,     21.98474,            0,            0,            0,    0.9875649,    0.1572121
robot_154
    22.85692,    -21.99058,            0,            0,            0,     0.767832,    0.6406512
robot_9
   -38.09559,     23.56083,            0,            0,            0,    0.8269773,    0.5622353
robot_27
    12.35515,    -26.00941,            0,            0,            0,      0.23966,    0.9708569
robot_34
    30.66432,     14.02057,            0,            0,            0,    0.9988113,    0.0487441
robot_114
    10.10231,    -5.950412,            0,            0,            0,    0.8080189,    0.5891566
robot_51
   -28.15504,     10.00853,            0,            0,            0,    0.5100735,    0.8601308
robot_108
   -17.85228,    -18.04715,            0,            0,            0,  -0.01561317,    0.9998781
robot_147
    35.89038,    -6.015732,            0,            0,            0,   -0.9402694,    0.3404312
robot_183
   -22.18538,    -5.858765,            0,            0,            0,   -0.7973619,    0.6035014
robot_48
    20.51748,     30.02054,            0,            0,            0,    0.7195204,    0.6944713
robot_60
    26.33529,     26.04777,            0,            0,            0,    0.9860217,    0.1666168
robot_75
     33.9259,     24.06761,            0,            0,            0,  -0.06246432,    0.9980472
robot_152
   -30.06507,    -9.534012,            0,            0,            0,    0.2721601,     0.962252
robot_26
    37.63089,     -14.0868,            0,            0,            0,    0.3407293,    0.9401614
robot_182
    21.93429,     5.053198,            0,            0,            0,   -0.3373209,    0.9413897
robot_172
   -18.09086,    -8.028921,            0,            0,            0,    0.7911973,     0.611561
robot_43
    25.96711,     37.73612,            0,            0,            0,    0.8999866,    0.4359176
robot_170
    25.97597,     33.65033,            0,            0,            0,   -0.7740419,    0.6331344
robot_177
   -34.55732,      34.0892,            0,            0,            0,  -0.03684741,    0.9993209
robot_80
   -30.05105,     2.688631,            0,            0,            0,    0.9933809,    0.1148668
robot_16
     10.9617,    -33.99928,            0,            0,            0,   -0.9996222,   0.02748503
robot_13
    31.55451,     -38.0308,            0,            0,            0,   -0.9760557,    0.2175206
robot_178
     9.95756,     2.297203,            0,            0,            0,   -0.4610754,     0.887361
robot_88
   -21.18259,    -18.03181,            0,            0,            0,   -0.9117091,    0.4108363
robot_194
    21.79519,     1.999631,            0,            0,            0,    0.9998951,   0.01448187
robot_29
   -11.95092,     25.99433,            0,            0,            0,   -0.9144143,    0.4047796
robot_92
   -26.13368,    -9.802305,            0,            0,            0,    0.8788242,    0.4771457
robot_87
    28.22175,     -6.02827,            0,            0,            0,   -0.4710905,    0.8820849
robot_68
    21.95374,    -1.656561,            0,            0,            0,    0.7042779,    0.7099244
robot_22
    5.750692,    -21.86422,            0,            0,            0,  -0.05240823,    0.9986257
robot_38
    29.93659,    -12.00966,            0,            0,            0,   -0.9439839,    0.3299914
robot_2
   -30.25632,     30.13923,            0,            0,            0,    0.8491246,    0.5281926
robot_110
    8.077493,    -25.99435,            0,            0,            0,    0.9741171,     0.226044
robot_14
    21.94568,     14.71343,            0,            0,            0,   0.02919769,    0.9995737
robot_181
   -18.06623,     23.40096,            0,            0,            0,    0.9417088,     0.336429
robot_61
   -26.78024,    -34.01402,            0,            0,            0,   -0.9805237,    0.1964009
