tuw_multi_robot_msgs::RobotGoalsArray @1970-01-01T01:13:38
frame_id: map
        4418,            0
robot_84
    23.26874,     2.002027,            0,            0,            0,   -0.6470149,    0.7624773
robot_116
    25.94357,     3.719543,            0,            0,            0,    0.6998227,    0.7143166
robot_74
    8.156327,    -30.00832,            0,            0,            0,   -0.2132079,    0.9770069
robot_41
   -18.03118,     5.750843,            0,            0,            0,   -0.7892344,    0.6140921
robot_125
   -17.75354,     25.97361,            0,            0,            0,    0.9753674,    0.2205864
robot_136
   -9.983114,    -29.77261,            0,            0,            0,   -0.9540578,    0.2996226
robot_173
    -30.0657,    -2.087492,            0,            0,            0,   -0.1032828,     0.994652
robot_67
   -18.04925,    -14.74126,            0,            0,            0,    0.8947498,    0.4465679
robot_197
   -32.38231,     21.97734,            0,            0,            0,   -0.1773029,    0.9841563
robot_119
   -31.59092,     33.98672,            0,            0,            0,   -0.8031881,    0.5957256
robot_82
   -33.96589,     30.21867,            0,            0,            0,     0.344645,    0.9387331
robot_77
    33.92759,     30.27498,            0,            0,            0,    0.1847924,    0.9827776
robot_5
    5.250822,     26.00888,            0,            0,            0,   -0.9506497,    0.3102662
robot_133
   -22.05229,     -30.8563,            0,            0,            0,   -0.6597763,    0.7514621
robot_99
    21.91495,     14.41035,            0,            0,            0,    -0.792809,    0.6094702
robot_171
    1.943538,     9.047395,            0,            0,            0,    0.9947736,    0.1021055
robot_180
     19.0647,    -9.989177,            0,            0,            0,    0.9806979,    0.1955289
robot_56
    33.87871,    -2.348748,            0,            0,            0,    0.9985294,   0.05421342
robot_3
   -6.098052,     29.97559,            0,            0,            0,   -0.4079538,    0.9130026
robot_81
   -14.16906,    -34.12869,            0,            0,            0,    0.8390213,    0.5440986
robot_167
   -18.10776,     30.27025,            0,            0,            0,    0.9957549,   0.09204399
robot_25
    34.23071,     10.03406,            0,            0,            0,    0.7287355,    0.6847953
robot_168
    6.924349,    -18.00268,            0,            0,            0,    0.7596968,    0.6502775
robot_96
    21.91943,    -22.46617,            0,            0,            0,    0.9559309,    0.2935916
robot_166
    33.97118,     18.17891,            0,            0,            0,   0.05701247,    0.9983735
robot_102
    2.015881,    -30.10201,            0,            0,            0,    0.9459135,    0.3244189
robot_192
   -12.65278,     14.02768,            0,            0,            0,    0.8991438,    0.4376533
robot_179
   -2.060756,     28.74665,            0,            0,            0,    0.9643839,    0.2645067
robot_142
   -25.83182,     26.05263,            0,            0,            0,   -0.5786282,    0.8155914
robot_1
   -14.13917,     10.13042,            0,            0,            0,    0.9999598,  0.008961511
robot_44
    6.152133,      30.0946,            0,            0,            0,   -0.9947439,    0.1023938
robot_163
    20.78822,    -29.97746,            0,            0,            0,   -0.8274179,    0.5615866
robot_79
    25.91978,    -10.86027,            0,            0,            0,   0.03892373,    0.9992422
robot_8
   -31.18754,    -22.01281,            0,            0,            0,   -0.8798696,    0.4752152
robot_20
    37.49201,     6.030746,            0,            0,            0,     0.962795,    0.2702329
robot_143
   -25.92617,    -14.19024,            0,            0,            0,   -0.6037148,    0.7972004
robot_138
   -34.08898,     5.934669,            0,            0,            0,    -0.647731,    0.7618691
robot_123
    13.96249,     27.21005,            0,            0,            0,    0.2067508,    0.9783936
robot_193
    32.09967,     25.97986,            0,            0,            0,   -0.8335893,    0.5523848
robot_187
    13.94501,       2.1744,            0,            0,            0,   -0.9985046,   0.05466747
robot_176
   -5.781291,     13.91358,            0,            0,            0,    0.9594187,    0.2819854
robot_66
    13.91379,    -15.18354,            0,            0,            0,     -0.61729,    0.7867357
robot_63
    -18.0783,     38.46418,            0,            0,            0,    0.5478548,    0.8365735
robot_31
   -31.22643,    -18.02659,            0,            0,            0,    0.9876342,    0.1567756
robot_159
   -9.866627,    -5.995039,            0,            0,            0,     0.730647,    0.6827555
robot_160
   -30.10458,     26.17979,            0,            0,            0,   -0.9863788,    0.1644895
robot_151
   -17.91618,    -34.13339,            0,            0,            0,    0.1409061,     0.990023
robot_150
   -6.052787,      27.8934,            0,            0,            0,   -0.7180161,    0.6960265
robot_137
     13.9661,    -2.021962,            0,            0,            0,    0.1509307,    0.9885443
robot_199
    31.87898,    -33.97115,            0,            0,            0,   -0.1353251,    0.9908013
robot_54
    16.40275,    -17.99545,            0,            0,            0,    0.4914283,     0.870918
robot_117
    5.933208,     34.78107,            0,            0,            0,   0.09019286,    0.9959243
robot_36
   -21.99743,      18.3565,            0,            0,            0,    0.6297904,    0.7767651
robot_33
    17.34447,    -34.00362,            0,            0,            0,   -0.3253891,    0.9455802
robot_146
   -14.09441,    -12.21624,            0,            0,            0,   -0.9897312,     0.142941
robot_156
     32.8688,    -6.025837,            0,            0,            0,    0.8287166,    0.5596685
robot_112
   -30.07479,     22.61968,            0,            0,            0,    0.9552983,    0.2956437
robot_19
     22.2316,     17.95076,            0,            0,            0,    0.7682007,     0.640209
robot_141
   -13.98593,     1.985529,            0,            0,            0,     0.859458,    0.5112063
robot_35
    15.67554,    -25.97335,            0,            0,            0,    -0.563622,    0.8260328
robot_184
    1.866998,     14.28442,            0,            0,            0,    0.1703301,    0.9853871
robot_98
   -38.61284,     5.977716,            0,            0,            0,    0.7763353,    0.6303202
robot_100
   -2.056248,    -9.619992,            0,            0,            0,   -0.7810992,    0.6244069
robot_164
   -6.048686,    -22.77601,            0,            0,            0,     0.942011,     0.335582
robot_59
    26.13381,     10.11136,            0,            0,            0,   -0.5104072,    0.8599328
robot_144
   -38.05582,     24.38086,            0,            0,            0,    0.9719912,    0.2350171
robot_101
   -27.55486,     38.00223,            0,            0,            0,    -0.991313,     0.131524
robot_161
   -14.03997,    -29.86329,            0,            0,            0,   -0.8728738,     0.487946
robot_149
   -14.27015,     17.83971,            0,            0,            0,    0.9825309,    0.1860995
robot_86
     21.9178,     29.30822,            0,            0,            0,     0.823412,     0.567444
robot_191
   -38.07129,     -26.2447,            0,            0,            0,   -0.9988268,   0.04842567
robot_126
    30.10968,    -18.15323,            0,            0,            0,     0.747228,    0.6645677
robot_190
    9.713998,    -10.15264,            0,            0,            0,    0.5554524,    0.8315483
robot_131
    21.95678,     23.03123,            0,            0,            0,    0.8385373,    0.5448442
robot_154
   -34.02558,    -18.22061,            0,            0,            0,   -0.2358786,    0.9717825
robot_9
   -2.255727,    -25.94237,            0,            0,            0,    0.9365837,    0.3504441
robot_27
   -21.89807,    -17.85052,            0,            0,            0,   0.09364471,    0.9956057
robot_34
   -10.07381,    -26.35355,            0,            0,            0,    0.5715269,    0.8205833
robot_114
     29.9526,    -32.33157,            0,            0,            0,   -0.9996084,   0.02798433
robot_51
    31.06967,    -9.977915,            0,            0,            0,   -0.7414772,    0.6709781
