tuw_multi_robot_msgs::RobotGoalsArray @1970-01-01T00:46:21.700000
frame_id: map
        2781,    700000000
robot_84
     5.95907,    -16.51404,            0,            0,            0,    0.4379413,    0.8990036
robot_116
    31.95964,     14.02781,            0,            0,            0,    0.8226862,    0.5684957
robot_74
    26.64218,    -26.02107,            0,            0,            0,   -0.3714462,    0.9284545
robot_41
    -22.0424,     28.62852,            0,            0,            0,    0.9868788,     0.161463
robot_125
    36.43735,     5.972114,            0,            0,            0,   -0.2502488,    0.9681816
robot_136
    9.946668,      26.8721,            0,            0,            0,   -0.3035553,    0.9528138
robot_173
    9.409104,     9.980455,            0,            0,            0,   0.07970248,    0.9968187
robot_67
   -9.918338,      6.14944,            0,            0,            0,   -0.4475056,    0.8942812
robot_197
   -34.07135,     17.43912,            0,            0,            0,   -0.5390214,    0.8422921
robot_119
    -20.0796,    -30.01292,            0,            0,            0,    0.4472875,    0.8943902
robot_82
   -25.78713,    -18.05309,            0,            0,            0,    0.8285402,    0.5599295
robot_77
   -8.031268,    -10.01227,            0,            0,            0,   -0.2623584,    0.9649705
robot_5
   -6.069895,    -11.49514,            0,            0,            0,    0.8538458,     0.520526
robot_133
   -18.06017,    -13.39793,            0,            0,            0,    0.8247139,    0.5655501
robot_99
    18.06356,     2.079861,            0,            0,            0,    0.2760436,    0.9611451
robot_171
   -6.040233,    -25.56737,            0,            0,            0,    0.9061116,    0.4230388
robot_180
   -25.99436,    -25.71566,            0,            0,            0,   -0.9979072,   0.06466182
robot_56
    17.18865,     -2.01866,            0,            0,            0,    0.9935183,    0.1136719
robot_3
    33.73597,    -5.973533,            0,            0,            0,     0.931788,    0.3630029
robot_81
   -35.25725,     13.96829,            0,            0,            0,    -0.700592,    0.7135621
robot_167
   -31.22204,     33.96806,            0,            0,            0,   -0.9991447,   0.04135115
robot_25
   -2.104824,    -6.019908,            0,            0,            0,    0.2900935,    0.9569983
robot_168
   -34.03755,    -28.40848,            0,            0,            0,   -0.7854722,    0.6188969
robot_96
    29.91068,    -27.95196,            0,            0,            0,    0.6217621,    0.7832062
robot_166
    33.95044,     6.116395,            0,            0,            0,   -0.4199099,    0.9075658
robot_102
   -6.101975,    -29.77726,            0,            0,            0,    0.9952495,   0.09735675
robot_192
    30.30912,    -18.07967,            0,            0,            0,   -0.2725875,     0.962131
robot_179
    26.03621,     14.03376,            0,            0,            0,    0.8472191,    0.5312437
robot_142
    6.308316,     6.032961,            0,            0,            0,    0.9824257,    0.1866542
robot_1
   -10.49542,     21.94083,            0,            0,            0,    0.9692656,    0.2460168
robot_44
   -6.044791,    -4.241445,            0,            0,            0,    -0.903806,    0.4279424
robot_163
    5.912513,    -33.67736,            0,            0,            0,   -0.4028718,    0.9152564
robot_79
   -18.06103,     20.42424,            0,            0,            0,   -0.8782221,     0.478253
robot_8
   -18.91509,    -2.025809,            0,            0,            0,  -0.06287798,    0.9980212
robot_20
    29.19003,     29.97184,            0,            0,            0,   -0.9656053,    0.2600122
robot_143
    21.90596,    -26.30976,            0,            0,            0,   -0.9889415,    0.1483064
robot_138
    -4.20674,     -21.9744,            0,            0,            0,    0.6935644,    0.7203947
robot_123
    9.902744,    -30.41286,            0,            0,            0,    0.9895524,    0.1441738
robot_193
    13.87205,     29.68948,            0,            0,            0,   0.06188991,     0.998083
robot_187
   -29.95069,     29.80327,            0,            0,            0,   -0.8115973,    0.5842173
robot_176
    9.907895,    -25.03239,            0,            0,            0,    0.8043357,    0.5941751
robot_66
    -38.5293,     18.06699,            0,            0,            0,   -0.3920228,    0.9199555
robot_63
   -32.59366,    -18.00568,            0,            0,            0,   -0.5263553,    0.8502647
robot_31
    34.56856,    -29.97009,            0,            0,            0,   -0.1653838,    0.9862293
robot_159
    29.93378,     33.44261,            0,            0,            0,    0.9349752,     0.354713
robot_160
   -10.18468,    -18.17138,            0,            0,            0, -0.008071335,    0.9999674
robot_151
     30.2012,    -9.936386,            0,            0,            0,    0.9863804,      0.16448
robot_150
   -14.93952,    -26.00118,            0,            0,            0,   -0.3820294,    0.9241502
robot_137
    -1.60628,    -21.95732,            0,            0,            0,  -0.06812225,     0.997677
robot_199
    23.21543,     30.01916,            0,            0,            0,    0.2087029,    0.9779791
