tuw_multi_robot_msgs::RobotGoalsArray @1970-01-01T00:16:46.600000
frame_id: map
           0,            0
robot_84
    27.10395,    -21.99013,            0,            0,            0,   -0.8525931,    0.5225754
robot_116
   -30.41353,    -22.06382,            0,            0,            0,    0.5657898,    0.8245495
robot_74
   -6.097136,     14.11006,            0,            0,            0,   -0.6681255,    0.7440486
robot_41
    37.92733,    -7.620022,            0,            0,            0,   -0.2554222,    0.9668296
robot_125
   -23.48726,     34.01427,            0,            0,            0,  -0.09493523,    0.9954835
robot_136
   -9.985033,     -34.1479,            0,            0,            0,    0.3803069,    0.9248603
robot_173
    31.62223,     18.01667,            0,            0,            0,    -0.739807,    0.6728191
robot_67
   -16.97181,    -6.025288,            0,            0,            0,    0.7019228,     0.712253
robot_197
    5.929747,     16.06525,            0,            0,            0,   -0.8697471,    0.4934976
robot_119
    37.92771,    -14.26234,            0,            0,            0,   -0.1394224,     0.990233
robot_82
    13.91449,     17.92316,            0,            0,            0,    0.9035619,    0.4284577
robot_77
    8.302067,    -5.991349,            0,            0,            0,   -0.4160984,    0.9093196
robot_5
    28.55165,     -9.99813,            0,            0,            0,    0.7747033,    0.6323249
robot_133
    18.39077,    -33.94141,            0,            0,            0,   -0.9121285,    0.4099044
robot_99
   -10.08596,      15.1501,            0,            0,            0,    0.5674159,    0.8234314
robot_171
   -34.09101,    -39.08919,            0,            0,            0,   -0.4039756,    0.9147698
robot_180
    6.865584,     9.994238,            0,            0,            0,    0.9717756,    0.2359072
robot_56
    13.35748,     -33.9779,            0,            0,            0,   -0.6264345,    0.7794741
robot_3
    23.21503,     37.98441,            0,            0,            0,    0.9390548,    0.3437675
robot_81
   -18.29755,     17.93718,            0,            0,            0,   -0.9824446,    0.1865543
robot_167
   -34.08972,    -22.45187,            0,            0,            0,    0.9748833,    0.2227165
robot_25
   -10.09433,    -19.91544,            0,            0,            0,    0.6503076,     0.759671
robot_168
   -22.13915,    -13.64421,            0,            0,            0, 4.786024e-06,            1
robot_96
   -37.95438,     21.81601,            0,            0,            0,    0.9758446,    0.2184659
robot_166
   -22.05324,      -33.857,            0,            0,            0,    0.9448253,    0.3275748
robot_102
   -26.06747,    -32.74539,            0,            0,            0,   -0.2586664,    0.9659667
robot_192
   -14.04791,    -16.88282,            0,            0,            0,     0.237661,    0.9713482
robot_179
   -6.546008,     1.957311,            0,            0,            0,   -0.9712881,    0.2379062
robot_142
   -19.99278,    -17.99086,            0,            0,            0,   -0.2957127,    0.9552769
robot_1
   -2.545748,    -25.96646,            0,            0,            0,    0.4264292,    0.9045209
robot_44
   -9.834573,    -22.01263,            0,            0,            0,   -0.9865403,    0.1635182
robot_163
    2.201445,    -13.95433,            0,            0,            0,   0.07871877,    0.9968969
robot_79
   -26.09934,      31.1744,            0,            0,            0,   -0.8637125,    0.5039848
robot_8
   -30.05404,     28.08701,            0,            0,            0,   -0.5040036,    0.8637015
robot_20
    10.16994,       14.076,            0,            0,            0,   -0.9820312,    0.1887184
robot_143
    19.67175,    -26.01826,            0,            0,            0,    -0.750238,    0.6611679
robot_138
   -13.40352,     -38.0331,            0,            0,            0,   -0.5502327,    0.8350114
robot_123
    5.927045,    -8.999966,            0,            0,            0,   -0.3844335,    0.9231527
robot_193
   -22.12038,     -29.9936,            0,            0,            0,    0.2065385,    0.9784385
robot_187
     37.7197,     25.91489,            0,            0,            0,   -0.9926941,    0.1206586
