tuw_multi_robot_msgs::RobotGoalsArray @1970-01-01T01:38:58.500000
frame_id: map
        5938,    500000000
robot_84
    13.63319,      -18.064,            0,            0,            0,   -0.1611702,    0.9869266
robot_116
   -34.15641,    -13.96249,            0,            0,            0,   -0.3433865,    0.9391942
robot_74
    9.778852,     1.842736,            0,            0,            0,    0.4789315,    0.8778523
robot_41
    1.623313,    -22.01807,            0,            0,            0,     0.339894,    0.9404637
robot_125
   -26.19655,    -34.01514,            0,            0,            0,   -0.9882425,    0.1528946
robot_136
    24.93884,     13.98254,            0,            0,            0,   -0.7532777,    0.6577026
robot_173
   -10.13367,     9.843964,            0,            0,            0,    0.8241657,    0.5663488
robot_67
    22.77316,    -5.972739,            0,            0,            0,   0.09843753,    0.9951432
robot_197
   -24.59745,    -5.984756,            0,            0,            0,   -0.3577706,    0.9338095
robot_119
   -18.07846,    -31.53113,            0,            0,            0,   -0.9022216,    0.4312727
robot_82
   -6.548371,     2.027953,            0,            0,            0,    -0.110677,    0.9938564
robot_77
   -2.088266,     9.375784,            0,            0,            0,   -0.5160623,    0.8565511
robot_5
    3.967482,    -13.98748,            0,            0,            0,  -0.07949369,    0.9968354
robot_133
   -6.150682,      22.0348,            0,            0,            0,   -0.3536423,    0.9353807
robot_99
    13.95116,     39.30985,            0,            0,            0,    0.9279717,    0.3726507
robot_171
   -6.142705,    -26.30299,            0,            0,            0,   -0.9544357,    0.2984167
robot_180
    -1.12686,    -5.969659,            0,            0,            0,    0.9987725,   0.04953198
robot_56
   -37.84737,     -6.12809,            0,            0,            0,   -0.2647932,    0.9643052
robot_3
   -22.51603,      5.97427,            0,            0,            0,    0.8987019,    0.4385599
robot_81
    5.329973,    -6.014709,            0,            0,            0,    0.7747664,    0.6322476
robot_167
   -22.04427,    -33.59856,            0,            0,            0,    0.8805406,    0.4739708
robot_25
   -1.736514,    -33.96939,            0,            0,            0,    0.9652439,    0.2613507
robot_168
    2.045901,     9.787714,            0,            0,            0,    0.4740831,    0.8804801
robot_96
   -22.09907,    -23.21774,            0,            0,            0,   -0.9422779,    0.3348319
robot_166
    5.207667,    -30.01325,            0,            0,            0,   -0.4972259,    0.8676211
robot_102
   -18.08564,     6.157006,            0,            0,            0,   -0.5342937,    0.8452989
robot_192
      9.9835,    -22.01197,            0,            0,            0,   -0.1130925,    0.9935845
robot_179
   -26.15438,     2.178206,            0,            0,            0,   -0.7704481,    0.6375028
robot_142
   -13.58412,    -5.978017,            0,            0,            0,     0.273978,     0.961736
robot_1
   -5.949307,    -9.947102,            0,            0,            0,    -0.964007,     0.265877
robot_44
    33.91465,    -1.026408,            0,            0,            0,   -0.6552903,    0.7553771
robot_163
   -23.62384,     38.02966,            0,            0,            0,   -0.6633079,    0.7483466
robot_79
    11.45648,    -26.03131,            0,            0,            0,     0.996215,   0.08692371
robot_8
    -26.0962,     25.41846,            0,            0,            0,   -0.6686411,    0.7435853
robot_20
    26.07806,    -21.79269,            0,            0,            0,   -0.9926033,    0.1214033
robot_143
     18.7008,    -26.02647,            0,            0,            0,    -0.913824,    0.4061105
robot_138
    36.77489,    -29.97113,            0,            0,            0,  -0.01083246,    0.9999413
robot_123
   -18.51322,    -9.970332,            0,            0,            0,    0.9514384,    0.3078391
robot_193
    25.91265,     6.687124,            0,            0,            0,    0.4195172,    0.9077474
robot_187
    23.17012,     33.97748,            0,            0,            0,    -0.411489,    0.9114147
robot_176
   -34.03612,     9.088594,            0,            0,            0,    0.1007163,    0.9949152
robot_66
    6.342272,     14.02155,            0,            0,            0,   -0.7643024,     0.644858
robot_63
    32.16347,    -9.985848,            0,            0,            0,   0.05306753,    0.9985909
robot_31
    22.15201,    -34.11375,            0,            0,            0,    0.9752366,    0.2211642
robot_159
   -2.075279,     32.51218,            0,            0,            0,    0.5977121,    0.8017108
robot_160
   -22.25205,    -37.87885,            0,            0,            0,    0.7574442,    0.6528999
robot_151
    29.90339,    -32.96785,            0,            0,            0,    0.5875722,    0.8091718
robot_150
   -34.77668,    -5.970969,            0,            0,            0,    0.4291075,    0.9032534
robot_137
    11.64828,     21.99878,            0,            0,            0,    0.3371194,    0.9414619
robot_199
    36.08364,      10.0149,            0,            0,            0,   -0.8862742,    0.4631609
robot_54
   -17.64476,    -17.99103,            0,            0,            0,   -0.9661505,    0.2579791
robot_117
   -10.08638,    -12.33236,            0,            0,            0,   -0.9553749,     0.295396
robot_36
   -29.32335,     25.98632,            0,            0,            0,    0.5582244,      0.82969
robot_33
     5.80076,     34.04989,            0,            0,            0,   -0.7211621,    0.6927663
robot_146
    29.85409,     34.32067,            0,            0,            0,   -0.9012731,    0.4332514
robot_156
   -18.18542,     34.00779,            0,            0,            0,    0.9972781,    0.0737322
robot_112
    30.39576,     2.095804,            0,            0,            0,   -0.1732363,    0.9848803
robot_19
    22.02561,    -22.24317,            0,            0,            0,    0.7591994,    0.6508581
robot_141
   -21.85306,     14.05674,            0,            0,            0,    -0.173369,    0.9848569
robot_35
     1.91091,     15.70233,            0,            0,            0,  -0.08866129,    0.9960618
robot_184
   -29.15995,    -6.020844,            0,            0,            0,   -0.5709076,    0.8210143
robot_98
    29.95468,     20.25135,            0,            0,            0,   -0.5875563,    0.8091833
robot_100
    5.694789,     9.960253,            0,            0,            0,    0.3620207,      0.93217
robot_164
    15.39728,     29.99232,            0,            0,            0,  -0.02812654,    0.9996044
robot_59
   -34.01203,    -18.01739,            0,            0,            0,   -0.4820577,    0.8761395
robot_144
   -10.14656,    -6.118862,            0,            0,            0,    0.9504437,    0.3108968
robot_101
   -29.46792,     18.03009,            0,            0,            0,    0.7391661,    0.6735231
robot_161
    22.60979,     13.99113,            0,            0,            0,   -0.9992491,   0.03874629
robot_149
   -9.853158,     1.911872,            0,            0,            0,    0.7414581,    0.6709992
robot_86
    35.98016,     21.98836,            0,            0,            0,    0.9646874,    0.2633974
robot_191
   -9.575875,    -2.094539,            0,            0,            0,    0.7466758,    0.6651882
robot_126
   -38.20875,     29.92705,            0,            0,            0,    0.7023647,    0.7118173
robot_190
      21.776,      10.1446,            0,            0,            0,   -0.5970852,    0.8021778
robot_131
     21.9372,     30.31588,            0,            0,            0,    0.1060541,    0.9943604
robot_154
    21.91135,    -15.39514,            0,            0,            0,   -0.4729772,    0.8810747
robot_9
   -33.12997,     30.00401,            0,            0,            0,   -0.9889281,    0.1483956
robot_27
    26.02718,     18.17597,            0,            0,            0,   -0.9343445,    0.3563712
robot_34
   -3.978507,     13.98071,            0,            0,            0,    0.7911859,    0.6115757
robot_114
    5.814588,    -21.76721,            0,            0,            0,   -0.9064526,    0.4223076
robot_51
   -38.05498,    -19.80482,            0,            0,            0,    0.8569187,    0.5154517
robot_108
    9.605896,    -13.99151,            0,            0,            0,    0.2622637,    0.9649962
robot_147
   -30.05189,    -17.72936,            0,            0,            0,   -0.8148119,    0.5797254
robot_183
    9.930116,    -37.34816,            0,            0,            0,   -0.7569084,     0.653521
robot_48
   -6.177309,    -22.07193,            0,            0,            0,   -0.9797333,    0.2003066
robot_60
   -5.467721,    -34.02653,            0,            0,            0,    0.8672653,    0.4978462
robot_75
   -8.566562,    -25.97063,            0,            0,            0,    0.4570568,    0.8894375
robot_152
   -9.178137,     34.00494,            0,            0,            0,   -0.5431952,    0.8396064
robot_26
    29.90093,     9.995536,            0,            0,            0,    0.9992972,   0.03748343
robot_182
   -14.19459,    -34.13755,            0,            0,            0,    0.6612913,    0.7501292
robot_172
    37.77286,    -25.86882,            0,            0,            0,   -0.8628856,    0.5053994
robot_43
    9.255955,    -34.00183,            0,            0,            0,   -0.1956816,    0.9806675
robot_170
    25.96137,    -36.87626,            0,            0,            0,   -0.9945313,    0.1044387
robot_177
    29.92808,     13.88254,            0,            0,            0,    0.5280624,    0.8492055
robot_80
    29.92861,     36.48423,            0,            0,            0,    0.4801687,    0.8771761
robot_16
   -10.05412,     17.78085,            0,            0,            0,   -0.5382471,    0.8427871
robot_13
   -10.03425,    -14.75652,            0,            0,            0,   -0.9007593,    0.4343186
robot_178
    29.93326,     -1.44003,            0,            0,            0,   -0.2046768,    0.9788296
robot_88
    13.96291,    -3.749541,            0,            0,            0,   -0.9777809,    0.2096295
robot_194
    34.16031,     17.87516,            0,            0,            0,   0.08894469,    0.9960366
robot_29
   -29.48485,    -29.97996,            0,            0,            0,    0.4691165,    0.8831363
robot_92
    1.959426,     21.82279,            0,            0,            0,   -0.9001415,    0.4355976
robot_87
    18.04308,    -22.15835,            0,            0,            0,   0.05643649,    0.9984062
robot_68
   -22.52564,     25.94988,            0,            0,            0,   -0.7594155,    0.6506059
robot_22
    7.646618,    -37.98231,            0,            0,            0,   -0.7127096,    0.7014592
robot_38
   -30.18244,    -38.17124,            0,            0,            0,   -0.4763206,    0.8792717
robot_2
   -19.24809,     1.989192,            0,            0,            0,     0.146905,    0.9891506
robot_110
   -27.18533,     10.02971,            0,            0,            0,     -0.35907,    0.9333106
robot_14
     17.9397,     20.90188,            0,            0,            0,   -0.1776798,    0.9840884
robot_181
   -27.13118,    -37.96796,            0,            0,            0,  -0.09662375,     0.995321
robot_61
    37.67717,     25.90655,            0,            0,            0,    0.7378907,    0.6749202
robot_30
    1.761531,     -26.0684,            0,            0,            0,    0.9982074,   0.05985028
robot_122
    37.98085,    -21.71831,            0,            0,            0,   -0.8736948,    0.4864744
robot_132
     4.64692,     21.98197,            0,            0,            0,   -0.3423576,    0.9395697
robot_45
   -24.43831,    -25.99293,            0,            0,            0,    0.9999274,   0.01204669
robot_21
    9.960553,    -18.90032,            0,            0,            0,    0.9622666,    0.2721084
robot_39
    -18.9335,    -34.00037,            0,            0,            0,   -0.9763585,    0.2161574
robot_134
     17.9271,    -11.70929,            0,            0,            0,    0.7296453,    0.6838258
robot_15
   -22.45579,     1.906003,            0,            0,            0,   -0.1269097,    0.9919143
robot_145
   -8.881608,     22.02947,            0,            0,            0,   -0.5107134,     0.859751
robot_140
    -14.0404,     31.60905,            0,            0,            0,    0.7144416,    0.6996951
robot_196
    5.935577,     24.87342,            0,            0,            0,   -0.8770332,    0.4804297
robot_188
      1.4184,       18.006,            0,            0,            0,   -0.5037116,    0.8638719
robot_4
    9.912529,    -2.509144,            0,            0,            0,   -0.8476454,    0.5305631
robot_155
   -6.047453,    -29.64184,            0,            0,            0,   -0.9934198,    0.1145303
robot_135
   -6.036688,    -37.19376,            0,            0,            0,   -0.9765693,    0.2152032
robot_93
    13.91868,    -11.27133,            0,            0,            0,   -0.4803925,    0.8770536
robot_111
    -23.4723,    -2.028242,            0,            0,            0,    0.6086548,    0.7934351
robot_0
   -2.100961,    -14.36526,            0,            0,            0,    0.6207144,    0.7840367
robot_49
    34.34573,    -13.97586,            0,            0,            0,    0.1440291,    0.9895735
robot_113
   -0.430792,    -10.03069,            0,            0,            0,    0.5279297,    0.8492881
robot_94
    9.955345,      7.15413,            0,            0,            0,   -0.8760967,    0.4821354
robot_40
   -34.10209,    -22.36159,            0,            0,            0,   -0.9997517,   0.02228159
robot_103
    29.46058,    -10.09045,            0,            0,            0,   -0.4843863,    0.8748542
robot_6
   -38.04496,    -25.79734,            0,            0,            0,   -0.9208717,    0.3898658
robot_71
    5.933467,    -15.89664,            0,            0,            0,   0.06547573,    0.9978542
robot_17
    33.95256,     5.771364,            0,            0,            0,   -0.6784693,    0.7346288
robot_120
   -10.06004,     4.262384,            0,            0,            0,   -0.7669258,    0.6417358
robot_189
   -18.07223,     36.18258,            0,            0,            0,   -0.6197903,    0.7847675
robot_148
    -18.8118,     17.97527,            0,            0,            0,    0.1426469,    0.9897736
robot_186
    26.08902,    -5.841603,            0,            0,            0,    0.4736961,    0.8806884
robot_198
    6.117352,    -25.97446,            0,            0,            0,    0.1545131,    0.9879907
robot_107
    28.45402,     26.02854,            0,            0,            0,  -0.02261935,    0.9997441
robot_18
   -13.70536,    -17.94547,            0,            0,            0,    -0.744085,    0.6680849
robot_23
    33.93856,    -22.93945,            0,            0,            0,   -0.9785713,     0.205908
robot_46
    20.27844,     18.00505,            0,            0,            0,    0.1610304,    0.9869495
robot_109
   -10.08327,    -19.59278,            0,            0,            0,    0.8879218,    0.4599945
robot_10
    14.03516,     22.15535,            0,            0,            0,     0.943329,     0.331859
robot_157
    36.97732,     18.01352,            0,            0,            0,   -0.3611032,    0.9325258
robot_70
   -30.10823,    -33.87801,            0,            0,            0,   -0.2400126,    0.9707698
robot_55
    5.950905,     1.768149,            0,            0,            0,   -0.2344798,     0.972121
