tuw_multi_robot_msgs::RobotGoalsArray @1970-01-01T01:18:35.400000
frame_id: map
        4715,    400000000
robot_84
   -34.55635,     33.96417,            0,            0,            0,    0.6932378,     0.720709
robot_116
   -14.03827,    -16.38113,            0,            0,            0,   -0.9900798,    0.1405062
robot_74
    13.92631,     10.03818,            0,            0,            0,   -0.8988855,    0.4381836
robot_41
   -17.13765,     37.97649,            0,            0,            0,    0.7727482,    0.6347127
robot_125
    32.37456,     9.982953,            0,            0,            0,    0.7695826,    0.6385473
robot_136
    13.95621,     6.684542,            0,            0,            0,   -0.4335023,    0.9011525
robot_173
   -1.616552,     22.06813,            0,            0,            0,    0.2806885,    0.9597989
robot_67
   -22.06385,    -7.815995,            0,            0,            0,   -0.8827577,    0.4698286
robot_197
   -24.36672,      34.0027,            0,            0,            0,    -0.404708,     0.914446
robot_119
   -34.06687,     36.67343,            0,            0,            0,   -0.9541977,    0.2991767
