tuw_multi_robot_msgs::RobotGoalsArray @1970-01-01T01:12:10.900000
frame_id: map
        4330,    900000000
robot_84
   -18.07405,    -9.606674,            0,            0,            0,    0.6755549,    0.7373097
robot_116
   -21.99165,    -10.28944,            0,            0,            0,   -0.9984352,   0.05592074
robot_74
    -2.08417,     32.72248,            0,            0,            0,    0.5673835,    0.8234537
robot_41
   -8.662176,     10.01618,            0,            0,            0,    0.9849709,    0.1727202
robot_125
   -13.65034,    -2.059871,            0,            0,            0,    0.6015093,    0.7988658
robot_136
   -10.09423,    -38.38512,            0,            0,            0,    0.8874384,    0.4609264
robot_173
    33.93632,    -25.56313,            0,            0,            0,   0.03749448,    0.9992968
robot_67
    -17.8712,      26.1497,            0,            0,            0,    0.6033121,    0.7975052
robot_197
    37.92485,    -10.83146,            0,            0,            0,  -0.00968803,    0.9999531
robot_119
    9.145108,      37.9916,            0,            0,            0,    0.9968585,   0.07920249
robot_82
   -33.88415,    -14.00433,            0,            0,            0,    0.7220836,    0.6918058
robot_77
   -38.43708,    -25.93541,            0,            0,            0,   -0.9320284,    0.3623851
robot_5
    32.25353,     33.99408,            0,            0,            0,    0.8129379,    0.5823503
robot_133
   -10.09463,    -24.87392,            0,            0,            0,    0.1147359,     0.993396
robot_99
    -33.9663,      37.9063,            0,            0,            0,   -0.6063223,     0.795219
robot_171
   -18.06943,    -12.12469,            0,            0,            0,  -0.08868402,    0.9960598
robot_180
    6.064437,    -17.92229,            0,            0,            0,   -0.3432717,    0.9392361
robot_56
   -29.68773,    -38.05527,            0,            0,            0,    0.9699405,    0.2433422
robot_3
   -25.93448,     30.14243,            0,            0,            0,   0.06922828,    0.9976008
robot_81
   -34.08578,    -30.25416,            0,            0,            0,    0.9208611,    0.3898908
robot_167
   -22.16654,     29.88254,            0,            0,            0,   -0.5250498,    0.8510715
robot_25
    30.04865,     25.83428,            0,            0,            0,    -0.530895,    0.8474376
robot_168
    28.88017,     6.010711,            0,            0,            0,   0.06902549,    0.9976149
robot_96
   -37.56987,     30.06385,            0,            0,            0,   -0.8250458,    0.5650659
robot_166
   -14.20418,    -21.78341,            0,            0,            0,   -0.8990505,     0.437845
robot_102
    9.927175,     17.81309,            0,            0,            0,   -0.6630323,    0.7485908
robot_192
    8.427188,     1.986039,            0,            0,            0,   -0.7796113,    0.6262637
robot_179
    11.99735,     10.01359,            0,            0,            0,    0.3356026,    0.9420037
robot_142
    4.567925,     5.977759,            0,            0,            0,    -0.346666,    0.9379887
robot_1
   -10.01103,    -13.93904,            0,            0,            0,    0.6328383,     0.774284
robot_44
   -14.07479,     19.28255,            0,            0,            0,   0.02551238,    0.9996745
robot_163
    17.79331,     38.21058,            0,            0,            0,     0.931169,    0.3645878
robot_79
     28.5002,     34.02645,            0,            0,            0,   -0.4632343,    0.8862359
robot_8
    1.264878,     22.00457,            0,            0,            0,   -0.5503707,    0.8349204
robot_20
    25.98942,    -17.90409,            0,            0,            0,   -0.5411886,    0.8409012
robot_143
   -23.15953,     38.00403,            0,            0,            0,   -0.9726595,    0.2322358
robot_138
   -25.60289,    -6.059454,            0,            0,            0,   -0.7088445,    0.7053648
robot_123
    5.935135,     33.38182,            0,            0,            0,    0.8444438,    0.5356442
robot_193
    30.08492,     -13.8719,            0,            0,            0,    0.7018434,    0.7123313
robot_187
    21.96541,    -27.77552,            0,            0,            0,   -0.3814556,    0.9243872
robot_176
    26.27502,     9.922458,            0,            0,            0,    -0.243717,    0.9698464
robot_66
   -29.44685,     22.02534,            0,            0,            0,    0.9844478,    0.1756774
robot_63
    19.79743,     13.99481,            0,            0,            0,    0.4824905,    0.8759012
robot_31
    13.90242,       30.409,            0,            0,            0,     0.884083,      0.46733
robot_159
    14.15041,    -34.02332,            0,            0,            0,   -0.2376696,    0.9713461
robot_160
    33.91815,     33.03021,            0,            0,            0,     0.948914,    0.3155349
robot_151
   -6.553712,    -9.917878,            0,            0,            0,    0.9988074,   0.04882345
robot_150
   -10.09117,    -3.508627,            0,            0,            0,    0.2923336,    0.9563164
robot_137
   -10.03344,     -35.9424,            0,            0,            0,     0.971857,    0.2355717
robot_199
   -22.09057,    -2.176778,            0,            0,            0,   -0.3964866,    0.9180405
robot_54
    25.94863,    -26.66552,            0,            0,            0,   -0.9892418,    0.1462894
robot_117
    32.85729,    -10.01102,            0,            0,            0,     0.487885,    0.8729079
robot_36
    35.49162,    -33.97504,            0,            0,            0,   -0.9572811,    0.2891588
robot_33
    32.84031,    -34.02819,            0,            0,            0,    0.9808231,    0.1949001
robot_146
   -21.81694,     21.90973,            0,            0,            0,   -0.9085533,     0.417769
robot_156
    -14.1619,     21.72682,            0,            0,            0,    0.9194112,    0.3932978
robot_112
    33.44106,     26.07474,            0,            0,            0,   -0.4943543,    0.8692605
robot_19
   0.8585873,      5.99487,            0,            0,            0,   -0.4048579,    0.9143796
robot_141
    24.62829,     13.98641,            0,            0,            0,    0.3887417,    0.9213468
robot_35
   -17.75833,      33.9083,            0,            0,            0,   -0.2406833,    0.9706037
robot_184
  -0.9817895,     18.01759,            0,            0,            0,    0.7502454,    0.6611595
robot_98
    29.46503,    -26.09928,            0,            0,            0,   -0.3395833,     0.940576
robot_100
   -34.36174,    -5.911072,            0,            0,            0,   -0.4138806,    0.9103312
robot_164
     5.90219,     13.20818,            0,            0,            0,    0.7980458,    0.6025967
robot_59
    25.67946,     18.09697,            0,            0,            0,   -0.7370496,    0.6758386
robot_144
   -22.08819,     14.50986,            0,            0,            0,   -0.1587225,    0.9873232
robot_101
    0.764312,     14.00447,            0,            0,            0,   -0.1344052,    0.9909265
robot_161
    29.58106,    -6.098594,            0,            0,            0,    -0.938189,    0.3461234
robot_149
    26.22014,     -13.9539,            0,            0,            0,    0.8343414,    0.5512481
robot_86
   -14.88382,    -33.99746,            0,            0,            0,   -0.4818845,    0.8762347
robot_191
    20.86024,     17.98604,            0,            0,            0,    -0.695782,     0.718253
robot_126
   -4.439359,    -18.02936,            0,            0,            0,   -0.1316208,    0.9913001
robot_190
   -6.052604,    -38.52201,            0,            0,            0,   -0.7912351,    0.6115121
robot_131
    13.27638,     34.03023,            0,            0,            0,  -0.06048153,    0.9981693
robot_154
    31.16267,    -21.96743,            0,            0,            0,   -0.9257414,    0.3781572
robot_9
   -32.70362,     5.974854,            0,            0,            0,   -0.6964843,     0.717572
robot_27
    20.81531,      30.0262,            0,            0,            0,   -0.8897714,    0.4564064
robot_34
   -6.295911,    -14.00198,            0,            0,            0,   0.06247286,    0.9980467
robot_114
    9.860863,     25.75276,            0,            0,            0,   -0.7700827,    0.6379441
robot_51
   -2.028975,    -13.83395,            0,            0,            0,    0.9984199,   0.05619381
