tuw_multi_robot_msgs::RobotGoalsArray @1970-01-01T00:47:57.500000
frame_id: map
           0,            0
robot_84
    5.857181,     30.24261,            0,            0,            0,  -0.03134945,    0.9995085
robot_116
    36.08682,    -9.970624,            0,            0,            0,    0.1404663,    0.9900855
robot_74
    25.95797,    -12.39897,            0,            0,            0,    0.7455492,    0.6664506
robot_41
    13.10935,    -14.02022,            0,            0,            0,  -0.06422298,    0.9979356
robot_125
    1.965983,     28.37933,            0,            0,            0,    0.2368104,    0.9715559
robot_136
   -30.06796,    -38.06037,            0,            0,            0,    -0.990062,    0.1406316
robot_173
   -18.20919,     13.77276,            0,            0,            0,   -0.5095708,    0.8604288
robot_67
   -10.07043,     22.73127,            0,            0,            0,   -0.1911161,    0.9815674
robot_197
     9.93182,    -16.84907,            0,            0,            0,     0.999434,   0.03364103
robot_119
   -31.60044,     1.995989,            0,            0,            0,   -0.3794077,    0.9252296
robot_82
    33.93959,     -9.87837,            0,            0,            0,   -0.9940267,    0.1091376
robot_77
   -27.41301,    -30.01179,            0,            0,            0,    -0.323777,    0.9461334
robot_5
    21.90141,     32.33596,            0,            0,            0,    0.8863821,    0.4629544
robot_133
    28.33202,     17.99609,            0,            0,            0,    0.9354148,    0.3535522
robot_99
    21.50842,    -1.936139,            0,            0,            0,    0.7155342,    0.6985777
robot_171
   -33.86387,     33.95644,            0,            0,            0,   -0.9985713,   0.05343515
robot_180
   -2.060527,    -23.84492,            0,            0,            0,   -0.9536211,    0.3010095
robot_56
   -33.16804,     9.978777,            0,            0,            0,   0.06105437,    0.9981344
robot_3
   -37.60915,    -18.04275,            0,            0,            0,    0.9835435,    0.1806715
robot_81
    25.78237,    -37.81987,            0,            0,            0,    0.8974423,    0.4411319
robot_167
    21.92615,     27.02948,            0,            0,            0,    0.8042132,    0.5943409
robot_25
     25.3782,     10.02738,            0,            0,            0,     0.525138,    0.8510171
robot_168
     10.3065,     34.01299,            0,            0,            0,   -0.3781037,    0.9257632
robot_96
    13.91077,     22.82575,            0,            0,            0,    0.6064351,     0.795133
robot_166
    5.890017,    -10.32396,            0,            0,            0,    0.8571376,    0.5150874
robot_102
    6.054904,     6.039438,            0,            0,            0,   -0.3912756,    0.9202736
robot_192
    29.55123,    -10.09964,            0,            0,            0,    0.2928728,    0.9561514
robot_179
   -34.03719,     36.12961,            0,            0,            0,      0.79463,     0.607094
robot_142
   -23.99208,     33.98682,            0,            0,            0,    0.2945505,    0.9556359
robot_1
    17.95031,     37.84873,            0,            0,            0,   -0.1434296,    0.9896605
robot_44
   -34.03839,    -15.75256,            0,            0,            0,   -0.6587352,    0.7523748
robot_163
   -17.36411,    -13.99632,            0,            0,            0,     0.302025,       0.9533
robot_79
    13.91699,    -2.797551,            0,            0,            0,    0.9238424,    0.3827731
robot_8
   -22.05822,    -21.17929,            0,            0,            0,   -0.8081945,    0.5889157
robot_20
   -4.123177,     30.01456,            0,            0,            0,     -0.93064,     0.365936
robot_143
   -14.70018,     33.98015,            0,            0,            0,   -0.7110664,    0.7031248
robot_138
    17.90184,      31.7598,            0,            0,            0,    0.9615227,    0.2747256
robot_123
    33.77227,    -30.18617,            0,            0,            0,    0.2349812,    0.9719999
robot_193
   -29.63549,     1.957963,            0,            0,            0,    0.9929489,    0.1185427
robot_187
   -34.10583,      6.01351,            0,            0,            0,    0.8997601,    0.4363849
robot_176
   -38.06344,     23.66395,            0,            0,            0,   -0.4690211,    0.8831869
robot_66
   -22.07366,     14.26051,            0,            0,            0,    0.9666899,    0.2559506
robot_63
   -22.20996,    -5.994018,            0,            0,            0,   -0.5413049,    0.8408264
robot_31
    29.77307,     14.10012,            0,            0,            0,   -0.9977635,   0.06684347
robot_159
    30.07223,    -30.21068,            0,            0,            0,     0.769887,    0.6381802
robot_160
   -22.08485,    -1.031135,            0,            0,            0,    0.8899026,    0.4561506
robot_151
     17.9335,     10.32082,            0,            0,            0,   -0.2522262,    0.9676683
robot_150
   -10.25702,    -22.07949,            0,            0,            0,    -0.468324,    0.8835568
robot_137
    24.35933,     6.026759,            0,            0,            0,    0.1056923,    0.9943989
robot_199
   -26.01794,    -5.897631,            0,            0,            0,    0.9983176,   0.05798325
