tuw_multi_robot_msgs::RobotGoalsArray @1970-01-01T01:20:12.900000
frame_id: map
        4812,    900000000
robot_84
    29.92824,     9.069594,            0,            0,            0,    0.9514924,    0.3076721
robot_116
   -37.94498,    -9.900278,            0,            0,            0,    0.5426992,    0.8399271
robot_74
    10.78579,     34.03303,            0,            0,            0,     0.612349,    0.7905875
robot_41
    13.91511,    -21.47025,            0,            0,            0,    0.9820296,     0.188727
robot_125
    1.904818,      16.4842,            0,            0,            0,   -0.2196455,    0.9755797
robot_136
   -2.411108,    -13.96755,            0,            0,            0,    0.7637501,     0.645512
robot_173
   -18.11205,    -13.87144,            0,            0,            0,    0.9926292,    0.1211914
robot_67
    17.91965,     10.60211,            0,            0,            0,   0.02153789,     0.999768
robot_197
     -20.893,     -25.9777,            0,            0,            0,    0.9162369,     0.400637
robot_119
   -30.43344,     -18.0606,            0,            0,            0,    0.1687712,    0.9856553
robot_82
   0.6815226,    -30.01177,            0,            0,            0,    0.9748368,    0.2229199
robot_77
    9.946399,    -22.39099,            0,            0,            0,   -0.3143286,    0.9493142
robot_5
    29.72742,     -34.1092,            0,            0,            0,   -0.8198595,    0.5725648
robot_133
     25.9612,    -21.47412,            0,            0,            0,    0.6879411,    0.7257665
robot_99
   -2.057188,    -6.470944,            0,            0,            0,    0.3588088,    0.9334111
robot_171
    9.912622,    -16.70654,            0,            0,            0,    0.6685744,    0.7436452
robot_180
    21.96564,     30.66749,            0,            0,            0,   -0.9498326,    0.3127588
robot_56
   -27.87195,     -2.02959,            0,            0,            0,    0.8054984,     0.592598
robot_3
   -10.45278,     26.03427,            0,            0,            0,    0.6336906,    0.7735866
robot_81
   -34.08195,    -4.721594,            0,            0,            0,     0.999973,  0.007344756
robot_167
   -34.37762,      33.9145,            0,            0,            0,    0.8552184,    0.5182678
robot_25
   -6.059264,     30.67587,            0,            0,            0,    0.7274688,    0.6861408
robot_168
   -6.063727,    -21.19852,            0,            0,            0,    0.8645004,    0.5026322
robot_96
   -2.148973,      -18.272,            0,            0,            0,    0.9239154,    0.3825967
robot_166
    21.59417,     33.96547,            0,            0,            0,    0.9777563,    0.2097442
robot_102
   -22.05477,    0.2358328,            0,            0,            0,    0.6036527,    0.7972474
robot_192
    1.908171,    -32.67031,            0,            0,            0,   -0.8121822,    0.5834039
robot_179
   -17.89038,    -1.908521,            0,            0,            0,    0.8426467,    0.5384668
robot_142
   -13.07246,     33.98482,            0,            0,            0,    0.4569565,    0.8894891
robot_1
    27.45688,     29.97021,            0,            0,            0,   -0.9446182,    0.3281715
robot_44
   -32.00607,     33.98604,            0,            0,            0,  -0.08778961,     0.996139
robot_163
   -31.98843,     18.00986,            0,            0,            0,   -0.8519956,    0.5235489
robot_79
   -33.96481,     13.97548,            0,            0,            0,   -0.6168981,     0.787043
robot_8
    -17.3715,    -6.030055,            0,            0,            0,    0.9874459,    0.1579574
robot_20
    27.30461,    -30.01223,            0,            0,            0,  -0.09879722,    0.9951076
robot_143
   -26.10392,     1.809516,            0,            0,            0,   -0.9232836,    0.3841189
robot_138
    27.50636,    -1.973554,            0,            0,            0,  -0.02025063,    0.9997949
robot_123
    18.02838,    -33.95154,            0,            0,            0,   -0.9561104,    0.2930068
robot_193
    21.04314,    -26.02287,            0,            0,            0,   -0.8942889,      0.44749
robot_187
    13.92812,     13.71884,            0,            0,            0,    0.3728894,    0.9278758
robot_176
    37.94962,     10.59416,            0,            0,            0,   -0.4694622,    0.8829526
robot_66
    33.86145,    -30.33853,            0,            0,            0,    0.4930464,     0.870003
robot_63
    10.20238,     2.034507,            0,            0,            0,    0.6670715,    0.7449937
robot_31
    29.88036,     -2.33895,            0,            0,            0,   -0.9461357,    0.3237703
robot_159
    -7.81664,    -18.02623,            0,            0,            0,    0.5449551,    0.8384652
robot_160
    18.17816,     17.90877,            0,            0,            0,   -0.8822326,    0.4708137
robot_151
   -34.23201,    -13.80965,            0,            0,            0,   -0.0778444,    0.9969655
robot_150
    21.94532,     7.737145,            0,            0,            0,   -0.8098929,    0.5865778
robot_137
    38.00809,     21.67693,            0,            0,            0,   -0.7070643,    0.7071492
robot_199
    6.262548,     25.97424,            0,            0,            0,   -0.2938306,    0.9558575
robot_54
    19.39653,    -6.021775,            0,            0,            0,     0.360314,    0.9328311
robot_117
   -15.31634,    -37.97376,            0,            0,            0,  -0.06920112,    0.9976027
robot_36
    29.62125,     25.99903,            0,            0,            0,    0.4861206,    0.8738917
robot_33
   -2.057362,     25.73276,            0,            0,            0,    0.8362278,    0.5483823
robot_146
   -36.21759,     5.997105,            0,            0,            0,   -0.7700264,     0.638012
robot_156
    15.74978,    -18.03001,            0,            0,            0,   -0.8610907,    0.5084514
robot_112
   -22.08888,     2.243622,            0,            0,            0,    0.9970523,   0.07672451
robot_19
    25.95917,     18.09877,            0,            0,            0,    0.9388413,    0.3443501
robot_141
   -28.05106,     37.98319,            0,            0,            0,   -0.6942931,    0.7196923
robot_35
   -30.01002,    -6.266273,            0,            0,            0,    0.9901538,    0.1399841
robot_184
    13.94756,     29.78053,            0,            0,            0,    0.4810298,    0.8767043
robot_98
    21.52139,    -17.95974,            0,            0,            0,    0.5578546,    0.8299387
robot_100
   -12.63751,    -2.005436,            0,            0,            0,    0.9871318,    0.1599085
robot_164
   -1.836562,    -30.07292,            0,            0,            0,    0.7892885,    0.6140226
robot_59
    19.12535,     -22.0124,            0,            0,            0,   -0.9988062,   0.04884919
robot_144
     -26.092,    -38.51932,            0,            0,            0,    0.1645591,    0.9863672
robot_101
    9.948143,    -11.00476,            0,            0,            0,    0.1593616,    0.9872203
robot_161
   -32.77189,     5.968797,            0,            0,            0,    0.9977297,   0.06734623
robot_149
   -38.11434,    -14.16147,            0,            0,            0,   -0.9341179,    0.3569645
robot_86
   -10.04533,    -21.02972,            0,            0,            0,   -0.6372274,    0.7706758
robot_191
    17.90323,    -1.404289,            0,            0,            0,   -0.6948245,    0.7191793
robot_126
    29.91449,    -37.13931,            0,            0,            0,    0.1212348,    0.9926239
robot_190
    25.78403,    -6.109478,            0,            0,            0,  -0.05666242,    0.9983934
robot_131
    6.507682,    -30.03097,            0,            0,            0,   -0.9918144,    0.1276877
robot_154
    13.91081,    -33.38858,            0,            0,            0,   -0.9032119,    0.4291949
robot_9
   -25.62611,     13.92156,            0,            0,            0,   -0.3458053,    0.9383063
robot_27
    33.10483,    -2.007856,            0,            0,            0,   -0.4285073,    0.9035383
robot_34
   -22.28814,     18.00759,            0,            0,            0,   -0.1781567,    0.9840021
robot_114
   -14.13558,     9.720875,            0,            0,            0,    0.9799555,    0.1992167
robot_51
   -16.77574,     1.977069,            0,            0,            0,   -0.5248734,    0.8511803
robot_108
   -22.03429,    -21.49394,            0,            0,            0,    0.9434916,    0.3313965
robot_147
   -25.66981,     22.03099,            0,            0,            0,   -0.8720583,     0.489402
robot_183
    10.55859,     13.97783,            0,            0,            0,     -0.93801,    0.3466081
robot_48
    25.95765,     27.30208,            0,            0,            0,     0.999858,   0.01685438
robot_60
   -33.85451,     10.00982,            0,            0,            0,   -0.5219684,    0.8529648
robot_75
   -30.11263,     21.87245,            0,            0,            0,    0.8625091,    0.5060416
robot_152
   -30.05842,     19.12137,            0,            0,            0,   -0.9970828,   0.07632751
robot_26
   -26.09434,    -20.22501,            0,            0,            0,   -0.5811502,    0.8137963
robot_182
    18.13069,      29.9567,            0,            0,            0,    0.8804389,    0.4741597
robot_172
   -9.686719,     17.94231,            0,            0,            0,   -0.1582895,    0.9873928
robot_43
    9.888146,    -2.342002,            0,            0,            0,    0.7661094,    0.6427102
robot_170
    0.808535,     22.00681,            0,            0,            0,    0.8958935,    0.4442689
robot_177
   -14.15301,    -22.18908,            0,            0,            0,   -0.9927112,    0.1205176
robot_80
    17.95414,     35.09158,            0,            0,            0,    0.9213935,     0.388631
robot_16
   -25.17747,    -26.00483,            0,            0,            0,    -0.182513,    0.9832034
robot_13
    21.94703,     -36.2402,            0,            0,            0,   -0.9906192,    0.1366514
robot_178
    29.94885,     33.57715,            0,            0,            0,   -0.9032041,    0.4292113
robot_88
   0.8543469,    -18.01318,            0,            0,            0,    0.9982791,   0.05864241
robot_194
      26.545,     1.995666,            0,            0,            0,   -0.6206281,    0.7841051
robot_29
   -14.09305,    -7.272508,            0,            0,            0,   -0.2355605,    0.9718597
