tuw_multi_robot_msgs::RobotGoalsArray @1970-01-01T00:55:41.100000
frame_id: map
        3341,    100000000
robot_84
   -31.13942,    -18.03118,            0,            0,            0,   -0.4795606,    0.8775088
robot_116
    5.927861,     37.61016,            0,            0,            0,   -0.6246617,    0.7808955
robot_74
   -6.036328,     5.847176,            0,            0,            0,   -0.6281971,    0.7780543
robot_41
     22.1043,     25.99882,            0,            0,            0,   -0.3646276,    0.9311534
robot_125
    21.96701,     33.65334,            0,            0,            0,    0.4888342,    0.8723767
robot_136
    6.085759,     -9.95417,            0,            0,            0,  -0.01209593,    0.9999268
robot_173
   -10.04921,     29.67427,            0,            0,            0,    0.5180016,    0.8553797
robot_67
     13.9598,    -15.71826,            0,            0,            0,   -0.6270004,    0.7790189
robot_197
    -22.0523,     1.314527,            0,            0,            0,   -0.2005868,    0.9796759
robot_119
     10.0469,     17.86873,            0,            0,            0,    0.9835844,    0.1804489
robot_82
   -34.06878,     31.89598,            0,            0,            0,    0.8535182,     0.521063
robot_77
    25.94811,     3.238835,            0,            0,            0,   -0.9997311,   0.02318726
robot_5
   -6.052294,     29.19907,            0,            0,            0,    0.2336802,    0.9723135
robot_133
    10.05744,    -6.206595,            0,            0,            0,     0.233375,    0.9723868
robot_99
    34.06314,    -18.22612,            0,            0,            0,   -0.8837078,    0.4680391
robot_171
   -28.69261,     37.97381,            0,            0,            0,    0.7637843,    0.6454716
robot_180
    17.94436,    -29.46306,            0,            0,            0,   -0.5197987,    0.8542888
robot_56
    -37.4299,     5.977484,            0,            0,            0,    0.8515251,    0.5243139
robot_3
      17.948,    -36.64434,            0,            0,            0,   -0.8547612,    0.5190215
robot_81
   -8.704481,     5.971952,            0,            0,            0,    0.4223619,    0.9064273
robot_167
    21.11307,     5.997053,            0,            0,            0,   -0.1352886,    0.9908062
robot_25
   -6.115888,     33.98426,            0,            0,            0,   0.04635846,    0.9989249
robot_168
   -30.27781,    -38.13231,            0,            0,            0,   -0.9591106,    0.2830317
robot_96
   -30.09796,     18.51667,            0,            0,            0,    0.3522206,     0.935917
robot_166
    24.22861,     5.977123,            0,            0,            0,   -0.8679623,    0.4966301
robot_102
    36.60678,     13.97138,            0,            0,            0,    0.7055482,    0.7086619
robot_192
    26.37177,    -25.94438,            0,            0,            0,   -0.9236618,    0.3832088
robot_179
   -18.69769,     6.032031,            0,            0,            0,   -0.5972468,    0.8020576
robot_142
     29.9204,    -38.47519,            0,            0,            0,   -0.9979594,   0.06385094
robot_1
    37.74961,    -17.92508,            0,            0,            0,   -0.9199075,    0.3921354
robot_44
     1.61053,    -30.07782,            0,            0,            0,   -0.1648902,    0.9863119
robot_163
    33.06904,    -38.02646,            0,            0,            0,   -0.3801984,    0.9249049
robot_79
   -10.03765,    -4.383887,            0,            0,            0,    -0.833793,    0.5520772
robot_8
    9.596409,     29.95159,            0,            0,            0,   -0.9487624,    0.3159903
robot_20
    5.955246,     14.65555,            0,            0,            0,    0.0667936,    0.9977668
robot_143
    30.68832,    -26.02303,            0,            0,            0,    0.5036219,    0.8639241
robot_138
    29.34183,    -29.99453,            0,            0,            0,   -0.8296733,    0.5582492
robot_123
    -2.09567,    -9.419931,            0,            0,            0,  -0.04888021,    0.9988046
robot_193
    30.91825,     5.994859,            0,            0,            0,    -0.108269,    0.9941216
robot_187
   -2.093508,     7.671894,            0,            0,            0,    0.8461605,    0.5329282
robot_176
    21.92087,     14.04667,            0,            0,            0,    0.8796185,    0.4756798
robot_66
    5.993432,    -34.03358,            0,            0,            0,       0.8082,    0.5889081
robot_63
    17.96351,     -5.94895,            0,            0,            0,    0.4709862,    0.8821406
robot_31
   -29.85363,     14.09563,            0,            0,            0,   -0.3054359,    0.9522126
robot_159
    9.936326,      1.11957,            0,            0,            0,     0.823636,    0.5671188
robot_160
    9.962474,    -33.63229,            0,            0,            0,  0.009125642,    0.9999584
robot_151
   -5.995025,    -25.73947,            0,            0,            0,   -0.9222588,     0.386573
robot_150
   -28.02842,     -22.0066,            0,            0,            0,    0.6021489,    0.7983838
robot_137
    7.900731,    -5.984745,            0,            0,            0,    0.3680534,    0.9298047
robot_199
   -13.99126,     37.72453,            0,            0,            0,  -0.06234878,    0.9980544
robot_54
    29.93114,     34.32318,            0,            0,            0,     0.174243,    0.9847027
robot_117
    13.93205,    -5.571401,            0,            0,            0,   -0.1395347,    0.9902172
robot_36
   -21.99688,      9.78577,            0,            0,            0,   -0.1178979,    0.9930257
robot_33
    18.01055,     -17.8655,            0,            0,            0,    0.7561068,    0.6544483
robot_146
    17.94701,    -8.590188,            0,            0,            0,    0.6213276,    0.7835509
robot_156
   -37.85798,    -33.89795,            0,            0,            0,    0.3348706,    0.9422641
robot_112
    17.95241,   -0.7350615,            0,            0,            0,     0.319525,    0.9475778
robot_19
   -17.75512,    -37.97805,            0,            0,            0,    -0.333144,     0.942876
robot_141
    25.95326,    -37.30946,            0,            0,            0,    0.4518355,    0.8921013
robot_35
   -6.057483,    -4.360058,            0,            0,            0,    -0.362829,    0.9318557
robot_184
   -6.293049,     10.08421,            0,            0,            0,    0.9280023,    0.3725745
robot_98
   -5.983123,     21.99185,            0,            0,            0,     0.609197,     0.793019
robot_100
    29.93348,     10.81659,            0,            0,            0,    0.4912247,    0.8710329
robot_164
   -26.04641,     23.90961,            0,            0,            0,    0.4231911,    0.9060405
robot_59
   -21.15481,    -2.009462,            0,            0,            0,   -0.8667195,    0.4987958
robot_144
    -15.3102,     5.977464,            0,            0,            0,   -0.4331499,    0.9013219
robot_101
    -2.06837,    -13.33666,            0,            0,            0,   -0.4859711,    0.8739749
robot_161
   -18.03452,    -6.942292,            0,            0,            0,  -0.03271094,    0.9994649
robot_149
    5.699077,    -29.98055,            0,            0,            0,    -0.958179,    0.2861695
robot_86
   -21.74692,    -5.976025,            0,            0,            0,    0.9996415,   0.02677577
