tuw_multi_robot_msgs::RobotGoalsArray @1970-01-01T01:19:15.800000
frame_id: map
        4755,    800000000
robot_84
    25.87211,       33.727,            0,            0,            0,    0.1078344,    0.9941689
robot_116
    -26.0543,    -9.603102,            0,            0,            0,   -0.2991937,    0.9541924
robot_74
    29.50913,     5.936584,            0,            0,            0,   -0.8035006,    0.5953039
robot_41
   -22.18688,    -14.01634,            0,            0,            0,   0.03793944,      0.99928
robot_125
    33.96471,    -12.45855,            0,            0,            0,   -0.7103337,    0.7038651
robot_136
    25.91774,        18.05,            0,            0,            0,    0.4902214,    0.8715979
robot_173
    22.52254,    -22.02511,            0,            0,            0,    0.9958922,   0.09054696
robot_67
    15.43932,    -13.97086,            0,            0,            0,    -0.310421,    0.9505992
robot_197
    36.47406,     13.99984,            0,            0,            0,    0.9935019,    0.1138153
robot_119
    2.011413,    -10.07058,            0,            0,            0,    0.9996551,   0.02626029
robot_82
    -4.43334,     33.98701,            0,            0,            0,   -0.8161011,    0.5779091
robot_77
    13.91293,     35.90285,            0,            0,            0,  -0.08007264,     0.996789
robot_5
   -16.92217,    -38.01062,            0,            0,            0,    0.5204222,    0.8539091
robot_133
   -24.45786,    -21.97384,            0,            0,            0,    0.1369973,    0.9905714
robot_99
     34.9934,     22.02462,            0,            0,            0,   -0.9526919,    0.3039376
robot_171
    25.92112,    -37.84537,            0,            0,            0,   -0.9993119,   0.03709077
robot_180
    9.938224,    -12.59721,            0,            0,            0,   -0.7242376,    0.6895505
robot_56
   -27.33917,    -34.01283,            0,            0,            0,   -0.7724743,    0.6350461
robot_3
     17.9561,      2.45634,            0,            0,            0,    0.6143969,    0.7889971
robot_81
    20.86859,      33.9671,            0,            0,            0,    0.1322409,    0.9912176
robot_167
   -2.048627,    -20.99042,            0,            0,            0,   -0.3146728,    0.9492002
robot_25
    19.70399,    -22.02993,            0,            0,            0,   0.06563207,    0.9978439
robot_168
    -8.14611,    -6.000932,            0,            0,            0,     0.925804,    0.3780038
robot_96
    26.02881,    -2.032187,            0,            0,            0,  -0.07975753,    0.9968143
robot_166
    17.88245,    -18.16163,            0,            0,            0,   -0.9725011,    0.2328981
robot_102
    5.943994,     -32.6241,            0,            0,            0,  -0.05544844,    0.9984616
robot_192
    17.76933,     6.051489,            0,            0,            0,    0.8421923,    0.5391772
robot_179
    13.83967,     13.75045,            0,            0,            0,   -0.5392398,    0.8421523
robot_142
   -27.58034,     9.992564,            0,            0,            0,   0.08827086,    0.9960965
robot_1
    29.90863,    -22.04609,            0,            0,            0,   -0.9274884,    0.3738518
robot_44
    29.92949,     31.95488,            0,            0,            0,   0.07484607,    0.9971951
robot_163
   -25.61826,    -38.03569,            0,            0,            0,   -0.1798702,    0.9836904
robot_79
   -30.05151,    -32.25378,            0,            0,            0,    0.6925885,    0.7213329
robot_8
     29.7865,     9.961545,            0,            0,            0,   -0.5690856,    0.8222783
robot_20
    21.90236,     14.12359,            0,            0,            0,     0.999064,   0.04325571
robot_143
   -25.70559,     18.08432,            0,            0,            0,    0.7956978,    0.6056938
robot_138
   -7.927143,     1.992676,            0,            0,            0,   -0.9181094,    0.3963271
robot_123
   -18.07177,     10.77954,            0,            0,            0,    0.9936878,    0.1121807
robot_193
   -34.04073,    -37.44708,            0,            0,            0,  -0.08221149,    0.9966149
robot_187
    25.77669,     37.77797,            0,            0,            0,    0.7207202,     0.693226
robot_176
   -34.07854,    -11.52961,            0,            0,            0,   -0.9953291,   0.09653984
robot_66
   -9.371248,    -37.96711,            0,            0,            0,    0.4911606,     0.871069
robot_63
    5.907116,    -16.65512,            0,            0,            0,   -0.5300522,     0.847965
robot_31
   -34.16004,     17.68847,            0,            0,            0,      0.99353,    0.1135701
robot_159
   -38.11585,     26.07226,            0,            0,            0,    0.1692402,    0.9855748
robot_160
    33.97703,    -34.20924,            0,            0,            0,   -0.9954368,   0.09542277
robot_151
    31.34672,     26.02803,            0,            0,            0,   -0.3024113,    0.9531775
robot_150
    -26.0766,     -23.1695,            0,            0,            0,    -0.447559,    0.8942544
robot_137
   -18.91346,     14.02061,            0,            0,            0,    0.8338124,    0.5520479
robot_199
    38.51869,    -10.03275,            0,            0,            0,     0.731857,    0.6814582
robot_54
    36.06939,    -29.98736,            0,            0,            0,   -0.2671576,    0.9636529
robot_117
    25.93828,     4.686665,            0,            0,            0,   -0.3222831,    0.9466434
robot_36
    -10.1419,     22.35564,            0,            0,            0,    0.9726668,    0.2322053
robot_33
   -12.89007,    -17.99319,            0,            0,            0,    0.6497511,     0.760147
robot_146
   -5.599825,    -29.93853,            0,            0,            0,   -0.2822665,     0.959336
robot_156
    37.90992,     29.26541,            0,            0,            0,   -0.3746387,    0.9271709
robot_112
   -6.790245,     6.014254,            0,            0,            0,   -0.7602079,    0.6496799
robot_19
   -7.692881,     22.00547,            0,            0,            0,    0.8733674,    0.4870619
robot_141
    21.90652,    -15.37585,            0,            0,            0,    0.5233964,    0.8520893
robot_35
    18.18971,     38.01965,            0,            0,            0,     0.086641,    0.9962396
robot_184
    34.41948,     6.054468,            0,            0,            0,    -0.908142,    0.4186624
robot_98
    33.15391,    -26.02292,            0,            0,            0,     0.822975,    0.5680775
robot_100
    37.79394,    -26.04955,            0,            0,            0,   -0.9831562,    0.1827671
robot_164
   -22.12489,     18.12767,            0,            0,            0,    0.8033626,    0.5954902
robot_59
    25.79236,     29.98013,            0,            0,            0,   -0.5867486,    0.8097692
robot_144
    38.09852,    -30.10036,            0,            0,            0,    0.4287879,    0.9034052
robot_101
    -30.0041,     2.025408,            0,            0,            0,   -0.1452372,    0.9893969
robot_161
    17.64917,    -2.090881,            0,            0,            0,   -0.8438859,    0.5365227
robot_149
    38.28066,     33.98782,            0,            0,            0,   -0.9809993,    0.1940113
robot_86
     1.99535,     18.16395,            0,            0,            0,  -0.00351973,    0.9999938
robot_191
   -26.06817,    -1.277904,            0,            0,            0,   -0.8247722,    0.5654651
robot_126
    10.09718,    -5.945346,            0,            0,            0,   -0.5137822,    0.8579207
robot_190
    10.77854,     10.00941,            0,            0,            0,      -0.5901,    0.8073302
robot_131
    5.959086,      26.9613,            0,            0,            0,    -0.790521,     0.612435
robot_154
    10.89205,     37.97716,            0,            0,            0,   -0.9957274,   0.09234167
robot_9
   -6.058664,     -17.4118,            0,            0,            0,    0.7534597,    0.6574941
robot_27
   -22.03705,    -19.61658,            0,            0,            0,    0.6656816,    0.7462359
robot_34
    22.09439,     10.05635,            0,            0,            0,   -0.5248414,       0.8512
robot_114
    9.944706,     33.75778,            0,            0,            0,   -0.8217264,    0.5698822
robot_51
    -14.0729,    -27.81424,            0,            0,            0,   -0.5103477,    0.8599682
robot_108
    12.40535,     5.970592,            0,            0,            0,   0.01422197,    0.9998989
robot_147
  -0.6591248,     6.023167,            0,            0,            0,   0.07723098,    0.9970132
robot_183
     23.9674,     21.98681,            0,            0,            0,   -0.7888203,    0.6146239
robot_48
   -14.50402,     17.90153,            0,            0,            0,    -0.869984,    0.4930799
robot_60
   -9.524808,     33.99103,            0,            0,            0,    0.9055616,    0.4242148
robot_75
   -26.06254,     30.43623,            0,            0,            0,    0.4016802,      0.91578
robot_152
   -34.33702,    -34.07443,            0,            0,            0,   -0.4963003,    0.8681509
robot_26
    1.597243,    -17.98048,            0,            0,            0,    0.8690425,    0.4947375
robot_182
    -18.1816,     6.192925,            0,            0,            0,   -0.1763847,    0.9843213
robot_172
    26.10142,     2.097252,            0,            0,            0,    0.4724369,    0.8813645
robot_43
    26.50751,    -14.02167,            0,            0,            0,   -0.4849239,    0.8745564
robot_170
    5.926934,     23.90112,            0,            0,            0,   -0.3579681,    0.9337338
robot_177
     22.0371,     6.216783,            0,            0,            0,   -0.4049286,    0.9143483
robot_80
   -34.10026,     13.92005,            0,            0,            0,    0.2299574,    0.9732007
robot_16
    -34.0934,    -22.56637,            0,            0,            0,    0.8753468,    0.4834956
robot_13
     9.91496,    -22.00956,            0,            0,            0,    0.5344046,    0.8452288
robot_178
    1.918805,     10.53684,            0,            0,            0,    0.1641523,     0.986435
robot_88
  -0.4927361,      33.9947,            0,            0,            0,    0.1111322,    0.9938056
robot_194
   -9.833309,     9.955451,            0,            0,            0,    0.7626031,    0.6468667
robot_29
    21.96038,     21.73043,            0,            0,            0,    0.4774091,    0.8786811
