tuw_multi_robot_msgs::RobotGoalsArray @1970-01-01T01:39:05.900000
frame_id: map
        5945,    900000000
robot_84
   -30.08928,     38.16603,            0,            0,            0,    0.9549366,    0.2968099
robot_116
    15.97636,    -1.990186,            0,            0,            0,   -0.7138396,    0.7003092
robot_74
    -35.1168,    -22.02028,            0,            0,            0,    0.6224013,    0.7826983
robot_41
    14.70548,    -17.97089,            0,            0,            0,    0.9016397,     0.432488
robot_125
   -34.07958,    -29.56278,            0,            0,            0,   -0.7146113,    0.6995217
robot_136
     5.95753,     34.78298,            0,            0,            0,     0.977212,    0.2122655
robot_173
      8.4609,    -33.97168,            0,            0,            0,    0.8939486,    0.4481694
robot_67
   -18.05796,     22.57575,            0,            0,            0,    0.9999999, 0.0003969876
robot_197
    37.96559,    -25.96839,            0,            0,            0,   -0.9772246,    0.2122075
robot_119
    10.09154,    -1.989559,            0,            0,            0,   -0.5137131,     0.857962
robot_82
   -10.04564,     0.868412,            0,            0,            0,     0.929326,    0.3692603
robot_77
    18.35906,    -22.09415,            0,            0,            0,   -0.9971916,   0.07489322
robot_5
    -7.60935,    -21.96949,            0,            0,            0,   -0.9145058,    0.4045727
robot_133
    17.92501,     31.29441,            0,            0,            0,     0.348291,    0.9373865
robot_99
    17.85183,     34.33986,            0,            0,            0,   -0.6065205,    0.7950678
robot_171
    37.98966,     9.697212,            0,            0,            0,   -0.6474999,    0.7620656
robot_180
    6.759131,     26.00428,            0,            0,            0,   -0.9976066,   0.06914534
robot_56
   -30.18057,       22.157,            0,            0,            0,   -0.5964588,    0.8026437
robot_3
     25.5294,     17.98194,            0,            0,            0,   -0.7718115,    0.6358515
robot_81
    29.78734,    -26.15824,            0,            0,            0,    0.9625428,    0.2711297
robot_167
    1.961112,    -12.86127,            0,            0,            0,    0.8424235,     0.538816
robot_25
   -30.05898,    -3.576778,            0,            0,            0,    0.6164513,    0.7873931
robot_168
   -22.03796,     11.84871,            0,            0,            0,   -0.9543474,     0.298699
robot_96
    26.38469,     13.90838,            0,            0,            0,   -0.9790169,    0.2037793
robot_166
   -10.09162,     19.54063,            0,            0,            0,   -0.9999999, 0.0004018035
robot_102
    29.95617,    -33.25323,            0,            0,            0,   -0.6101313,    0.7923003
robot_192
    17.44455,     13.90046,            0,            0,            0,    0.8039365,    0.5947152
robot_179
    13.97486,    -38.31574,            0,            0,            0,   -0.4396377,    0.8981752
robot_142
   -38.05036,     13.40811,            0,            0,            0,    0.6927977,     0.721132
robot_1
     -33.729,     -34.0175,            0,            0,            0,   -0.4335405,    0.9011341
robot_44
   -22.04652,     16.36349,            0,            0,            0,   -0.9846717,     0.174418
robot_163
    21.01765,     29.97456,            0,            0,            0,   -0.8980339,    0.4399262
robot_79
   -8.834646,     17.99354,            0,            0,            0,   -0.4619429,    0.8869097
robot_8
    21.99932,    -34.22976,            0,            0,            0,    0.2588121,    0.9659277
robot_20
   -1.991281,    -18.21224,            0,            0,            0,   0.03923436,      0.99923
robot_143
    -30.0782,     27.22459,            0,            0,            0,    0.8873633,    0.4610709
robot_138
   -25.67843,    -10.00075,            0,            0,            0,    0.9141271,    0.4054278
robot_123
   -18.08946,    -31.37816,            0,            0,            0,  -0.09097979,    0.9958527
robot_193
    20.11822,     18.01318,            0,            0,            0,    0.9708865,    0.2395401
robot_187
   -33.87102,     -18.1344,            0,            0,            0,   0.01382535,    0.9999044
robot_176
   -7.832806,    -9.971204,            0,            0,            0,    0.1383913,    0.9903776
robot_66
   -21.90686,    -1.920847,            0,            0,            0,    -0.486974,    0.8734165
robot_63
   -10.15296,     -37.7296,            0,            0,            0,   -0.9990479,    0.0436263
robot_31
    -10.0709,     13.22692,            0,            0,            0,   -0.9475349,    0.3196522
robot_159
   -5.866867,     17.86008,            0,            0,            0,   -0.5746956,    0.8183673
robot_160
   -19.09678,     1.985505,            0,            0,            0,   -0.3866836,    0.9222124
robot_151
    6.502068,     6.028192,            0,            0,            0,   -0.2437223,    0.9698451
robot_150
     11.8957,     30.00033,            0,            0,            0,    0.7375141,    0.6753318
robot_137
   -2.636218,     -9.96788,            0,            0,            0,   -0.9035211,    0.4285437
robot_199
   -16.17974,     26.01529,            0,            0,            0,    0.6281475,    0.7780943
robot_54
   -22.09293,     26.16594,            0,            0,            0,   -0.8699886,    0.4930718
robot_117
   -26.03635,    -16.55201,            0,            0,            0,    0.1175444,    0.9930676
robot_36
   -6.083422,    -18.05227,            0,            0,            0,    0.7862711,    0.6178817
robot_33
    -31.7209,    -17.97279,            0,            0,            0,   -0.9417173,    0.3364054
robot_146
   -22.39536,    -6.051426,            0,            0,            0,   -0.2551673,    0.9668969
robot_156
   -14.28471,     21.94793,            0,            0,            0,    0.8003087,    0.5995881
robot_112
     -10.077,    -12.37902,            0,            0,            0,    0.8671214,    0.4980968
robot_19
   -30.55693,     5.916488,            0,            0,            0,    0.9749822,    0.2222828
robot_141
   -26.49367,      5.96032,            0,            0,            0,   -0.4933692,      0.86982
robot_35
    25.83847,    -14.15361,            0,            0,            0,   -0.9496363,    0.3133542
robot_184
     18.2087,    -37.96129,            0,            0,            0,    0.8133683,    0.5817492
robot_98
   -14.20946,    -26.11685,            0,            0,            0,   -0.1780099,    0.9840287
robot_100
    23.73933,    -9.975461,            0,            0,            0,  -0.08418729,    0.9964499
robot_164
   -18.06484,    -21.16081,            0,            0,            0,    0.8317359,    0.5551715
robot_59
    29.80269,     25.85761,            0,            0,            0,    -0.966768,    0.2556554
robot_144
   -18.11287,     38.24634,            0,            0,            0,   -0.7119243,    0.7022562
robot_101
    4.392299,     6.010388,            0,            0,            0,   -0.1559089,    0.9877714
robot_161
   -30.06497,    -34.18945,            0,            0,            0,   -0.6628694,    0.7487351
robot_149
    21.91448,     13.60232,            0,            0,            0,    0.6506797,    0.7593523
robot_86
    2.954071,     13.96985,            0,            0,            0,   0.03950576,    0.9992193
robot_191
   -38.54253,     26.03888,            0,            0,            0,     0.824536,    0.5658095
robot_126
     25.9225,    0.4746786,            0,            0,            0,     0.545411,    0.8381688
robot_190
    13.95807,     27.52851,            0,            0,            0,   -0.2542901,     0.967128
robot_131
   -14.08545,    -32.70604,            0,            0,            0,    0.9972495,   0.07411705
robot_154
    -14.1735,    -17.77278,            0,            0,            0,   -0.8558499,    0.5172242
robot_9
    21.95922,    -16.76332,            0,            0,            0,   -0.4877642,    0.8729754
robot_27
    1.307037,     21.99662,            0,            0,            0,   -0.9112874,    0.4117709
robot_34
    33.95506,     36.73202,            0,            0,            0,   -0.9960735,    0.0885304
robot_114
   -30.04586,     31.87291,            0,            0,            0,   -0.5015814,    0.8651105
robot_51
    11.94261,    -33.96718,            0,            0,            0,  -0.06544689,    0.9978561
robot_108
   -20.78639,    -30.01872,            0,            0,            0,    0.5126618,    0.8585906
robot_147
    21.90434,    -36.12119,            0,            0,            0,   -0.8308566,    0.5564866
robot_183
   -6.076787,    -5.741923,            0,            0,            0,   -0.5103384,    0.8599737
robot_48
   -35.40198,     21.99974,            0,            0,            0,    0.8279505,    0.5608012
robot_60
    6.995778,    -22.00548,            0,            0,            0,   -0.9451575,     0.326615
robot_75
    21.94771,    -13.73497,            0,            0,            0,    -0.886789,    0.4621745
robot_152
    3.073095,    -18.00317,            0,            0,            0,    0.3611633,    0.9325026
robot_26
     13.9651,    -1.472896,            0,            0,            0,    0.8495672,    0.5274803
robot_182
    30.70498,     -5.99474,            0,            0,            0,    0.3265261,    0.9451882
robot_172
   -37.21176,     6.025258,            0,            0,            0,    0.8772973,    0.4799473
robot_43
   -18.08799,    -2.490191,            0,            0,            0,    0.9494811,    0.3138242
robot_170
   -26.07949,    -4.369989,            0,            0,            0,   -0.3929482,    0.9195606
robot_177
    -34.2344,    -26.10616,            0,            0,            0,   -0.9954714,   0.09506176
robot_80
   -3.876445,     34.02998,            0,            0,            0,   -0.9200184,    0.3918751
robot_16
   0.1747523,    -18.00035,            0,            0,            0,   -0.7254802,     0.688243
robot_13
   -17.77567,    -26.01398,            0,            0,            0,    0.5265766,    0.8501277
robot_178
   -14.24414,    -22.05705,            0,            0,            0,     0.997465,   0.07115889
robot_88
   -37.66453,    -10.07798,            0,            0,            0,    0.9973674,   0.07251429
robot_194
   -22.12455,     6.147969,            0,            0,            0,   -0.9426119,    0.3338905
robot_29
   -22.00295,      29.8974,            0,            0,            0,    0.9847703,    0.1738606
robot_92
   -25.95635,     30.10702,            0,            0,            0,    0.5424017,    0.8401193
robot_87
    14.03752,     13.90331,            0,            0,            0,   -0.8355672,    0.5493883
robot_68
   -38.20672,    -29.93245,            0,            0,            0,    0.6041351,    0.7968819
robot_22
    26.08574,     37.97506,            0,            0,            0,    0.8714448,    0.4904935
robot_38
     29.9136,    -15.39013,            0,            0,            0,    0.5212838,    0.8533834
robot_2
     21.9579,    -20.03627,            0,            0,            0,    0.7726002,    0.6348928
robot_110
    28.09607,     34.03061,            0,            0,            0,   -0.1210608,    0.9926451
robot_14
   -2.108726,     10.00849,            0,            0,            0,    0.8520667,    0.5234332
robot_181
   -6.005292,     -13.6666,            0,            0,            0,   -0.8911364,    0.4537355
robot_61
    7.161224,     21.99583,            0,            0,            0,   -0.5406889,    0.8412227
robot_30
   -6.057009,    -11.53521,            0,            0,            0,   -0.9251589,      0.37958
robot_122
   -38.08329,     32.99529,            0,            0,            0,    0.6597278,    0.7515046
robot_132
    21.64708,     21.98552,            0,            0,            0,   -0.9734866,    0.2287439
robot_45
   -24.12603,     5.997084,            0,            0,            0,   -0.1970396,    0.9803955
robot_21
   -4.200126,     13.98432,            0,            0,            0,   -0.5703228,    0.8214207
robot_39
  -0.6885817,     13.97265,            0,            0,            0,     0.323267,    0.9463078
robot_134
    24.95476,     33.98996,            0,            0,            0,    0.8896136,    0.4567139
robot_15
   -14.39083,      13.9872,            0,            0,            0,    0.5007654,     0.865583
robot_145
    10.26018,    -9.976246,            0,            0,            0,   -0.9897186,    0.1430284
robot_140
   -4.713696,     6.011998,            0,            0,            0,  -0.01978207,    0.9998043
robot_196
    30.71704,    -29.98124,            0,            0,            0,    0.9972317,    0.0743565
robot_188
   -26.13759,     1.808011,            0,            0,            0,   -0.8309408,    0.5563609
robot_4
   -14.27719,     33.96881,            0,            0,            0,    0.7272016,    0.6864239
robot_155
    34.05139,     29.92638,            0,            0,            0,   -0.9699139,    0.2434484
robot_135
    1.793133,      30.1573,            0,            0,            0,    0.8303625,    0.5572236
robot_93
    1.515261,    -30.05798,            0,            0,            0,    0.6665773,    0.7454359
robot_111
   -10.05743,      23.0551,            0,            0,            0,     0.936222,    0.3514091
robot_0
   -30.07894,     14.75424,            0,            0,            0,     0.199048,    0.9799897
robot_49
    25.94436,     -25.6731,            0,            0,            0,   -0.5315052,     0.847055
robot_113
    29.95018,      7.32599,            0,            0,            0,    0.9782245,    0.2075497
robot_94
    1.766321,    -33.95985,            0,            0,            0,   -0.8920794,    0.4518787
robot_40
    35.72009,     22.03299,            0,            0,            0,   -0.0475906,    0.9988669
robot_103
     9.93544,    -29.48949,            0,            0,            0,   -0.3657012,    0.9307323
robot_6
    38.14218,    -10.15631,            0,            0,            0,    0.6581534,    0.7528839
robot_71
    25.63968,    -22.06711,            0,            0,            0,    0.9463557,    0.3231266
robot_17
   -34.05995,     13.61067,            0,            0,            0,   -0.9732072,    0.2299298
robot_120
    33.92699,      25.3413,            0,            0,            0,    0.4603915,     0.887716
robot_189
    9.950152,     15.01976,            0,            0,            0,   -0.6205328,    0.7841805
robot_148
    13.76916,     22.04598,            0,            0,            0,    0.5128386,     0.858485
robot_186
    34.22658,    -22.05729,            0,            0,            0,    0.8819296,    0.4713811
robot_198
   -25.15234,    -34.02376,            0,            0,            0,   -0.2034908,    0.9790769
robot_107
    17.91608,    -9.144423,            0,            0,            0,   -0.6944963,    0.7194962
robot_18
   -26.07107,    -22.78754,            0,            0,            0,    0.8866302,     0.462479
robot_23
    38.29442,    -6.028268,            0,            0,            0,    0.4544873,    0.8907532
robot_46
    23.20276,    -29.97616,            0,            0,            0,    0.9725623,    0.2326426
robot_109
    16.03045,    -6.021054,            0,            0,            0,   0.08089876,    0.9967223
robot_10
    30.45927,     10.00332,            0,            0,            0,    0.9957644,   0.09194153
robot_157
     33.9116,     -9.27131,            0,            0,            0,   -0.5259141,    0.8505377
robot_70
    25.83048,     21.95921,            0,            0,            0,    0.1172268,    0.9931052
robot_55
    17.74193,     1.847345,            0,            0,            0,   -0.1684065,    0.9857176
