tuw_multi_robot_msgs::RobotGoalsArray @1970-01-01T01:28:22.200000
frame_id: map
        5302,    200000000
robot_84
   -38.09025,     25.19856,            0,            0,            0,   -0.3692571,    0.9293273
robot_116
    28.25146,    -22.01294,            0,            0,            0,    0.8064191,    0.5913444
robot_74
    18.51014,    -5.986185,            0,            0,            0,    0.9945859,    0.1039178
robot_41
   -14.11317,    -37.74231,            0,            0,            0,    0.4290929,    0.9032604
robot_125
   -4.497045,     29.98437,            0,            0,            0,   -0.9380944,    0.3463797
robot_136
   -34.05297,     17.93434,            0,            0,            0,    0.7397885,    0.6728395
robot_173
    29.69163,     21.93333,            0,            0,            0,  -0.06419678,    0.9979373
robot_67
    5.953664,     35.25904,            0,            0,            0,   -0.4967036,    0.8679202
robot_197
   -30.05714,  -0.06432763,            0,            0,            0,   -0.4089748,    0.9125457
robot_119
   -29.77089,     1.905468,            0,            0,            0,    0.7610739,    0.6486652
robot_82
   -10.01028,     5.678383,            0,            0,            0,   -0.9526165,    0.3041739
robot_77
    17.92385,     27.41736,            0,            0,            0,    0.2006337,    0.9796663
robot_5
   -34.10736,    -34.16534,            0,            0,            0,    0.9858672,    0.1675285
robot_133
   -10.09103,     11.92748,            0,            0,            0,    0.9418652,     0.335991
robot_99
     25.6189,    -5.931072,            0,            0,            0,   -0.9981595,   0.06064404
robot_171
     22.6489,     9.969608,            0,            0,            0,   -0.8880855,    0.4596784
robot_180
   -29.98731,    -2.281312,            0,            0,            0,   -0.7373233,    0.6755401
robot_56
   -1.970144,     14.36195,            0,            0,            0,    -0.451135,    0.8924557
robot_3
   -33.99685,     -14.1989,            0,            0,            0,    0.9774585,    0.2111279
robot_81
   -6.876297,    -37.96783,            0,            0,            0,    0.9969511,   0.07802946
robot_167
   -12.23762,     34.01745,            0,            0,            0,   -0.8302433,    0.5574012
robot_25
    34.12567,    -5.915556,            0,            0,            0,    0.8047431,    0.5936233
robot_168
   -30.69804,    -38.00652,            0,            0,            0,    0.7267122,    0.6869421
robot_96
    -22.2916,    -18.02381,            0,            0,            0,   -0.2933488,    0.9560055
robot_166
    20.69369,      21.9897,            0,            0,            0,  -0.05069968,    0.9987139
robot_102
    25.84036,    -29.75383,            0,            0,            0,   -0.8969089,    0.4422155
robot_192
    33.95028,    -34.93794,            0,            0,            0,    0.4674123,    0.8840394
robot_179
    5.463239,    -30.05385,            0,            0,            0,    0.3744084,    0.9272639
robot_142
    30.77532,     34.03006,            0,            0,            0,   -0.9722934,     0.233764
robot_1
    21.94933,    -4.930367,            0,            0,            0,   -0.9966703,   0.08153732
robot_44
   -22.06431,     20.84584,            0,            0,            0,   -0.9809121,    0.1944515
robot_163
    35.56802,    -22.02411,            0,            0,            0,   -0.8401857,    0.5422987
robot_79
   -10.06615,     35.54219,            0,            0,            0,    0.9639211,    0.2661883
robot_8
    3.843883,     22.00301,            0,            0,            0,    0.7625323,    0.6469502
robot_20
    6.242609,    -13.98671,            0,            0,            0,    0.9833985,    0.1814592
robot_143
    33.70501,     -14.0003,            0,            0,            0,    0.9380532,    0.3464912
robot_138
    5.830403,     -25.9977,            0,            0,            0,     0.224295,    0.9745213
robot_123
    1.963383,    -28.08582,            0,            0,            0,    0.8137661,    0.5811925
robot_193
   -14.56452,      30.0641,            0,            0,            0,    0.6312896,    0.7755472
robot_187
   -34.04544,     25.91153,            0,            0,            0,   -0.3870155,    0.9220732
robot_176
   -22.33622,     29.90649,            0,            0,            0,    0.1215411,    0.9925864
robot_66
   -37.06646,    -14.03154,            0,            0,            0,    -0.552706,    0.8333763
robot_63
   -17.25287,    -26.00938,            0,            0,            0,    0.7626772,    0.6467793
robot_31
   -17.06169,     34.03132,            0,            0,            0,    -0.791216,    0.6115368
robot_159
   -2.604571,    -29.99166,            0,            0,            0,   0.06353725,    0.9979795
robot_160
   -30.01001,    -22.08031,            0,            0,            0,    0.1667329,    0.9860021
robot_151
   -17.53743,     2.006787,            0,            0,            0,   -0.2668953,    0.9637255
robot_150
   -38.34586,    -6.054022,            0,            0,            0,   -0.9964178,   0.08456747
robot_137
   -36.25714,     30.02958,            0,            0,            0,    0.8963073,    0.4434334
robot_199
   -30.26059,     38.08531,            0,            0,            0,       0.1665,    0.9860415
robot_54
     12.0721,     37.99068,            0,            0,            0,   -0.3694136,    0.9292651
robot_117
    10.83586,     18.01209,            0,            0,            0,    0.8546219,    0.5192509
robot_36
   -1.988435,     21.75111,            0,            0,            0,   -0.2881796,    0.9575764
robot_33
    1.944247,    -14.93322,            0,            0,            0,   -0.6008652,    0.7993503
robot_146
   -27.79909,      -13.968,            0,            0,            0,   -0.7786018,    0.6275184
robot_156
   -6.044394,    -15.85929,            0,            0,            0,    0.5899322,    0.8074528
robot_112
   -36.25242,     34.01634,            0,            0,            0,    0.6798477,    0.7333534
robot_19
   -5.983333,     14.24183,            0,            0,            0,    0.9894842,    0.1446407
robot_141
    -5.98691,    -10.24878,            0,            0,            0,   -0.8354917,    0.5495031
robot_35
    17.99223,     5.764562,            0,            0,            0,    0.1650199,    0.9862902
robot_184
   -14.69285,     17.98987,            0,            0,            0,    0.9452181,    0.3264395
robot_98
    -20.5155,      14.0138,            0,            0,            0,    0.9999688,  0.007901859
robot_100
   -21.95088,    -33.80937,            0,            0,            0,   -0.7752987,    0.6315947
robot_164
    13.84917,     6.036618,            0,            0,            0,    0.1452129,    0.9894004
robot_59
   0.1379091,      5.96854,            0,            0,            0,   -0.9953537,   0.09628652
robot_144
   -37.98619,    -29.65744,            0,            0,            0,    0.4611857,    0.8873036
robot_101
    33.72516,    -26.05688,            0,            0,            0,   -0.9381979,    0.3460992
robot_161
    26.34261,    -21.90047,            0,            0,            0,    0.9785284,    0.2061119
robot_149
   -4.514843,    -33.98509,            0,            0,            0,    0.4327667,     0.901506
robot_86
    14.43695,    -13.98466,            0,            0,            0,   -0.2107846,    0.9775325
robot_191
    21.76521,     13.93848,            0,            0,            0,     0.365384,    0.9308569
robot_126
   -13.62448,    -29.95849,            0,            0,            0,    0.8989851,    0.4379792
robot_190
   -8.560247,     37.97645,            0,            0,            0,   -0.7931076,    0.6090816
robot_131
   -10.44999,    -18.03995,            0,            0,            0,    0.7064303,    0.7077826
robot_154
    5.247518,     26.03039,            0,            0,            0,    0.9428825,    0.3331254
robot_9
    17.88577,     30.04665,            0,            0,            0,   -0.4566675,    0.8896374
robot_27
   -38.04823,     16.68323,            0,            0,            0,   -0.9704463,    0.2413173
robot_34
    9.655224,     22.05468,            0,            0,            0,   -0.4994415,    0.8663476
robot_114
    34.38409,     5.946107,            0,            0,            0,   -0.7587117,    0.6514265
robot_51
   -1.153614,    -25.98084,            0,            0,            0,   -0.6090702,    0.7931163
robot_108
    21.86051,    -21.80045,            0,            0,            0,      0.95625,    0.2925507
robot_147
      -29.86,     30.09253,            0,            0,            0,   -0.4234918,    0.9058999
robot_183
    17.94652,    -23.69514,            0,            0,            0,   -0.9915254,    0.1299126
robot_48
   -5.184265,     17.96906,            0,            0,            0,    0.9921448,    0.1250951
robot_60
   -21.94778,    -2.027256,            0,            0,            0,    0.9817167,    0.1903477
robot_75
   -37.85537,     22.08527,            0,            0,            0,   -0.8123108,    0.5832248
robot_152
    1.906555,     20.37086,            0,            0,            0,   -0.1448799,    0.9894492
robot_26
     4.63324,     -34.0011,            0,            0,            0,     -0.51308,    0.8583408
robot_182
    36.98715,    -33.97473,            0,            0,            0,    0.3330386,    0.9429132
robot_172
   -9.875802,    -30.06976,            0,            0,            0,   -0.9990791,    0.0429069
robot_43
   -38.04716,     28.33163,            0,            0,            0,   -0.2828528,    0.9591633
robot_170
   -21.62418,     9.950877,            0,            0,            0,    0.8735241,     0.486781
robot_177
    12.31616,     1.995046,            0,            0,            0,   -0.6592757,    0.7519013
robot_80
    18.03729,    -2.072635,            0,            0,            0,    0.6478806,    0.7617419
robot_16
    13.90546,    -27.87012,            0,            0,            0,    -0.998714,    0.0506986
robot_13
   -34.04678,    -21.11276,            0,            0,            0,      0.99788,   0.06508104
robot_178
    29.95101,    -19.97206,            0,            0,            0,    0.7716107,    0.6360951
robot_88
    11.12018,    -29.99281,            0,            0,            0,    0.5301988,    0.8478734
robot_194
    29.94177,     5.369364,            0,            0,            0,   -0.6286623,    0.7776784
robot_29
   -13.94748,    -21.77574,            0,            0,            0,    0.1889845,    0.9819801
robot_92
   -4.003654,    -21.99492,            0,            0,            0,    0.9639601,     0.266047
robot_87
    5.910602,    -7.027082,            0,            0,            0,   -0.9686742,    0.2483352
robot_68
   -31.92593,     -33.9998,            0,            0,            0,    0.6273667,     0.778724
robot_22
    26.19927,     30.03301,            0,            0,            0,   -0.8974972,    0.4410201
robot_38
    30.95518,    -26.02519,            0,            0,            0,    0.9998788,     0.015566
robot_2
    26.13301,    -33.99976,            0,            0,            0,   -0.9392245,    0.3433035
robot_110
   -29.19119,     26.03135,            0,            0,            0,  -0.09236578,    0.9957251
robot_14
    1.814707,    -9.936062,            0,            0,            0,   -0.3193489,    0.9476372
robot_181
   -18.19206,    -29.82973,            0,            0,            0,   -0.7386914,    0.6740437
robot_61
   -34.13254,    -26.31148,            0,            0,            0,    0.2137571,    0.9768868
robot_30
   -26.04631,      1.70995,            0,            0,            0,   -0.9064062,    0.4224071
robot_122
    23.25334,     6.029179,            0,            0,            0,   -0.9816456,     0.190714
robot_132
    -6.07472,     32.07356,            0,            0,            0,    -0.809315,    0.5873749
robot_45
    5.817817,     6.133351,            0,            0,            0, -0.001543732,    0.9999988
robot_21
    21.80099,    -10.07629,            0,            0,            0,    0.7921762,    0.6102924
robot_39
    8.377883,    -33.98646,            0,            0,            0,    0.1475754,    0.9890508
robot_134
   -32.78667,    -30.00471,            0,            0,            0,   -0.9487622,    0.3159909
robot_15
   -25.97288,     21.98151,            0,            0,            0,   -0.5943955,    0.8041729
robot_145
    25.84857,    -9.997292,            0,            0,            0,    0.6326315,     0.774453
robot_140
   -19.09498,    -10.01866,            0,            0,            0,    0.4081074,    0.9129339
