tuw_multi_robot_msgs::RobotGoalsArray @1970-01-01T00:51:53.200000
frame_id: map
        3113,    200000000
robot_84
   -2.051309,     28.78795,            0,            0,            0,    0.2500508,    0.9682327
robot_116
    29.11275,     6.016269,            0,            0,            0,   -0.9662522,    0.2575979
robot_74
    5.920287,    -15.02023,            0,            0,            0,    0.2724091,    0.9621815
robot_41
   -26.08169,     31.67154,            0,            0,            0,    0.4954137,    0.8686572
robot_125
    13.89074,    -1.910309,            0,            0,            0,    0.9439011,    0.3302284
robot_136
   -34.10777,    -14.25829,            0,            0,            0,    0.8824723,    0.4703644
robot_173
   -18.15899,     17.74913,            0,            0,            0,   -0.7467691,    0.6650834
robot_67
    6.292457,    -22.01796,            0,            0,            0,    0.6292145,    0.7772317
robot_197
     6.00235,     34.12195,            0,            0,            0,    0.1267208,    0.9919384
robot_119
   -14.88674,      2.00237,            0,            0,            0,   -0.2231723,     0.974779
robot_82
    17.91146,    -20.24268,            0,            0,            0,   -0.4533212,    0.8913472
robot_77
   -18.08627,    -2.249532,            0,            0,            0,   -0.1655824,     0.986196
robot_5
   -34.08908,     3.481122,            0,            0,            0,   -0.4304251,    0.9026263
robot_133
   -29.68113,    -17.96036,            0,            0,            0,   -0.8297483,    0.5581378
robot_99
    9.920078,    -37.54144,            0,            0,            0,   -0.7948833,    0.6067624
robot_171
    23.66655,     10.02702,            0,            0,            0,   0.01236919,    0.9999235
robot_180
    -24.8014,     2.031054,            0,            0,            0,    0.9660959,    0.2581836
robot_56
   -16.42055,     14.00566,            0,            0,            0,   -0.9660683,    0.2582868
robot_3
    24.06016,     34.02797,            0,            0,            0,    0.4254616,    0.9049765
robot_81
    13.90674,     18.26904,            0,            0,            0,   -0.4018042,    0.9157256
robot_167
   -10.08861,     29.77705,            0,            0,            0,    -0.963879,    0.2663403
robot_25
    20.59586,      1.97069,            0,            0,            0,   -0.7725097,     0.635003
robot_168
     9.96074,      16.0261,            0,            0,            0,    0.9752845,    0.2209527
robot_96
     25.9965,    -34.04372,            0,            0,            0,    0.8266026,    0.5627861
robot_166
    17.93385,      36.8036,            0,            0,            0,    0.8596372,     0.510905
robot_102
    30.05425,     34.03001,            0,            0,            0,    0.9948752,    0.1011108
robot_192
   -26.04191,    -19.10739,            0,            0,            0,    0.4726204,    0.8812661
robot_179
    14.88737,     37.97805,            0,            0,            0,    0.1754557,    0.9844873
robot_142
   -34.18519,    -30.16782,            0,            0,            0,   -0.9803765,    0.1971341
robot_1
   -18.09932,     11.94373,            0,            0,            0,   -0.3233636,    0.9462748
robot_44
    25.91364,     24.50243,            0,            0,            0,    -0.460438,    0.8876919
robot_163
    2.069588,    -21.78374,            0,            0,            0,   -0.9999551,  0.009475778
robot_79
   -2.090873,     14.18492,            0,            0,            0,   0.08532186,    0.9963534
robot_8
   -21.99871,    -22.16684,            0,            0,            0,  -0.02681899,    0.9996403
robot_20
   -26.00906,     25.74867,            0,            0,            0,    0.8781901,    0.4783118
robot_143
    10.20891,    -9.921632,            0,            0,            0,   0.05984693,    0.9982076
robot_138
   -22.20884,     29.86504,            0,            0,            0,   -0.7169777,    0.6970961
robot_123
   -31.31543,     22.02066,            0,            0,            0,   -0.9985265,   0.05426706
robot_193
    2.985542,     6.009651,            0,            0,            0,   -0.8815989,    0.4719993
robot_187
   -30.09054,      2.80964,            0,            0,            0,     -0.68283,    0.7305773
robot_176
   -21.39587,    -30.00689,            0,            0,            0,    0.2939275,    0.9558277
robot_66
    18.15881,    -1.998721,            0,            0,            0,   -0.9404758,    0.3398607
robot_63
   -15.68096,    -38.00363,            0,            0,            0,   -0.1438818,    0.9895949
robot_31
    32.87428,    -9.988929,            0,            0,            0,    0.6147673,    0.7887085
robot_159
    13.94846,     34.01269,            0,            0,            0,   -0.1894246,    0.9818953
robot_160
    21.73861,    -33.89549,            0,            0,            0,   -0.2596349,    0.9657069
robot_151
    21.92726,     -2.46753,            0,            0,            0,   -0.6517565,    0.7584283
robot_150
   -14.06427,    -13.12673,            0,            0,            0,    0.9846975,    0.1742725
robot_137
   -26.05884,      28.4676,            0,            0,            0,    0.6763265,     0.736602
robot_199
    2.008981,     21.63444,            0,            0,            0,    0.4094718,    0.9123228
robot_54
   -5.844532,      29.8876,            0,            0,            0,    0.8074153,    0.5899836
robot_117
   -2.185918,    -17.99318,            0,            0,            0,   -0.3089575,    0.9510758
robot_36
   -25.97571,      13.8687,            0,            0,            0,    -0.897814,    0.4403749
robot_33
   -10.20653,     21.77501,            0,            0,            0,    0.8455997,    0.5338176
robot_146
   -14.05205,     21.03201,            0,            0,            0,    0.9930132,    0.1180033
robot_156
   -32.97737,    -37.97053,            0,            0,            0,   -0.1251477,    0.9921381
robot_112
   -18.17882,    -18.03647,            0,            0,            0,    0.6537182,     0.756738
robot_19
   -14.07609,     31.09195,            0,            0,            0,   -0.7666494,    0.6420659
robot_141
    30.10777,    -9.898082,            0,            0,            0,   -0.1666193,    0.9860213
robot_35
    12.86186,      2.02363,            0,            0,            0,    -0.992438,    0.1227473
