tuw_multi_robot_msgs::RobotGoalsArray @1970-01-01T01:32:29.300000
frame_id: map
        5549,    300000000
robot_84
   -6.044913,     13.68832,            0,            0,            0,    0.2340474,    0.9722252
robot_116
    11.66483,     14.02546,            0,            0,            0,    -0.315674,    0.9488677
robot_74
   -14.10764,     18.29831,            0,            0,            0,    0.9741156,    0.2260503
robot_41
    33.94527,    -21.72921,            0,            0,            0,   -0.9985277,   0.05424433
robot_125
     37.5191,     6.099166,            0,            0,            0,    0.6455879,     0.763686
robot_136
    14.61932,      25.9833,            0,            0,            0,   -0.5667964,    0.8238579
robot_173
   -2.054278,    -19.99387,            0,            0,            0,    0.3262813,    0.9452727
robot_67
    21.95852,    0.3104684,            0,            0,            0,    0.3063042,    0.9519337
robot_197
    7.823501,     22.02916,            0,            0,            0,    0.9107149,    0.4130356
robot_119
   -12.15242,    -38.02381,            0,            0,            0,   -0.9626079,    0.2708986
robot_82
    37.92376,     22.44998,            0,            0,            0,   -0.8152775,    0.5790705
robot_77
    17.95742,    -11.00251,            0,            0,            0,   -0.8842723,    0.4669716
robot_5
    15.34746,    -22.02043,            0,            0,            0,    0.3150594,    0.9490719
robot_133
   -34.09452,      31.8556,            0,            0,            0,    -0.996829,   0.07957362
robot_99
   -26.06825,   -0.9328865,            0,            0,            0,   -0.1325736,    0.9911732
robot_171
    38.25669,     -33.9112,            0,            0,            0,   -0.9233954,    0.3838501
robot_180
    17.92411,     19.94144,            0,            0,            0,    0.3252939,     0.945613
robot_56
    -22.0403,      24.6654,            0,            0,            0,   -0.9996691,    0.0257244
robot_3
   -38.07525,     28.12097,            0,            0,            0,   -0.9637876,    0.2666711
robot_81
   -29.95344,      9.88884,            0,            0,            0,  -0.09050833,    0.9958957
robot_167
   -23.70626,      17.9713,            0,            0,            0,   -0.6660134,    0.7459398
robot_25
    33.92066,    0.7467939,            0,            0,            0,   -0.9733057,    0.2295126
robot_168
    11.02409,    -29.97374,            0,            0,            0,     -0.73219,    0.6811005
robot_96
    38.22272,    -29.98663,            0,            0,            0,    0.9883964,    0.1518965
robot_166
   -18.04965,     14.22989,            0,            0,            0,   -0.6767073,    0.7362521
robot_102
     33.9627,     12.47844,            0,            0,            0,   -0.9779066,    0.2090425
robot_192
    25.48105,    -17.96725,            0,            0,            0,   -0.1801211,    0.9836444
robot_179
   -8.274073,     14.00796,            0,            0,            0,    0.9192726,    0.3936216
robot_142
    22.28751,     29.94164,            0,            0,            0,    0.7254259,    0.6883003
robot_1
    9.911616,     10.52245,            0,            0,            0,   -0.4422081,    0.8969125
robot_44
     25.9233,    -2.409213,            0,            0,            0,   -0.9961847,    0.0872697
robot_163
   -18.08113,    -20.61667,            0,            0,            0,    0.3512776,    0.9362714
robot_79
    30.27793,     29.95221,            0,            0,            0,    0.9871525,    0.1597809
robot_8
    13.91272,     8.050326,            0,            0,            0,    0.1451146,    0.9894149
robot_20
   -18.17944,     33.93862,            0,            0,            0,   -0.1447531,    0.9894678
robot_143
      13.902,   -0.9941251,            0,            0,            0,    0.6741888,    0.7385591
robot_138
   -10.11721,    -38.11557,            0,            0,            0,    0.8097786,    0.5867355
robot_123
    14.08199,    -25.99415,            0,            0,            0,   -0.3212111,    0.9470076
robot_193
    9.922392,     27.76791,            0,            0,            0,    0.9997019,   0.02441619
robot_187
    28.70261,      26.0204,            0,            0,            0,  -0.02894447,     0.999581
robot_176
     13.3493,    -29.97591,            0,            0,            0,    -0.952464,    0.3046511
robot_66
    37.45005,    -13.92898,            0,            0,            0,    0.9706362,    0.2405523
robot_63
   -19.65216,     17.98169,            0,            0,            0,   -0.5880478,    0.8088262
robot_31
   -10.88598,    -2.009358,            0,            0,            0,     0.417658,    0.9086043
robot_159
    -24.8024,     14.02598,            0,            0,            0,   -0.1987815,    0.9800438
robot_160
    23.04319,     9.999161,            0,            0,            0,   -0.9949579,    0.1002932
robot_151
    25.73889,     37.92851,            0,            0,            0,    0.6837162,     0.729748
robot_150
   -11.75546,    -33.99996,            0,            0,            0,   0.06275033,    0.9980293
robot_137
   -38.04092,    -16.81733,            0,            0,            0,   -0.9138011,     0.406162
robot_199
    -18.0362,     3.983225,            0,            0,            0,   -0.2301204,    0.9731622
robot_54
    26.31294,     17.95258,            0,            0,            0,   -0.6089596,    0.7932012
robot_117
    29.94705,     37.97924,            0,            0,            0,    -0.995631,   0.09337506
robot_36
   -6.081749,     23.27327,            0,            0,            0,    0.1525988,    0.9882882
robot_33
   -30.89229,    -18.00868,            0,            0,            0,   -0.2609516,    0.9653519
robot_146
   -38.04777,     19.28418,            0,            0,            0,   -0.9622115,    0.2723031
robot_156
   -17.84308,      6.06567,            0,            0,            0,    0.4136741,     0.910425
robot_112
    21.99574,     14.02652,            0,            0,            0,    0.9699695,    0.2432267
robot_19
   -17.09873,     29.99151,            0,            0,            0,    0.8981374,     0.439715
robot_141
    10.70236,    -6.025084,            0,            0,            0,   -0.9025889,    0.4305035
robot_35
    21.89572,    -30.06713,            0,            0,            0,   -0.1189178,    0.9929041
robot_184
   -21.90116,     38.14819,            0,            0,            0,   -0.8166714,    0.5771029
robot_98
    -14.0583,     21.92887,            0,            0,            0,    0.5920876,    0.8058736
robot_100
    13.93149,     13.97545,            0,            0,            0,    0.8274931,    0.5614759
robot_164
   -15.79501,     34.00688,            0,            0,            0,    0.2421469,    0.9702396
robot_59
   -22.01233,     22.00465,            0,            0,            0,   -0.5016496,    0.8650709
robot_144
    13.88661,    -17.97199,            0,            0,            0,     -0.84065,    0.5415788
robot_101
   -4.588797,    -6.009034,            0,            0,            0,   0.05621064,    0.9984189
robot_161
    -29.3639,    -1.972078,            0,            0,            0,   -0.8150718,      0.57936
robot_149
   -14.06862,     37.78516,            0,            0,            0,    0.9584387,    0.2852985
robot_86
    31.83809,    -26.01288,            0,            0,            0,    0.3821487,    0.9241008
robot_191
   -34.09058,      -20.106,            0,            0,            0,    0.2854241,    0.9584013
robot_126
   -24.69895,     29.96749,            0,            0,            0,    0.6435027,    0.7654438
robot_190
    2.363373,    -13.93566,            0,            0,            0,    0.5920636,    0.8058913
robot_131
    38.04015,    -25.84609,            0,            0,            0,   -0.5152673,    0.8570295
robot_154
    29.33158,     33.98925,            0,            0,            0,   -0.9195916,    0.3928758
robot_9
   -15.90818,    -37.97375,            0,            0,            0,     0.834048,    0.5516919
robot_27
   -18.05652,    -2.070682,            0,            0,            0,   -0.5310145,    0.8473627
robot_34
   -27.07356,     37.98598,            0,            0,            0,   -0.9372409,    0.3486824
robot_114
   -18.05727,     -26.7142,            0,            0,            0,   -0.0213365,    0.9997724
robot_51
    8.021739,     -26.0311,            0,            0,            0,   -0.9699769,    0.2431971
robot_108
   -30.49245,     34.01885,            0,            0,            0,    0.4967144,     0.867914
robot_147
    13.27021,     30.00741,            0,            0,            0,    0.9973575,   0.07265025
robot_183
    34.63334,    -25.97393,            0,            0,            0,   -0.9822357,    0.1876516
robot_48
    13.65178,     22.04454,            0,            0,            0, -0.0002053906,            1
robot_60
    21.91465,    -13.88838,            0,            0,            0,    0.9712989,    0.2378623
robot_75
    33.95459,     21.69938,            0,            0,            0,    0.3740321,    0.9274158
robot_152
   -6.094468,     27.13296,            0,            0,            0,    0.6965695,    0.7174893
robot_26
    33.94687,    -3.035716,            0,            0,            0,      0.66054,    0.7507909
robot_182
   -33.86255,    -9.966698,            0,            0,            0,      0.74053,    0.6720233
robot_172
   -2.202512,    -22.20471,            0,            0,            0,     0.968096,    0.2505795
robot_43
   -30.01861,    -10.31394,            0,            0,            0,    0.9529696,    0.3030658
robot_170
   -26.09732,    -9.967725,            0,            0,            0,    0.5545583,    0.8321449
robot_177
    37.72389,    -6.090643,            0,            0,            0,    0.8501946,    0.5264686
robot_80
    -34.3235,     22.01987,            0,            0,            0,   -0.9929741,    0.1183322
robot_16
   -10.04954,    -27.62962,            0,            0,            0,    0.9707988,    0.2398953
robot_13
   -34.07631,     7.899932,            0,            0,            0,   -0.9934075,    0.1146361
robot_178
    9.733238,      -21.843,            0,            0,            0,    0.9557261,    0.2942577
robot_88
   -29.85638,    -22.01621,            0,            0,            0,    -0.556051,    0.8311482
robot_194
     17.9337,    -1.571846,            0,            0,            0,    0.5940898,    0.8043988
robot_29
   -5.928586,     33.96036,            0,            0,            0,   -0.7639947,    0.6452225
robot_92
    5.958273,     -22.9654,            0,            0,            0,   -0.5652469,    0.8249218
robot_87
    30.43106,      22.0736,            0,            0,            0,    0.6135661,    0.7896434
robot_68
     -38.052,    -8.997651,            0,            0,            0,    0.3872319,    0.9219824
robot_22
    9.977286,     18.12229,            0,            0,            0,   -0.8430616,    0.5378171
robot_38
    1.901635,     12.34873,            0,            0,            0,    0.9995332,   0.03055105
robot_2
    9.950358,    -33.75022,            0,            0,            0,   -0.4944384,    0.8692127
robot_110
     -13.641,     14.04999,            0,            0,            0,   0.08558013,    0.9963313
robot_14
   -30.72234,     37.98196,            0,            0,            0,   -0.9864069,     0.164321
robot_181
   -5.857907,     18.15756,            0,            0,            0,    0.8813923,     0.472385
robot_61
    37.92843,     30.10529,            0,            0,            0,    0.4406277,      0.89769
robot_30
   -22.28868,     34.01259,            0,            0,            0,    0.1086489,    0.9940802
robot_122
     26.6095,     13.96796,            0,            0,            0,    0.9549944,    0.2966238
robot_132
    34.00768,     34.13007,            0,            0,            0,    0.1595548,    0.9871891
robot_45
    11.63394,    -26.01664,            0,            0,            0,   -0.2609747,    0.9653456
robot_21
   -38.51681,     9.923426,            0,            0,            0, -0.001192873,    0.9999993
robot_39
    17.79191,    -34.05387,            0,            0,            0,    0.1839291,    0.9829395
robot_134
   -3.871733,      25.9778,            0,            0,            0,   -0.7589826,    0.6511109
robot_15
   -29.85574,     14.14945,            0,            0,            0,     0.999899,   0.01421199
robot_145
   -25.63272,     25.96374,            0,            0,            0,   -0.2515236,    0.9678512
robot_140
    21.78087,     22.12896,            0,            0,            0,    0.9718485,    0.2356065
robot_196
   -2.037445,     8.259551,            0,            0,            0,    -0.999824,   0.01875924
robot_188
    29.88556,    -22.03826,            0,            0,            0,    0.3338262,    0.9426346
robot_4
   -33.95887,    -17.82305,            0,            0,            0,    -0.485139,     0.874437
robot_155
   -6.196243,    -26.08472,            0,            0,            0,    0.9026391,    0.4303982
robot_135
    9.934097,    -37.21994,            0,            0,            0,    0.5837953,    0.8119009
robot_93
    13.90822,     28.03666,            0,            0,            0,    0.9844665,    0.1755728
robot_111
    1.918945,     8.443641,            0,            0,            0,    0.9994232,   0.03396014
robot_0
   -33.50315,     5.997242,            0,            0,            0,    0.5657102,    0.8246041
robot_49
   -22.08917,    -20.82569,            0,            0,            0,   -0.8030206,    0.5959512
robot_113
    1.919902,    -22.35785,            0,            0,            0,    0.5751874,    0.8180217
