tuw_multi_robot_msgs::RobotGoalsArray @1970-01-01T01:36:02.800000
frame_id: map
        5762,    800000000
robot_84
     33.9279,    -4.219808,            0,            0,            0,    0.2602904,    0.9655304
robot_116
    25.92792,      22.0129,            0,            0,            0,    0.3215005,    0.9469094
robot_74
   -10.10307,     14.32875,            0,            0,            0,    0.9832854,    0.1820709
robot_41
    7.357459,     25.98287,            0,            0,            0,   -0.9124496,    0.4091892
robot_125
   -9.003035,    -9.977728,            0,            0,            0,   -0.7999352,    0.6000864
robot_136
    1.953369,      28.8319,            0,            0,            0,    0.7255454,    0.6881743
robot_173
   -18.05697,    -16.11445,            0,            0,            0,    0.7546005,    0.6561845
robot_67
    4.083195,    -10.02775,            0,            0,            0,    0.2376116,    0.9713603
robot_197
   -21.78572,     5.965433,            0,            0,            0,    0.1942808,     0.980946
robot_119
    -22.0661,    -7.908688,            0,            0,            0,    0.9985645,   0.05356328
robot_82
    -33.8118,     29.99117,            0,            0,            0,   -0.7753856,    0.6314881
robot_77
   -15.21333,    -18.01996,            0,            0,            0,    0.1066737,    0.9942941
robot_5
   -30.49505,    -17.91407,            0,            0,            0,    0.6698398,    0.7425056
robot_133
    7.326038,    -33.99472,            0,            0,            0,    0.9259472,    0.3776531
robot_99
    -10.2013,     26.09598,            0,            0,            0,   -0.9499621,     0.312365
robot_171
    29.88735,     -26.2103,            0,            0,            0,  -0.02391919,    0.9997139
robot_180
    5.943884,     34.32801,            0,            0,            0,   -0.2539337,    0.9672216
robot_56
   -29.62936,    -37.95614,            0,            0,            0,   -0.8279526,     0.560798
robot_3
     34.0189,     13.84441,            0,            0,            0,    0.4009381,    0.9161052
robot_81
     25.9489,     -4.90603,            0,            0,            0,    0.9933029,    0.1155391
robot_167
    26.08596,      -1.7729,            0,            0,            0,     0.988062,    0.1540567
robot_25
    -14.0725,    -36.46008,            0,            0,            0,   -0.7142687,    0.6998716
robot_168
   -26.04444,    -38.49296,            0,            0,            0,    0.9812097,    0.1929443
robot_96
    33.93683,    -22.71873,            0,            0,            0,    0.9675725,    0.2525935
robot_166
    21.08038,     34.02008,            0,            0,            0,   -0.9958453,   0.09106161
robot_102
    17.20942,     22.01983,            0,            0,            0,    0.6223862,    0.7827103
robot_192
     38.9184,     33.97548,            0,            0,            0,   -0.7579744,    0.6522843
robot_179
    -12.2954,    -38.01003,            0,            0,            0,  -0.07896122,    0.9968777
robot_142
    1.920419,     14.67933,            0,            0,            0,    0.8438508,    0.5365779
robot_1
   -17.98468,     38.16652,            0,            0,            0,   -0.7494253,    0.6620889
robot_44
   -30.13767,    -1.896286,            0,            0,            0,   -0.3604045,    0.9327961
robot_163
   -13.50302,     29.99153,            0,            0,            0,    0.3464952,    0.9380517
robot_79
    23.02194,    -1.980376,            0,            0,            0,   -0.8727309,    0.4882016
robot_8
   -23.75951,     21.99663,            0,            0,            0,   0.03309792,    0.9994521
robot_20
    5.776621,      14.1597,            0,            0,            0,   -0.9433613,    0.3317671
robot_143
    25.48633,     14.02599,            0,            0,            0,   -0.2344321,    0.9721325
robot_138
    -2.52012,      21.9571,            0,            0,            0,   -0.3229522,    0.9464153
robot_123
    12.31859,     6.002599,            0,            0,            0,   -0.4965916,    0.8679843
robot_193
    9.931788,    -6.811718,            0,            0,            0,   -0.2961053,    0.9551553
robot_187
    28.12131,    -33.97136,            0,            0,            0,    0.9669651,    0.2549088
robot_176
    9.919884,    -10.00132,            0,            0,            0,   -0.7304229,    0.6829951
robot_66
    29.48622,      34.0842,            0,            0,            0,    -0.999981,  0.006171822
robot_63
     13.8352,     14.15764,            0,            0,            0,   -0.7917836,    0.6108017
robot_31
   -22.03991,    -29.52642,            0,            0,            0,    0.2949337,    0.9555177
robot_159
    8.611447,      5.99024,            0,            0,            0,   -0.9892748,    0.1460661
robot_160
    5.923021,     31.30465,            0,            0,            0,   -0.6561316,    0.7546465
robot_151
    29.90929,    -36.67244,            0,            0,            0,    0.9011038,    0.4336034
robot_150
    38.00707,     29.78637,            0,            0,            0,    0.6825824,    0.7308087
robot_137
   -14.03895,    -5.414999,            0,            0,            0,   0.08638684,    0.9962617
robot_199
   -38.03675,     31.07396,            0,            0,            0,    0.6595079,    0.7516977
robot_54
    29.58646,     10.02347,            0,            0,            0,    0.5825377,    0.8128037
robot_117
   -14.28057,    -22.14589,            0,            0,            0,    0.8740118,    0.4859047
robot_36
    30.11726,     2.150224,            0,            0,            0,    0.1344843,    0.9909157
robot_33
   -24.53981,    -17.97703,            0,            0,            0,  -0.05144268,    0.9986759
robot_146
   -34.13953,     10.09345,            0,            0,            0,   -0.8429191,    0.5380403
robot_156
   -18.08066,     10.21776,            0,            0,            0,   -0.7205264,    0.6934275
robot_112
    35.87752,    -18.00186,            0,            0,            0,    0.9126218,     0.408805
robot_19
    11.53991,     18.02955,            0,            0,            0,   -0.6211892,    0.7836606
robot_141
   -32.75737,     13.98044,            0,            0,            0,   -0.3875178,    0.9218622
robot_35
   -30.06152,     32.10484,            0,            0,            0,   -0.2836332,    0.9589329
robot_184
    37.91496,     11.56916,            0,            0,            0,    -0.720818,    0.6931244
robot_98
    12.18892,     34.02041,            0,            0,            0,  0.005598403,    0.9999843
robot_100
    36.56635,    -26.00218,            0,            0,            0,    0.9139903,     0.405736
robot_164
   -22.80277,      9.96924,            0,            0,            0,   -0.6693641,    0.7429345
robot_59
    36.86604,     33.98778,            0,            0,            0,    0.9928282,    0.1195495
robot_144
    17.96314,    -28.44652,            0,            0,            0,   -0.7741402,    0.6330142
robot_101
    12.38841,      29.9834,            0,            0,            0,    0.8410553,    0.5409491
robot_161
   -38.55215,     33.97063,            0,            0,            0,    0.9926526,    0.1209989
robot_149
    30.07198,     26.18269,            0,            0,            0,     0.375224,    0.9269342
robot_86
    10.61543,    -17.97785,            0,            0,            0,    0.9614023,    0.2751464
robot_191
   -27.30109,     33.99666,            0,            0,            0,    0.9778136,    0.2094767
robot_126
   -12.02504,    -9.996214,            0,            0,            0,     0.804092,    0.5945048
robot_190
   -9.959794,     1.776989,            0,            0,            0,    0.7553287,    0.6553461
robot_131
    5.939853,    -39.02853,            0,            0,            0,   -0.6183624,    0.7858931
robot_154
   -2.542063,     33.97128,            0,            0,            0,   -0.4869309,    0.8734405
robot_9
    25.57853,    -29.97335,            0,            0,            0,    0.5901059,    0.8073259
robot_27
    11.32986,    -1.981724,            0,            0,            0,    -0.985815,    0.1678358
robot_34
     5.94672,    -21.86566,            0,            0,            0,      0.99746,   0.07122942
robot_114
   -26.01385,     18.07633,            0,            0,            0,   -0.6372186,    0.7706831
robot_51
    9.925364,    -3.740338,            0,            0,            0,    0.3971148,    0.9177689
robot_108
   -10.04161,     23.15159,            0,            0,            0,  -0.01813469,    0.9998356
robot_147
   -36.48084,       25.989,            0,            0,            0,   -0.9078815,    0.4192269
robot_183
    33.90154,       24.646,            0,            0,            0,     0.535606,     0.844468
robot_48
    25.65174,    -26.07901,            0,            0,            0,    0.4628635,    0.8864296
robot_60
   -34.06159,    -24.61849,            0,            0,            0,    0.7665961,    0.6421296
robot_75
   -10.06685,      5.65943,            0,            0,            0, -0.008477419,    0.9999641
robot_152
    36.62327,      14.0114,            0,            0,            0,    0.9951663,   0.09820376
robot_26
    -18.5112,    -38.00859,            0,            0,            0,   -0.9373752,    0.3483213
robot_182
    29.49607,     30.09658,            0,            0,            0,    0.3098247,    0.9507937
robot_172
    38.12194,     21.88441,            0,            0,            0,    0.4366075,    0.8996521
robot_43
    -2.05168,    -20.42966,            0,            0,            0,   -0.3450849,    0.9385715
robot_170
    13.96274,    -3.808994,            0,            0,            0,   -0.4586947,    0.8885939
robot_177
    17.54429,     25.95901,            0,            0,            0,    0.2676492,    0.9635164
robot_80
    22.46092,    -25.97696,            0,            0,            0,   -0.9785367,    0.2060726
robot_16
    9.650149,    -29.97123,            0,            0,            0,    0.1543283,    0.9880196
robot_13
   -8.405765,    -38.02039,            0,            0,            0,  -0.04402208,    0.9990306
robot_178
    21.73641,    -18.10897,            0,            0,            0,   -0.9748469,    0.2228755
robot_88
    -34.2275,    -18.18269,            0,            0,            0,   -0.9358944,    0.3522806
robot_194
    17.92961,    -22.39386,            0,            0,            0,   -0.6416437,    0.7670028
robot_29
    4.106175,    -33.99831,            0,            0,            0,   -0.8291671,    0.5590009
robot_92
   -29.79924,     26.00634,            0,            0,            0,   -0.7783344,      0.62785
robot_87
    26.04696,     37.83378,            0,            0,            0,    0.7592389,     0.650812
robot_68
   -17.97925,    -34.14059,            0,            0,            0,    0.5887924,    0.8082843
robot_22
    21.90468,    -29.48451,            0,            0,            0,   -0.6574827,    0.7534696
robot_38
     35.8103,     6.015117,            0,            0,            0,    -0.861117,    0.5084069
robot_2
    9.912266,    -15.75811,            0,            0,            0,    0.9029264,    0.4297951
robot_110
   -1.330277,     29.98283,            0,            0,            0,    0.6670786,    0.7449874
robot_14
   -22.04608,     2.843872,            0,            0,            0,   -0.7538257,    0.6570744
robot_181
   -26.65363,    -34.00668,            0,            0,            0,   -0.6894528,    0.7243306
robot_61
    32.93097,    -6.025777,            0,            0,            0,  -0.04079599,    0.9991675
robot_30
    29.77366,    -18.00319,            0,            0,            0,     0.739762,    0.6728687
robot_122
    -14.0544,    -8.210111,            0,            0,            0,    0.6319377,    0.7750192
robot_132
   -6.969737,    -30.03217,            0,            0,            0,   -0.7003678,    0.7137822
robot_45
   -33.94829,     22.16119,            0,            0,            0,   -0.9847525,    0.1739611
robot_21
     1.93172,     -21.3777,            0,            0,            0,    0.4826192,    0.8758303
robot_39
    34.23485,     34.03214,            0,            0,            0,     0.999987,  0.005101306
robot_134
     9.91131,    -32.19402,            0,            0,            0,    0.9974175,   0.07182146
robot_15
    1.965163,    -14.70908,            0,            0,            0,    0.5349241,    0.8449001
robot_145
   -20.89231,     22.00209,            0,            0,            0,    0.7416527,     0.670784
robot_140
    21.96069,     8.407301,            0,            0,            0,    0.9911141,    0.1330146
robot_196
   -30.09817,     18.32711,            0,            0,            0,   -0.9013955,    0.4329966
robot_188
    -12.3247,     1.994999,            0,            0,            0,   -0.1460296,    0.9892802
robot_4
   -39.79414,      25.9988,            0,            0,            0,    0.5096943,    0.8603556
robot_155
   -21.96031,     -18.0946,            0,            0,            0,   -0.6488701,    0.7608992
robot_135
    26.49847,      30.0171,            0,            0,            0,   -0.9999436,   0.01062026
robot_93
   -1.784801,     13.91196,            0,            0,            0,    -0.989752,    0.1427973
robot_111
   -22.28903,     34.14824,            0,            0,            0,   -0.2458396,    0.9693105
robot_0
     4.75528,    -6.005408,            0,            0,            0,   -0.2785361,    0.9604258
robot_49
   -17.91177,      14.0627,            0,            0,            0,   -0.8761756,    0.4819921
robot_113
   -21.71038,     26.06817,            0,            0,            0,    0.9658165,    0.2592268
robot_94
    -26.0537,   -0.7669864,            0,            0,            0,   -0.9725592,    0.2326557
robot_40
   -6.229285,     18.09086,            0,            0,            0,   0.01502693,    0.9998871
robot_103
   -5.893271,    -25.99315,            0,            0,            0,   -0.6238721,    0.7815265
robot_6
   -30.08789,     11.45294,            0,            0,            0,    0.9812809,     0.192582
robot_71
    33.70474,     17.87874,            0,            0,            0,    0.3591474,    0.9332808
robot_17
   -6.072783,    -21.30898,            0,            0,            0,   -0.7354175,    0.6776143
robot_120
   -27.55983,     10.00421,            0,            0,            0,    0.8728777,     0.487939
robot_189
    17.11288,     -13.9907,            0,            0,            0,   -0.5033329,    0.8640926
robot_148
   -17.70419,    -13.92416,            0,            0,            0,    0.3334717,    0.9427601
robot_186
    8.173449,     1.966893,            0,            0,            0,    0.9827624,    0.1848729
