tuw_multi_robot_msgs::RobotGoalsArray @1970-01-01T01:31:31.300000
frame_id: map
        5491,    300000000
robot_84
    6.256242,     10.05695,            0,            0,            0,    0.2882905,     0.957543
robot_116
   -26.10627,     1.678013,            0,            0,            0,   -0.5021682,    0.8647699
robot_74
    25.95002,    -37.76584,            0,            0,            0,    0.7520651,    0.6590889
robot_41
   -22.77003,     38.02895,            0,            0,            0,    0.9952911,   0.09693092
robot_125
    6.235645,    -33.98312,            0,            0,            0,    0.9972023,   0.07475039
robot_136
    22.49561,    -34.01022,            0,            0,            0,    0.4677595,    0.8838558
robot_173
    13.79652,      22.1501,            0,            0,            0,    0.9381379,    0.3462619
robot_67
    33.95586,    -11.91783,            0,            0,            0,     0.536332,    0.8440071
robot_197
    37.53828,    -22.01186,            0,            0,            0,   -0.9030474,    0.4295408
robot_119
   -26.05853,     11.52458,            0,            0,            0,   0.01442938,    0.9998959
robot_82
   -26.09772,     28.89704,            0,            0,            0,   -0.2177366,    0.9760076
robot_77
    17.95201,    -8.359814,            0,            0,            0,    0.8005812,    0.5992243
robot_5
   -18.03595,    -37.67204,            0,            0,            0,   -0.8251662,      0.56489
robot_133
   -38.12345,       22.007,            0,            0,            0,    -0.747165,    0.6646386
robot_99
    14.30532,    -26.02208,            0,            0,            0,   -0.9641481,    0.2653647
robot_171
    22.89528,    -6.025448,            0,            0,            0,    0.6719942,    0.7405564
robot_180
    10.14934,    -22.02702,            0,            0,            0,    0.7221995,    0.6916848
robot_56
    9.911888,     19.12108,            0,            0,            0,     0.900807,    0.4342197
robot_3
    16.37921,     17.99867,            0,            0,            0,  -0.05178275,    0.9986584
robot_81
   -31.80714,    -9.968249,            0,            0,            0,   -0.9905083,    0.1374528
robot_167
    14.14633,      25.9358,            0,            0,            0,   -0.4015607,    0.9158324
robot_25
    21.92187,     9.025353,            0,            0,            0,    0.9896909,    0.1432198
robot_168
   -22.44399,    -25.96283,            0,            0,            0,    0.2668217,    0.9637459
robot_96
   -34.00828,      2.26882,            0,            0,            0,    0.1413961,    0.9899531
robot_166
    29.91092,      11.4687,            0,            0,            0,   -0.1029607,    0.9946854
robot_102
   -21.61292,    -21.93034,            0,            0,            0,   -0.8911437,    0.4537211
robot_192
   -25.19286,    -25.97736,            0,            0,            0,   -0.9108737,    0.4126852
robot_179
    25.94817,    -34.53791,            0,            0,            0,   -0.5949028,    0.8037976
robot_142
    7.427537,     37.99026,            0,            0,            0,    0.4402286,    0.8978857
robot_1
    9.902391,    -5.167414,            0,            0,            0,  -0.09550912,    0.9954286
robot_44
    -5.81226,     34.09603,            0,            0,            0,    -0.743089,    0.6691926
robot_163
   -27.34168,    -25.99274,            0,            0,            0,   -0.9411243,    0.3380607
robot_79
   -14.59981,     26.02548,            0,            0,            0,    0.4543077,    0.8908448
robot_8
   -22.11803,     34.14174,            0,            0,            0,    0.9982345,   0.05939517
robot_20
  -0.4708868,     -26.0279,            0,            0,            0,   -0.6677849,    0.7443543
robot_143
   -10.09386,      36.0027,            0,            0,            0,   -0.8807175,    0.4736419
robot_138
     37.9094,    -33.38216,            0,            0,            0,    0.8946821,    0.4467034
robot_123
   -12.99344,     13.97584,            0,            0,            0,   -0.3538329,    0.9353086
robot_193
    22.05669,    -10.02981,            0,            0,            0,    0.8112873,    0.5846477
robot_187
   -34.03334,     21.15606,            0,            0,            0,    0.4379808,    0.8989843
robot_176
   -6.117434,     14.10442,            0,            0,            0,   -0.3028974,    0.9530232
robot_66
   -38.49405,     25.94661,            0,            0,            0,   -0.6334084,    0.7738177
robot_63
   -5.868846,     22.02524,            0,            0,            0,   -0.6685043,    0.7437082
robot_31
    5.959333,    -1.226306,            0,            0,            0,    0.9542179,    0.2991123
robot_159
   -16.71199,     10.02416,            0,            0,            0,  -0.09665275,    0.9953182
robot_160
   -18.33617,    -26.08687,            0,            0,            0,    0.1605265,    0.9870315
robot_151
   -26.02489,      25.6438,            0,            0,            0,   -0.2878365,    0.9576796
robot_150
   -26.04797,    -37.45023,            0,            0,            0,    0.8856884,    0.4642801
robot_137
    23.56058,     34.02076,            0,            0,            0,    0.8394701,    0.5434058
robot_199
    21.44409,     38.05588,            0,            0,            0,    0.4896112,    0.8719409
robot_54
    17.80101,    -5.832566,            0,            0,            0,    0.1894575,    0.9818889
robot_117
   -31.41444,     -22.0081,            0,            0,            0,   0.09315378,    0.9956517
robot_36
    5.366277,     22.02267,            0,            0,            0,    0.1231374,    0.9923896
robot_33
   -6.537519,    -5.987615,            0,            0,            0,    0.9075875,    0.4198629
robot_146
    33.43851,     25.91771,            0,            0,            0,   -0.9999652,  0.008346748
robot_156
    17.69432,    -33.90548,            0,            0,            0,    0.8056254,    0.5924253
robot_112
    7.723021,     29.99037,            0,            0,            0,    0.6575793,    0.7533853
robot_19
   -6.216511,    -10.02194,            0,            0,            0,    -0.200838,    0.9796245
robot_141
    1.886565,     5.988872,            0,            0,            0,    0.9016501,    0.4324663
robot_35
    33.60916,       -25.94,            0,            0,            0,   -0.9991477,   0.04127855
robot_184
   -22.06748,    -18.24205,            0,            0,            0,    0.5564534,    0.8308788
robot_98
   -2.364442,     -18.0246,            0,            0,            0,  -0.07150618,    0.9974402
robot_100
   -33.80869,      33.9673,            0,            0,            0,   -0.7864108,    0.6177039
robot_164
    25.90734,     38.17313,            0,            0,            0,    0.1779671,    0.9840364
robot_59
   -38.12087,     -29.6438,            0,            0,            0,   -0.5602713,    0.8283091
robot_144
   -34.04117,    -23.58813,            0,            0,            0,    0.2954777,    0.9553496
robot_101
    -10.0557,     18.66944,            0,            0,            0,    0.3670736,    0.9301919
robot_161
   -12.13666,    -18.02362,            0,            0,            0,    0.7318765,    0.6814373
robot_149
    34.69605,    -30.00999,            0,            0,            0,    0.0844114,     0.996431
robot_86
   -18.11064,    -18.15994,            0,            0,            0,    0.9936911,    0.1121514
robot_191
    13.94948,      9.61564,            0,            0,            0,   -0.2766242,    0.9609782
robot_126
    17.23233,     2.032263,            0,            0,            0,   -0.1331157,    0.9911005
robot_190
    37.60428,    -30.07031,            0,            0,            0,  0.009103525,    0.9999586
robot_131
    8.901752,    -38.00166,            0,            0,            0,    0.6488736,    0.7608962
robot_154
    -26.0869,    -14.66111,            0,            0,            0,  -0.03079355,    0.9995258
robot_9
    21.76498,    -30.05735,            0,            0,            0,  -0.01817786,    0.9998348
robot_27
    2.880845,     22.02918,            0,            0,            0,    0.5207946,     0.853682
robot_34
    5.934154,     27.81233,            0,            0,            0,   -0.1832092,    0.9830739
robot_114
   -37.40371,    -26.00493,            0,            0,            0,   -0.9028801,    0.4298924
robot_51
   -21.90488,     30.21049,            0,            0,            0,    0.8442269,     0.535986
robot_108
   -26.09807,    -18.97888,            0,            0,            0,   -0.1526939,    0.9882735
robot_147
   -16.97477,    -22.03263,            0,            0,            0,    0.7426581,    0.6696708
robot_183
    -1.88963,    -33.84158,            0,            0,            0,    0.9942372,    0.1072027
robot_48
    38.42225,     6.083857,            0,            0,            0,   -0.8234293,    0.5674189
robot_60
    10.21187,     14.02851,            0,            0,            0,    0.4513109,    0.8923668
robot_75
    15.15856,     29.97448,            0,            0,            0,   -0.8932025,    0.4496547
robot_152
   -22.04361,    -29.74027,            0,            0,            0,    0.8020441,    0.5972649
robot_26
   -2.585761,     -9.97849,            0,            0,            0,   -0.8716651,    0.4901021
robot_182
   -38.05821,     -7.33988,            0,            0,            0,    0.7111599,    0.7030303
robot_172
    27.30409,     10.00472,            0,            0,            0,   -0.6982585,    0.7158457
robot_43
   -18.06097,     18.38755,            0,            0,            0,   -0.2141742,    0.9767955
robot_170
    14.86408,    -6.013275,            0,            0,            0,    0.9882177,    0.1530549
robot_177
    22.07095,     1.880263,            0,            0,            0,   -0.7490576,    0.6625048
robot_80
    19.62795,     5.988835,            0,            0,            0,   -0.9541066,    0.2994673
robot_16
    13.58364,    -37.92272,            0,            0,            0,   -0.7091881,    0.7050193
robot_13
    1.580103,     9.944715,            0,            0,            0,   -0.8411935,    0.5407341
robot_178
    33.63994,     34.09213,            0,            0,            0,   -0.9207337,    0.3901917
robot_88
    1.891125,     29.67762,            0,            0,            0,   -0.7800853,    0.6256732
robot_194
    5.900651,    -16.48342,            0,            0,            0,    0.6520416,    0.7581832
robot_29
   -7.329878,      2.02773,            0,            0,            0,   -0.9552901,      0.29567
robot_92
    17.90116,    -14.68517,            0,            0,            0,    0.9960197,   0.08913344
robot_87
   -7.119475,     -13.9997,            0,            0,            0,    0.8421992,    0.5391665
robot_68
    17.46009,    -37.90142,            0,            0,            0,    -0.523672,      0.85192
robot_22
    29.22804,     1.988632,            0,            0,            0,    0.4578691,    0.8890196
robot_38
   -31.84687,    -33.97732,            0,            0,            0,    0.9998126,   0.01936069
robot_2
    26.50219,    -30.02361,            0,            0,            0,    0.2558496,    0.9667166
robot_110
   -18.40971,    -33.90543,            0,            0,            0,    0.6153854,    0.7882264
robot_14
   -10.06416,    -17.62273,            0,            0,            0,   -0.2483218,    0.9686776
robot_181
   -30.02217,    -29.88628,            0,            0,            0,   -0.9783105,    0.2071437
robot_61
    21.93109,     14.25248,            0,            0,            0,   -0.2218383,    0.9750835
robot_30
   -27.30932,     9.995641,            0,            0,            0,    0.8850838,    0.4654316
robot_122
    17.51049,     34.08187,            0,            0,            0,     -0.39762,    0.9175502
robot_132
    25.93572,    -13.89628,            0,            0,            0,    0.5752089,    0.8180065
robot_45
   -22.34057,     9.964662,            0,            0,            0,    0.5667331,    0.8239014
robot_21
   -12.96124,     22.00552,            0,            0,            0,    0.6449998,    0.7641827
robot_39
   -30.08455,     21.93396,            0,            0,            0,    0.8947096,    0.4466483
robot_134
   -14.09622,    -31.35215,            0,            0,            0,   -0.8145623,    0.5800761
robot_15
    13.93132,     31.76931,            0,            0,            0,   -0.8068464,    0.5907613
robot_145
   -15.75793,    -6.025488,            0,            0,            0,    0.8972813,    0.4414593
robot_140
   -38.16618,     33.68104,            0,            0,            0,   -0.5307935,    0.8475012
robot_196
   -14.00088,    -38.18752,            0,            0,            0,     0.674003,    0.7387286
robot_188
    34.33622,     10.05921,            0,            0,            0,   -0.5530771,      0.83313
robot_4
    34.26132,    -10.01897,            0,            0,            0,   -0.7179644,    0.6960798
robot_155
    33.96425,     7.086698,            0,            0,            0,    0.9706719,    0.2404079
robot_135
    30.35426,     14.08163,            0,            0,            0,     0.953332,    0.3019241
robot_93
    13.57459,    -2.073602,            0,            0,            0,   -0.7962403,    0.6049805
robot_111
    32.34202,     29.98746,            0,            0,            0,    0.7940179,    0.6078944
robot_0
    13.90629,     34.72094,            0,            0,            0,   -0.4038359,    0.9148315
robot_49
   -22.24199,      1.99833,            0,            0,            0,   -0.6370402,    0.7708306
robot_113
    13.94165,     36.73725,            0,            0,            0,    0.9176576,    0.3973721
