tuw_multi_robot_msgs::RobotGoalsArray @1970-01-01T01:49:25
frame_id: map
        6565,            0
robot_84
   -9.004093,    -25.98302,            0,            0,            0,   -0.8229958,    0.5680475
robot_116
    25.64738,    -5.918722,            0,            0,            0,    0.9119761,    0.4102434
robot_74
    37.95874,     12.68762,            0,            0,            0,   -0.9444226,    0.3287339
robot_41
    29.77811,    -17.85623,            0,            0,            0,    0.7133552,    0.7008026
robot_125
   -36.46757,    -26.00652,            0,            0,            0,   -0.1597589,    0.9871561
robot_136
   -20.28865,     30.00257,            0,            0,            0,   -0.5330618,    0.8460763
robot_173
   -10.02244,    -33.71587,            0,            0,            0,   -0.8037941,    0.5949076
robot_67
   -22.05072,   -0.8142625,            0,            0,            0,    0.1927209,    0.9812536
robot_197
   -22.05509,    -14.61128,            0,            0,            0,    0.3506722,    0.9364983
robot_119
   -29.99266,     26.14289,            0,            0,            0,     0.714903,    0.6992237
robot_82
    17.90645,    -33.02858,            0,            0,            0,   -0.3506626,    0.9365018
robot_77
    38.44573,      6.02183,            0,            0,            0,   -0.9286103,    0.3710565
robot_5
   -34.04812,    -12.83048,            0,            0,            0,   -0.9875447,    0.1573388
robot_133
    17.71117,     22.13289,            0,            0,            0,    0.4615023,     0.887139
robot_99
   -25.05995,    -29.99567,            0,            0,            0,   -0.3037592,    0.9527488
robot_171
   -6.160052,     38.33176,            0,            0,            0,   -0.9218995,    0.3874291
robot_180
   -34.02215,     5.693312,            0,            0,            0,    -0.345507,    0.9384162
robot_56
   -10.45254,     25.90294,            0,            0,            0,    0.5438789,    0.8391637
robot_3
    37.92771,    -23.49547,            0,            0,            0,    0.9973273,   0.07306271
robot_81
   -18.00797,     38.20809,            0,            0,            0,   -0.9984749,   0.05520796
