tuw_multi_robot_msgs::RobotGoalsArray @1970-01-01T00:50:08.800000
frame_id: map
        3008,    800000000
robot_84
   -1.596818,    -22.03989,            0,            0,            0,    0.8528749,    0.5221153
robot_116
    37.59302,     -5.99311,            0,            0,            0,    0.8490624,    0.5282925
robot_74
   -6.615703,    -25.97047,            0,            0,            0,    0.7587908,    0.6513344
robot_41
   -30.07738,     26.04412,            0,            0,            0,   -0.8194968,    0.5730838
robot_125
    38.00289,     18.09415,            0,            0,            0,   -0.6629437,    0.7486693
robot_136
    13.99856,     21.95097,            0,            0,            0,    0.7821277,    0.6231181
robot_173
    18.04697,     33.83267,            0,            0,            0,    0.4271411,     0.904185
robot_67
   -20.14738,    -38.00883,            0,            0,            0,     -0.70913,    0.7050777
robot_197
    38.04868,     26.15905,            0,            0,            0,     0.930872,    0.3653455
robot_119
   -26.60598,     -25.9995,            0,            0,            0,    0.5161431,    0.8565024
robot_82
    5.852599,    -26.35375,            0,            0,            0,    0.9478377,    0.3187534
robot_77
    6.026205,     6.255269,            0,            0,            0,    0.9764565,    0.2157143
robot_5
   -6.137537,     9.814857,            0,            0,            0,   -0.4657892,    0.8848957
robot_133
   -31.36488,     10.01464,            0,            0,            0,    0.5865088,    0.8099428
robot_99
    5.848755,     30.12899,            0,            0,            0,    0.9294731,      0.36889
robot_171
    21.94653,     39.04977,            0,            0,            0,   -0.7064922,    0.7077208
robot_180
    5.965896,     19.97096,            0,            0,            0,    0.9983121,   0.05807795
robot_56
    33.84691,      34.3141,            0,            0,            0,    0.3698201,    0.9291034
robot_3
   -14.05992,     1.373141,            0,            0,            0,   -0.6841297,    0.7293604
robot_81
    12.70826,     -33.9872,            0,            0,            0,   -0.9941014,    0.1084542
robot_167
     22.0481,    -34.15701,            0,            0,            0,    0.1082587,    0.9941228
robot_25
    29.66172,     38.03228,            0,            0,            0,    0.6550032,    0.7556261
robot_168
   -18.19224,    -34.07257,            0,            0,            0,    0.9789489,    0.2041055
robot_96
    -22.0369,    -8.814978,            0,            0,            0,   -0.8166387,    0.5771493
robot_166
    6.121085,    -6.038113,            0,            0,            0,    0.5975984,    0.8017956
robot_102
    35.89737,     10.02516,            0,            0,            0,    0.9997658,   0.02164006
robot_192
    32.48577,    -9.967955,            0,            0,            0,    0.7429461,    0.6693513
robot_179
     29.9454,     18.79906,            0,            0,            0,    0.2845734,    0.9586543
robot_142
    9.781126,     38.03205,            0,            0,            0,    0.9195072,    0.3930731
robot_1
   -30.09422,    -4.671509,            0,            0,            0,   -0.8972745,    0.4414731
robot_44
    1.629009,     -14.0109,            0,            0,            0,    0.4974487,    0.8674934
robot_163
   -21.07063,    -30.00647,            0,            0,            0,    0.1018876,    0.9947959
robot_79
     1.85935,     17.75559,            0,            0,            0,   -0.1670207,    0.9859534
robot_8
   -7.513868,     30.03271,            0,            0,            0,   -0.3837488,    0.9234375
robot_20
    21.91608,     3.674733,            0,            0,            0,   -0.9744114,    0.2247719
robot_143
   -16.36915,    -6.008031,            0,            0,            0,   -0.6071768,    0.7945667
robot_138
   -17.92519,    -1.927619,            0,            0,            0,   -0.7848198,    0.6197241
robot_123
    21.44288,     9.976824,            0,            0,            0,    0.9823225,    0.1871962
robot_193
   -10.39797,     30.09766,            0,            0,            0,   -0.9524217,    0.3047834
robot_187
    13.90458,     25.79936,            0,            0,            0,    0.2817082,    0.9595001
robot_176
    29.90101,    -33.80871,            0,            0,            0,   -0.8070792,    0.5904431
robot_66
    21.96258,     32.31501,            0,            0,            0,    0.8111543,    0.5848322
robot_63
    16.53352,     25.99399,            0,            0,            0,    0.9757954,    0.2186854
robot_31
   -6.046581,     1.568831,            0,            0,            0,     0.944953,    0.3272061
robot_159
     21.9988,    -9.679302,            0,            0,            0,   -0.3962358,    0.9181488
robot_160
    21.95566,     35.44857,            0,            0,            0,    0.5857101,    0.8105206
robot_151
    9.068876,    -22.00417,            0,            0,            0,   -0.4376251,    0.8991575
robot_150
   -26.11081,    -2.236009,            0,            0,            0,   -0.9488506,    0.3157255
robot_137
    25.45936,     10.00251,            0,            0,            0,     -0.33043,    0.9438305
robot_199
   -10.02617,     9.983546,            0,            0,            0,    0.9024611,    0.4307713
robot_54
    8.594351,     13.98061,            0,            0,            0,   -0.5034172,    0.8640434
robot_117
    5.908241,    -9.091379,            0,            0,            0,   -0.9603221,    0.2788933
robot_36
    21.92122,     28.95372,            0,            0,            0,    0.7699601,     0.638092
robot_33
   -6.605853,     14.00825,            0,            0,            0,   -0.1493373,    0.9887863
robot_146
    17.95658,    -7.314539,            0,            0,            0,    0.8056119,    0.5924436
robot_156
     30.7481,     34.00993,            0,            0,            0,    0.9568282,    0.2906541
robot_112
    22.81224,    -18.00559,            0,            0,            0,   -0.5148694,    0.8572686
robot_19
   -34.07262,    -28.75283,            0,            0,            0,    0.4239746,    0.9056741
robot_141
    26.93816,     22.00307,            0,            0,            0,   -0.9999107,   0.01336482
robot_35
   -28.55385,     34.02257,            0,            0,            0,   -0.8274139,    0.5615926
