tuw_multi_robot_msgs::RobotGoalsArray @1970-01-01T00:48:19
frame_id: map
        2899,            0
robot_84
    10.13845,     18.11862,            0,            0,            0,    0.8764305,    0.4815284
robot_116
    29.92384,     5.430265,            0,            0,            0,   -0.6695824,    0.7427378
robot_74
   -21.70165,     37.94029,            0,            0,            0,    0.7197102,    0.6942746
robot_41
   -28.40256,    -25.97457,            0,            0,            0,   -0.8657763,    0.5004313
robot_125
    -13.5983,     5.937645,            0,            0,            0,   -0.7980221,    0.6026282
robot_136
   -26.08466,    -17.31359,            0,            0,            0,   -0.7216534,    0.6922545
robot_173
   -10.25367,     -5.88037,            0,            0,            0,    0.4410595,    0.8974779
robot_67
    -4.49657,     13.99722,            0,            0,            0,   -0.3542892,    0.9351359
robot_197
    8.934322,     14.01094,            0,            0,            0,   -0.7334791,     0.679712
robot_119
    22.37815,     22.01191,            0,            0,            0,    0.9943626,    0.1060333
robot_82
    9.473182,     38.07763,            0,            0,            0,    0.3595804,    0.9331141
robot_77
    29.95676,     18.63374,            0,            0,            0,   -0.5722905,     0.820051
robot_5
    13.92768,    -30.71269,            0,            0,            0,   -0.9985169,   0.05444173
robot_133
    25.90287,    -28.98904,            0,            0,            0,   -0.9974108,   0.07191412
robot_99
    5.913338,    -22.50441,            0,            0,            0,    0.7947021,    0.6069996
robot_171
     30.0622,    -30.04395,            0,            0,            0,   -0.9301839,    0.3670939
robot_180
   -9.709556,     29.90104,            0,            0,            0,   -0.4885847,    0.8725165
robot_56
    30.40288,    -38.03541,            0,            0,            0,    0.9974569,   0.07127154
robot_3
   -32.30217,    -33.98091,            0,            0,            0,   -0.9227761,    0.3853365
robot_81
    33.95984,    -9.774491,            0,            0,            0,   -0.0213998,     0.999771
robot_167
    13.90838,     8.558035,            0,            0,            0,   -0.5143603,    0.8575742
robot_25
    5.942031,     -16.7001,            0,            0,            0,    0.9978215,   0.06597116
robot_168
   -20.40193,     14.02205,            0,            0,            0,   -0.8005552,     0.599259
robot_96
    6.249133,    -6.067197,            0,            0,            0,    0.5763612,    0.8171951
robot_166
    5.931215,     3.691192,            0,            0,            0,     0.718452,    0.6955766
robot_102
    34.02653,     6.094219,            0,            0,            0,    0.3418761,     0.939745
robot_192
   -34.08737,     3.153593,            0,            0,            0,   -0.9868192,    0.1618268
robot_179
   -22.36834,     21.97678,            0,            0,            0,    0.9992559,   0.03857116
robot_142
    34.15608,     21.85594,            0,            0,            0,    -0.550452,    0.8348668
robot_1
   -29.87135,     22.08136,            0,            0,            0,    0.4397028,    0.8981433
robot_44
   -6.043961,    -35.93985,            0,            0,            0,   -0.7062855,    0.7079271
robot_163
    15.09277,    -22.02082,            0,            0,            0,   -0.7466686,    0.6651962
robot_79
    2.057466,    -9.860788,            0,            0,            0,     -0.69134,    0.7225296
robot_8
   -10.07093,     -1.62028,            0,            0,            0,   -0.9455267,    0.3255444
robot_20
   -1.980435,    -17.85844,            0,            0,            0,   -0.9989005,   0.04688031
robot_143
   -30.08476,      16.3753,            0,            0,            0,    0.1172297,    0.9931048
robot_138
    35.26149,     9.975733,            0,            0,            0,    0.9206481,    0.3903936
robot_123
   -36.40893,     -30.0259,            0,            0,            0,  -0.06507853,    0.9978801
robot_193
    1.683275,    -13.92049,            0,            0,            0,    0.7794088,    0.6265158
robot_187
     21.9494,    -12.44903,            0,            0,            0,   -0.2126396,    0.9771307
robot_176
    14.63633,    -18.01845,            0,            0,            0,     0.991273,    0.1318251
robot_66
    37.90203,     11.51041,            0,            0,            0,    0.4216227,    0.9067714
robot_63
    -37.9187,      17.9917,            0,            0,            0,   -0.2047894,     0.978806
robot_31
     25.9364,    -34.57506,            0,            0,            0,    0.4556378,    0.8901653
robot_159
     25.8665,    -38.09859,            0,            0,            0,    0.4259645,    0.9047399
robot_160
    29.90998,     8.540444,            0,            0,            0,   -0.1678069,    0.9858199
robot_151
    6.146874,     -10.0475,            0,            0,            0,   -0.5760321,    0.8174271
robot_150
     2.36587,    -26.01189,            0,            0,            0,    -0.904889,    0.4256477
robot_137
    17.59576,      13.9715,            0,            0,            0,    0.9660162,    0.2584814
robot_199
   -34.09898,    -4.172246,            0,            0,            0,    -0.242935,    0.9700426
