tuw_multi_robot_msgs::RobotGoalsArray @1970-01-01T01:38:13.500000
frame_id: map
        5893,    500000000
robot_84
   -18.03598,     9.100684,            0,            0,            0,    0.1326955,    0.9911569
robot_116
    32.03416,    -26.01447,            0,            0,            0,   0.00900047,    0.9999595
robot_74
   -22.02334,     29.64419,            0,            0,            0,    0.8871765,    0.4614302
robot_41
   -22.08134,     32.23607,            0,            0,            0,   -0.9920672,     0.125709
robot_125
   -26.27481,    -10.13412,            0,            0,            0,    0.3545505,    0.9350368
robot_136
    30.95857,    -10.01955,            0,            0,            0,   -0.9741038,    0.2261012
robot_173
    37.18911,     10.02488,            0,            0,            0,   -0.9467472,     0.321978
robot_67
    1.928517,    -18.21429,            0,            0,            0,    0.9529839,     0.303021
robot_197
   -26.10976,     33.87281,            0,            0,            0,   -0.4605666,    0.8876252
robot_119
    36.92606,    -30.02612,            0,            0,            0,   -0.9966455,   0.08183917
robot_82
   -24.92151,     25.98976,            0,            0,            0,   -0.4118104,    0.9112696
robot_77
    25.90527,     30.71089,            0,            0,            0,   -0.3189576,     0.947769
robot_5
     10.0089,    -37.90718,            0,            0,            0,    0.9032665,    0.4290799
robot_133
   -16.65918,     17.99072,            0,            0,            0,   -0.9420513,    0.3354688
robot_99
   -9.288648,      38.0017,            0,            0,            0,  -0.01227713,    0.9999246
robot_171
   -30.05116,     27.51992,            0,            0,            0,    0.2760937,    0.9611307
robot_180
   -16.19548,     38.01201,            0,            0,            0,   -0.7148529,    0.6992748
robot_56
    10.32734,    -6.012652,            0,            0,            0,   -0.7360441,    0.6769336
robot_3
    29.95778,    -5.616967,            0,            0,            0,   0.08875076,    0.9960539
robot_81
    21.86846,     29.78426,            0,            0,            0,    0.1305815,    0.9914376
robot_167
    1.475001,     30.02467,            0,            0,            0,    0.1225967,    0.9924566
robot_25
   -30.09317,    -38.40082,            0,            0,            0,  -0.04700942,    0.9988944
robot_168
   -29.75346,    -34.05369,            0,            0,            0,   -0.2606595,    0.9654308
robot_96
   -3.007546,     25.98293,            0,            0,            0,    0.4843861,    0.8748543
robot_166
   -14.10338,     -26.3277,            0,            0,            0,   -0.7709834,    0.6368552
robot_102
    33.90645,    -21.80932,            0,            0,            0,   -0.9883816,    0.1519929
robot_192
   -6.299556,    -38.04097,            0,            0,            0,  -0.07062391,     0.997503
robot_179
   -10.16519,     33.68093,            0,            0,            0,   0.02819115,    0.9996026
robot_142
   -8.225685,      25.9997,            0,            0,            0,     0.565084,    0.8250334
robot_1
    17.92244,    -26.50472,            0,            0,            0,    0.2497345,    0.9683143
robot_44
   -10.06926,    -0.493346,            0,            0,            0,    0.1475709,    0.9890515
robot_163
   0.2464491,    -21.97813,            0,            0,            0,   0.00903699,    0.9999592
robot_79
   -5.815728,    -5.936755,            0,            0,            0,   -0.6600667,     0.751207
robot_8
   -28.61983,     38.01284,            0,            0,            0,   -0.1843209,    0.9828661
robot_20
   -33.67586,    -29.97869,            0,            0,            0,   -0.6188401,     0.785517
robot_143
    9.935524,    -8.071211,            0,            0,            0,   -0.9959812,    0.0895626
robot_138
   -19.09962,    -33.97821,            0,            0,            0,   -0.2137772,    0.9768825
robot_123
    38.86905,     13.97174,            0,            0,            0,    0.8920184,    0.4519991
robot_193
    -18.0665,      31.6594,            0,            0,            0,   -0.7712112,    0.6365793
robot_187
    31.85308,     26.01177,            0,            0,            0,      0.50332,    0.8641001
robot_176
     33.5965,     38.03416,            0,            0,            0,   0.04998555,    0.9987499
robot_66
     21.9519,    -8.355593,            0,            0,            0,    0.6501288,     0.759824
robot_63
    29.96927,    -37.99477,            0,            0,            0,   -0.9680538,    0.2507427
robot_31
    14.67266,     13.98146,            0,            0,            0,    0.8374445,    0.5465224
robot_159
    5.451632,    -18.00657,            0,            0,            0,    0.9976063,   0.06914938
robot_160
    5.428047,     -26.0256,            0,            0,            0,   -0.6884172,     0.725315
robot_151
   -10.10909,     10.29568,            0,            0,            0,   0.01614842,    0.9998696
robot_150
    5.959149,      3.62413,            0,            0,            0,     0.383112,    0.9237019
robot_137
   -34.16446,    -26.05191,            0,            0,            0,    0.3837798,    0.9234246
robot_199
    21.90985,      8.26714,            0,            0,            0,   -0.8705701,    0.4920443
robot_54
    -30.0583,    -15.04471,            0,            0,            0,    0.9182226,    0.3960648
robot_117
   -5.094833,    -29.99314,            0,            0,            0,    0.9570879,    0.2897977
robot_36
   -34.66753,     29.97505,            0,            0,            0,      0.53293,    0.8461593
robot_33
    20.48565,    -9.987102,            0,            0,            0,   -0.7518909,    0.6592875
robot_146
     17.9245,    -38.03646,            0,            0,            0,   -0.9886514,    0.1502275
robot_156
    23.78064,     1.984557,            0,            0,            0,     0.999736,   0.02297599
robot_112
   -38.53829,    -13.97733,            0,            0,            0,    0.4969324,    0.8677892
robot_19
   -33.98095,     5.751933,            0,            0,            0,   -0.8070681,    0.5904584
robot_141
   -21.23957,    -34.00452,            0,            0,            0,    0.9544564,    0.2983505
robot_35
   -2.074644,    -22.44003,            0,            0,            0,     0.984494,    0.1754183
robot_184
   -14.01843,     18.20574,            0,            0,            0,   -0.9855125,     0.169603
robot_98
   -14.06076,     23.28712,            0,            0,            0,  0.005154156,    0.9999867
robot_100
   -14.10986,    -38.05995,            0,            0,            0,   -0.1174559,    0.9930781
robot_164
   -29.84117,    -1.885829,            0,            0,            0,    0.9601625,    0.2794423
robot_59
   -6.743196,     38.02987,            0,            0,            0,    0.4053715,    0.9141521
robot_144
   -14.03828,    -23.00267,            0,            0,            0,    0.1351968,    0.9908188
robot_101
    37.96059,     16.97448,            0,            0,            0,  -0.02092184,    0.9997811
robot_161
   -27.41635,    -37.98126,            0,            0,            0,    0.7435734,    0.6686544
robot_149
    -11.4621,     30.01129,            0,            0,            0,    0.8945147,    0.4470385
robot_86
    17.94776,    -16.88975,            0,            0,            0,     0.195709,     0.980662
robot_191
    29.92898,     35.36071,            0,            0,            0,    0.5933208,    0.8049661
robot_126
    17.91566,     33.83307,            0,            0,            0,    0.9904575,    0.1378184
robot_190
   -26.08214,     20.24075,            0,            0,            0,    0.3487406,    0.9372193
robot_131
   -37.01526,     -29.9698,            0,            0,            0,    -0.928026,    0.3725155
robot_154
    28.61292,      14.0097,            0,            0,            0,   -0.8241202,     0.566415
robot_9
     9.81595,     26.13378,            0,            0,            0,  -0.08746995,    0.9961672
robot_27
    34.34066,     34.07476,            0,            0,            0,    0.9391095,    0.3436179
robot_34
   -25.98906,    -33.88237,            0,            0,            0,   -0.6234286,    0.7818802
robot_114
    14.02308,    -18.26798,            0,            0,            0,    0.2584648,    0.9660207
robot_51
       5.935,    -9.216201,            0,            0,            0,    0.6490872,     0.760714
robot_108
   -10.04443,    -33.83947,            0,            0,            0,   -0.9458311,    0.3246592
robot_147
    33.96036,    -2.328301,            0,            0,            0,   -0.6947115,    0.7192885
robot_183
    37.90411,     21.66312,            0,            0,            0,    -0.403282,    0.9150758
robot_48
    26.91877,    -2.006392,            0,            0,            0,   -0.7419915,    0.6704093
robot_60
   -2.087668,     12.08827,            0,            0,            0,   -0.3654975,    0.9308123
robot_75
    16.83741,     -9.98968,            0,            0,            0,    0.9403326,    0.3402568
robot_152
   -22.05756,     35.02023,            0,            0,            0,    0.9502628,    0.3114493
robot_26
   -38.09226,     24.61775,            0,            0,            0,    0.1727352,    0.9849683
robot_182
    21.19738,    -5.967205,            0,            0,            0,   -0.1154535,    0.9933129
robot_172
    31.84033,     14.02172,            0,            0,            0,  0.003247211,    0.9999947
robot_43
   -10.04245,    -30.67941,            0,            0,            0,   0.08624913,    0.9962736
robot_170
     29.9123,     19.78193,            0,            0,            0,   -0.9674456,    0.2530792
robot_177
    13.95367,    -37.91792,            0,            0,            0,   0.04176665,    0.9991274
robot_80
    32.96676,     22.00889,            0,            0,            0,   -0.2158386,     0.976429
robot_16
   -6.331055,    -17.96147,            0,            0,            0,    0.2579197,    0.9661664
robot_13
    9.774093,     2.147445,            0,            0,            0,   -0.2261684,    0.9740882
robot_178
   -28.94247,    -22.01256,            0,            0,            0,   -0.5060205,    0.8625215
robot_88
   -15.86351,     14.02741,            0,            0,            0,    0.3275026,    0.9448503
robot_194
    5.710845,     33.86274,            0,            0,            0,    0.2167654,    0.9762237
robot_29
    38.04539,    -26.05652,            0,            0,            0,    0.2815665,    0.9595417
robot_92
   -22.04401,    -4.260473,            0,            0,            0,   -0.9133358,    0.4072071
robot_87
    11.58854,     5.999223,            0,            0,            0,   -0.9759024,    0.2182077
robot_68
    18.94948,    -5.980364,            0,            0,            0,    0.9541582,    0.2993029
robot_22
   -26.11596,     2.308595,            0,            0,            0,   -0.8195441,    0.5730161
robot_38
    23.01127,     21.98702,            0,            0,            0,   -0.8907899,    0.4544154
robot_2
    -38.0888,     15.58459,            0,            0,            0,   -0.8261864,    0.5633969
robot_110
    5.084561,     17.99212,            0,            0,            0,    0.9643741,    0.2645423
robot_14
   -22.37022,     2.064796,            0,            0,            0,    0.9106453,    0.4131891
robot_181
    17.98725,    -33.82743,            0,            0,            0,     0.706972,    0.7072415
robot_61
   -30.01557,     6.315523,            0,            0,            0,    0.5700544,     0.821607
robot_30
   -25.65983,     -26.0038,            0,            0,            0,   -0.9586619,    0.2845476
robot_122
    29.92242,     7.798081,            0,            0,            0,   -0.6215975,    0.7833368
robot_132
   -10.05736,    -25.77126,            0,            0,            0,     -0.28881,    0.9573864
robot_45
    3.450707,    -29.99951,            0,            0,            0,   -0.9185997,    0.3951893
robot_21
    30.48972,    -21.98613,            0,            0,            0,    0.3757132,     0.926736
robot_39
    14.03594,     25.88045,            0,            0,            0,    0.6700364,    0.7423282
robot_134
    18.15661,    -1.889405,            0,            0,            0,    0.8794213,    0.4760443
robot_15
    5.947812,    -35.31124,            0,            0,            0,     0.172227,    0.9850573
robot_145
   -11.28771,     38.01507,            0,            0,            0,    0.2579763,    0.9661512
robot_140
    -17.9761,    -10.21487,            0,            0,            0,   -0.3585685,    0.9335034
robot_196
   -33.83932,     18.11387,            0,            0,            0,     0.419446,    0.9077803
robot_188
    33.93409,     5.143694,            0,            0,            0,   -0.6850752,    0.7284723
robot_4
   -30.07898,    -11.67678,            0,            0,            0,   -0.9941537,    0.1079745
robot_155
   -18.00565,     25.77606,            0,            0,            0,    -0.851473,    0.5243984
robot_135
   -22.03373,    -1.200289,            0,            0,            0,  0.004743286,    0.9999888
robot_93
   -14.09533,    -29.97886,            0,            0,            0,   -0.9659172,    0.2588513
robot_111
   -21.88756,     21.99748,            0,            0,            0,     0.602356,    0.7982276
robot_0
   -35.89336,    -21.98514,            0,            0,            0,    0.2820558,     0.959398
robot_49
    25.75102,    -18.08691,            0,            0,            0,    0.8368236,    0.5474726
robot_113
   -23.90247,     29.98106,            0,            0,            0,   -0.2152824,    0.9765518
robot_94
    25.90549,     6.779692,            0,            0,            0,    0.5674351,    0.8234181
robot_40
   -4.821246,     10.02669,            0,            0,            0,    0.1041723,    0.9945593
robot_103
   -28.25598,     14.02395,            0,            0,            0,   -0.1709748,    0.9852754
robot_6
   -3.619893,    -34.00915,            0,            0,            0,     0.918812,    0.3946955
robot_71
    17.96622,    -30.70544,            0,            0,            0,   -0.9606009,    0.2779315
robot_17
   -2.232144,     22.01549,            0,            0,            0,   -0.3559356,    0.9345105
robot_120
   -29.80661,    -5.931725,            0,            0,            0,   -0.9612903,    0.2755375
robot_189
   -14.16544,     29.81375,            0,            0,            0,   -0.9845041,    0.1753615
robot_148
    33.95066,     29.46123,            0,            0,            0,    0.1696073,    0.9855117
robot_186
    21.96007,     16.82235,            0,            0,            0,      0.57394,    0.8188974
robot_198
    29.93798,    -31.95236,            0,            0,            0,    0.8549721,     0.518674
robot_107
    13.85215,     6.260071,            0,            0,            0,    0.9447612,    0.3277595
robot_18
   -28.42998,    -29.97617,            0,            0,            0,   -0.8155676,    0.5786618
robot_23
     24.0629,    -33.99854,            0,            0,            0,    0.7701391,    0.6378759
robot_46
   -18.15769,     5.774599,            0,            0,            0,    0.9595939,    0.2813887
robot_109
    9.903388,    -14.99485,            0,            0,            0,   -0.1924987,    0.9812972
robot_10
   -6.427623,     22.02835,            0,            0,            0,   -0.8361662,    0.5484762
robot_157
    1.705465,     18.15074,            0,            0,            0,    0.7418745,    0.6705387
robot_70
   -18.82253,      -21.976,            0,            0,            0,   -0.9999364,   0.01128156
robot_55
   -33.76606,     26.05432,            0,            0,            0,    0.7506416,    0.6607096
