tuw_multi_robot_msgs::RobotGoalsArray @1970-01-01T01:35:47.200000
frame_id: map
        5747,    200000000
robot_84
    5.490762,    -14.02349,            0,            0,            0,   -0.4526547,    0.8916859
robot_116
   -10.77944,    -18.00862,            0,            0,            0,   -0.6228534,    0.7823386
robot_74
   -7.406118,     18.03078,            0,            0,            0,   -0.8350311,    0.5502028
robot_41
   -21.41335,    -29.98706,            0,            0,            0,    -0.971298,     0.237866
robot_125
    8.300855,    -38.00113,            0,            0,            0,   -0.5279464,    0.8492777
robot_136
   -22.04932,     37.89315,            0,            0,            0,   -0.6887601,    0.7249893
robot_173
    10.15118,    -9.965618,            0,            0,            0,    0.5042281,    0.8635705
robot_67
    29.71981,     10.14274,            0,            0,            0,   -0.7999201,    0.6001065
robot_197
    30.15743,     6.101997,            0,            0,            0,    0.9891379,    0.1469903
robot_119
    17.96615,    -37.60906,            0,            0,            0,    0.9640762,     0.265626
robot_82
    37.91135,    -20.31761,            0,            0,            0,   -0.7948962,    0.6067454
robot_77
    17.70067,     22.15957,            0,            0,            0,   -0.7529346,    0.6580953
robot_5
   -21.97501,    -17.70145,            0,            0,            0,   -0.8771796,    0.4801623
robot_133
   -18.04194,     25.82114,            0,            0,            0,    -0.788507,    0.6150257
robot_99
    29.52072,    -18.09028,            0,            0,            0,   -0.0809804,    0.9967157
robot_171
    13.75328,     38.01681,            0,            0,            0,    0.8556333,    0.5175824
robot_180
    9.930422,    -27.72851,            0,            0,            0,    0.4248731,    0.9052529
robot_56
     33.9443,      30.0825,            0,            0,            0,   -0.9585625,    0.2848823
robot_3
    22.29377,     33.90045,            0,            0,            0,    0.2959876,    0.9551918
robot_81
    30.43363,    -34.03799,            0,            0,            0,   -0.5113612,    0.8593659
robot_167
    20.69258,    -38.01352,            0,            0,            0,   -0.5535297,    0.8328295
robot_25
    29.91382,     21.28043,            0,            0,            0,    0.9904043,    0.1382005
robot_168
   -32.77641,     14.02065,            0,            0,            0,   -0.5383565,    0.8427172
robot_96
    6.022935,    -38.16836,            0,            0,            0,   -0.7231849,    0.6906544
robot_166
     30.0526,    -21.93064,            0,            0,            0,   0.04228686,    0.9991055
robot_102
   -13.25763,     -9.97381,            0,            0,            0,   -0.8331244,    0.5530856
robot_192
   -6.734568,    -14.02749,            0,            0,            0,   -0.9927583,    0.1201286
robot_179
   -6.063894,    -7.571278,            0,            0,            0,     0.763048,    0.6463419
robot_142
    25.92855,    -33.35508,            0,            0,            0,  -0.09050824,    0.9958957
robot_1
   -2.077018,     6.830418,            0,            0,            0,   -0.9993017,   0.03736452
robot_44
   -6.377257,     2.064112,            0,            0,            0,    0.8405268,    0.5417699
robot_163
  -0.7712585,      -14.007,            0,            0,            0,    0.9911722,    0.1325805
robot_79
   -32.56203,     -6.03081,            0,            0,            0,   -0.2218443,    0.9750821
robot_8
    22.08231,    -6.165576,            0,            0,            0,    -0.882448,      0.47041
robot_20
    -10.1827,     5.968112,            0,            0,            0,    0.3754356,    0.9268485
robot_143
   -22.09585,     -25.2291,            0,            0,            0,    0.6316831,    0.7752267
robot_138
    21.94258,     11.15435,            0,            0,            0,    0.5547786,     0.831998
robot_123
    29.74368,     13.90933,            0,            0,            0, -0.005064326,    0.9999872
robot_193
    1.907529,     17.04313,            0,            0,            0,   -0.6583308,    0.7527288
robot_187
    22.10009,    -34.07942,            0,            0,            0,    0.9663215,    0.2573379
robot_176
   -33.88656,    -37.89323,            0,            0,            0,    0.3197484,    0.9475025
robot_66
    -22.0858,     5.530326,            0,            0,            0,   -0.4113528,    0.9114762
robot_63
   -9.472123,     -38.0329,            0,            0,            0,    0.6580984,    0.7529319
robot_31
     37.6884,     9.949472,            0,            0,            0,    0.5054376,    0.8628632
robot_159
   -18.50717,     38.05153,            0,            0,            0,  -0.04112792,    0.9991539
robot_160
   -13.97105,     14.08765,            0,            0,            0,   -0.1407836,    0.9900404
robot_151
   -21.80462,    -9.909612,            0,            0,            0,   -0.9788818,     0.204427
robot_150
    11.16921,    -14.00216,            0,            0,            0,    0.8280741,    0.5606187
robot_137
    13.06111,    -26.01421,            0,            0,            0,   -0.4284298,    0.9035751
robot_199
    -33.9792,     5.744396,            0,            0,            0,  -0.01468058,    0.9998922
robot_54
    13.78601,     9.939221,            0,            0,            0,    0.2267865,    0.9739445
robot_117
    21.96655,     6.124649,            0,            0,            0,   -0.9563864,    0.2921046
robot_36
     5.38763,    -30.00233,            0,            0,            0,    0.9768405,    0.2139687
robot_33
   -25.97093,     30.00921,            0,            0,            0,      0.91403,    0.4056466
robot_146
    14.92321,     17.98507,            0,            0,            0,    0.9302011,    0.3670502
robot_156
     18.1411,    -14.13648,            0,            0,            0,    0.1524253,     0.988315
robot_112
   -30.20535,    -6.100908,            0,            0,            0,   -0.9797417,    0.2002651
robot_19
    5.900849,    -21.14774,            0,            0,            0,    0.7028396,    0.7113484
robot_141
   -26.07862,     3.553311,            0,            0,            0,   -0.3068514,    0.9517574
robot_35
    24.99251,    -14.02002,            0,            0,            0,    0.3975745,    0.9175699
robot_184
    6.315699,     6.069424,            0,            0,            0,    0.9179742,    0.3966401
robot_98
     31.1615,     25.99825,            0,            0,            0,   -0.6573444,    0.7535903
robot_100
   -22.40177,    -21.99788,            0,            0,            0,    0.8524305,    0.5228406
robot_164
    33.90886,     16.91758,            0,            0,            0,    0.9858912,    0.1673875
robot_59
    5.753823,     13.92626,            0,            0,            0,  -0.03201814,    0.9994873
robot_144
   -30.09904,    -32.44425,            0,            0,            0,    0.9297163,    0.3682764
robot_101
   -23.70579,    -14.01207,            0,            0,            0,    0.6618219,    0.7496611
robot_161
    34.38029,     9.980871,            0,            0,            0,    0.2723327,    0.9622032
robot_149
    35.96219,     17.99114,            0,            0,            0,    0.4107845,    0.9117325
robot_86
    29.96542,    -30.68656,            0,            0,            0,    0.5566863,    0.8307228
robot_191
   -35.50487,     13.97861,            0,            0,            0,    -0.338572,    0.9409405
robot_126
    34.81676,     -25.9851,            0,            0,            0,    0.6138654,    0.7894107
robot_190
    9.917984,    -3.790504,            0,            0,            0,    0.6176534,    0.7864504
robot_131
    1.491495,    -17.92996,            0,            0,            0,    0.1504083,     0.988624
robot_154
   -18.25863,     29.99732,            0,            0,            0,   -0.9933575,    0.1150689
robot_9
   -38.61136,    -9.999291,            0,            0,            0,    0.1127161,    0.9936272
robot_27
    17.89367,    -5.706166,            0,            0,            0,    0.1751698,    0.9845382
robot_34
    22.05964,    -13.80604,            0,            0,            0,  -0.01473918,    0.9998914
robot_114
    22.02026,    -1.833835,            0,            0,            0,    0.1584694,    0.9873639
robot_51
   -34.11952,    -30.14254,            0,            0,            0,   -0.9795579,    0.2011623
robot_108
   -34.29241,    -22.05346,            0,            0,            0,    0.8756739,    0.4829029
robot_147
    17.90561,    -19.74098,            0,            0,            0,   -0.9568303,    0.2906473
robot_183
   -3.652376,    -13.99136,            0,            0,            0,    0.0262006,    0.9996567
robot_48
   -19.11594,     6.001327,            0,            0,            0,     0.282899,    0.9591497
robot_60
    -26.4609,    -9.994249,            0,            0,            0,    -0.248075,    0.9687408
robot_75
   -33.97683,    -14.23545,            0,            0,            0,    0.9952325,   0.09753102
robot_152
    -30.0694,     24.54919,            0,            0,            0,    0.8950573,    0.4459512
robot_26
   -25.21008,     33.98068,            0,            0,            0,    0.9396877,    0.3420338
robot_182
    22.22859,    -9.989714,            0,            0,            0,   -0.6053866,    0.7959316
robot_172
    10.28304,     1.948045,            0,            0,            0,    0.9420019,    0.3356075
robot_43
   -17.79295,    -18.03554,            0,            0,            0,    0.7445914,    0.6675205
robot_170
   -17.83865,     34.14638,            0,            0,            0,     -0.27308,    0.9619913
robot_177
    27.36772,    -5.970751,            0,            0,            0,    0.1593623,    0.9872202
robot_80
    17.54843,    -30.02972,            0,            0,            0,   -0.9800355,    0.1988223
robot_16
   -33.42875,     9.982829,            0,            0,            0,   -0.4282949,     0.903639
robot_13
   -15.40188,    -9.980744,            0,            0,            0,     0.435433,    0.9002211
robot_178
    2.408581,    -33.92542,            0,            0,            0,    0.7775089,     0.628872
robot_88
   -1.149684,    -34.01696,            0,            0,            0,     0.673433,    0.7392483
robot_194
    22.29784,       22.094,            0,            0,            0,    0.7300686,    0.6833739
robot_29
    1.131233,     10.00485,            0,            0,            0,   -0.7119351,    0.7022453
robot_92
   -29.98339,     38.33807,            0,            0,            0,    0.9200527,    0.3917946
robot_87
   -18.26119,     18.15597,            0,            0,            0,    0.8228915,    0.5681985
robot_68
    5.986136,    -17.98851,            0,            0,            0,   -0.5345174,    0.8451575
robot_22
    37.96165,     24.70503,            0,            0,            0,    0.8199629,    0.5724167
robot_38
   -14.13837,    -22.34603,            0,            0,            0,    -0.999908,   0.01356311
robot_2
   -17.58697,    -6.084204,            0,            0,            0,    -0.742708,    0.6696154
robot_110
    3.817774,    -18.03217,            0,            0,            0,   -0.9992227,   0.03942049
robot_14
   -6.131418,     9.971773,            0,            0,            0,     0.587209,    0.8094354
robot_181
    5.925295,    -7.825448,            0,            0,            0,    0.7445906,    0.6675214
robot_61
    24.46537,     34.01669,            0,            0,            0,   -0.7398526,     0.672769
robot_30
   -26.07184,    -18.02669,            0,            0,            0,   -0.3699926,    0.9290347
robot_122
    18.03079,     1.921985,            0,            0,            0,    0.9788714,    0.2044767
robot_132
    21.99654,     17.73027,            0,            0,            0,    0.9627924,    0.2702421
robot_45
   -6.046444,     37.74175,            0,            0,            0,   -0.4207256,    0.9071879
robot_21
   -36.14372,    -6.009563,            0,            0,            0,    0.9999939,  0.003488959
robot_39
    33.91529,    -30.32739,            0,            0,            0,   -0.2564637,    0.9665539
robot_134
   -7.519786,     29.96763,            0,            0,            0,    0.9595315,    0.2816012
robot_15
   -30.15306,    -14.21423,            0,            0,            0,   -0.9995127,   0.03121422
robot_145
    2.048637,    -6.034842,            0,            0,            0,   -0.3843809,    0.9231746
robot_140
    37.92445,    -13.54274,            0,            0,            0,   -0.9817828,    0.1900067
robot_196
    10.29148,     10.00741,            0,            0,            0,   -0.8807904,    0.4735063
robot_188
   -26.03776,     -33.5631,            0,            0,            0,   -0.9997613,   0.02184829
robot_4
    25.94736,     29.06898,            0,            0,            0,    0.8662705,    0.4995753
robot_155
    5.661306,    -26.09233,            0,            0,            0,     0.874463,    0.4850922
robot_135
    1.851649,      33.7034,            0,            0,            0,   -0.5077962,    0.8614772
robot_93
    21.88084,     -18.2258,            0,            0,            0,    0.9911673,    0.1326178
robot_111
   -14.52503,    -18.02909,            0,            0,            0,    0.9174571,    0.3978347
robot_0
   -39.30476,     5.972551,            0,            0,            0,    0.1667364,    0.9860015
robot_49
   -21.92348,     33.92515,            0,            0,            0,   -0.4037207,    0.9148823
robot_113
    2.100806,    -10.06486,            0,            0,            0,    0.7772131,    0.6292375
robot_94
   -10.09964,     34.37023,            0,            0,            0,   -0.1172422,    0.9931034
robot_40
   -9.170015,     38.01183,            0,            0,            0,   -0.9991539,   0.04112755
robot_103
   -12.14562,    -5.989906,            0,            0,            0,    0.8447785,    0.5351161
robot_6
    29.93253,    -13.65184,            0,            0,            0,   -0.8644474,    0.5027232
robot_71
   -37.49606,    -14.01707,            0,            0,            0,   -0.2566307,    0.9665095
robot_17
    17.91179,     24.62535,            0,            0,            0,    0.1213973,     0.992604
robot_120
   -17.77098,    -13.94562,            0,            0,            0,    0.5615931,    0.8274135
robot_189
    12.47167,    -18.02334,            0,            0,            0,    -0.261053,    0.9653245
robot_148
    37.91961,     14.24287,            0,            0,            0,    0.9168391,     0.399257
robot_186
   -15.29658,    -2.028463,            0,            0,            0,    0.5286129,     0.848863
