tuw_multi_robot_msgs::RobotGoalsArray @1970-01-01T00:56:32.800000
frame_id: map
        3392,    800000000
robot_84
    25.94451,     15.87433,            0,            0,            0,   -0.1953405,    0.9807355
robot_116
    25.91029,     13.52271,            0,            0,            0,   -0.4453035,    0.8953797
robot_74
    -33.4252,     2.013967,            0,            0,            0,    0.9532609,    0.3021483
robot_41
    36.94535,     10.01109,            0,            0,            0,    0.8189847,    0.5738154
robot_125
    -22.4008,    -21.97022,            0,            0,            0,   -0.9587044,    0.2844045
robot_136
    33.93409,     3.496714,            0,            0,            0,    0.1714786,    0.9851878
robot_173
   -14.22015,    -26.21684,            0,            0,            0,    -0.479236,    0.8776861
robot_67
    33.89387,      29.7819,            0,            0,            0,    0.3746197,    0.9271786
robot_197
   -27.65152,     30.02857,            0,            0,            0,    0.9368774,     0.349658
robot_119
   -15.85312,     13.98991,            0,            0,            0,    0.8855973,    0.4644539
robot_82
    13.89931,     33.88629,            0,            0,            0,   -0.9773111,    0.2118091
robot_77
    1.919389,    -23.38568,            0,            0,            0,    0.1978469,    0.9802329
robot_5
    32.86496,     18.03137,            0,            0,            0,   -0.4252738,    0.9050647
robot_133
    30.08349,     38.15628,            0,            0,            0,   -0.9305847,    0.3660767
robot_99
   -10.03797,    -6.234368,            0,            0,            0,    0.7046688,    0.7095364
robot_171
    1.802873,      21.8929,            0,            0,            0,   -0.9168685,    0.3991894
robot_180
    29.91132,  -0.06718468,            0,            0,            0,   -0.7911852,    0.6115767
robot_56
   -6.062511,     12.43541,            0,            0,            0,   -0.7133028,     0.700856
robot_3
    21.92817,    -28.51252,            0,            0,            0,    -0.360442,    0.9327816
robot_81
    6.010187,     22.13915,            0,            0,            0,   -0.9986675,   0.05160548
robot_167
   -29.53549,     17.97947,            0,            0,            0,   -0.9999712,  0.007588798
robot_25
    17.90452,     19.97109,            0,            0,            0,   -0.4926302,    0.8702387
robot_168
    1.781577,     13.89886,            0,            0,            0,    0.9926384,    0.1211158
robot_96
    31.91788,    -21.99233,            0,            0,            0,   -0.6258922,    0.7799096
robot_166
   -18.84297,    -13.99597,            0,            0,            0,   -0.1407598,    0.9900438
robot_102
   -34.24657,     26.10785,            0,            0,            0,    0.9988175,   0.04861731
robot_192
   -8.111204,     10.01299,            0,            0,            0,    0.8468436,     0.531842
robot_179
    17.57556,     2.091866,            0,            0,            0,   -0.9968641,   0.07913288
robot_142
    13.94182,     28.44837,            0,            0,            0,  -0.02408496,    0.9997099
robot_1
   -2.550848,    -9.990355,            0,            0,            0,   -0.1181652,    0.9929939
robot_44
    29.89426,    -6.299549,            0,            0,            0,   -0.5506223,    0.8347545
robot_163
    13.96281,     10.86836,            0,            0,            0,    0.9785772,    0.2058803
robot_79
   -30.20641,     26.12058,            0,            0,            0,   -0.4900331,    0.8717038
robot_8
    37.98724,     22.29547,            0,            0,            0,   -0.7322824,     0.681001
robot_20
    29.99376,     18.03663,            0,            0,            0,    0.9858081,    0.1678759
robot_143
    16.81677,     6.021618,            0,            0,            0,   -0.7031837,    0.7110082
robot_138
   -1.856376,    -30.09015,            0,            0,            0,   -0.9882182,    0.1530518
robot_123
   -14.03806,    -33.20019,            0,            0,            0,   -0.2445229,    0.9696435
robot_193
    21.61923,     2.010772,            0,            0,            0,    0.7247663,    0.6889947
robot_187
    14.97226,    -10.03305,            0,            0,            0,   -0.1231539,    0.9923876
robot_176
    9.957502,    -36.97331,            0,            0,            0,    0.9744741,    0.2244998
robot_66
   -15.49767,    -21.97594,            0,            0,            0,    0.9999662,  0.008220464
robot_63
   -18.08433,     22.60186,            0,            0,            0,    0.7891762,    0.6141669
robot_31
    -14.0586,     -18.8958,            0,            0,            0,    0.7120739,    0.7021045
robot_159
   -34.04565,      28.4399,            0,            0,            0,   -0.4449007,    0.8955799
robot_160
   -10.04035,     21.11358,            0,            0,            0,   -0.5808306,    0.8140245
robot_151
    33.91488,     23.14998,            0,            0,            0,   -0.8373281,    0.5467007
robot_150
    22.14968,      38.0935,            0,            0,            0,   -0.5459717,    0.8378036
robot_137
   -2.021632,    -13.87727,            0,            0,            0,    0.7216584,    0.6922494
robot_199
    5.953335,     6.284461,            0,            0,            0,   -0.4699084,    0.8827152
robot_54
    17.95305,     10.66631,            0,            0,            0,     0.148874,    0.9888562
robot_117
    9.944598,     33.16186,            0,            0,            0,    0.9768949,    0.2137202
robot_36
   -34.06288,     20.54731,            0,            0,            0,    0.9932001,    0.1164195
robot_33
    13.85497,      17.7453,            0,            0,            0,   -0.7211168,    0.6928135
robot_146
    20.81418,    -34.02928,            0,            0,            0,    0.9557061,    0.2943227
robot_156
    37.92656,    -32.41129,            0,            0,            0,   -0.4944347,    0.8692147
robot_112
    4.173823,    -26.00738,            0,            0,            0,    0.4006577,    0.9162278
robot_19
   -17.00779,     17.98911,            0,            0,            0,    0.4626691,     0.886531
robot_141
     34.1341,     26.09771,            0,            0,            0,    0.7037288,    0.7104687
robot_35
   -34.05976,    -2.138633,            0,            0,            0, -0.009537147,    0.9999545
robot_184
    21.91915,      5.23389,            0,            0,            0,   -0.9298767,    0.3678712
robot_98
    -2.03094,     21.78105,            0,            0,            0,    0.9445301,     0.328425
robot_100
   -10.07958,    -11.47892,            0,            0,            0,     0.262306,    0.9649847
robot_164
    22.22863,    -10.01074,            0,            0,            0,    0.6312396,    0.7755879
robot_59
    33.94192,    -22.74607,            0,            0,            0,    0.5949484,    0.8037639
robot_144
    37.84152,      13.7915,            0,            0,            0,    0.8989449,    0.4380616
robot_101
    13.98929,    -37.67446,            0,            0,            0,    0.8534663,     0.521148
robot_161
    9.731634,    -13.84406,            0,            0,            0,     0.555651,    0.8314157
robot_149
    29.95051,    -26.79073,            0,            0,            0,   -0.7514076,    0.6598384
robot_86
   -18.20863,    -18.17075,            0,            0,            0,    0.2186979,    0.9757926
