tuw_multi_robot_msgs::RobotGoalsArray @1970-01-01T00:48:31.500000
frame_id: map
        2911,    500000000
robot_84
    28.32333,    -1.969173,            0,            0,            0,    0.8558193,    0.5172749
robot_116
   -2.501041,     29.99586,            0,            0,            0,   -0.4426026,    0.8967179
robot_74
    17.91518,     2.364478,            0,            0,            0,    0.9996388,   0.02687356
robot_41
   0.6953867,     30.00206,            0,            0,            0,   -0.9998721,   0.01599525
robot_125
    9.932754,    -15.91716,            0,            0,            0,    0.5357398,    0.8443831
robot_136
   -18.21274,     18.00308,            0,            0,            0,    0.3597791,    0.9330375
robot_173
   -9.316247,    -5.985677,            0,            0,            0, -0.005407003,    0.9999854
robot_67
   -19.85675,     9.996217,            0,            0,            0,    0.4819318,    0.8762087
robot_197
    1.942545,    -22.99594,            0,            0,            0,   -0.9229195,     0.384993
robot_119
    30.97642,    -29.99327,            0,            0,            0,    -0.560724,    0.8280028
robot_82
   -5.542696,     22.00039,            0,            0,            0,    0.8134766,    0.5815977
robot_77
    11.77386,     38.02732,            0,            0,            0,   -0.7403887,    0.6721789
robot_5
    9.879245,    -18.03352,            0,            0,            0,    0.8664453,    0.4992719
robot_133
   -10.53874,     34.09704,            0,            0,            0,    -0.999238,   0.03903078
robot_99
    33.90356,    -28.64282,            0,            0,            0,   -0.9973123,   0.07326815
robot_171
   -14.05443,     3.136959,            0,            0,            0,   -0.6411479,    0.7674173
robot_180
    5.365966,    -18.02093,            0,            0,            0,    0.6987224,    0.7153929
robot_56
   -17.75275,      29.9267,            0,            0,            0,    0.7130681,    0.7010947
robot_3
   -18.30684,    -33.90299,            0,            0,            0,     0.272994,    0.9620157
robot_81
   -30.05936,      30.1521,            0,            0,            0,    0.7724443,    0.6350825
robot_167
   -26.73748,     25.98183,            0,            0,            0,    0.2120922,    0.9772497
robot_25
    -2.10875,    -14.04851,            0,            0,            0,    0.9573149,    0.2890471
robot_168
   -38.07437,     -14.7021,            0,            0,            0,     0.135498,    0.9907776
robot_96
    18.91837,     5.988421,            0,            0,            0,   -0.1952276,     0.980758
robot_166
    33.85354,     37.65765,            0,            0,            0,    0.7992887,    0.6009472
robot_102
     5.92982,    -36.87015,            0,            0,            0,    0.9997344,   0.02304834
robot_192
    30.10965,    -10.16165,            0,            0,            0,   -0.9399448,    0.3413266
robot_179
   -8.111734,     2.032702,            0,            0,            0,   0.01533222,    0.9998825
robot_142
    16.54844,     25.97774,            0,            0,            0,    -0.993794,    0.1112361
robot_1
    33.77141,     10.23291,            0,            0,            0,    0.8750512,    0.4840304
robot_44
    36.30624,    -21.97956,            0,            0,            0,   -0.6533466,    0.7570589
robot_163
    5.985633,    -6.291921,            0,            0,            0,    0.9801993,    0.1980134
robot_79
    3.948387,    -14.03283,            0,            0,            0,  -0.05584003,    0.9984397
robot_8
    10.36529,      -1.9852,            0,            0,            0,    0.7590557,    0.6510257
robot_20
    29.51407,    -17.96783,            0,            0,            0,   -0.6739798,    0.7387498
robot_143
    26.37023,     13.99272,            0,            0,            0,   -0.2106086,    0.9775705
robot_138
    8.870501,    -5.984248,            0,            0,            0,    0.6570743,    0.7538258
robot_123
    17.92859,      36.2459,            0,            0,            0,    0.6637015,    0.7479976
robot_193
     9.34634,    -33.98392,            0,            0,            0,   -0.9822671,    0.1874867
robot_187
    33.93281,     12.29381,            0,            0,            0,    0.1416076,    0.9899229
robot_176
   -10.02734,    -18.04434,            0,            0,            0,   -0.7811793,    0.6243067
robot_66
    1.636311,     14.08282,            0,            0,            0,     0.346776,     0.937948
robot_63
    13.94681,    -25.43821,            0,            0,            0,   -0.9948005,    0.1018424
robot_31
     25.9549,     17.70173,            0,            0,            0,    0.8841929,    0.4671219
robot_159
     11.1701,      1.99755,            0,            0,            0,   -0.8487025,    0.5288706
robot_160
   -22.23526,    -21.85526,            0,            0,            0,   -0.9285388,    0.3712354
robot_151
    33.82243,     30.05621,            0,            0,            0,    0.9929966,    0.1181429
robot_150
   -22.37611,    -25.91144,            0,            0,            0,   -0.3546711,    0.9349911
robot_137
   -14.08464,    -18.56179,            0,            0,            0,    0.1809029,     0.983501
robot_199
   -29.85062,    -9.933348,            0,            0,            0,   -0.0132302,    0.9999125
