tuw_multi_robot_msgs::RobotGoalsArray @1970-01-01T00:13:12.200000
frame_id: map
         792,    200000000
robot_84
    17.54329,    -38.07009,            0,            0,            0,     0.997608,   0.06912504
robot_116
   -18.05948,     29.71585,            0,            0,            0,   -0.1475392,    0.9890562
robot_74
     2.08108,    -17.99163,            0,            0,            0,    0.3650945,    0.9309705
robot_41
    9.949523,    -37.38646,            0,            0,            0,   -0.1944891,    0.9809047
robot_125
    26.03387,    -9.980772,            0,            0,            0,    0.9926596,    0.1209414
robot_136
    6.370304,     33.99561,            0,            0,            0,    0.3277363,    0.9447692
robot_173
   -6.134821,     1.823684,            0,            0,            0,    0.7625092,    0.6469774
robot_67
    26.36251,     34.03943,            0,            0,            0,   -0.5840563,    0.8117131
robot_197
   -34.04518,     9.186969,            0,            0,            0,   0.01574195,    0.9998761
robot_119
   -6.121425,     34.20289,            0,            0,            0,   -0.8095869,        0.587
robot_82
    17.96275,    -27.31812,            0,            0,            0,   -0.5042993,    0.8635289
robot_77
    9.933994,    -35.38803,            0,            0,            0,  -0.06560332,    0.9978458
robot_5
   -15.37995,     2.010463,            0,            0,            0,    0.7500556,    0.6613747
robot_133
    -1.84288,    -33.90988,            0,            0,            0,   -0.9968435,   0.07939139
robot_99
    18.47618,    -34.03059,            0,            0,            0,   0.09822259,    0.9951645
robot_171
    17.91882,    -17.32591,            0,            0,            0,   -0.8921054,    0.4518274
robot_180
   -17.59376,     2.039447,            0,            0,            0,   -0.5972627,    0.8020457
robot_56
   -9.199346,     30.02832,            0,            0,            0,   -0.4225234,     0.906352
robot_3
    25.56421,     -25.9667,            0,            0,            0,   -0.2230328,    0.9748109
robot_81
    21.93899,     6.440649,            0,            0,            0,  -0.01348671,    0.9999091
robot_167
   -6.097915,     37.86258,            0,            0,            0,    0.3395626,    0.9405835
robot_25
   -18.13859,    -2.239573,            0,            0,            0,    0.4878349,    0.8729359
robot_168
    21.91219,     32.59973,            0,            0,            0,    0.5771405,    0.8166449
robot_96
    -21.6487,     29.98801,            0,            0,            0,    -0.828839,    0.5594871
robot_166
    14.06694,     14.00989,            0,            0,            0,   -0.5264398,    0.8502124
robot_102
    30.73446,    -1.972806,            0,            0,            0,    0.5588652,    0.8292585
robot_192
    1.906239,     23.92111,            0,            0,            0,   -0.3859757,     0.922509
robot_179
    5.983576,     2.014636,            0,            0,            0,    0.9663633,    0.2571807
robot_142
   -14.33701,    -6.060108,            0,            0,            0,   -0.3750132,    0.9270195
robot_1
    1.964215,    -15.48668,            0,            0,            0,   -0.3050852,     0.952325
robot_44
     18.0419,     22.09619,            0,            0,            0,    0.1723225,    0.9850406
robot_163
   -26.48089,     5.902195,            0,            0,            0,    0.9993486,   0.03608739
robot_79
    35.98609,     30.00479,            0,            0,            0,   -0.3915423,    0.9201601
robot_8
     17.9328,     35.63518,            0,            0,            0,    0.9559974,     0.293375
robot_20
    25.92718,    -20.45189,            0,            0,            0,    0.4308564,    0.9024205
robot_143
    7.637988,     29.98558,            0,            0,            0,    0.9848471,    0.1734246
robot_138
    9.974933,      34.3221,            0,            0,            0,   -0.2718183,    0.9623486
robot_123
   -38.12913,    -22.15998,            0,            0,            0,     0.927889,    0.3728566
robot_193
    37.81071,    -22.22349,            0,            0,            0,   -0.5717046,    0.8204595
robot_187
    5.955288,     -33.2284,            0,            0,            0,    0.9506049,    0.3104035
