tuw_multi_robot_msgs::RobotGoalsArray @1970-01-01T01:13:00.200000
frame_id: map
        4380,    200000000
robot_84
   -5.054579,    -14.00916,            0,            0,            0,    0.6189652,    0.7854184
robot_116
   -26.09455,    -6.507166,            0,            0,            0,   -0.4826977,     0.875787
robot_74
   -15.22213,     18.01078,            0,            0,            0,   -0.9902557,    0.1392614
robot_41
   -22.09845,     26.28175,            0,            0,            0,   -0.6003438,     0.799742
robot_125
    5.605185,    -18.06165,            0,            0,            0,   -0.7631918,     0.646172
robot_136
   -14.08628,    -20.53476,            0,            0,            0,    -0.453025,    0.8914978
robot_173
   -10.32552,    -22.09894,            0,            0,            0,    0.9439573,    0.3300676
robot_67
    13.90724,     1.288914,            0,            0,            0,    0.6971755,    0.7169005
robot_197
   -18.27468,     9.930694,            0,            0,            0,   -0.9765719,    0.2151915
robot_119
   -21.77407,    -33.96386,            0,            0,            0,   -0.9079157,    0.4191527
robot_82
    33.90873,     37.58594,            0,            0,            0,    0.3084743,    0.9512327
robot_77
   -10.09679,    -31.78337,            0,            0,            0,    0.8941771,    0.4477133
robot_5
    24.33431,    -25.98036,            0,            0,            0,   -0.2986931,    0.9543492
robot_133
    33.57282,     6.040494,            0,            0,            0,    0.1032386,    0.9946566
robot_99
    16.47192,    -13.97696,            0,            0,            0,    0.5099964,    0.8601766
robot_171
    33.79399,     33.86317,            0,            0,            0,     0.380457,    0.9247986
robot_180
    5.222818,     6.012326,            0,            0,            0,    0.5350281,    0.8448343
robot_56
    37.94445,     27.70052,            0,            0,            0,   -0.9184555,    0.3955242
robot_3
    33.02432,     17.98402,            0,            0,            0,    -0.943551,    0.3312273
robot_81
    5.904751,     15.89795,            0,            0,            0,    0.9797545,    0.2002028
robot_167
   -36.94679,    -10.01036,            0,            0,            0,    0.6975983,    0.7164891
robot_25
     -7.2125,     33.96749,            0,            0,            0,    0.2377524,    0.9713258
robot_168
   -2.085409,    -30.52575,            0,            0,            0,   -0.5718418,    0.8203639
robot_96
   -38.08942,     13.57659,            0,            0,            0,   -0.9975707,   0.06966116
robot_166
    20.92933,     6.007378,            0,            0,            0,    0.6490122,     0.760778
robot_102
   -26.07112,     4.475678,            0,            0,            0,     0.397214,     0.917726
robot_192
   -14.08176,    -10.12563,            0,            0,            0,   -0.2419799,    0.9702813
robot_179
    25.90059,    -32.42051,            0,            0,            0,   0.04618042,    0.9989331
robot_142
   -10.04365,     9.440672,            0,            0,            0,    0.5452798,    0.8382541
robot_1
   -18.22487,    -25.80182,            0,            0,            0,    0.1187071,    0.9929293
robot_44
     33.5672,     9.912626,            0,            0,            0,     0.823666,    0.5670753
robot_163
   -16.83832,     -5.99626,            0,            0,            0,    0.2215145,    0.9751571
robot_79
    14.02753,     14.13242,            0,            0,            0,    0.7047222,    0.7094834
robot_8
   -22.03288,     2.350513,            0,            0,            0,    0.1132799,    0.9935631
robot_20
    13.45709,    -25.97003,            0,            0,            0,     0.911491,      0.41132
robot_143
   -30.04951,     25.40958,            0,            0,            0,   -0.9928608,    0.1192784
robot_138
    17.94165,    -36.22874,            0,            0,            0,   -0.9251346,    0.3796393
robot_123
    29.90308,     6.647349,            0,            0,            0,   0.06966478,    0.9975705
robot_193
    17.97365,     1.841754,            0,            0,            0,    0.9778082,    0.2095019
robot_187
    33.94945,     29.65533,            0,            0,            0,    0.3617707,    0.9322671
robot_176
    6.753604,     -21.9784,            0,            0,            0,    0.8545108,    0.5194337
robot_66
    29.95338,    -31.29095,            0,            0,            0,   -0.8385712,     0.544792
robot_63
    9.480321,     5.914018,            0,            0,            0,   0.03805314,    0.9992757
robot_31
   -6.289312,    -26.16056,            0,            0,            0,   0.01952185,    0.9998094
robot_159
   -22.09138,    -14.56371,            0,            0,            0,   -0.8643953,    0.5028129
robot_160
    2.257554,     29.95598,            0,            0,            0,  -0.07755741,    0.9969879
robot_151
    17.96291,    -32.22957,            0,            0,            0,   -0.7512052,    0.6600688
robot_150
   -5.822825,     22.04373,            0,            0,            0,    0.8359089,    0.5488683
robot_137
   -22.03905,     20.67061,            0,            0,            0,   -0.3090623,    0.9510418
robot_199
    25.94071,    -6.198224,            0,            0,            0,   -0.5442269,    0.8389381
robot_54
   -9.585125,     30.00256,            0,            0,            0,    0.9246858,    0.3807311
robot_117
   -8.546492,     6.015858,            0,            0,            0,   -0.1611186,     0.986935
robot_36
   -19.69942,    -37.98077,            0,            0,            0,    0.1005784,    0.9949291
robot_33
    9.931359,     28.29486,            0,            0,            0,    0.1939799,    0.9810055
robot_146
   -21.78933,    -30.06723,            0,            0,            0,   -0.6744008,    0.7383655
robot_156
   -26.21814,    -25.78828,            0,            0,            0,    0.1906388,    0.9816603
robot_112
     37.9146,    -15.21186,            0,            0,            0,  -0.01099147,    0.9999396
robot_19
   -9.755785,    -33.96139,            0,            0,            0,   -0.9786039,    0.2057532
robot_141
    33.90574,     15.90783,            0,            0,            0,   -0.5289888,    0.8486288
robot_35
   -5.657844,    -17.99166,            0,            0,            0,  -0.05334271,    0.9985763
robot_184
   -4.002877,    -9.990858,            0,            0,            0,    0.6749471,    0.7378662
robot_98
   -1.730735,    -25.90185,            0,            0,            0,  -0.06840904,    0.9976574
robot_100
   -30.38517,     1.957667,            0,            0,            0,    -0.893233,     0.449594
robot_164
   -38.03469,     24.08164,            0,            0,            0,    0.3179934,    0.9480929
robot_59
   -34.05491,    -15.71312,            0,            0,            0,   -0.6151363,    0.7884208
robot_144
    3.351419,    -9.995681,            0,            0,            0,   -0.8977111,    0.4405846
robot_101
    18.34545,    -26.08388,            0,            0,            0,   -0.9475307,    0.3196647
robot_161
    -35.9588,     30.02873,            0,            0,            0,    0.6260606,    0.7797744
robot_149
   -35.37871,     26.01463,            0,            0,            0,   -0.9585083,    0.2850645
robot_86
    1.937063,    -11.54425,            0,            0,            0,   -0.1401031,    0.9901369
robot_191
    2.016521,     18.30405,            0,            0,            0,    0.6804356,    0.7328079
robot_126
   -15.98755,     30.02402,            0,            0,            0,   -0.9952181,   0.09767742
robot_190
    21.94854,     21.20001,            0,            0,            0,   -0.9743337,    0.2251085
robot_131
   -2.095955,     29.37191,            0,            0,            0,   -0.3717584,    0.9283295
robot_154
     5.93676,    -2.912429,            0,            0,            0,    0.9601822,    0.2793744
robot_9
     10.6503,    -38.01584,            0,            0,            0,   -0.6384519,    0.7696617
robot_27
   -11.93884,     22.00106,            0,            0,            0,    0.9554199,    0.2952504
robot_34
   -20.72152,    -1.975203,            0,            0,            0,   -0.2349621,    0.9720045
robot_114
    26.50647,    -26.00742,            0,            0,            0,    -0.650082,     0.759864
robot_51
   -16.61832,    -14.02984,            0,            0,            0,    0.9262709,    0.3768583
