tuw_multi_robot_msgs::RobotGoalsArray @1970-01-01T00:52:24.900000
frame_id: map
        3144,    900000000
robot_84
    26.04835,     10.13717,            0,            0,            0,      0.40842,    0.9127941
robot_116
   -34.08032,    -2.331093,            0,            0,            0,    0.8977172,    0.4405721
robot_74
    10.11078,    -13.90346,            0,            0,            0,   -0.1613652,    0.9868948
robot_41
    5.902958,     33.98956,            0,            0,            0,   -0.1792909,    0.9837961
robot_125
    21.85632,     22.26479,            0,            0,            0,     0.984262,    0.1767156
robot_136
   -33.45407,    -26.02273,            0,            0,            0,   -0.7987727,    0.6016329
robot_173
    25.90156,    -9.251557,            0,            0,            0,   -0.2048826,    0.9787865
robot_67
    13.93678,    -2.012947,            0,            0,            0,   -0.9157565,    0.4017338
robot_197
   -6.097948,    0.1570172,            0,            0,            0,   -0.3003446,    0.9538308
robot_119
    29.93969,     5.532879,            0,            0,            0,    0.9996361,   0.02697347
robot_82
   -22.07023,     6.201681,            0,            0,            0,    0.2961045,    0.9551556
robot_77
    38.36947,    -10.08752,            0,            0,            0,    0.7649328,      0.64411
robot_5
   -22.26555,     18.01162,            0,            0,            0,   -0.7867586,    0.6172608
robot_133
   -30.06011,    -21.16207,            0,            0,            0,   -0.9846613,    0.1744766
robot_99
   -6.079731,    -11.59725,            0,            0,            0,    0.9614874,    0.2748488
robot_171
   -34.06721,     34.75323,            0,            0,            0,   -0.3196952,    0.9475204
robot_180
    2.032398,    -25.75156,            0,            0,            0,   -0.9702231,     0.242213
robot_56
   -14.05131,      29.1838,            0,            0,            0,     0.470226,    0.8825461
robot_3
   -28.09418,     37.98695,            0,            0,            0,     0.246979,    0.9690208
robot_81
    33.90659,     35.25716,            0,            0,            0,   -0.7210994,    0.6928316
robot_167
   -34.01223,     38.36576,            0,            0,            0,    0.7976059,    0.6031789
robot_25
   -9.919062,     1.959788,            0,            0,            0,   -0.6710779,    0.7413869
robot_168
    7.526704,    -10.01919,            0,            0,            0,    0.7211838,    0.6927438
robot_96
    -2.06456,     7.486105,            0,            0,            0,   -0.7474722,    0.6642931
robot_166
   -22.05496,    -29.09666,            0,            0,            0,   -0.2366652,    0.9715913
robot_102
    31.33793,     9.978808,            0,            0,            0,   -0.9871332,    0.1598999
robot_192
   -37.84222,     9.854941,            0,            0,            0,    0.1688917,    0.9856346
robot_179
    17.93238,     20.97171,            0,            0,            0,   -0.2478814,    0.9687904
robot_142
    -14.0988,     9.717764,            0,            0,            0,   -0.9998368,   0.01806852
robot_1
     1.93387,    -19.74592,            0,            0,            0,    0.9647197,     0.263279
robot_44
    25.19198,    -26.01691,            0,            0,            0,    0.7304643,    0.6829509
robot_163
   -26.05173,     30.69289,            0,            0,            0,    0.1468876,    0.9891532
robot_79
    9.917004,     6.741641,            0,            0,            0,    -0.459669,    0.8880903
robot_8
    5.926087,    -21.71201,            0,            0,            0,    0.9334197,    0.3587863
robot_20
     -31.633,    -2.020614,            0,            0,            0,    0.3059491,    0.9520479
robot_143
    13.90738,     12.84323,            0,            0,            0,   -0.6798248,    0.7333746
robot_138
    18.03436,     38.21553,            0,            0,            0,    0.9710387,    0.2389221
robot_123
   -17.66876,     14.01938,            0,            0,            0,   -0.6984709,    0.7156385
robot_193
   -2.933337,     10.01764,            0,            0,            0,    0.2603422,    0.9655164
robot_187
   -37.00351,    -25.99645,            0,            0,            0,  -0.07116981,    0.9974642
robot_176
   -10.06696,     29.58362,            0,            0,            0,    0.9546363,    0.2977742
robot_66
   -6.047589,     31.99073,            0,            0,            0,    0.9822231,     0.187717
robot_63
   -14.25672,    -25.83327,            0,            0,            0,    0.2913186,    0.9566261
robot_31
    6.070389,     -14.0911,            0,            0,            0,   -0.9999485,    0.0101471
robot_159
    29.88416,     26.19869,            0,            0,            0,   -0.6509166,    0.7591492
robot_160
    25.91086,     28.73686,            0,            0,            0,    0.9998587,   0.01680948
robot_151
    -39.2067,    -22.01491,            0,            0,            0,   -0.4222257,    0.9064907
robot_150
    38.20607,     9.916575,            0,            0,            0,   -0.6091862,    0.7930272
robot_137
   -2.087158,    -11.60325,            0,            0,            0,    0.5506202,    0.8347559
robot_199
   -38.25205,    -30.02682,            0,            0,            0,    0.9133531,    0.4071684
robot_54
   -10.04614,     13.49066,            0,            0,            0,    0.9792797,    0.2025126
robot_117
    -31.4296,    -14.02536,            0,            0,            0,   -0.4478017,    0.8941329
robot_36
   -10.42439,    -33.96406,            0,            0,            0,   -0.4937807,    0.8695865
robot_33
    32.48078,     1.987714,            0,            0,            0,   -0.9959884,   0.08948242
robot_146
    -10.0034,     6.230604,            0,            0,            0,    0.8372194,    0.5468671
robot_156
   -15.02872,     17.98043,            0,            0,            0,   -0.2299191,    0.9732097
robot_112
   -34.08341,     28.41638,            0,            0,            0,   -0.8064872,    0.5912516
robot_19
   -22.04512,     25.65757,            0,            0,            0,    0.2848779,    0.9585638
robot_141
   -2.091337,     32.65871,            0,            0,            0,   -0.4179292,    0.9084796
robot_35
    16.15549,     30.00791,            0,            0,            0,    -0.550383,    0.8349123
