tuw_multi_robot_msgs::RobotGoalsArray @1970-01-01T00:48:08.200000
frame_id: map
        2888,    200000000
robot_84
    17.75473,     14.04988,            0,            0,            0,   -0.9267921,    0.3755747
robot_116
   -38.08869,     28.14831,            0,            0,            0,    0.9836497,    0.1800921
robot_74
   -18.04639,    -15.08474,            0,            0,            0,    0.9919071,     0.126966
robot_41
     2.03937,     30.06324,            0,            0,            0,   -0.2304654,    0.9730805
robot_125
   -10.16304,    -34.33521,            0,            0,            0,   -0.2668913,    0.9637266
robot_136
    25.94614,    -2.416554,            0,            0,            0,   -0.5532639,    0.8330061
robot_173
    25.90719,    -32.51672,            0,            0,            0,   -0.8812766,    0.4726008
robot_67
    33.89746,    -6.153902,            0,            0,            0,     -0.52484,    0.8512009
robot_197
   -22.08477,     7.699643,            0,            0,            0,    0.8757999,    0.4826743
robot_119
     29.9638,    -20.15748,            0,            0,            0,    0.5143313,    0.8575916
robot_82
    32.52441,     22.02993,            0,            0,            0,   -0.9659089,    0.2588823
robot_77
    17.84878,     10.22934,            0,            0,            0,   -0.9427756,    0.3334279
robot_5
   -1.962301,     10.11364,            0,            0,            0, -0.0002284062,            1
robot_133
    13.92902,     30.25453,            0,            0,            0,   -0.6046565,    0.7964864
robot_99
    1.907869,     12.00779,            0,            0,            0,    0.3411067,    0.9400246
robot_171
   -14.06804,     14.50773,            0,            0,            0,    0.9387174,    0.3446878
robot_180
    33.90378,    -9.720063,            0,            0,            0,   -0.6260695,    0.7797672
robot_56
   -22.85285,     30.02335,            0,            0,            0,   -0.5706047,    0.8212249
robot_3
   -25.87987,     10.10227,            0,            0,            0,    0.9727827,    0.2317194
robot_81
   -38.00596,    -13.87785,            0,            0,            0,    0.9729321,    0.2310913
robot_167
    25.93656,    -28.59111,            0,            0,            0,    0.8957969,    0.4444636
robot_25
    33.90947,     16.03196,            0,            0,            0,    -0.716865,     0.697212
robot_168
   -13.96779,    -17.77626,            0,            0,            0,    0.5368375,    0.8436856
robot_96
   -30.01482,     5.770952,            0,            0,            0,    0.4518105,    0.8921139
robot_166
    37.93798,     20.03127,            0,            0,            0,   -0.9937103,    0.1119811
robot_102
     29.9285,     27.69459,            0,            0,            0,   -0.1086757,    0.9940773
robot_192
    17.95321,      21.8565,            0,            0,            0,     0.192965,    0.9812056
robot_179
   -2.061814,     6.705618,            0,            0,            0,    0.5113355,    0.8593812
robot_142
    17.92848,     17.39847,            0,            0,            0,   -0.8938788,    0.4483087
robot_1
      9.9617,     21.98605,            0,            0,            0,    0.8751414,    0.4838673
robot_44
    13.88188,    -25.88237,            0,            0,            0,   -0.8589596,    0.5120434
robot_163
   -6.012912,    -14.04746,            0,            0,            0,   -0.9993321,   0.03654148
robot_79
    29.92232,     12.31125,            0,            0,            0,    0.8658426,    0.5003166
robot_8
   -22.04139,    -35.45252,            0,            0,            0,    -0.929593,    0.3685876
robot_20
   -22.09897,      14.2062,            0,            0,            0,    0.9520866,    0.3058287
robot_143
    8.243643,     1.988675,            0,            0,            0,   -0.2145696,    0.9767087
robot_138
   -25.86082,     22.09003,            0,            0,            0,   -0.6493257,    0.7605104
robot_123
    13.90073,    -20.14213,            0,            0,            0,    0.6396274,    0.7686851
robot_193
    4.327738,     17.98754,            0,            0,            0,   -0.4889656,    0.8723031
robot_187
    17.91275,    -16.84242,            0,            0,            0,     0.915174,    0.4030589
robot_176
    30.37617,     9.959246,            0,            0,            0,    0.6821647,    0.7311985
robot_66
   -11.25827,    -37.96995,            0,            0,            0,    -0.994939,    0.1004813
robot_63
     21.9536,     38.28582,            0,            0,            0,   -0.9787647,     0.204987
robot_31
    9.937028,     36.27217,            0,            0,            0, -0.007516412,    0.9999718
robot_159
   -5.286229,     9.993235,            0,            0,            0,    0.7242271,    0.6895615
robot_160
    10.02901,    -25.86651,            0,            0,            0,   -0.7092468,    0.7049602
robot_151
   -22.27555,     10.00151,            0,            0,            0,    0.9948523,    0.1013358
robot_150
   -22.04838,    -11.96849,            0,            0,            0,   -0.6291397,    0.7772922
robot_137
   -11.73658,     25.97612,            0,            0,            0,   -0.9656971,    0.2596711
robot_199
   -38.47412,     25.96073,            0,            0,            0,   -0.8105666,    0.5856464
