tuw_multi_robot_msgs::RobotGoalsArray @1970-01-01T00:12:34.500000
frame_id: map
           0,            0
robot_84
    5.906485,    -6.156538,            0,            0,            0,   -0.5457952,    0.8379186
robot_116
    38.28784,     9.900962,            0,            0,            0,   -0.9927326,    0.1203408
robot_74
    22.55829,    -2.021923,            0,            0,            0,   -0.1469958,    0.9891371
robot_41
    28.10627,    -1.985238,            0,            0,            0,   -0.4288682,    0.9033671
robot_125
    1.963285,     8.553047,            0,            0,            0,    0.5898537,    0.8075101
robot_136
    6.775085,     13.97998,            0,            0,            0,   -0.7071643,    0.7070493
robot_173
     37.9026,     26.16753,            0,            0,            0,   -0.7871019,     0.616823
robot_67
     13.9203,    -18.04745,            0,            0,            0,   -0.9976363,   0.06871544
robot_197
   -21.18515,     10.00117,            0,            0,            0,   -0.6627915,     0.748804
robot_119
    22.00083,    -22.30853,            0,            0,            0,    0.5852889,    0.8108248
robot_82
    29.92975,     31.68623,            0,            0,            0,   -0.9091959,    0.4163687
robot_77
   -38.08645,    -9.854913,            0,            0,            0,   -0.3894119,    0.9210637
robot_5
    5.960061,     19.82552,            0,            0,            0,   -0.7298415,    0.6836164
robot_133
    13.90943,     -36.5672,            0,            0,            0,   -0.9721658,     0.234294
robot_99
   -22.14146,     34.15768,            0,            0,            0,     0.967841,    0.2515627
robot_171
    -30.0762,    -33.05441,            0,            0,            0,    0.9508526,    0.3096438
robot_180
    17.92542,     15.67326,            0,            0,            0,     0.581675,    0.8134213
robot_56
   -29.81882,    -14.05285,            0,            0,            0,    -0.984176,    0.1771935
robot_3
    13.77438,    -21.89423,            0,            0,            0,    0.9785153,    0.2061744
robot_81
   -19.21466,     38.00027,            0,            0,            0,    -0.244885,    0.9695521
robot_167
   -5.956604,     30.05087,            0,            0,            0,   -0.1098816,    0.9939447
robot_25
     10.1179,     22.10196,            0,            0,            0,    0.9796029,     0.200943
robot_168
   -28.93719,    -25.98938,            0,            0,            0,    0.9774489,    0.2111721
robot_96
    -10.2892,    -30.00072,            0,            0,            0,   -0.6984785,    0.7156311
robot_166
   -5.251114,    -5.977794,            0,            0,            0,   -0.9851659,    0.1716049
robot_102
  -0.1396292,    -18.01419,            0,            0,            0,   -0.9928049,    0.1197433
robot_192
     27.0641,    -25.98397,            0,            0,            0,   -0.4493495,     0.893356
robot_179
    7.780269,     18.01014,            0,            0,            0,   -0.9955096,   0.09466034
robot_142
    1.962847,     31.40279,            0,            0,            0,   -0.4508039,     0.892623
robot_1
   -10.07927,     32.70251,            0,            0,            0,    0.8399531,    0.5426589
robot_44
   -26.27512,     9.864467,            0,            0,            0,   -0.9986402,   0.05213239
robot_163
   -31.86213,     10.00275,            0,            0,            0,    -0.969806,    0.2438775
robot_79
   -37.93663,    -26.02084,            0,            0,            0,   -0.5707171,    0.8211468
robot_8
   -13.90516,    -13.99802,            0,            0,            0,   -0.8042784,    0.5942527
robot_20
    18.92294,     38.01254,            0,            0,            0,    0.9990472,   0.04364234
robot_143
    26.62734,     18.00263,            0,            0,            0,   -0.8809837,    0.4731467
robot_138
    37.93994,    -27.53163,            0,            0,            0,     0.664291,    0.7474741
robot_123
    13.92663,     34.10498,            0,            0,            0,    0.9724166,     0.233251
robot_193
      33.907,  -0.03372234,            0,            0,            0,   -0.9989078,   0.04672515
robot_187
    22.34355,    -33.97771,            0,            0,            0,   -0.8351513,    0.5500202
