tuw_multi_robot_msgs::RobotGoalsArray @1970-01-01T01:25:34.300000
frame_id: map
        5134,    300000000
robot_84
   -22.06696,     35.31433,            0,            0,            0,    -0.895119,    0.4458272
robot_116
   -16.00444,    -30.03004,            0,            0,            0,   -0.7432404,    0.6690244
robot_74
   -18.36533,    -13.95702,            0,            0,            0,   -0.4713616,    0.8819401
robot_41
   -34.09489,     14.12441,            0,            0,            0,  -0.02843893,    0.9995955
robot_125
   -22.23139,     14.16904,            0,            0,            0,    0.9135364,    0.4067571
robot_136
   -37.97577,    -10.10856,            0,            0,            0,    0.8557769,     0.517345
robot_173
    33.91901,     8.123555,            0,            0,            0,   -0.7691025,    0.6391254
robot_67
   -30.21403,     6.062648,            0,            0,            0,   -0.4740814,     0.880481
robot_197
   -34.47284,    -10.04256,            0,            0,            0,   -0.5533809,    0.8329283
robot_119
   -18.20056,     38.07761,            0,            0,            0,    0.1077604,    0.9941769
robot_82
    -6.11248,    -33.65313,            0,            0,            0,   -0.1023652,    0.9947469
robot_77
    5.742898,    -30.00089,            0,            0,            0,   -0.9840744,    0.1777573
robot_5
    18.20319,    -25.93978,            0,            0,            0,    0.7328217,    0.6804207
robot_133
    -25.5695,    -26.00807,            0,            0,            0,    0.6259558,    0.7798585
robot_99
    -38.0406,     10.29585,            0,            0,            0,   -0.7452157,    0.6668235
robot_171
    39.19193,     9.997026,            0,            0,            0,   -0.9603673,    0.2787377
robot_180
    22.65346,     14.03265,            0,            0,            0,   -0.9685197,    0.2489367
robot_56
    37.96417,    -19.23275,            0,            0,            0,    0.9174542,    0.3978415
robot_3
   -18.53389,    -26.09077,            0,            0,            0,   -0.2054816,     0.978661
robot_81
   -20.48419,     5.994221,            0,            0,            0,    0.3312384,    0.9435471
robot_167
      31.778,    -14.01349,            0,            0,            0,   -0.9991419,   0.04141802
robot_25
   -18.09935,    -2.848487,            0,            0,            0,    0.9968993,   0.07868782
robot_168
   -10.03906,     9.252936,            0,            0,            0,   -0.6125615,     0.790423
robot_96
    10.35954,     14.03002,            0,            0,            0,    0.9556207,    0.2945999
robot_166
    5.825269,    -13.84986,            0,            0,            0,   -0.2940605,    0.9557868
robot_102
    25.58894,     25.95087,            0,            0,            0,   -0.9959739,   0.08964334
robot_192
   -34.05825,     18.06554,            0,            0,            0,    0.5087683,    0.8609035
robot_179
    25.95517,    -38.30665,            0,            0,            0,   -0.9587368,    0.2842953
robot_142
    3.317823,     14.02294,            0,            0,            0,   -0.3873803,      0.92192
robot_1
   -23.77629,     17.99206,            0,            0,            0,    0.2014837,    0.9794919
robot_44
    35.91189,     14.03234,            0,            0,            0,   -0.8654698,    0.5009611
robot_163
   -34.33773,      -33.923,            0,            0,            0,   -0.2367183,    0.9715783
robot_79
   -10.08073,    -5.160023,            0,            0,            0,    0.2981574,    0.9545167
robot_8
    37.93506,    -14.35103,            0,            0,            0,    0.8531637,    0.5216433
robot_20
    37.92344,    -22.42537,            0,            0,            0,    0.8331883,    0.5529894
robot_143
    1.914313,     8.233983,            0,            0,            0,   -0.1175078,     0.993072
robot_138
    11.57368,    -14.02129,            0,            0,            0,   -0.8652869,     0.501277
robot_123
    29.90164,    -3.033525,            0,            0,            0,   -0.5717967,    0.8203953
robot_193
    13.59883,    -17.99921,            0,            0,            0,    0.4348688,    0.9004938
robot_187
    -10.0794,     32.25697,            0,            0,            0,    0.9775947,     0.210496
robot_176
   -21.91737,     2.135203,            0,            0,            0,   -0.9921562,    0.1250044
robot_66
    26.16428,    -6.126043,            0,            0,            0,   -0.7282569,    0.6853042
robot_63
   -10.07744,    -17.22013,            0,            0,            0,   -0.5440392,    0.8390598
robot_31
   -28.36767,    -14.02773,            0,            0,            0,   -0.5458339,    0.8378934
robot_159
    17.96679,    -9.605466,            0,            0,            0,    0.4282145,    0.9036771
robot_160
   -30.29162,     25.87838,            0,            0,            0,   -0.9872447,    0.1592103
robot_151
   -11.89705,    -18.02966,            0,            0,            0,   -0.9986842,   0.05128275
robot_150
   -22.09202,     -7.10273,            0,            0,            0,   -0.3032477,    0.9529118
robot_137
    21.94871,     5.617576,            0,            0,            0,   -0.6986888,    0.7154257
robot_199
    -13.4243,     2.014133,            0,            0,            0,   -0.8808612,    0.4733747
robot_54
   -21.91623,    -9.845176,            0,            0,            0,   -0.9988545,   0.04785119
robot_117
   -11.63474,    -30.03176,            0,            0,            0,   -0.1011903,    0.9948671
robot_36
    29.93173,     24.22483,            0,            0,            0,     0.600261,    0.7998042
robot_33
   -6.563995,     18.01576,            0,            0,            0,   -0.7666278,    0.6420917
robot_146
   -34.00268,     9.851018,            0,            0,            0,    0.8978838,    0.4402326
robot_156
   -29.68091,     2.093123,            0,            0,            0,   -0.2567971,    0.9664653
robot_112
     14.0962,     37.78356,            0,            0,            0,   -0.9510927,    0.3089057
robot_19
   -26.91027,      22.0333,            0,            0,            0,    0.6012993,    0.7990239
robot_141
   -14.09196,    -24.55047,            0,            0,            0,    0.3836628,    0.9234732
robot_35
   -2.083429,    -11.18127,            0,            0,            0,   -0.6354684,    0.7721268
robot_184
    21.96019,    -21.00672,            0,            0,            0,   -0.9993982,   0.03468772
robot_98
   -34.04965,     35.19012,            0,            0,            0,   -0.9491406,    0.3148525
robot_100
    13.93446,      2.66895,            0,            0,            0,    0.9996304,   0.02718456
robot_164
    28.07742,    -21.97332,            0,            0,            0,    0.8822032,    0.4708689
robot_59
   -14.33031,    -38.05738,            0,            0,            0,    0.8414575,    0.5403233
robot_144
    -10.9468,    -2.018889,            0,            0,            0,   -0.4368777,    0.8995209
robot_101
   -30.06089,    -23.28237,            0,            0,            0,    0.3032412,    0.9529138
robot_161
    25.95381,    -11.06724,            0,            0,            0,    0.1915394,    0.9814849
robot_149
   -22.30341,     38.07409,            0,            0,            0,   -0.4865122,    0.8736738
robot_86
   -17.84068,    -6.013513,            0,            0,            0,   -0.4308734,    0.9024124
robot_191
   -15.26436,    -1.978353,            0,            0,            0,    0.7346913,    0.6784016
robot_126
   -21.90473,     21.78432,            0,            0,            0,   -0.3162697,    0.9486693
robot_190
   -37.98537,     21.84161,            0,            0,            0,   -0.9968803,   0.07892821
robot_131
    21.90194,     11.60106,            0,            0,            0,     0.161208,    0.9869204
robot_154
    32.95559,     26.00514,            0,            0,            0,    0.2290069,    0.9734248
robot_9
    25.89364,      1.64158,            0,            0,            0,   -0.9773441,    0.2116566
robot_27
   -10.06318,    -28.27236,            0,            0,            0,   -0.9718106,    0.2357631
robot_34
    -12.2926,    -38.00334,            0,            0,            0,   -0.3489558,    0.9371392
robot_114
   -6.056641,     13.11962,            0,            0,            0,    0.9778952,    0.2090957
robot_51
    17.93061,     34.85641,            0,            0,            0,    0.4263709,    0.9045484
robot_108
   -22.04986,     28.52143,            0,            0,            0,   -0.3860291,    0.9224866
robot_147
    37.93003,     18.11202,            0,            0,            0,   -0.1472093,    0.9891054
robot_183
   -9.871453,     1.992332,            0,            0,            0,    -0.350028,    0.9367392
robot_48
    25.90444,     34.47933,            0,            0,            0,   -0.4779881,    0.8783663
robot_60
   -26.08225,     3.572077,            0,            0,            0,    0.9367709,    0.3499431
robot_75
   -29.33829,     -26.0201,            0,            0,            0,   -0.2339737,    0.9722429
robot_152
    13.90316,     11.78541,            0,            0,            0,    0.8270882,    0.5620721
robot_26
    18.00289,     21.73851,            0,            0,            0,    0.8204347,    0.5717403
robot_182
    20.61613,    -18.01525,            0,            0,            0,    0.5660041,    0.8244025
robot_172
    18.22566,    -21.97888,            0,            0,            0,    -0.348649,    0.9372534
robot_43
   -5.971405,     6.043574,            0,            0,            0,    0.8876245,    0.4605679
robot_170
     2.01306,     33.93672,            0,            0,            0,    0.2397031,    0.9708462
robot_177
   -1.988393,     -30.0879,            0,            0,            0,   -0.3675844,    0.9299902
robot_80
    -26.1635,     6.111578,            0,            0,            0,    0.9532925,    0.3020486
robot_16
   -14.64919,      13.9783,            0,            0,            0,  -0.01565038,    0.9998775
robot_13
   -14.02303,     9.834759,            0,            0,            0,   -0.8742322,    0.4855081
robot_178
   -14.09829,     33.27219,            0,            0,            0,    0.5249435,     0.851137
robot_88
    -2.04527,     32.03229,            0,            0,            0,    0.9607858,    0.2772916
robot_194
   -1.842642,     29.93705,            0,            0,            0,   -0.2649548,    0.9642608
robot_29
    -15.8516,     25.97224,            0,            0,            0,   -0.9974427,   0.07147091
robot_92
    13.56029,    -30.09134,            0,            0,            0,   -0.6239152,     0.781492
robot_87
    37.93761,    -8.144956,            0,            0,            0,    0.9996689,   0.02572953
robot_68
   -18.07916,     33.70999,            0,            0,            0,    0.5522523,     0.833677
robot_22
      5.9342,     27.07686,            0,            0,            0,     0.769632,    0.6384877
robot_38
    25.94655,    -24.36274,            0,            0,            0,    0.1907649,    0.9816358
robot_2
    17.24347,    -38.02046,            0,            0,            0,    0.2753114,    0.9613551
robot_110
   -34.09252,     -30.4102,            0,            0,            0,    0.3388402,    0.9408439
robot_14
    38.91423,    -29.97873,            0,            0,            0,    0.6885808,    0.7251596
robot_181
    1.958869,     19.57323,            0,            0,            0,    0.9184488,      0.39554
robot_61
   -2.180124,     -17.8117,            0,            0,            0,   -0.5781688,    0.8159172
