tuw_multi_robot_msgs::RobotGoalsArray @1970-01-01T01:22:50.600000
frame_id: map
        4970,    600000000
robot_84
    34.16637,     10.14998,            0,            0,            0,    -0.208066,    0.9781148
robot_116
    30.41614,       38.066,            0,            0,            0,   -0.9683675,    0.2495282
robot_74
    -26.0695,   -0.7121119,            0,            0,            0,   -0.3526989,    0.9357369
robot_41
    13.84143,    -17.64132,            0,            0,            0,   -0.2416153,    0.9703721
robot_125
    25.93084,    -14.84178,            0,            0,            0,    0.7004141,    0.7137367
robot_136
   -23.16596,    -10.01068,            0,            0,            0,    0.9997441,   0.02262165
robot_173
   -13.84497,    -1.867982,            0,            0,            0,   -0.8865858,    0.4625643
robot_67
   -15.94511,     13.97947,            0,            0,            0,   -0.5887599,     0.808308
robot_197
    9.938262,    -22.32247,            0,            0,            0,    0.6880184,    0.7256932
robot_119
    17.96429,     26.31707,            0,            0,            0,    0.1997145,    0.9798541
