tuw_multi_robot_msgs::RobotGoalsArray @1970-01-01T01:27:31.800000
frame_id: map
        5251,    800000000
robot_84
   -1.758679,    -25.97992,            0,            0,            0,     0.494548,    0.8691503
robot_116
   -3.009782,     6.015311,            0,            0,            0,    0.7283476,    0.6852078
robot_74
    -18.0919,   -0.6927648,            0,            0,            0,    0.8923784,    0.4512878
robot_41
     21.9301,    -13.61608,            0,            0,            0,    0.4317396,    0.9019983
robot_125
   -14.07532,     1.210134,            0,            0,            0,   -0.5759849,    0.8174603
robot_136
   -29.56757,    -17.96513,            0,            0,            0,   -0.5991901,    0.8006068
robot_173
   -37.60376,    -25.91249,            0,            0,            0,   -0.4750641,    0.8799512
robot_67
   -18.07381,     15.96899,            0,            0,            0,    0.7279828,    0.6855954
robot_197
    15.48311,     37.99696,            0,            0,            0,   -0.8709713,    0.4913339
robot_119
    3.856684,     25.99669,            0,            0,            0,   -0.9919494,    0.1266348
robot_82
   -34.90861,    -17.99869,            0,            0,            0,    0.9570071,    0.2900645
robot_77
   -22.09357,     21.09007,            0,            0,            0,    0.6968329,    0.7172335
robot_5
    17.96023,     7.785239,            0,            0,            0,  -0.08830858,    0.9960932
robot_133
   -12.01702,    -29.99414,            0,            0,            0,    0.8576715,    0.5141979
robot_99
   -38.05303,     14.65885,            0,            0,            0,    0.7532708,    0.6577105
robot_171
   -30.09552,     39.22306,            0,            0,            0,   -0.9721339,    0.2344261
robot_180
    -26.0359,    -37.12488,            0,            0,            0,   -0.2684001,    0.9633075
robot_56
    -13.6623,    -37.91108,            0,            0,            0,    0.5661088,    0.8243305
robot_3
    39.34501,     -17.9709,            0,            0,            0,   -0.9951461,    0.0984082
robot_81
   -9.391329,     38.02825,            0,            0,            0,    0.4205626,    0.9072635
robot_167
    13.90626,    -7.713441,            0,            0,            0,    0.2130674,    0.9770375
robot_25
   -19.74406,     5.976552,            0,            0,            0,    0.9742726,    0.2253727
robot_168
    21.95294,      21.6297,            0,            0,            0,    0.5103125,    0.8599891
robot_96
   -26.16716,     37.83746,            0,            0,            0,   -0.8764656,    0.4814644
robot_166
    21.49748,    -34.06325,            0,            0,            0,    0.9474748,    0.3198305
robot_102
    2.813101,    -33.96944,            0,            0,            0,    0.8020097,     0.597311
robot_192
    31.29386,    -1.984154,            0,            0,            0,    0.7671487,    0.6414693
robot_179
   -26.52834,     5.947521,            0,            0,            0,   -0.7795984,    0.6262798
robot_142
   -1.858881,    -9.964919,            0,            0,            0,   -0.6813903,    0.7319202
robot_1
    17.92892,     30.20408,            0,            0,            0,   -0.6109556,    0.7916649
robot_44
     -24.749,     25.98712,            0,            0,            0,   -0.3535275,    0.9354241
robot_163
   -6.212305,     25.98122,            0,            0,            0,    0.3858537,      0.92256
robot_79
   -29.20059,      17.9869,            0,            0,            0,    0.7777774,    0.6285399
robot_8
   -18.47615,     29.94583,            0,            0,            0,   -0.0517865,    0.9986582
robot_20
    5.654128,    -6.048023,            0,            0,            0,    0.7966832,    0.6043972
robot_143
   -3.454321,     34.01509,            0,            0,            0,     0.535591,    0.8444775
robot_138
   -32.02469,    -17.99623,            0,            0,            0,    0.1468783,    0.9891546
robot_123
    9.920094,     23.50313,            0,            0,            0,   -0.6117977,    0.7910143
robot_193
   -18.23936,    -17.83617,            0,            0,            0,    0.7386685,    0.6740689
robot_187
    33.37133,    -10.00332,            0,            0,            0,    0.9281803,    0.3721307
robot_176
    20.62672,      26.0305,            0,            0,            0,    0.5043151,    0.8635197
robot_66
    29.90429,     25.77229,            0,            0,            0,   -0.7989884,    0.6013465
robot_63
   -27.94445,    -6.029257,            0,            0,            0,   -0.6349316,    0.7725683
robot_31
   -17.93433,    -6.073041,            0,            0,            0,    0.9079192,    0.4191451
robot_159
   -10.11247,     -26.0092,            0,            0,            0,    -0.232433,    0.9726124
robot_160
    21.95154,    -3.267468,            0,            0,            0,   -0.6949232,     0.719084
robot_151
     5.90061,     19.55132,            0,            0,            0,   -0.9559262,    0.2936069
robot_150
   -22.05437,    -24.06287,            0,            0,            0,   -0.8754888,    0.4832384
robot_137
   -26.09871,    -33.49263,            0,            0,            0,   -0.9822814,    0.1874119
robot_199
   -26.01768,    -9.761008,            0,            0,            0,    0.7649942,    0.6440371
robot_54
    9.447778,    -10.02481,            0,            0,            0,   -0.7481642,    0.6635137
robot_117
   -14.05715,    -1.027693,            0,            0,            0,    0.3803742,    0.9248327
robot_36
   -34.02949,     13.94265,            0,            0,            0,    0.4284871,    0.9035479
robot_33
    14.20597,      2.04437,            0,            0,            0,     0.667534,    0.7445793
robot_146
   -29.29005,    -38.00056,            0,            0,            0,   -0.8543424,    0.5197105
robot_156
   -36.76586,    -14.01425,            0,            0,            0,    0.1025647,    0.9947263
robot_112
   -38.08121,     7.478994,            0,            0,            0,    -0.991839,    0.1274964
robot_19
     -27.967,    -10.02687,            0,            0,            0,    0.9962073,   0.08701191
robot_141
   -11.01639,    -34.02711,            0,            0,            0,    0.9551735,    0.2960465
robot_35
   -6.240008,    -33.99738,            0,            0,            0,    0.8387545,    0.5445098
robot_184
    17.83937,      10.2471,            0,            0,            0,   -0.9701282,    0.2425926
robot_98
   -33.98112,     30.33869,            0,            0,            0,   -0.6218835,    0.7831098
robot_100
   -29.95251,    -29.76795,            0,            0,            0,  -0.04645128,    0.9989206
robot_164
    12.48911,    -18.00974,            0,            0,            0,     0.789137,    0.6142172
robot_59
    14.03572,     18.21902,            0,            0,            0,    0.9980438,   0.06251846
robot_144
    9.920984,     32.02912,            0,            0,            0,   -0.9518512,    0.3065604
robot_101
    -33.9378,    -30.14446,            0,            0,            0,   -0.1563744,    0.9876978
robot_161
    10.15759,     38.07896,            0,            0,            0,    0.3758732,    0.9266711
robot_149
  -0.9404826,     34.01775,            0,            0,            0,   -0.4443383,    0.8958591
robot_86
    27.31241,    -29.97028,            0,            0,            0,   -0.6671036,    0.7449649
robot_191
    13.93418,    -2.877283,            0,            0,            0,    0.6124205,    0.7905322
robot_126
    9.363721,     10.00742,            0,            0,            0,   -0.4738701,    0.8805948
robot_190
    21.98188,     -22.1131,            0,            0,            0,   -0.1141474,    0.9934638
robot_131
   -14.08446,     26.22668,            0,            0,            0,   -0.5718464,    0.8203607
robot_154
   -18.17956,     33.88727,            0,            0,            0,    0.3962249,    0.9181535
robot_9
    -6.60335,    -38.01375,            0,            0,            0,   -0.7538654,    0.6570288
robot_27
    38.03649,    -21.82711,            0,            0,            0,   -0.4845138,    0.8747836
robot_34
   -12.45243,     9.988319,            0,            0,            0,   -0.9964742,    0.0838993
robot_114
    38.21908,     5.990612,            0,            0,            0,    -0.972449,    0.2331156
robot_51
    -30.0661,    -10.29761,            0,            0,            0,    0.9817749,    0.1900476
robot_108
   -1.719231,     9.931173,            0,            0,            0,   -0.6395453,    0.7687534
robot_147
   0.3088834,    -17.98158,            0,            0,            0,    0.9999998, 0.0006510032
robot_183
    26.29737,    -6.061341,            0,            0,            0,    -0.513277,     0.858223
robot_48
   -38.05129,     30.34387,            0,            0,            0,    0.9507871,    0.3098448
robot_60
   -16.25471,    -13.96973,            0,            0,            0,    0.7877305,      0.61602
robot_75
   -6.220635,    -17.80979,            0,            0,            0,   -0.6243897,     0.781113
robot_152
    33.82255,    -38.04275,            0,            0,            0,   -0.7522475,    0.6588806
robot_26
    17.16917,    -25.99186,            0,            0,            0,    -0.867141,    0.4980627
robot_182
    32.05014,    -34.01475,            0,            0,            0,   -0.6050246,    0.7962068
robot_172
    18.14414,     38.14802,            0,            0,            0,    0.8235995,    0.5671718
robot_43
    -14.9742,    -25.99008,            0,            0,            0,    0.4408405,    0.8975855
robot_170
   -26.08333,      27.5453,            0,            0,            0,    0.9793667,    0.2020915
robot_177
   -14.37465,    -17.92699,            0,            0,            0,   -0.5394894,    0.8419924
robot_80
    17.91003,     14.89534,            0,            0,            0,     0.996355,   0.08530331
robot_16
    9.950006,     15.80202,            0,            0,            0,    0.5733375,    0.8193193
robot_13
   -11.11301,     34.01103,            0,            0,            0,    0.4256795,     0.904874
robot_178
   -9.989187,     6.205587,            0,            0,            0,   -0.9759169,    0.2181427
robot_88
    29.94083,    -30.69812,            0,            0,            0,  -0.01236495,    0.9999236
robot_194
    37.80445,     10.11959,            0,            0,            0,    -0.951805,    0.3067039
robot_29
   -26.08274,    -7.626613,            0,            0,            0,    0.6752188,    0.7376175
robot_92
    1.941298,    -22.66311,            0,            0,            0,    0.6232741,    0.7820035
robot_87
   -22.14629,    -33.92736,            0,            0,            0,   -0.9914086,     0.130801
robot_68
   -18.04772,    -24.93394,            0,            0,            0,    0.1995739,    0.9798828
robot_22
   -24.36402,     30.00484,            0,            0,            0,   -0.2164435,    0.9762952
robot_38
    10.92973,     1.996961,            0,            0,            0,   -0.8684175,    0.4958337
robot_2
   -28.25721,     10.01527,            0,            0,            0,   -0.9998521,     0.017201
robot_110
   -12.14905,     25.97601,            0,            0,            0,   -0.4654069,    0.8850969
robot_14
   -30.09433,    -20.87957,            0,            0,            0,    0.9998968,   0.01436666
robot_181
   -26.08774,    -21.56921,            0,            0,            0,   -0.8132347,    0.5819358
robot_61
    25.90108,      9.38082,            0,            0,            0,    0.7823591,    0.6228276
robot_30
   -6.052988,    -7.390677,            0,            0,            0,   -0.9772987,     0.211866
robot_122
   -19.59542,    -2.026295,            0,            0,            0,    0.9856114,    0.1690274
robot_132
    13.95796,     6.714628,            0,            0,            0,    0.8355701,    0.5493839
robot_45
   -21.70841,     33.99532,            0,            0,            0,  -0.04385393,     0.999038
robot_21
    20.41801,    -25.97433,            0,            0,            0,    0.4090733,    0.9125015
robot_39
    2.149458,    -10.10493,            0,            0,            0,    0.8016128,    0.5978436
robot_134
   -6.084019,     33.05429,            0,            0,            0,   -0.6792128,    0.7339414
robot_15
    0.517169,     13.99402,            0,            0,            0,   -0.6292772,    0.7771809
robot_145
   -13.98961,    -30.09286,            0,            0,            0,   -0.6205463,    0.7841698
robot_140
   -16.98459,      22.0279,            0,            0,            0,   -0.9539615,    0.2999292
