tuw_multi_robot_msgs::RobotGoalsArray @1970-01-01T00:00:25.600000
frame_id: map
          25,    600000000
robot_84
     17.9589,     24.25644,            0,            0,            0,    0.6207073,    0.7840424
robot_116
    17.95339,    -13.19259,            0,            0,            0,    0.5179143,    0.8554325
robot_74
   -25.87829,    -33.88231,            0,            0,            0,   -0.7704112,    0.6375473
robot_41
   -8.632422,     29.97711,            0,            0,            0,    0.9952225,   0.09763292
robot_125
   -30.11808,    -21.90836,            0,            0,            0,   -0.2241584,    0.9745527
robot_136
   -22.06169,     16.54861,            0,            0,            0,    0.9962653,   0.08634488
robot_173
    37.51286,    -34.02515,            0,            0,            0,   0.05919568,    0.9982464
robot_67
    9.944866,     34.07831,            0,            0,            0,   -0.8051535,    0.5930664
robot_197
    -30.1835,      1.91199,            0,            0,            0,    -0.427975,    0.9037906
robot_119
     38.2349,     22.06852,            0,            0,            0,    0.4814931,    0.8764499
robot_82
    31.29873,    -1.984479,            0,            0,            0,    -0.977297,    0.2118737
robot_77
   -11.36398,    -5.988474,            0,            0,            0,   -0.8615874,    0.5076093
robot_5
   -30.05017,     11.64733,            0,            0,            0,   -0.8848397,    0.4658956
robot_133
    9.955911,    -18.03721,            0,            0,            0,    0.9736392,    0.2280937
robot_99
    6.236697,     37.95937,            0,            0,            0,    0.1713072,    0.9852177
robot_171
    -22.5184,    -26.08094,            0,            0,            0,   -0.4020897,    0.9156003
robot_180
    33.92542,     38.27327,            0,            0,            0,   -0.8861421,    0.4634136
robot_56
     29.8953,    -9.965628,            0,            0,            0,   -0.9886416,    0.1502921
robot_3
    17.80979,    -33.89785,            0,            0,            0,  -0.09292397,    0.9956732
robot_81
    21.84905,    -25.94581,            0,            0,            0,    0.1831677,    0.9830817
robot_167
   -26.04468,     36.92407,            0,            0,            0,   -0.1442246,     0.989545
robot_25
    19.26585,    -29.98113,            0,            0,            0,   -0.6647694,    0.7470486
robot_168
    18.74217,      10.0276,            0,            0,            0,    0.9997659,    0.0216358
robot_96
     5.88435,    -6.278724,            0,            0,            0,   -0.6757642,    0.7371179
robot_166
    33.78151,    -26.12567,            0,            0,            0,     0.411159,    0.9115636
