tuw_multi_robot_msgs::RobotGoalsArray @1970-01-01T01:17:31.200000
frame_id: map
        4651,    200000000
robot_84
   -36.66488,    -5.999559,            0,            0,            0,   -0.9458837,    0.3245057
robot_116
    1.926211,    -32.02791,            0,            0,            0,   -0.9994421,   0.03339972
robot_74
   -5.946842,    -13.80227,            0,            0,            0,    0.7565585,     0.653926
robot_41
   -34.18245,     34.10181,            0,            0,            0,    -0.539512,    0.8419779
robot_125
    10.03644,    -18.15897,            0,            0,            0,    0.8985656,    0.4388393
robot_136
    21.95815,     14.18796,            0,            0,            0,    0.7541582,    0.6566927
robot_173
   -3.079168,    -29.97543,            0,            0,            0,   -0.9795549,    0.2011772
robot_67
     28.1612,     29.98121,            0,            0,            0,  -0.03542755,    0.9993722
robot_197
    17.95314,      5.07232,            0,            0,            0,   -0.6821875,    0.7311773
robot_119
    3.176109,     22.02543,            0,            0,            0,   -0.4504238,    0.8928149
robot_82
    1.922032,    -21.40905,            0,            0,            0,    0.9616618,    0.2742383
robot_77
    30.20289,     29.91329,            0,            0,            0,    0.9189031,    0.3944834
robot_5
  -0.1074158,    -9.968675,            0,            0,            0,   -0.3710175,    0.9286259
robot_133
    12.93209,    -13.97064,            0,            0,            0,   0.08361834,    0.9964979
robot_99
    1.864691,     -6.13815,            0,            0,            0,    0.7454066,    0.6666101
robot_171
   -22.06328,    -29.94274,            0,            0,            0,    0.7845899,    0.6200151
robot_180
    15.74156,    -5.974776,            0,            0,            0,   -0.2027273,    0.9792352
robot_56
    7.935556,     21.99408,            0,            0,            0,    0.9856708,    0.1686803
robot_3
    13.94816,     18.43241,            0,            0,            0,   -0.4423547,    0.8968402
robot_81
   -19.19692,    -37.96819,            0,            0,            0,   -0.9477058,    0.3191454
robot_167
     5.93877,    -17.75489,            0,            0,            0,    0.8414858,    0.5402792
robot_25
   -17.84173,     21.97119,            0,            0,            0,    0.8710015,    0.4912804
robot_168
    33.26184,     34.02656,            0,            0,            0,    0.7589411,    0.6511593
robot_96
    21.58011,     17.94202,            0,            0,            0,    0.2480105,    0.9687574
robot_166
    29.74724,     37.91005,            0,            0,            0,  0.000775004,    0.9999997
robot_102
   -37.96334,     26.07332,            0,            0,            0,    0.5788155,    0.8154585
robot_192
     17.6591,     1.977924,            0,            0,            0,      0.80008,    0.5998934
robot_179
     33.9434,     -16.2824,            0,            0,            0,   -0.1244212,    0.9922295
robot_142
    6.397853,    -9.908334,            0,            0,            0,    0.3069098,    0.9517386
robot_1
   -24.39404,     -6.02082,            0,            0,            0,    0.8185325,    0.5744602
robot_44
    5.928102,     32.40189,            0,            0,            0,   0.06654901,    0.9977832
robot_163
    36.95021,      21.9994,            0,            0,            0,    0.5084371,    0.8610992
robot_79
   -10.09352,     2.063553,            0,            0,            0,   -0.8681451,    0.4963105
robot_8
    22.17157,     33.96116,            0,            0,            0,   -0.8851781,    0.4652524
robot_20
   -6.086102,     12.23656,            0,            0,            0,   -0.8017166,    0.5977043
robot_143
    36.78387,    -30.03127,            0,            0,            0,   -0.7941841,    0.6076773
robot_138
   -17.96723,     -33.7951,            0,            0,            0,   -0.5874546,    0.8092571
robot_123
    29.92695,     27.13544,            0,            0,            0,   -0.8218069,    0.5697661
robot_193
     -12.967,     21.98294,            0,            0,            0,   -0.5029716,    0.8643029
robot_187
   -29.46017,     37.96727,            0,            0,            0,    -0.669303,    0.7429896
robot_176
   -36.22025,    -34.01441,            0,            0,            0,    0.9834461,     0.181201
robot_66
   -30.03546,      4.05496,            0,            0,            0,    0.1787634,    0.9838921
robot_63
    3.542785,    -10.01015,            0,            0,            0,   -0.7845318,    0.6200886
robot_31
     25.9091,     33.69832,            0,            0,            0,    0.5518792,    0.8339241
robot_159
   -6.051142,     2.527683,            0,            0,            0,   -0.1289533,    0.9916507
robot_160
   -37.95041,    -29.91709,            0,            0,            0,     0.400476,    0.9163073
robot_151
     29.9169,      6.17388,            0,            0,            0,   -0.8080634,    0.5890955
robot_150
    29.90391,    -33.09281,            0,            0,            0,      0.35397,    0.9352568
robot_137
     9.36237,     30.01338,            0,            0,            0,    0.9972424,    0.0742137
robot_199
    2.291922,     17.96835,            0,            0,            0,   -0.9190219,    0.3942065
robot_54
      2.0293,     26.32615,            0,            0,            0,    0.3221651,    0.9466835
robot_117
    1.077884,    -33.99415,            0,            0,            0,    0.4130686,    0.9106999
robot_36
    30.19825,     17.92729,            0,            0,            0,    0.4670996,    0.8842047
robot_33
    -13.6415,    -22.09016,            0,            0,            0,    0.8071354,    0.5903664
robot_146
    10.44045,    -37.99174,            0,            0,            0,   -0.9605351,    0.2781588
robot_156
   -2.147862,    -6.237115,            0,            0,            0,    0.4570648,    0.8894334
robot_112
    21.51666,    -13.95516,            0,            0,            0,     0.816726,    0.5770257
robot_19
    37.95698,     17.88626,            0,            0,            0,    0.5696018,    0.8219208
robot_141
   -24.84241,    -37.97391,            0,            0,            0,    0.8099287,    0.5865284
robot_35
   -14.06926,      -2.0969,            0,            0,            0,    0.2510383,    0.9679771
robot_184
    10.11996,     6.130661,            0,            0,            0,    0.2520431,     0.967716
robot_98
   -1.792865,    -17.97271,            0,            0,            0,    0.9998153,   0.01921879
robot_100
    21.97678,    -34.08916,            0,            0,            0,    0.8441737,    0.5360697
robot_164
   -34.05202,    -38.22038,            0,            0,            0,  -0.05050083,     0.998724
robot_59
   -2.035505,    -21.53555,            0,            0,            0,    0.8861244,    0.4634475
robot_144
    9.981465,     17.76466,            0,            0,            0,    0.9684779,    0.2490993
robot_101
   -5.696011,     18.05349,            0,            0,            0,    0.4183907,    0.9082671
robot_161
   -10.06065,    -7.549791,            0,            0,            0,   -0.8375438,    0.5463701
robot_149
    33.93444,     23.30915,            0,            0,            0,    0.4933558,    0.8698276
robot_86
   -30.37453,    -1.937891,            0,            0,            0,   -0.9027748,    0.4301135
robot_191
   -6.151348,    -38.35269,            0,            0,            0,    0.1676899,    0.9858398
robot_126
   -13.40934,    -9.998088,            0,            0,            0,   -0.7498046,    0.6616593
robot_190
   -5.818243,     9.939411,            0,            0,            0,    0.8513029,    0.5246745
robot_131
   -10.04981,    -34.69685,            0,            0,            0,     0.241783,    0.9703304
robot_154
    25.92052,     30.57629,            0,            0,            0,    0.7511112,    0.6601757
robot_9
   -38.18913,     6.220105,            0,            0,            0,   -0.9889195,    0.1484525
robot_27
   -18.27635,    -5.869847,            0,            0,            0,   -0.9995374,    0.0304134
robot_34
   -26.07997,     18.99695,            0,            0,            0,    -0.717898,    0.6961483
robot_114
    6.411056,     6.041116,            0,            0,            0,   -0.6861892,    0.7274231
robot_51
    -38.0842,     10.86315,            0,            0,            0,   -0.2299729,     0.973197
robot_108
    33.88716,     25.83311,            0,            0,            0,   -0.2183003,    0.9758816
robot_147
   -22.07263,     16.93557,            0,            0,            0,   -0.5623387,     0.826907
robot_183
    29.93618,    -11.61896,            0,            0,            0,   -0.4642844,    0.8856862
robot_48
    10.11431,    -14.08058,            0,            0,            0,    0.9999849,   0.00549902
robot_60
    32.49558,    -29.98819,            0,            0,            0,   -0.7584525,    0.6517283
robot_75
   -2.495267,     14.07981,            0,            0,            0,   -0.9412025,    0.3378429
robot_152
   -27.87297,    -10.00277,            0,            0,            0,    0.2446476,    0.9696121
robot_26
    25.95494,     15.33877,            0,            0,            0,   -0.7741458,    0.6330074
robot_182
   -17.78361,    -10.03666,            0,            0,            0,   -0.8142127,    0.5805667
robot_172
   -22.85813,    -9.986989,            0,            0,            0,   -0.9236485,    0.3832407
