tuw_multi_robot_msgs::RobotGoalsArray @1970-01-01T01:26:48.300000
frame_id: map
           0,            0
robot_84
    28.06361,    -37.99099,            0,            0,            0,    0.3595386,    0.9331302
robot_116
   -30.09483,    -2.122321,            0,            0,            0,   -0.3561117,    0.9344434
robot_74
   -8.074974,     5.997842,            0,            0,            0,   -0.2431508,    0.9699885
robot_41
   -30.09016,     2.150096,            0,            0,            0,    0.5606354,    0.8280628
robot_125
   -18.31177,      34.0469,            0,            0,            0,    0.7756744,    0.6311333
robot_136
    1.934654,     7.540983,            0,            0,            0,    0.9829129,    0.1840713
robot_173
    27.30746,    -5.978381,            0,            0,            0,    0.7582922,    0.6519149
robot_67
    -26.2744,     30.01946,            0,            0,            0,   -0.5884152,    0.8085589
robot_197
   -37.89594,    -30.00081,            0,            0,            0,  -0.08216165,     0.996619
robot_119
    9.870507,     18.27649,            0,            0,            0,    0.5074691,      0.86167
robot_82
    25.93406,    -18.39203,            0,            0,            0,    0.9937622,    0.1115197
robot_77
    22.70626,      30.0111,            0,            0,            0,     -0.99385,    0.1107344
robot_5
    -18.1599,     5.765875,            0,            0,            0,    0.1547593,    0.9879522
robot_133
   -15.28846,    -34.02049,            0,            0,            0,   0.06301494,    0.9980126
robot_99
    21.56864,    -18.05576,            0,            0,            0,    0.8655759,    0.5007778
robot_171
    -38.2643,     22.11278,            0,            0,            0,   -0.9057616,    0.4237875
robot_180
   -1.928151,    -33.97018,            0,            0,            0,   -0.4887544,    0.8724214
robot_56
    29.87149,    -30.27837,            0,            0,            0,    0.7283208,    0.6852363
robot_3
   -36.21091,    -18.00128,            0,            0,            0,    0.4952491,     0.868751
robot_81
    32.63856,     25.99945,            0,            0,            0,    0.5653496,    0.8248514
robot_167
    34.40587,    -21.92303,            0,            0,            0,   -0.3073227,    0.9516054
robot_25
    37.56185,     9.965034,            0,            0,            0,   -0.6976721,    0.7164173
robot_168
    25.91103,     25.82296,            0,            0,            0,   -0.9754855,    0.2200637
robot_96
    14.31838,    -10.05031,            0,            0,            0,    0.7546748,    0.6560991
robot_166
   -2.127505,    -26.29234,            0,            0,            0,   -0.9746973,     0.223529
robot_102
    14.16106,      37.8579,            0,            0,            0,    -0.989893,    0.1418166
robot_192
   -14.05703,    -8.273824,            0,            0,            0,     0.372311,     0.928108
robot_179
    9.921404,    -7.503626,            0,            0,            0,     0.999207,   0.03981702
robot_142
   -30.09384,    -12.68647,            0,            0,            0,   -0.8735128,    0.4868011
robot_1
    16.51024,     38.01741,            0,            0,            0,    0.8207908,    0.5712289
robot_44
   -17.91935,    -9.796105,            0,            0,            0,    0.9620268,    0.2729551
robot_163
   -35.12488,    -10.00061,            0,            0,            0,   -0.8783512,    0.4780159
robot_79
    18.21796,     13.94265,            0,            0,            0,    0.6948854,    0.7191205
robot_8
    13.92924,    -4.663854,            0,            0,            0,    0.9994718,   0.03249742
robot_20
    33.05844,    -2.025973,            0,            0,            0,   -0.4062782,    0.9137495
robot_143
    34.00582,     5.812756,            0,            0,            0,    0.2165669,    0.9762678
robot_138
    15.56342,     -30.0246,            0,            0,            0,    0.7898036,    0.6133598
robot_123
 -0.06194867,     34.02577,            0,            0,            0,    0.5259634,    0.8505072
robot_193
   -15.85643,    -26.00647,            0,            0,            0,   -0.9028233,    0.4300117
robot_187
   -6.476824,     13.91908,            0,            0,            0,   -0.4109411,    0.9116619
robot_176
    11.42326,    -34.03165,            0,            0,            0,   -0.5082556,    0.8612063
robot_66
   -18.43694,    -38.06267,            0,            0,            0,   -0.6859426,    0.7276556
robot_63
   -34.08304,     2.077376,            0,            0,            0,   -0.4597386,    0.8880543
robot_31
   -18.31636,    -1.961921,            0,            0,            0,   -0.7761539,    0.6305435
robot_159
    37.87088,    -29.98044,            0,            0,            0,    0.6568748,    0.7539997
robot_160
    -34.0861,    -25.06958,            0,            0,            0,    0.7872191,    0.6166734
robot_151
    1.895339,    -17.65579,            0,            0,            0,    0.6387525,    0.7694123
robot_150
   -26.02029,    -17.79519,            0,            0,            0,   -0.9654633,     0.260539
robot_137
    11.85713,    -18.02269,            0,            0,            0,   -0.3349024,    0.9422528
robot_199
    37.91679,     7.086741,            0,            0,            0,  -0.06969092,    0.9975686
robot_54
   -22.06453,    -31.42467,            0,            0,            0,    0.9275184,    0.3737775
robot_117
   -14.06752,     32.32133,            0,            0,            0,   -0.9078214,    0.4193571
robot_36
    17.64711,     5.936523,            0,            0,            0,    0.4865109,    0.8736745
robot_33
   -22.07647,    -22.31971,            0,            0,            0,   -0.1070998,    0.9942483
robot_146
    13.95442,     21.22981,            0,            0,            0,    -0.930571,    0.3661115
robot_156
   -10.24055,    -34.16453,            0,            0,            0,    0.7439317,    0.6682556
robot_112
   -10.47053,     17.96212,            0,            0,            0,   -0.8143287,     0.580404
robot_19
    5.937696,    -30.44728,            0,            0,            0,   -0.9776639,    0.2101742
robot_141
    28.02727,      17.9937,            0,            0,            0,   -0.9747763,     0.223184
robot_35
    11.27466,     34.00773,            0,            0,            0,    0.1712574,    0.9852263
robot_184
   0.9205903,    -9.998541,            0,            0,            0,   0.03633421,    0.9993397
robot_98
    1.884918,     14.15758,            0,            0,            0,  -0.07288281,    0.9973405
robot_100
    17.92369,    -9.606242,            0,            0,            0,   -0.9975894,   0.06939249
robot_164
   -34.09279,    -22.44926,            0,            0,            0,    0.0218103,    0.9997621
robot_59
    38.83753,     22.03338,            0,            0,            0,   -0.7572998,    0.6530674
robot_144
   -28.37132,     14.00521,            0,            0,            0,    -0.228919,    0.9734455
robot_101
   -25.58349,     17.95617,            0,            0,            0,   -0.4355448,    0.9001671
robot_161
   -26.03348,     12.15876,            0,            0,            0,   0.02704857,    0.9996341
robot_149
   -38.05519,    -11.59543,            0,            0,            0,     0.698036,    0.7160627
robot_86
   -26.03487,    -14.95001,            0,            0,            0,    0.7355899,    0.6774271
robot_191
    17.94205,     1.147881,            0,            0,            0,    0.9380519,    0.3464949
robot_126
    17.65506,    -17.93168,            0,            0,            0,   -0.7778626,    0.6284344
robot_190
   -30.16931,    -26.14285,            0,            0,            0,    0.3229827,    0.9464049
robot_131
   -14.04355,      24.4763,            0,            0,            0,    -0.648237,    0.7614387
robot_154
    -34.1106,    -29.70578,            0,            0,            0,    0.6514495,     0.758692
robot_9
   -14.58055,    -29.99251,            0,            0,            0,  -0.08329515,    0.9965249
robot_27
    1.948596,     22.31648,            0,            0,            0,   -0.5470872,    0.8370756
robot_34
   -29.94761,     10.14032,            0,            0,            0,    -0.957214,     0.289381
robot_114
    -10.0573,   -0.6841265,            0,            0,            0,   -0.5911571,    0.8065564
robot_51
    37.90128,    -12.63295,            0,            0,            0,   -0.5867778,     0.809748
robot_108
   -22.07025,    -25.87281,            0,            0,            0,   -0.6773149,    0.7356932
robot_147
    10.00433,    -14.23493,            0,            0,            0,   -0.7800301,     0.625742
robot_183
    26.84413,      37.9713,            0,            0,            0,    0.9772656,    0.2120187
robot_48
    29.85401,     9.768152,            0,            0,            0,    0.3341162,    0.9425319
robot_60
    29.75176,    -33.97492,            0,            0,            0,    0.9036753,    0.4282184
robot_75
    26.03408,     10.13487,            0,            0,            0,    0.8626037,    0.5058804
robot_152
    18.09174,     10.14825,            0,            0,            0,   -0.3634483,    0.9316144
robot_26
    29.93144,    -24.35381,            0,            0,            0,   0.08299194,    0.9965502
robot_182
   -34.53855,      34.0637,            0,            0,            0,   -0.4763912,    0.8792334
robot_172
    11.01559,    -2.022741,            0,            0,            0,   -0.9999479,    0.0102073
robot_43
   -1.902534,     -29.9217,            0,            0,            0,   -0.9483218,    0.3173102
robot_170
    21.86461,     2.156933,            0,            0,            0,    0.1032352,     0.994657
robot_177
   -37.89544,     26.05393,            0,            0,            0,    0.9537314,    0.3006599
robot_80
   -8.279501,    -17.99536,            0,            0,            0,   -0.4475014,    0.8942833
robot_16
    5.889488,     33.82008,            0,            0,            0,   -0.9831515,    0.1827927
robot_13
    25.14147,     29.99229,            0,            0,            0,    0.8414627,    0.5403152
robot_178
    29.94608,     5.018569,            0,            0,            0,    0.1033113,    0.9946491
robot_88
    18.96887,     18.02958,            0,            0,            0,   0.02894465,     0.999581
robot_194
     26.0843,     34.13415,            0,            0,            0,   -0.8531615,    0.5216468
robot_29
    12.52117,     14.03188,            0,            0,            0,    0.6697417,    0.7425942
robot_92
    22.23236,    -6.018599,            0,            0,            0,    0.9854064,     0.170218
robot_87
    9.210265,     14.00839,            0,            0,            0,   -0.3396563,    0.9405496
robot_68
    19.35144,    -2.013992,            0,            0,            0,   -0.9678061,    0.2516968
robot_22
   -19.97248,    -25.97757,            0,            0,            0,    0.6010355,    0.7992223
robot_38
    22.10553,    -26.09248,            0,            0,            0,  0.002597166,    0.9999966
robot_2
   -34.05004,     14.66149,            0,            0,            0,   -0.4892698,    0.8721325
robot_110
    1.843516,     30.06419,            0,            0,            0,   -0.6613482,     0.750079
robot_14
   -20.11273,    -14.02996,            0,            0,            0,   -0.4749937,    0.8799892
robot_181
   -28.38056,    -30.02029,            0,            0,            0,   -0.9981229,   0.06124226
robot_61
    2.078743,    -33.77961,            0,            0,            0,    0.2392293,    0.9709631
robot_30
    33.93173,     31.16357,            0,            0,            0,    0.9804483,    0.1967767
robot_122
   -20.14011,     25.98316,            0,            0,            0,   -0.9870204,    0.1605951
robot_132
    21.90792,     -1.94374,            0,            0,            0,    0.7600133,    0.6499076
robot_45
   -28.03888,      37.9874,            0,            0,            0,    0.8674075,    0.4975985
robot_21
   -22.06226,    -36.43707,            0,            0,            0,   -0.9454681,    0.3257147
robot_39
   -19.22592,     21.98508,            0,            0,            0,    -0.811872,    0.5838354
robot_134
    2.475896,    -21.97253,            0,            0,            0,    0.9857841,    0.1680169
robot_15
    3.527662,    -29.99438,            0,            0,            0,    0.5646076,    0.8253595
robot_145
   -6.087895,     -15.0747,            0,            0,            0,   -0.4057827,    0.9139696
robot_140
    6.248674,     37.90769,            0,            0,            0,    0.1333034,    0.9910753
