tuw_multi_robot_msgs::RobotGoalsArray @1970-01-01T01:24:23.300000
frame_id: map
        5063,    300000000
robot_84
    29.13525,    -38.00234,            0,            0,            0,   -0.9513163,    0.3082165
robot_116
     33.9436,     33.33029,            0,            0,            0,    0.8722874,    0.4889935
robot_74
    12.51055,      33.9875,            0,            0,            0,   -0.9989492,   0.04583163
robot_41
    37.91906,      9.06654,            0,            0,            0,   0.06914899,    0.9976063
robot_125
   -38.25893,    -25.88564,            0,            0,            0,   -0.9270462,    0.3749471
robot_136
    21.91828,     10.69588,            0,            0,            0,    0.2695996,    0.9629725
robot_173
    1.426094,    -13.97101,            0,            0,            0,   -0.5826013,    0.8127581
robot_67
   -37.56997,    -33.90219,            0,            0,            0,    0.7426202,    0.6697129
robot_197
    22.63241,    -10.02848,            0,            0,            0,    0.4622966,    0.8867254
robot_119
    -17.9799,     10.20888,            0,            0,            0,   -0.7767482,    0.6298113
robot_82
   -30.07498,    -19.08779,            0,            0,            0,    0.3631062,    0.9317478
robot_77
    10.00516,    -1.730708,            0,            0,            0,    0.8118748,    0.5838316
robot_5
    33.16379,    -38.00193,            0,            0,            0,   -0.6838925,    0.7295828
robot_133
    16.86331,     2.022329,            0,            0,            0,    0.5907102,    0.8068838
robot_99
   -8.620977,     29.99296,            0,            0,            0,    0.0533781,    0.9985744
robot_171
    5.925067,    -36.35316,            0,            0,            0,   -0.7347982,    0.6782858
robot_180
    35.18677,    -6.028189,            0,            0,            0,   -0.6929401,    0.7209952
robot_56
   -2.041999,    -21.00561,            0,            0,            0,    0.9982559,   0.05903602
robot_3
   -9.977243,     13.85876,            0,            0,            0, -0.005271604,    0.9999861
robot_81
   -6.036665,     12.14565,            0,            0,            0,     0.928683,    0.3708745
robot_167
   -26.12761,    -25.92974,            0,            0,            0,   -0.1001068,    0.9949767
robot_25
   -30.09738,     22.64646,            0,            0,            0,   -0.7037661,    0.7104318
robot_168
    29.90496,     32.34764,            0,            0,            0,    0.9854311,    0.1700752
robot_96
    10.09374,     30.05429,            0,            0,            0,    0.9906681,    0.1362964
robot_166
    22.19537,    -38.05075,            0,            0,            0,    0.3934144,    0.9193612
robot_102
    29.86642,     37.79851,            0,            0,            0,     0.369475,    0.9292407
robot_192
    13.87592,    -38.21976,            0,            0,            0,     0.867667,    0.4971458
robot_179
       17.94,     25.79413,            0,            0,            0,  0.004641616,    0.9999892
robot_142
   -30.06309,    -34.69022,            0,            0,            0,   -0.8922186,    0.4516038
robot_1
   -14.05396,     33.75807,            0,            0,            0,    0.8718641,    0.4897479
robot_44
   -34.17566,      6.13652,            0,            0,            0,    0.2799641,    0.9600105
robot_163
    10.14412,    -10.13128,            0,            0,            0,   -0.5670023,    0.8237162
robot_79
   -10.06583,    -25.61276,            0,            0,            0,   -0.9030126,    0.4296141
robot_8
   -14.13789,     21.85432,            0,            0,            0,    0.2810433,    0.9596951
robot_20
   -34.03923,    -1.747658,            0,            0,            0,   -0.9416272,    0.3366575
robot_143
   -34.65731,    -33.97238,            0,            0,            0,   -0.9356461,    0.3529395
robot_138
    38.93564,     17.97471,            0,            0,            0,    0.1415309,    0.9899338
robot_123
    -13.8464,    -25.84076,            0,            0,            0,    0.2786745,    0.9603856
robot_193
   -8.043771,     25.97032,            0,            0,            0,    0.6781478,    0.7349256
robot_187
   -9.283498,     37.98793,            0,            0,            0,   -0.9730083,    0.2307701
robot_176
    6.872754,     10.00453,            0,            0,            0,    0.4710129,    0.8821263
robot_66
     13.9897,    -29.95128,            0,            0,            0,   -0.9661718,    0.2578993
robot_63
    25.64697,     6.092034,            0,            0,            0,   -0.9921846,    0.1247788
robot_31
   -23.51911,    -5.995265,            0,            0,            0,    0.3102428,    0.9506573
robot_159
   -37.81776,     6.081158,            0,            0,            0,   -0.8638224,    0.5037964
robot_160
    17.94387,     11.69025,            0,            0,            0,    0.8195426,    0.5730183
robot_151
    -17.6217,    -18.08636,            0,            0,            0,   -0.4500743,    0.8929911
robot_150
   -19.86521,    -37.97641,            0,            0,            0,    0.5376226,    0.8431856
robot_137
   -18.06648,    -31.26597,            0,            0,            0,   -0.7199948,    0.6939795
robot_199
    34.09281,     5.876506,            0,            0,            0,     0.973785,    0.2274704
robot_54
   -22.08612,     33.36171,            0,            0,            0,   -0.2564743,     0.966551
robot_117
   -38.01705,    -14.06712,            0,            0,            0,    0.9980432,   0.06252847
robot_36
   -3.614179,    -26.03002,            0,            0,            0,    0.9339585,    0.3573815
robot_33
    31.99036,    -13.97061,            0,            0,            0,    0.8069629,    0.5906021
robot_146
   -12.76229,    -18.03282,            0,            0,            0,    0.8585434,     0.512741
robot_156
    30.57774,    -30.00457,            0,            0,            0,    0.9922457,     0.124292
robot_112
   -5.943034,    -9.796668,            0,            0,            0,   -0.8123891,    0.5831158
robot_19
    17.68872,     37.94573,            0,            0,            0,     0.134506,    0.9909128
robot_141
   -23.59433,       29.985,            0,            0,            0,    0.4821726,    0.8760763
robot_35
     29.9165,    -26.33499,            0,            0,            0,   -0.9644006,    0.2644457
robot_184
   -5.667002,     6.075563,            0,            0,            0,   -0.9999374,   0.01118604
robot_98
   -17.58253,     38.00528,            0,            0,            0,   0.04503465,    0.9989854
robot_100
   -2.058416,     20.35127,            0,            0,            0,    0.6602016,    0.7510885
robot_164
    -15.0897,     25.97699,            0,            0,            0,    0.9916353,    0.1290713
robot_59
   -29.84479,    -10.04393,            0,            0,            0,   -0.8357311,    0.5491389
robot_144
   -22.81915,      5.98529,            0,            0,            0,   -0.9135204,     0.406793
robot_101
   -3.553466,     17.98821,            0,            0,            0,    0.8409108,    0.5411738
robot_161
   -33.12307,     1.967263,            0,            0,            0,   -0.7924055,    0.6099947
robot_149
    21.95345,     34.85241,            0,            0,            0,    0.9210532,    0.3894368
robot_86
   -17.61739,    -22.01814,            0,            0,            0,    0.3003827,    0.9538188
robot_191
    13.90494,    -1.217989,            0,            0,            0,   0.04625913,    0.9989295
robot_126
    9.771027,      34.0253,            0,            0,            0,    -0.915816,    0.4015981
robot_190
   -34.09015,     35.81873,            0,            0,            0,    0.2675805,    0.9635355
robot_131
    29.27821,     9.987264,            0,            0,            0,    0.6803113,    0.7329233
robot_154
    21.46026,     -14.0748,            0,            0,            0,    -0.186584,     0.982439
robot_9
    10.06828,     14.07246,            0,            0,            0,   -0.5974557,    0.8019019
robot_27
   -6.045872,    -29.31388,            0,            0,            0,   -0.9988372,   0.04821116
robot_34
   -25.98036,     29.97142,            0,            0,            0,    0.2113421,    0.9774121
robot_114
    5.961307,    -6.355531,            0,            0,            0,   -0.8559334,    0.5170861
robot_51
   -34.08566,     22.45795,            0,            0,            0,   -0.9895716,    0.1440416
robot_108
   -29.83794,    -25.94407,            0,            0,            0,    0.9756186,    0.2194729
robot_147
    29.92153,     1.898125,            0,            0,            0,    0.6161408,     0.787636
robot_183
   -26.05408,     7.787165,            0,            0,            0,    0.4407102,    0.8976495
robot_48
   -18.29839,    -5.880371,            0,            0,            0,   0.05689467,    0.9983802
robot_60
    34.03162,     14.13155,            0,            0,            0,   -0.1773739,    0.9841435
robot_75
   -29.98891,     38.26709,            0,            0,            0,    0.9998976,   0.01431292
robot_152
    13.99415,    -13.97537,            0,            0,            0,    0.7615113,    0.6481517
robot_26
   -25.95145,    -29.79494,            0,            0,            0,    0.5399415,    0.8417026
robot_182
    25.91332,    -17.43647,            0,            0,            0,     0.147451,    0.9890694
robot_172
    16.35556,       9.9777,            0,            0,            0,    0.9663638,     0.257179
robot_43
   -22.04096,    -19.67832,            0,            0,            0,   -0.9983603,   0.05724274
robot_170
   -38.06289,     20.27184,            0,            0,            0,    0.7902763,    0.6127506
robot_177
   -1.983551,    -9.974603,            0,            0,            0,   0.02048472,    0.9997902
robot_80
    13.25849,    -6.004817,            0,            0,            0,   -0.9952993,   0.09684658
robot_16
   -22.10818,     -21.8123,            0,            0,            0,   -0.3932065,    0.9194502
robot_13
    21.10042,     30.00388,            0,            0,            0,    0.9426221,    0.3338616
robot_178
   -10.07534,    -9.500177,            0,            0,            0,    0.7885326,    0.6149929
robot_88
   -14.08751,     36.48178,            0,            0,            0,    0.4424717,    0.8967825
robot_194
    -38.1555,     18.24337,            0,            0,            0,    0.9984539,   0.05558685
robot_29
   -6.044865,    -36.65814,            0,            0,            0,   -0.5118342,    0.8590843
robot_92
   -14.96898,    -37.98516,            0,            0,            0,    0.7653112,    0.6436605
robot_87
   -26.03544,    -39.31557,            0,            0,            0,    0.7332441,    0.6799656
robot_68
    17.89908,    -26.09959,            0,            0,            0,    0.5281376,    0.8491588
robot_22
    33.96313,     38.58995,            0,            0,            0,   -0.1203474,    0.9927318
robot_38
    2.376103,     10.09851,            0,            0,            0,    0.7495814,    0.6619122
robot_2
    3.745434,    -30.00888,            0,            0,            0,    0.7842508,    0.6204439
robot_110
    29.87624,    -6.276996,            0,            0,            0,   -0.9304712,    0.3663649
robot_14
   -18.34974,     14.08945,            0,            0,            0,   -0.6936748,    0.7202883
robot_181
   -34.03593,    -14.65641,            0,            0,            0,   -0.7412075,     0.671276
robot_61
    16.10975,    -38.00066,            0,            0,            0,    0.8776553,    0.4792923
