tuw_multi_robot_msgs::RobotGoalsArray @1970-01-01T00:45:47.700000
frame_id: map
        2747,    700000000
robot_84
   -22.04483,     16.96426,            0,            0,            0,    0.4051092,    0.9142683
robot_116
   -24.51615,      -21.985,            0,            0,            0,   -0.3982507,    0.9172766
robot_74
   -22.01161,     22.30449,            0,            0,            0,    0.9888157,    0.1491424
robot_41
   -18.13531,    -37.79447,            0,            0,            0,    0.9798972,    0.1995033
robot_125
    33.91701,    -34.09996,            0,            0,            0,    0.9665671,    0.2564139
robot_136
   -10.16225,     25.85789,            0,            0,            0,    0.3910135,    0.9203849
robot_173
   -38.11065,     14.12817,            0,            0,            0,    0.9801523,    0.1982462
robot_67
   -27.41697,     18.00311,            0,            0,            0,    0.8344967,     0.551013
robot_197
   -13.72297,    -14.03145,            0,            0,            0,   -0.9318141,     0.362936
robot_119
   -25.97838,     34.03238,            0,            0,            0,   -0.2716527,    0.9623954
robot_82
    33.91518,    -1.585759,            0,            0,            0,    0.3790116,    0.9253919
robot_77
   -13.83588,    -9.908407,            0,            0,            0,     0.529057,    0.8485863
robot_5
     37.9634,    -6.434009,            0,            0,            0,   -0.5330002,    0.8461151
robot_133
   -9.860712,    -34.01166,            0,            0,            0,   -0.5179586,    0.8554057
robot_99
    38.32301,     14.08266,            0,            0,            0,   -0.9618612,    0.2735381
robot_171
   -38.09292,     29.21769,            0,            0,            0,    0.9995512,   0.02995715
robot_180
   -3.881615,      6.01886,            0,            0,            0,    0.8905257,     0.454933
robot_56
   -30.14684,     2.303808,            0,            0,            0,   -0.7587511,    0.6513807
robot_3
    2.064692,    -13.83019,            0,            0,            0,   -0.9294864,    0.3688564
robot_81
    10.59121,     13.98728,            0,            0,            0,   -0.1813317,     0.983422
robot_167
   -26.88569,    -33.99868,            0,            0,            0,    0.9718564,     0.235574
robot_25
   -34.07983,    -39.24901,            0,            0,            0,    0.9959612,   0.08978507
robot_168
     29.9407,   0.01373622,            0,            0,            0,   -0.4643897,     0.885631
robot_96
   -30.38697,     26.04704,            0,            0,            0,    0.2233983,    0.9747272
robot_166
   -33.60178,    -13.95334,            0,            0,            0,    0.9901737,     0.139843
robot_102
    -3.79889,    -30.00252,            0,            0,            0,    0.9213129,    0.3888219
robot_192
    18.61002,    -38.00487,            0,            0,            0,   -0.3353721,    0.9420857
robot_179
    1.931644,    -22.14405,            0,            0,            0,    0.9868173,    0.1618382
robot_142
   -25.29667,     18.02951,            0,            0,            0,  -0.05247239,    0.9986224
robot_1
     7.57053,    -10.01292,            0,            0,            0,    0.2067449,    0.9783949
robot_44
   -33.88315,     9.933644,            0,            0,            0,    0.9243321,     0.381589
robot_163
    25.96649,     21.18169,            0,            0,            0,    0.6361427,    0.7715715
robot_79
    12.78135,    -6.010445,            0,            0,            0, -0.008561918,    0.9999633
robot_8
   -30.04361,     29.00299,            0,            0,            0,    0.3095604,    0.9508798
robot_20
    26.15634,    -29.86216,            0,            0,            0,   -0.7515054,    0.6597269
robot_143
     9.96092,      17.1262,            0,            0,            0,    0.6782811,    0.7348025
robot_138
   -21.64514,     37.97414,            0,            0,            0,   -0.5254856,    0.8508025
robot_123
   -36.62846,     -14.0054,            0,            0,            0,    -0.950098,    0.3119515
robot_193
   -23.67972,    -6.018119,            0,            0,            0,    0.4165582,    0.9091091
robot_187
   -32.85753,       2.0174,            0,            0,            0,    0.6255439,    0.7801889
robot_176
    20.41464,     -22.0182,            0,            0,            0,   -0.8410759,    0.5409171
robot_66
    13.87382,    -33.64351,            0,            0,            0,   -0.1972498,    0.9803533
robot_63
    15.05379,     2.026979,            0,            0,            0,  -0.08706337,    0.9962028
robot_31
    9.908201,    -20.75315,            0,            0,            0,   -0.1000426,    0.9949832
robot_159
   -6.212208,    -6.094773,            0,            0,            0,    0.2410479,    0.9705132
robot_160
    17.86193,    -30.15371,            0,            0,            0,   -0.8945717,    0.4469245
robot_151
    17.95374,     13.18894,            0,            0,            0,   -0.8968855,    0.4422628
robot_150
   -18.07075,      26.9916,            0,            0,            0,    0.9938246,    0.1109624
robot_137
    34.10511,    -30.11697,            0,            0,            0,    0.7119218,    0.7022587
robot_199
   -2.034187,     -18.8341,            0,            0,            0,   -0.3102313,    0.9506611
