tuw_multi_robot_msgs::RobotGoalsArray @1970-01-01T01:24:50.100000
frame_id: map
        5090,    100000000
robot_84
   -2.081811,    -25.51217,            0,            0,            0,   -0.4927667,    0.8701615
robot_116
    26.01219,     37.64652,            0,            0,            0,   0.01886069,    0.9998221
robot_74
    13.95033,     30.19668,            0,            0,            0,    0.3899211,    0.9208483
robot_41
    27.91198,     -22.0004,            0,            0,            0,   -0.9786535,    0.2055173
robot_125
    29.47856,    -29.94592,            0,            0,            0,    -0.990937,    0.1343275
robot_136
     5.91649,    -4.342212,            0,            0,            0,   -0.5264145,     0.850228
robot_173
   -11.00153,     29.98671,            0,            0,            0,    0.7143539,    0.6997846
robot_67
    34.65776,      30.0103,            0,            0,            0,    0.6315141,    0.7753644
robot_197
     27.0578,     13.97925,            0,            0,            0,   -0.1779839,    0.9840334
robot_119
   -29.93907,     -29.7858,            0,            0,            0,   -0.9906958,    0.1360946
robot_82
    33.67511,    -26.08404,            0,            0,            0,    0.8923788,    0.4512872
robot_77
    -34.0646,     28.08238,            0,            0,            0,    -0.194344,    0.9809334
robot_5
    21.94084,     8.606391,            0,            0,            0,    0.9469009,    0.3215255
robot_133
    29.87727,     21.73196,            0,            0,            0,  -0.04168855,    0.9991307
robot_99
   0.6371029,     10.01849,            0,            0,            0,   -0.5744271,    0.8185557
robot_171
    14.61877,    -34.00278,            0,            0,            0,    0.2171891,    0.9761295
robot_180
    26.74641,    -14.01765,            0,            0,            0,    0.8135309,    0.5815217
robot_56
    33.90383,     24.54285,            0,            0,            0,   -0.9025216,    0.4306445
robot_3
   -10.09836,    -39.33802,            0,            0,            0,    0.9998207,   0.01893442
robot_81
    37.35512,     -9.99718,            0,            0,            0,    0.9801089,    0.1984606
robot_167
    33.94958,      18.0979,            0,            0,            0,    0.8240922,    0.5664558
robot_25
    26.36868,    -37.91302,            0,            0,            0,   -0.9515382,    0.3075306
robot_168
   -33.32724,    -34.02835,            0,            0,            0,   -0.9753889,    0.2204914
robot_96
     9.96474,     31.92766,            0,            0,            0,   0.02924624,    0.9995722
robot_166
    2.862986,     26.00667,            0,            0,            0,   -0.7912997,    0.6114285
robot_102
   -14.05071,    -27.30501,            0,            0,            0,   -0.7601108,    0.6497935
robot_192
    -22.0465,     6.931806,            0,            0,            0,   -0.7906225,    0.6123039
robot_179
     25.9155,    -31.11026,            0,            0,            0,    0.9690298,    0.2469437
robot_142
    5.948246,    -24.64606,            0,            0,            0,    0.6923441,    0.7215675
robot_1
    -21.9804,     29.68592,            0,            0,            0,    0.9906796,    0.1362131
robot_44
     33.9065,     26.95652,            0,            0,            0,   -0.5052524,    0.8629716
robot_163
     14.4265,     21.95971,            0,            0,            0,    0.3467298,     0.937965
robot_79
   -38.09631,     25.96191,            0,            0,            0,   -0.2888734,    0.9573673
robot_8
   -14.13057,    -10.17822,            0,            0,            0,    -0.562119,    0.8270564
robot_20
    30.10986,    -26.14486,            0,            0,            0,   -0.0421321,     0.999112
robot_143
    33.94649,     32.18923,            0,            0,            0,   0.07312198,     0.997323
robot_138
    1.556562,      -14.029,            0,            0,            0,    0.7128901,    0.7012758
robot_123
   -37.60725,     17.94117,            0,            0,            0,   -0.8947938,    0.4464796
robot_193
   -22.07007,    -11.26569,            0,            0,            0,    0.2284631,    0.9735526
robot_187
   -34.05212,     36.07956,            0,            0,            0,  -0.03278869,    0.9994623
robot_176
   -22.08299,     1.558612,            0,            0,            0,      0.27011,    0.9628295
robot_66
    29.90326,    -11.14004,            0,            0,            0,   -0.3925865,    0.9197151
robot_63
   -14.06541,     23.85392,            0,            0,            0,   -0.7825924,    0.6225345
robot_31
    33.40709,    -2.026602,            0,            0,            0,    0.9766876,    0.2146656
robot_159
   -17.67472,    -33.99458,            0,            0,            0,    0.6825021,    0.7308837
robot_160
    6.009908,     29.82725,            0,            0,            0,    0.3430432,    0.9393196
robot_151
    21.68484,    -5.965414,            0,            0,            0,   -0.6286262,    0.7777076
robot_150
    13.77021,     25.84009,            0,            0,            0,  -0.06600367,    0.9978194
robot_137
   -22.08773,    -34.71563,            0,            0,            0,    0.8373067,    0.5467334
robot_199
    13.90828,     4.166599,            0,            0,            0,   -0.9125364,    0.4089954
robot_54
    17.80198,    -37.88091,            0,            0,            0,   -0.1134353,    0.9935454
robot_117
    21.99618,     25.77237,            0,            0,            0,    0.8885238,    0.4588305
robot_36
    9.954894,     6.266353,            0,            0,            0,  -0.01044324,    0.9999455
robot_33
    29.46494,     14.00713,            0,            0,            0,    0.6771614,    0.7358345
robot_146
    5.949322,     18.98182,            0,            0,            0,    0.7545806,    0.6562074
robot_156
    9.825907,      2.19365,            0,            0,            0,    0.9461342,    0.3237746
robot_112
    15.60028,    -18.01379,            0,            0,            0,    0.8577973,    0.5139882
robot_19
    9.902238,    -35.38272,            0,            0,            0,   -0.5116933,    0.8591682
robot_141
    21.93296,     38.69172,            0,            0,            0,    -0.805986,    0.5919346
robot_35
   -18.08672,    -25.51805,            0,            0,            0,   -0.3882862,    0.9215388
robot_184
   -6.225015,     5.835579,            0,            0,            0,    0.8990322,    0.4378824
robot_98
    7.792529,     9.989846,            0,            0,            0,    -0.949403,    0.3140603
robot_100
     34.1399,     6.156319,            0,            0,            0,    0.2564244,    0.9665643
robot_164
    11.84625,     6.023337,            0,            0,            0,   -0.9996399,   0.02683245
robot_59
   -17.95596,     25.78819,            0,            0,            0,   -0.7390621,    0.6736373
robot_144
   -38.36935,     21.93266,            0,            0,            0,    0.0137711,    0.9999052
robot_101
   -34.14646,     25.92298,            0,            0,            0,   -0.9430163,    0.3327465
robot_161
    1.114921,    -34.00748,            0,            0,            0,     0.744128,     0.668037
robot_149
   -15.25813,     38.01463,            0,            0,            0,    0.3964682,    0.9180485
robot_86
    5.954621,     38.94226,            0,            0,            0,     0.745039,    0.6670209
robot_191
    18.91125,     21.98681,            0,            0,            0,    0.4253823,    0.9050138
robot_126
   -14.26377,    -17.96491,            0,            0,            0,   -0.8181658,    0.5749823
robot_190
     4.24499,     9.998919,            0,            0,            0,    0.8577867,    0.5140058
robot_131
    37.92337,    -22.50785,            0,            0,            0,    0.9536366,    0.3009605
robot_154
    6.681944,    -38.01729,            0,            0,            0,   -0.7272088,    0.6864164
robot_9
   -34.28619,    -29.90276,            0,            0,            0,   -0.6253187,    0.7803694
robot_27
    10.00339,    -21.76034,            0,            0,            0,   -0.8517056,    0.5240206
robot_34
     17.8919,     26.08465,            0,            0,            0,     0.616183,     0.787603
robot_114
    -2.12526,     26.06141,            0,            0,            0,    -0.531669,    0.8469522
robot_51
    30.15674,    -14.02873,            0,            0,            0,   -0.5488249,    0.8359373
robot_108
   -14.03562,     8.062734,            0,            0,            0,     0.416752,    0.9090202
robot_147
    13.77991,    -10.17614,            0,            0,            0,   -0.1375568,    0.9904939
robot_183
    37.71274,    -26.03344,            0,            0,            0,   -0.7756237,    0.6311956
robot_48
   -21.98001,    -30.22695,            0,            0,            0,   -0.7386513,    0.6740878
robot_60
    36.02445,     10.01934,            0,            0,            0,   -0.4280528,    0.9037537
robot_75
   -18.03335,     30.76469,            0,            0,            0,   -0.5092514,    0.8606178
robot_152
    9.900936,     15.38392,            0,            0,            0,   -0.8626017,    0.5058836
robot_26
    10.12883,      37.9745,            0,            0,            0,    0.7136617,    0.7004905
robot_182
    6.006418,     2.175015,            0,            0,            0,   -0.9642948,     0.264831
robot_172
     -22.113,       33.951,            0,            0,            0,   -0.8953509,    0.4453614
robot_43
   -6.067914,     19.19924,            0,            0,            0,    0.9018394,    0.4320715
robot_170
    33.93149,     35.01816,            0,            0,            0,   -0.9473457,    0.3202127
robot_177
   -2.095328,    -23.51701,            0,            0,            0,    -0.221308,     0.975204
robot_80
   -20.08279,    -13.99886,            0,            0,            0,    0.9019105,     0.431923
robot_16
    21.96723,    -33.94789,            0,            0,            0,   -0.4702462,    0.8825353
robot_13
    -14.0873,     21.13382,            0,            0,            0,     0.810145,    0.5862295
robot_178
    26.04138,    -10.21028,            0,            0,            0,    0.7035933,    0.7106029
robot_88
    -14.5285,    -6.028334,            0,            0,            0,   -0.8322886,    0.5543425
robot_194
   -30.08084,    -4.223974,            0,            0,            0,    0.3400075,    0.9404227
robot_29
    13.93092,    -25.39118,            0,            0,            0,     0.958896,    0.2837577
robot_92
   -30.08503,    0.6338923,            0,            0,            0,  -0.08231134,    0.9966067
robot_87
   -5.773197,    -26.05563,            0,            0,            0,    0.6030349,    0.7977148
robot_68
    5.940583,     8.060439,            0,            0,            0,    0.1035536,    0.9946239
robot_22
    37.67162,     26.05111,            0,            0,            0,   0.07347332,    0.9972972
robot_38
   -25.88904,    -1.980288,            0,            0,            0,    0.8740115,    0.4859052
robot_2
   -18.47439,    -1.958416,            0,            0,            0,    0.8978936,    0.4402125
robot_110
   -28.60361,    -33.99667,            0,            0,            0,   -0.2371911,     0.971463
robot_14
    9.916317,    -28.33717,            0,            0,            0,    0.1286935,    0.9916844
robot_181
   -6.172724,     -1.98139,            0,            0,            0,    -0.529431,     0.848353
robot_61
   -19.47847,     9.979844,            0,            0,            0,    0.8798087,    0.4753279
