tuw_multi_robot_msgs::RobotGoalsArray @1970-01-01T01:28:32.900000
frame_id: map
        5312,    900000000
robot_84
    5.921697,    -5.258901,            0,            0,            0,   0.07678318,    0.9970478
robot_116
    28.09894,    -26.03312,            0,            0,            0,     0.563811,    0.8259039
robot_74
    18.15213,     37.91899,            0,            0,            0,   -0.9785491,     0.206014
robot_41
    37.96102,     22.78255,            0,            0,            0,    0.8596149,    0.5109424
robot_125
   -22.16127,     10.35518,            0,            0,            0,    0.1322205,    0.9912203
robot_136
    -26.0421,      35.4233,            0,            0,            0,   -0.5777997,    0.8161786
robot_173
    30.13159,     29.84004,            0,            0,            0,   -0.9111197,    0.4121418
robot_67
   -6.221384,    -26.13211,            0,            0,            0,   -0.2686652,    0.9632336
robot_197
   -10.05598,     23.15892,            0,            0,            0,    0.5891923,    0.8079928
robot_119
    25.92669,    -31.92165,            0,            0,            0,   -0.7850012,    0.6194942
robot_82
   -18.05028,     11.51701,            0,            0,            0,    0.7990796,    0.6012252
robot_77
    1.968593,     26.21918,            0,            0,            0,    -0.428263,    0.9036541
robot_5
    17.49772,     5.941771,            0,            0,            0,    0.4236788,    0.9058125
robot_133
   -10.15215,     34.22951,            0,            0,            0,   -0.1273352,    0.9918597
robot_99
     17.9022,    -8.845401,            0,            0,            0,    0.6599625,    0.7512985
robot_171
   -5.930143,     25.84561,            0,            0,            0,   0.02067255,    0.9997863
robot_180
     14.0223,     -18.3586,            0,            0,            0,    0.9058557,    0.4235865
robot_56
    21.52393,    -30.09665,            0,            0,            0,   -0.8588431,    0.5122388
robot_3
   -18.13915,     18.01469,            0,            0,            0,   -0.9335885,    0.3583469
robot_81
   -14.08144,    -18.93172,            0,            0,            0,   -0.9809195,    0.1944142
robot_167
    33.95722,    -33.69125,            0,            0,            0,   -0.5050335,    0.8630998
robot_25
    17.75119,     10.13644,            0,            0,            0,    0.9894996,    0.1445358
robot_168
   -2.043211,     15.27948,            0,            0,            0,    0.4331348,    0.9013291
robot_96
   -10.06635,     30.57481,            0,            0,            0,   -0.4922706,    0.8704422
robot_166
    30.85378,    -17.97548,            0,            0,            0,     0.561292,    0.8276178
robot_102
   -37.99437,      22.1454,            0,            0,            0,   -0.8773137,    0.4799174
robot_192
   -30.16865,    -37.90065,            0,            0,            0,   -0.8164118,    0.5774701
robot_179
   -10.75246,    -25.96911,            0,            0,            0,   -0.2177497,    0.9760047
robot_142
   -29.81042,    -13.97584,            0,            0,            0,   -0.4173826,    0.9087309
robot_1
    21.91942,     -33.3525,            0,            0,            0,   -0.7889285,    0.6144851
robot_44
   -26.25913,    -26.03186,            0,            0,            0,    0.9711426,    0.2384995
robot_163
    5.964332,     28.18784,            0,            0,            0,   -0.9996506,    0.0264324
robot_79
    13.99652,    -29.73024,            0,            0,            0,   -0.5356765,    0.8444233
robot_8
    13.49604,     10.05354,            0,            0,            0,    0.9998024,    0.0198785
robot_20
   -30.08171,    -26.78137,            0,            0,            0,   -0.3927509,    0.9196449
robot_143
     26.0211,    -9.910697,            0,            0,            0,    -0.952367,    0.3049543
robot_138
   -30.04203,     11.31271,            0,            0,            0,   -0.5888762,    0.8082233
robot_123
   -32.47163,     21.97824,            0,            0,            0,     0.962706,    0.2705496
robot_193
   -1.412106,      26.0003,            0,            0,            0,   -0.2288653,    0.9734581
robot_187
   -38.13452,    -21.88841,            0,            0,            0,    0.5701113,    0.8215675
robot_176
    25.96245,     8.285229,            0,            0,            0,    0.9892474,    0.1462516
robot_66
     5.74436,     17.94173,            0,            0,            0,  -0.06919832,    0.9976029
robot_63
    6.288861,    -17.90011,            0,            0,            0,     0.145211,    0.9894007
robot_31
    35.39609,      -17.976,            0,            0,            0,    0.7515665,    0.6596574
robot_159
    1.647241,     13.99232,            0,            0,            0,   -0.9912355,    0.1321066
robot_160
    21.95886,     37.02616,            0,            0,            0,    0.9657901,    0.2593249
robot_151
   -22.08123,     32.50256,            0,            0,            0,  -0.07273694,    0.9973512
robot_150
   -15.63297,     33.98052,            0,            0,            0,   -0.5916721,    0.8061787
robot_137
   -26.03662,    -33.93112,            0,            0,            0,   -0.8148533,    0.5796672
robot_199
   -13.93279,     6.224535,            0,            0,            0,    0.9817695,    0.1900755
robot_54
    27.47699,    -13.98745,            0,            0,            0,    0.2393243,    0.9709397
robot_117
   -9.987786,     13.76672,            0,            0,            0,  -0.02885316,    0.9995837
robot_36
    34.26823,     34.08638,            0,            0,            0,   -0.5488023,    0.8359521
robot_33
   -30.08377,     4.421912,            0,            0,            0,    0.7755356,    0.6313038
robot_146
   -16.41001,    -38.01664,            0,            0,            0,    0.9573805,    0.2888297
robot_156
    25.75053,     14.03585,            0,            0,            0,  -0.06033922,    0.9981779
robot_112
    2.269265,    -9.997444,            0,            0,            0,   -0.7144217,    0.6997154
robot_19
   -6.040137,    -3.451519,            0,            0,            0,    0.5595201,    0.8288168
robot_141
    -38.1428,     6.075066,            0,            0,            0,   -0.9944467,    0.1052419
robot_35
    25.72318,    -18.08378,            0,            0,            0,   -0.6941394,    0.7198406
robot_184
    1.302477,     22.02169,            0,            0,            0,   -0.9962361,   0.08668169
robot_98
   -17.93565,    -14.10831,            0,            0,            0,    0.1045592,    0.9945187
robot_100
    22.27918,    -38.03522,            0,            0,            0,   -0.4715058,     0.881863
robot_164
   -1.862214,     -26.0007,            0,            0,            0,     0.467315,    0.8840909
robot_59
   -37.70248,    -6.048751,            0,            0,            0,   -0.9164795,    0.4000817
robot_144
    23.41263,    -2.028462,            0,            0,            0,   -0.3249382,    0.9457352
robot_101
     5.92773,    -10.43254,            0,            0,            0,    0.5538735,    0.8326008
robot_161
     10.0105,    -6.308787,            0,            0,            0,    0.4478861,    0.8940906
robot_149
   -18.07587,     35.79301,            0,            0,            0,   -0.8773846,    0.4797877
robot_86
    33.90939,     7.771851,            0,            0,            0,    0.2907893,    0.9567871
robot_191
    21.96589,    -21.37024,            0,            0,            0,    0.7340999,    0.6790415
robot_126
   -6.083662,     14.99166,            0,            0,            0,     0.850232,    0.5264081
robot_190
   -38.16447,      13.6867,            0,            0,            0,   -0.3016575,    0.9534164
robot_131
    21.21501,     6.017235,            0,            0,            0,     0.998969,   0.04539833
robot_154
   -37.97223,     29.92524,            0,            0,            0,   -0.9473824,    0.3201039
robot_9
    21.90404,     29.75344,            0,            0,            0,    0.6067848,    0.7948661
robot_27
    5.954993,    -33.55702,            0,            0,            0,    0.2016722,    0.9794531
robot_34
    25.93222,    -11.95496,            0,            0,            0,     0.790671,    0.6122413
robot_114
    33.72143,     17.95181,            0,            0,            0,    0.5222564,    0.8527885
robot_51
    8.233613,    -14.02851,            0,            0,            0,   -0.4710178,    0.8821237
robot_108
   -10.04769,    -19.08137,            0,            0,            0,     0.595278,    0.8035198
robot_147
   -6.064908,    -21.39671,            0,            0,            0,    -0.673901,    0.7388216
robot_183
    30.52304,     2.029554,            0,            0,            0,    0.8098327,    0.5866609
robot_48
   -38.27421,     33.92299,            0,            0,            0,    0.9995931,   0.02852393
robot_60
    36.60044,    -13.96991,            0,            0,            0,    0.8910831,    0.4538401
robot_75
   -30.20288,    -21.86728,            0,            0,            0,     0.438344,    0.8988073
robot_152
    25.92396,    -34.32434,            0,            0,            0,     0.884961,    0.4656651
robot_26
    10.09597,    -29.87352,            0,            0,            0,   -0.9378264,    0.3471047
robot_182
   -7.016204,      2.02357,            0,            0,            0,   -0.0706125,    0.9975038
robot_172
    32.96868,    -17.99149,            0,            0,            0,   -0.9999997,  0.000764935
robot_43
   -18.06054,     14.73164,            0,            0,            0,   -0.4296778,    0.9029823
robot_170
    10.05061,      26.0059,            0,            0,            0,   -0.9979822,   0.06349453
robot_177
   -5.575954,     5.994874,            0,            0,            0,   0.03138499,    0.9995074
robot_80
   -17.95132,    -33.93257,            0,            0,            0,    0.9858752,    0.1674819
robot_16
  -0.4570678,    -21.99251,            0,            0,            0,    0.6228547,    0.7823375
robot_13
   -20.58112,     30.00711,            0,            0,            0,   -0.2161118,    0.9763686
robot_178
   -25.97391,    -5.706021,            0,            0,            0,   -0.3841982,    0.9232506
robot_88
   -14.18554,    -30.20623,            0,            0,            0,   -0.1842931,    0.9828713
robot_194
     9.67176,     -25.9126,            0,            0,            0,    0.1986169,    0.9800772
robot_29
   -38.09273,    -8.839139,            0,            0,            0,    0.9971513,   0.07542795
robot_92
    37.89754,     10.15148,            0,            0,            0,   -0.9980587,   0.06228018
robot_87
   -11.57773,    -30.01776,            0,            0,            0,   -0.4704153,    0.8824452
robot_68
   -30.08556,     32.34914,            0,            0,            0,   -0.5141779,    0.8576835
robot_22
    20.40898,    -6.012327,            0,            0,            0,   -0.8435937,     0.536982
robot_38
    21.75267,    -9.941991,            0,            0,            0,   -0.3288845,    0.9443702
robot_2
   -6.066853,    -31.26966,            0,            0,            0,    0.6978623,     0.716232
robot_110
   -2.056232,     6.341136,            0,            0,            0,    0.9491344,    0.3148712
robot_14
    37.08219,     5.990014,            0,            0,            0,    0.5399109,    0.8417222
robot_181
   -22.05746,    -38.28948,            0,            0,            0,   -0.9230936,    0.3845753
robot_61
    16.26198,     34.00246,            0,            0,            0,   -0.9777111,    0.2099548
robot_30
   -4.315362,     29.98444,            0,            0,            0,   -0.5695656,    0.8219459
robot_122
     -10.118,     37.70791,            0,            0,            0,    0.9601696,     0.279418
robot_132
    10.00791,     1.658708,            0,            0,            0,    0.6136545,    0.7895747
robot_45
   -32.27248,    -18.03073,            0,            0,            0,    0.9440749,    0.3297312
robot_21
   -6.070133,      23.2332,            0,            0,            0,   -0.7411624,    0.6713258
robot_39
   -2.531764,     17.90045,            0,            0,            0,   -0.6583547,    0.7527078
robot_134
   -30.13562,      26.2948,            0,            0,            0,   -0.2587964,    0.9659319
robot_15
    6.096078,    -29.91548,            0,            0,            0,   0.04880404,    0.9988084
robot_145
    33.53837,    -1.994962,            0,            0,            0,    0.9689686,    0.2471838
robot_140
    28.23102,     26.02527,            0,            0,            0,    0.6761013,    0.7368087
