tuw_multi_robot_msgs::RobotGoalsArray @1970-01-01T01:13:16.400000
frame_id: map
        4396,    400000000
robot_84
    -26.0357,     25.93718,            0,            0,            0,   -0.8422415,    0.5391004
robot_116
   -26.03609,   -0.5756256,            0,            0,            0,    0.9992528,   0.03864936
robot_74
    21.77783,     17.86344,            0,            0,            0,  -0.01715248,    0.9998529
robot_41
   -30.04487,     2.068171,            0,            0,            0,    0.9645375,    0.2639459
robot_125
    -2.79887,    -34.01501,            0,            0,            0,    -0.548455,    0.8361801
robot_136
    25.96379,     4.058111,            0,            0,            0,    0.2390293,    0.9710123
robot_173
    29.94324,      35.9183,            0,            0,            0,   -0.8949866,    0.4460931
robot_67
    29.89675,     13.73767,            0,            0,            0,   -0.2286563,    0.9735072
robot_197
    -10.4593,     1.919941,            0,            0,            0,   -0.6549999,     0.755629
robot_119
   -22.23107,    -10.21433,            0,            0,            0,    0.9982267,   0.05952763
robot_82
   -26.07852,    -12.10868,            0,            0,            0,   -0.9323791,    0.3614819
robot_77
    2.154548,      22.1402,            0,            0,            0,   -0.5121574,    0.8588916
robot_5
   -8.165662,    -2.001126,            0,            0,            0,   -0.8043258,    0.5941885
robot_133
    20.09025,     38.02551,            0,            0,            0,    0.8742314,    0.4855095
robot_99
    -6.32489,     33.97381,            0,            0,            0,    0.3294637,    0.9441682
robot_171
    -10.0943,    -32.59089,            0,            0,            0,    0.2293825,    0.9733364
robot_180
    29.96348,    -7.599892,            0,            0,            0,    0.2971291,    0.9548373
robot_56
    31.55912,    -33.97684,            0,            0,            0,   -0.8753581,     0.483475
robot_3
   -26.06399,     7.012669,            0,            0,            0,   0.08772381,    0.9961448
robot_81
    30.43588,    -22.00786,            0,            0,            0,   -0.5924073,    0.8056386
robot_167
    38.06844,    -33.99773,            0,            0,            0,    0.6701513,    0.7422245
robot_25
   -26.07616,    -15.25507,            0,            0,            0,   -0.2081743,    0.9780917
robot_168
    1.875271,     17.88501,            0,            0,            0,    0.9899242,    0.1415986
robot_96
   -30.05915,     -18.5536,            0,            0,            0,  -0.05541591,    0.9984634
robot_166
     26.2934,     33.98202,            0,            0,            0,    0.9931476,    0.1168664
robot_102
    9.857655,     25.97961,            0,            0,            0,   -0.4507963,    0.8926269
robot_192
   -15.65435,     38.03037,            0,            0,            0,    0.5648309,    0.8252067
robot_179
    13.63759,     5.922861,            0,            0,            0,    0.9896728,    0.1433449
robot_142
    13.96178,    -20.12128,            0,            0,            0,   -0.3365983,    0.9416483
robot_1
   -6.940488,    -9.967739,            0,            0,            0,    0.9415186,    0.3369611
robot_44
    5.923158,    -7.275564,            0,            0,            0,    0.4430252,    0.8965092
robot_163
   -13.49829,     38.00168,            0,            0,            0,    0.8023833,    0.5968091
robot_79
    8.494572,     5.995902,            0,            0,            0,   -0.9477315,    0.3190689
robot_8
    28.93497,     10.01813,            0,            0,            0,   -0.9978056,   0.06621133
robot_20
    5.918179,     12.47508,            0,            0,            0,    0.5347438,    0.8450142
robot_143
   -14.71691,    -10.01065,            0,            0,            0,    0.5840527,    0.8117158
robot_138
    25.94758,     29.96913,            0,            0,            0,    -0.718771,    0.6952469
robot_123
    32.42707,    -38.01477,            0,            0,            0,    0.5616806,    0.8273542
robot_193
    5.495733,     25.98262,            0,            0,            0,   -0.9228974,    0.3850461
robot_187
    -18.0733,     19.49362,            0,            0,            0,    0.9077336,    0.4195471
robot_176
   -34.08631,    -17.87037,            0,            0,            0,    0.2273596,    0.9738109
robot_66
    16.63305,     34.02565,            0,            0,            0,    0.6964594,    0.7175962
robot_63
   -26.09984,     -17.4854,            0,            0,            0,   -0.3729964,    0.9278328
robot_31
   -38.27272,      25.8532,            0,            0,            0,    0.8464731,    0.5324315
robot_159
    -34.0954,     1.588637,            0,            0,            0,  -0.09686748,    0.9952973
robot_160
   -18.27936,      21.8348,            0,            0,            0,   -0.6826474,     0.730748
robot_151
   -38.06093,    -26.59966,            0,            0,            0,     0.503012,    0.8642794
robot_150
   -14.03739,    -3.868519,            0,            0,            0,    0.9998688,   0.01619874
robot_137
   -33.73496,    -30.05739,            0,            0,            0,   -0.9951164,   0.09870882
robot_199
   -10.05671,     14.07732,            0,            0,            0,   -0.8251338,    0.5649373
robot_54
    32.10598,     30.01128,            0,            0,            0,    0.4853207,    0.8743362
robot_117
   -6.093543,    -32.85886,            0,            0,            0,    -0.210302,    0.9776365
robot_36
    -33.6657,     13.92574,            0,            0,            0,    0.7229219,    0.6909297
robot_33
   -10.08667,    -37.34977,            0,            0,            0,    0.2824246,    0.9592895
robot_146
   -33.01671,    -13.97579,            0,            0,            0,    0.9640123,    0.2658576
robot_156
   -25.93627,    -25.93329,            0,            0,            0,    0.8970581,    0.4419126
robot_112
   -32.72658,    -5.993465,            0,            0,            0,    0.5630679,    0.8264107
robot_19
   -22.04649,     -16.0725,            0,            0,            0,    0.2665268,    0.9638275
robot_141
     30.3754,     6.099439,            0,            0,            0,   -0.4179174,     0.908485
robot_35
   -21.93887,     14.21196,            0,            0,            0,    0.5198302,    0.8542696
robot_184
   -2.818835,     25.97644,            0,            0,            0,  -0.09951711,    0.9950359
robot_98
    37.91925,    -14.47413,            0,            0,            0,   -0.2756878,    0.9612472
robot_100
   -30.09157,     11.03572,            0,            0,            0,    0.6566649,    0.7541824
robot_164
   -19.30379,     38.01133,            0,            0,            0,    0.2543812,     0.967104
robot_59
   -6.112012,    -29.74954,            0,            0,            0,    0.9965603,   0.08287058
robot_144
   -26.08128,     38.29571,            0,            0,            0,   -0.7307687,    0.6826251
robot_101
    29.90071,     25.11414,            0,            0,            0,     0.667984,    0.7441756
robot_161
    29.90931,    -25.49332,            0,            0,            0,   -0.8067326,    0.5909166
robot_149
    17.91932,     21.95105,            0,            0,            0,    0.8124785,    0.5829912
robot_86
   -14.07077,    -12.24108,            0,            0,            0,    0.1974702,    0.9803089
robot_191
   -30.13339,     33.78443,            0,            0,            0,   -0.8749333,    0.4842435
robot_126
    33.90295,     37.27156,            0,            0,            0,    0.9697428,    0.2441287
robot_190
   -9.865813,    -14.15759,            0,            0,            0,    0.9805405,    0.1963167
robot_131
    2.989301,    -22.01713,            0,            0,            0,   -0.2964469,    0.9550493
robot_154
    10.05485,     9.783507,            0,            0,            0,    0.9856569,    0.1687614
robot_9
    21.87303,     6.150185,            0,            0,            0,    0.9300843,    0.3673461
robot_27
   -26.01968,      2.36464,            0,            0,            0,    0.9996834,   0.02515954
robot_34
     33.9526,    -2.289675,            0,            0,            0,   -0.9975617,   0.06979053
robot_114
   -22.08305,     -33.6531,            0,            0,            0,    0.5764046,    0.8171644
robot_51
    19.90539,     -17.9785,            0,            0,            0,    0.7423462,    0.6700165
