tuw_multi_robot_msgs::RobotGoalsArray @1970-01-01T00:47:09.800000
frame_id: map
        2829,    800000000
robot_84
   -14.08203,     6.665306,            0,            0,            0,    0.6369917,    0.7708707
robot_116
    37.95294,     26.15637,            0,            0,            0,    -0.952437,    0.3047355
robot_74
   -2.063014,    -32.04019,            0,            0,            0,    0.4601279,    0.8878526
robot_41
    25.91932,     31.46216,            0,            0,            0,   -0.6259907,    0.7798305
robot_125
   -14.41392,    -18.05457,            0,            0,            0,    0.8334194,     0.552641
robot_136
   -14.05359,    -7.281218,            0,            0,            0,   -0.0800758,    0.9967888
robot_173
   -6.040133,     12.86162,            0,            0,            0,    0.6095546,    0.7927441
robot_67
   -6.038113,    -7.188521,            0,            0,            0,    0.3070156,    0.9517045
robot_197
     29.9094,    -10.63562,            0,            0,            0,    0.9358642,    0.3523608
robot_119
   -18.06463,     30.20348,            0,            0,            0,    0.9235897,    0.3833824
robot_82
    -33.6416,    -26.02362,            0,            0,            0,    0.2342772,    0.9721698
robot_77
   -30.09623,    -13.88641,            0,            0,            0,    0.9738372,    0.2272468
robot_5
   -4.236657,    -25.99079,            0,            0,            0,   -0.7531863,    0.6578073
robot_133
    29.92024,    -3.898121,            0,            0,            0,   -0.6271403,    0.7789063
robot_99
   -38.94984,    -21.99602,            0,            0,            0,  -0.03314417,    0.9994506
robot_171
   -33.61123,     1.942577,            0,            0,            0,     0.127897,    0.9917875
robot_180
    11.71431,    -26.03164,            0,            0,            0,   -0.1318056,    0.9912756
robot_56
   -18.79498,    -18.01778,            0,            0,            0,     0.543936,    0.8391267
robot_3
   -34.02815,     13.94333,            0,            0,            0,   -0.8533188,    0.5213895
robot_81
   -38.08146,    -24.57362,            0,            0,            0,    0.9882031,    0.1531491
robot_167
   -14.47485,    -1.927607,            0,            0,            0,  -0.08610001,    0.9962865
robot_25
    9.881759,    -37.87684,            0,            0,            0,    0.7831956,    0.6217754
robot_168
    -9.90321,    -33.94277,            0,            0,            0,    0.9949442,    0.1004292
robot_96
    25.94323,     -20.3508,            0,            0,            0,     0.978403,    0.2067067
robot_166
     4.20313,    -18.02881,            0,            0,            0,    0.1656629,    0.9861824
robot_102
    2.324138,     10.07552,            0,            0,            0,    0.9998315,   0.01835418
robot_192
   -21.68361,    -10.03015,            0,            0,            0,   -0.0320701,    0.9994856
robot_179
   -26.04866,   -0.6097646,            0,            0,            0,   -0.9845906,    0.1748754
robot_142
    32.02218,       26.002,            0,            0,            0,   -0.9820655,      0.18854
robot_1
   -38.06407,    -9.956382,            0,            0,            0,   -0.2992781,    0.9541659
robot_44
   -29.91136,     22.06298,            0,            0,            0,   0.09000948,    0.9959409
robot_163
   -7.826762,    -25.99547,            0,            0,            0,   -0.4628816,    0.8864201
robot_79
    9.703307,     33.94043,            0,            0,            0,    0.3460445,    0.9382181
robot_8
    25.96668,    -32.39219,            0,            0,            0,   -0.1116213,    0.9937508
robot_20
   -10.05698,    -22.59159,            0,            0,            0,   -0.9957168,   0.09245551
robot_143
    13.45099,     29.96514,            0,            0,            0,    0.2688355,    0.9631861
robot_138
   -38.09352,    -18.98712,            0,            0,            0,   0.06522864,    0.9978703
robot_123
   -2.076972,     8.773047,            0,            0,            0,   -0.9971719,   0.07515442
robot_193
    18.82283,     10.01777,            0,            0,            0,   -0.7362968,    0.6766588
robot_187
   -11.28578,     -25.9687,            0,            0,            0,    0.8263987,    0.5630855
robot_176
    21.94739,    -38.56204,            0,            0,            0,    0.9668699,    0.2552695
robot_66
   -6.068136,     28.22217,            0,            0,            0,   -0.1474164,    0.9890745
robot_63
    26.19687,       14.033,            0,            0,            0,    0.4633896,    0.8861547
robot_31
    -10.0152,    -17.85034,            0,            0,            0,   -0.9356391,    0.3529581
robot_159
   -14.07969,     11.21166,            0,            0,            0, -0.0001292279,            1
robot_160
    -18.0411,    -6.647763,            0,            0,            0,    0.7120825,    0.7020958
robot_151
     25.9013,     21.26235,            0,            0,            0,   -0.9940102,    0.1092869
robot_150
    9.854229,    -6.241073,            0,            0,            0,    0.9090468,    0.4166939
robot_137
   -21.95601,     29.88733,            0,            0,            0,   -0.5837706,    0.8119186
robot_199
    37.29808,     9.988615,            0,            0,            0,    0.3543899,    0.9350977
