tuw_multi_robot_msgs::RobotGoalsArray @1970-01-01T00:12:39.100000
frame_id: map
         759,    100000000
robot_84
   -17.99689,    -5.717987,            0,            0,            0,   -0.8755438,    0.4831387
robot_116
    2.030236,     9.973027,            0,            0,            0,    -0.655854,    0.7548877
robot_74
   -10.09805,     -27.0791,            0,            0,            0,   -0.2985187,    0.9544038
robot_41
   -19.19833,    -38.03277,            0,            0,            0,   -0.2324501,    0.9726083
robot_125
    -10.0373,    -23.60984,            0,            0,            0,   -0.9803452,      0.19729
robot_136
   -5.842201,      14.0099,            0,            0,            0,   -0.8470676,    0.5314852
robot_173
   -26.04527,    -3.037742,            0,            0,            0,    0.8305201,    0.5569887
robot_67
    17.96287,     -6.49271,            0,            0,            0,   -0.5285683,    0.8488908
robot_197
   -18.07275,    -16.47609,            0,            0,            0,   -0.6814786,    0.7318381
robot_119
    1.918637,     26.99652,            0,            0,            0,   -0.7003357,    0.7138136
robot_82
   -2.029199,    -9.960757,            0,            0,            0,   -0.9948138,    0.1017127
robot_77
    30.10542,    -37.90984,            0,            0,            0,   -0.9454166,    0.3258641
robot_5
   -22.09578,     18.85916,            0,            0,            0,    0.2441003,      0.96975
robot_133
 -0.02135738,    -17.99686,            0,            0,            0,    0.0772661,    0.9970105
robot_99
    29.80137,     14.09071,            0,            0,            0,    0.1942971,    0.9809427
robot_171
    15.96274,    -14.02414,            0,            0,            0,    0.1686746,    0.9856718
robot_180
     33.4507,    -37.91343,            0,            0,            0,   -0.9993438,   0.03622108
robot_56
  -0.4188526,     6.008069,            0,            0,            0,   -0.5473634,     0.836895
robot_3
    29.93027,     21.52297,            0,            0,            0,    0.4899581,     0.871746
robot_81
    25.96345,    -34.70409,            0,            0,            0,   -0.8377729,    0.5460189
robot_167
   -6.052606,     1.852967,            0,            0,            0,    0.8125307,    0.5829184
robot_25
    13.79857,     13.92123,            0,            0,            0,  -0.03302969,    0.9994544
robot_168
    21.93255,    -32.78485,            0,            0,            0,   -0.4094847,     0.912317
robot_96
    29.88569,    -34.07655,            0,            0,            0,    0.9551981,    0.2959671
robot_166
      -30.08,     15.09438,            0,            0,            0,    0.8568669,    0.5155377
robot_102
   -34.05232,    -11.50531,            0,            0,            0,     0.850042,     0.526715
robot_192
    4.093149,    -22.02004,            0,            0,            0,   -0.2881007,    0.9576001
robot_179
    10.06763,    -26.09865,            0,            0,            0,   0.06611635,    0.9978119
robot_142
    36.41236,    -17.99595,            0,            0,            0,   -0.4727117,    0.8812172
robot_1
    5.926168,     10.77112,            0,            0,            0,   -0.9673045,    0.2536179
robot_44
   -6.043615,     33.65752,            0,            0,            0,   0.01507827,    0.9998863
robot_163
    26.69422,    -6.002408,            0,            0,            0,     0.543358,    0.8395011
robot_79
    17.73102,    -10.13503,            0,            0,            0,   -0.4705932,    0.8823503
robot_8
   -38.09411,    -18.30972,            0,            0,            0,   -0.8954189,    0.4452246
robot_20
   -16.80546,     9.999561,            0,            0,            0,   -0.5813206,    0.8136746
robot_143
    -37.9446,     26.20741,            0,            0,            0,   -0.8506307,    0.5257636
robot_138
    21.87205,    -10.19884,            0,            0,            0,    0.0225928,    0.9997448
robot_123
    13.93156,     27.48749,            0,            0,            0,    0.4708137,    0.8822326
robot_193
   -2.248559,     26.03729,            0,            0,            0,    0.4533491,     0.891333
robot_187
   -6.020572,     9.853065,            0,            0,            0,    -0.703655,    0.7105418
