tuw_multi_robot_msgs::RobotGoalsArray @1970-01-01T01:26:02.800000
frame_id: map
        5162,    800000000
robot_84
   -14.08586,    -12.57478,            0,            0,            0,     -0.88613,    0.4634367
robot_116
   -6.066093,    -17.39342,            0,            0,            0,   -0.3006382,    0.9537383
robot_74
   -5.897364,    -9.893092,            0,            0,            0,    0.9986399,   0.05213731
robot_41
   -25.57352,     13.95965,            0,            0,            0,   -0.9963439,   0.08543278
robot_125
   -3.432008,    -30.00806,            0,            0,            0,   -0.6585016,    0.7525794
robot_136
   -10.02032,      1.98774,            0,            0,            0, -0.001738118,    0.9999985
robot_173
   -13.58604,    -22.04072,            0,            0,            0,    0.6390911,     0.769131
robot_67
   -26.00066,    -22.04464,            0,            0,            0,     0.998122,   0.06125712
robot_197
   -30.03975,     -2.10268,            0,            0,            0,    0.6727441,    0.7398753
robot_119
   -14.09537,     16.74434,            0,            0,            0,   -0.8838503,    0.4677698
robot_82
    30.02119,    -37.87012,            0,            0,            0,  -0.07201854,    0.9974033
robot_77
   -11.38138,     14.01866,            0,            0,            0,   -0.7197486,    0.6942348
robot_5
    10.76537,    -29.98513,            0,            0,            0,   -0.4292085,    0.9032054
robot_133
   -18.09235,     35.85751,            0,            0,            0,    -0.342512,    0.9395135
robot_99
    37.24692,     30.00289,            0,            0,            0,    0.4958759,    0.8683934
robot_171
   -34.34639,     21.98861,            0,            0,            0,    0.1622249,    0.9867538
robot_180
    33.62003,     2.025875,            0,            0,            0,       -0.828,    0.5607281
robot_56
   -34.04782,    -24.00971,            0,            0,            0,   -0.7273789,    0.6862361
robot_3
    9.946106,    -2.551014,            0,            0,            0,     0.437798,    0.8990733
robot_81
   -14.03762,      18.8263,            0,            0,            0,    0.1531617,    0.9882011
robot_167
    5.638678,    -25.96704,            0,            0,            0,   -0.2129134,    0.9770711
robot_25
   -26.06894,     34.32395,            0,            0,            0,    0.6347904,    0.7726844
robot_168
    1.853454,    -30.36285,            0,            0,            0,   -0.3680283,    0.9298146
robot_96
    10.19254,    -13.93186,            0,            0,            0,   -0.9903279,    0.1387468
robot_166
    9.932626,    -25.34226,            0,            0,            0,   -0.4320326,     0.901858
robot_102
   -24.27057,     26.00138,            0,            0,            0,  -0.03294733,    0.9994571
robot_192
    25.92832,    -1.399582,            0,            0,            0, -0.001298251,    0.9999992
robot_179
   -26.62743,      1.98931,            0,            0,            0,    0.5989092,    0.8008169
robot_142
   -26.07591,     24.27029,            0,            0,            0,  -0.07669514,    0.9970546
robot_1
   -29.98225,    -34.28624,            0,            0,            0,   -0.6793641,    0.7338013
robot_44
   -15.52399,    -18.03162,            0,            0,            0,     0.577666,    0.8162733
robot_163
   -38.38366,    -22.08565,            0,            0,            0,    0.9008007,    0.4342327
robot_79
    5.905053,     34.01351,            0,            0,            0,    0.5627823,    0.8266051
robot_8
    -34.0429,     31.49497,            0,            0,            0,    0.5829788,    0.8124874
robot_20
    33.89339,    -25.83834,            0,            0,            0,   -0.5808047,    0.8140429
robot_143
    29.90424,    -14.60124,            0,            0,            0,    0.8905996,    0.4547883
robot_138
    -3.22504,     13.99677,            0,            0,            0,    0.8983188,    0.4393442
robot_123
    22.01169,    -9.759376,            0,            0,            0,    0.8894314,    0.4570687
robot_193
   -10.04038,    -35.06958,            0,            0,            0,    0.9451169,    0.3267325
robot_187
   -25.28363,    -17.97984,            0,            0,            0,   -0.8837083,     0.468038
robot_176
    30.05133,    -6.185625,            0,            0,            0,    0.5966484,    0.8025027
robot_66
   -6.347771,      37.9839,            0,            0,            0,    0.9827817,    0.1847702
robot_63
   -5.862278,    -6.141083,            0,            0,            0,   -0.1388648,    0.9903114
robot_31
    -14.2761,     10.03468,            0,            0,            0,   -0.2860375,    0.9582184
robot_159
    26.00069,    -34.21247,            0,            0,            0,    0.9721469,    0.2343725
robot_160
   -30.19627,     22.03889,            0,            0,            0,    -0.554772,    0.8320024
robot_151
    2.110778,     26.08575,            0,            0,            0,    0.6524377,    0.7578424
robot_150
   -6.065611,     9.287527,            0,            0,            0,    0.8676084,     0.497248
robot_137
    25.94296,     13.24046,            0,            0,            0,    0.3664211,    0.9304491
robot_199
    1.781233,    -21.85775,            0,            0,            0,    0.1089165,    0.9940509
robot_54
   -1.847895,    -21.98855,            0,            0,            0,    0.8102868,    0.5860335
robot_117
   -38.03931,     16.81041,            0,            0,            0,    0.9429877,    0.3328276
robot_36
     25.2988,    -10.02115,            0,            0,            0,      0.99353,    0.1135698
robot_33
   -13.14706,     -17.9984,            0,            0,            0,    0.6731497,    0.7395062
robot_146
    -10.2008,    -25.87207,            0,            0,            0,    -0.987925,    0.1549327
robot_156
    10.12734,     5.908186,            0,            0,            0,   -0.7586821,    0.6514611
robot_112
    17.84865,    -25.63489,            0,            0,            0,   -0.9460379,     0.324056
robot_19
   -37.74163,    -29.90934,            0,            0,            0,     -0.59448,    0.8041104
robot_141
    2.382325,     9.964636,            0,            0,            0,    0.5878808,    0.8089476
robot_35
     23.6855,    -25.99606,            0,            0,            0,    0.9949043,     0.100824
robot_184
    29.96098,    -3.459163,            0,            0,            0,   -0.4090461,    0.9125137
robot_98
   -14.27081,     22.01268,            0,            0,            0,   -0.9997953,   0.02023282
robot_100
      14.779,     1.999154,            0,            0,            0,   -0.9586279,     0.284662
robot_164
   -8.475475,     38.01959,            0,            0,            0,   -0.7531605,    0.6578368
robot_59
   -17.91848,    -38.23155,            0,            0,            0,     0.336968,    0.9415161
robot_144
   -21.05944,    -25.99466,            0,            0,            0,   -0.1753153,    0.9845123
robot_101
    11.95876,    -6.007793,            0,            0,            0,    0.3290649,    0.9443073
robot_161
   -2.312249,    -10.01473,            0,            0,            0,   -0.7050809,    0.7091268
robot_149
   -9.733626,    -29.90937,            0,            0,            0,    0.5995463,    0.8003401
robot_86
   -17.00144,     25.96758,            0,            0,            0,   -0.8241811,    0.5663264
robot_191
    -30.0961,    -26.13064,            0,            0,            0,    0.1088994,    0.9940528
robot_126
   -37.90338,    -33.99501,            0,            0,            0,    0.6668415,    0.7451996
robot_190
   -10.04624,    -16.65692,            0,            0,            0,    0.7886351,    0.6148615
robot_131
    13.91904,    -10.87234,            0,            0,            0,   -0.1562407,     0.987719
robot_154
   -22.09401,    -29.59429,            0,            0,            0,    0.4839827,    0.8750776
robot_9
    25.73027,     2.003208,            0,            0,            0,    -0.989778,    0.1426164
robot_27
    25.82848,      18.2298,            0,            0,            0,    0.8744378,    0.4851376
robot_34
    5.765225,    -34.04936,            0,            0,            0,    0.7523446,    0.6587698
robot_114
   -10.04677,     27.21531,            0,            0,            0,    0.9671799,    0.2540926
robot_51
    33.87206,    -10.28061,            0,            0,            0,    0.8881993,    0.4594583
robot_108
    33.96578,     -14.6828,            0,            0,            0,   -0.1536695,    0.9881223
robot_147
    17.94524,    -35.63418,            0,            0,            0,   -0.1389984,    0.9902926
robot_183
   -33.84868,     2.121528,            0,            0,            0,   -0.2066821,    0.9784082
robot_48
   -11.14607,    -13.97552,            0,            0,            0,     0.894169,    0.4477296
robot_60
    13.93809,    -31.55376,            0,            0,            0,    0.2435514,     0.969888
robot_75
   -1.926331,     10.10505,            0,            0,            0,   -0.3346688,    0.9423358
robot_152
    17.93284,     15.02228,            0,            0,            0,     0.949806,    0.3128395
robot_26
    33.92415,     29.77094,            0,            0,            0,   -0.8425067,    0.5386858
robot_182
    29.90862,     30.18589,            0,            0,            0,   -0.6300384,     0.776564
robot_172
   -18.02868,    -29.68969,            0,            0,            0,      0.14398,    0.9895806
robot_43
   -13.75248,    -9.987964,            0,            0,            0,    0.5873233,    0.8093524
robot_170
   -14.46557,     2.034968,            0,            0,            0,    0.4622931,    0.8867272
robot_177
   -6.051118,    -26.42965,            0,            0,            0,    0.2796582,    0.9600996
robot_80
    21.92198,    -31.45885,            0,            0,            0,   -0.9924716,    0.1224753
robot_16
   -26.05453,     -9.64883,            0,            0,            0,    0.3171526,    0.9483745
robot_13
    29.96501,     25.49258,            0,            0,            0,  -0.04586605,    0.9989476
robot_178
    18.67237,    -14.00218,            0,            0,            0,    0.2449257,    0.9695419
robot_88
   -30.29855,    -9.945599,            0,            0,            0,   -0.2564027,    0.9665701
robot_194
   -19.95853,     2.009702,            0,            0,            0,    0.7032659,    0.7109269
robot_29
   -14.05124,    -5.104719,            0,            0,            0,    0.9938338,      0.11088
robot_92
   -22.07917,     39.37977,            0,            0,            0,   -0.7813272,    0.6241216
robot_87
    21.94146,     -18.4828,            0,            0,            0,   -0.8734115,    0.4869828
robot_68
   -30.02593,    -29.95539,            0,            0,            0,    0.9941953,    0.1075904
robot_22
    38.27714,    -13.90231,            0,            0,            0,   -0.9795923,    0.2009948
robot_38
    -26.3538,     22.01678,            0,            0,            0,   -0.9613103,    0.2754679
robot_2
     33.7614,     21.95203,            0,            0,            0,   -0.5842756,    0.8115553
robot_110
    -22.0751,    -9.914948,            0,            0,            0,    0.8850932,    0.4654137
robot_14
    25.95326,     21.79867,            0,            0,            0,   -0.2408485,    0.9705627
robot_181
   -5.704869,    -22.07821,            0,            0,            0,     0.229334,    0.9733478
robot_61
   -26.00017,     6.130446,            0,            0,            0,    0.8087249,    0.5881871
