tuw_multi_robot_msgs::RobotGoalsArray @1970-01-01T00:00:47.200000
frame_id: map
          47,    200000000
robot_84
    33.82826,     26.20559,            0,            0,            0,    -0.532586,    0.8463759
robot_116
   -21.21967,    -1.999534,            0,            0,            0,    0.1570235,    0.9875949
robot_74
   -1.846543,     13.84562,            0,            0,            0,    -0.874364,    0.4852707
robot_41
   -9.255313,      2.03215,            0,            0,            0,    0.7396225,     0.673022
robot_125
   -28.68141,     22.01868,            0,            0,            0,    0.9373973,    0.3482618
robot_136
   -14.46885,     29.96597,            0,            0,            0,   -0.9986539,   0.05186928
robot_173
    37.92136,    -28.51825,            0,            0,            0,   -0.6784372,    0.7346584
robot_67
   -22.08694,      7.02651,            0,            0,            0,   -0.5770632,    0.8166995
robot_197
    11.19245,    -5.971932,            0,            0,            0,    -0.241258,     0.970461
robot_119
   -34.03336,    -2.509558,            0,            0,            0,   -0.4276035,    0.9039664
robot_82
    1.948824,    -17.85887,            0,            0,            0,   -0.9955552,   0.09417998
robot_77
   -22.50204,     -21.9114,            0,            0,            0,     0.833779,    0.5520984
robot_5
   -34.03555,     32.55606,            0,            0,            0,    -0.593901,    0.8045381
robot_133
    13.91866,     30.06849,            0,            0,            0,    0.5862914,    0.8101002
robot_99
    33.73154,    -29.85213,            0,            0,            0,   -0.7433324,    0.6689222
robot_171
   -14.14117,    -6.253601,            0,            0,            0,     0.233452,    0.9723683
robot_180
   -22.09822,     31.75643,            0,            0,            0,    0.5233616,    0.8521107
robot_56
    5.624482,    -14.07203,            0,            0,            0,   -0.9216317,    0.3880658
robot_3
    1.955066,     26.89139,            0,            0,            0,    0.7870162,    0.6169324
robot_81
   -22.38833,     37.95924,            0,            0,            0,    0.8575972,    0.5143219
robot_167
    33.34024,    -25.98239,            0,            0,            0,   -0.5978623,    0.8015988
robot_25
    5.908972,     38.09937,            0,            0,            0,   -0.5556376,    0.8314246
robot_168
   -25.86221,     -18.0858,            0,            0,            0,   -0.3291597,    0.9442743
robot_96
   -37.95062,     33.98197,            0,            0,            0,    0.4199841,    0.9075315
robot_166
   -10.04437,    -14.46629,            0,            0,            0,   -0.5126271,    0.8586114
