tuw_multi_robot_msgs::RobotGoalsArray @1970-01-01T01:16:36.600000
frame_id: map
        4596,    600000000
robot_84
   -15.33974,    -25.98889,            0,            0,            0,   -0.4440368,    0.8960086
robot_116
    5.942105,     31.46428,            0,            0,            0,  -0.01938922,     0.999812
robot_74
   -12.71259,    -18.01915,            0,            0,            0,    0.5468103,    0.8372565
robot_41
    29.79474,     25.95395,            0,            0,            0,    0.9992118,   0.03969573
robot_125
    17.59779,     13.92431,            0,            0,            0,    -0.347626,    0.9376333
robot_136
     31.8555,     -18.0177,            0,            0,            0,      0.90653,    0.4221413
robot_173
   -6.048192,    -31.45429,            0,            0,            0,   0.07350865,    0.9972946
robot_67
    9.743917,    -5.873277,            0,            0,            0,      0.85748,    0.5145172
robot_197
   -26.03565,     4.967457,            0,            0,            0,   -0.4067859,    0.9135235
robot_119
    9.789007,    -26.20826,            0,            0,            0,    0.9315504,    0.3636123
robot_82
   -38.07945,    -14.62994,            0,            0,            0,   -0.3717363,    0.9283384
robot_77
     29.9033,    -2.663906,            0,            0,            0,   -0.1637284,    0.9865055
robot_5
   -5.540003,     -22.0231,            0,            0,            0,    -0.997788,   0.06647653
robot_133
    8.884243,    -37.97037,            0,            0,            0,  -0.04169302,    0.9991305
robot_99
   -34.17399,    -14.12558,            0,            0,            0,   -0.6458048,    0.7635025
robot_171
    36.14588,     21.97955,            0,            0,            0,    0.9070698,    0.4209803
robot_180
    37.90637,    -32.81981,            0,            0,            0,   -0.7641201,    0.6450741
robot_56
    21.98099,    -26.21946,            0,            0,            0,    0.8534742,    0.5211351
robot_3
    31.96325,     17.99102,            0,            0,            0,   -0.8021312,    0.5971478
robot_81
   -17.58857,    -13.98778,            0,            0,            0,   -0.6139641,    0.7893339
robot_167
    29.93721,     20.91446,            0,            0,            0,    -0.733433,    0.6797618
robot_25
    21.77039,    -38.06619,            0,            0,            0,    0.2671192,    0.9636635
robot_168
    14.00361,    -9.665592,            0,            0,            0,    0.3460099,    0.9382309
robot_96
    27.12961,     9.996649,            0,            0,            0,    0.5021749,    0.8647661
robot_166
    37.91809,    -7.189873,            0,            0,            0,   -0.8334139,    0.5526493
robot_102
   -17.27267,    -17.99353,            0,            0,            0,    -0.555393,     0.831588
robot_192
     17.7604,     -18.1608,            0,            0,            0,     -0.76493,    0.6441134
robot_179
    1.907007,     33.09681,            0,            0,            0,    0.3214232,    0.9469357
robot_142
    27.40781,    -26.02663,            0,            0,            0,    0.5713355,    0.8207166
robot_1
    37.94788,    -28.74389,            0,            0,            0,    0.5742648,    0.8186696
robot_44
    16.53821,     -9.99366,            0,            0,            0,    0.4421014,    0.8969651
robot_163
    34.09388,    -22.00431,            0,            0,            0,     0.914312,    0.4050105
robot_79
    13.86364,    -18.02609,            0,            0,            0,    0.9607121,     0.277547
robot_8
    23.03216,    -33.99233,            0,            0,            0,    0.9474004,    0.3200507
robot_20
   -26.13101,      13.6773,            0,            0,            0,    0.9779937,    0.2086342
robot_143
    9.929524,    -12.25145,            0,            0,            0,     0.533399,    0.8458638
robot_138
    38.84483,      6.02162,            0,            0,            0,    0.2019927,     0.979387
robot_123
   -10.20799,     2.139557,            0,            0,            0,    0.9969496,   0.07804858
robot_193
   -18.49882,     6.021296,            0,            0,            0,   -0.1197512,    0.9928039
robot_187
    19.54183,    -37.96894,            0,            0,            0,   -0.6579466,    0.7530646
robot_176
   -14.04324,     6.144399,            0,            0,            0,   -0.9941941,    0.1076015
robot_66
    -22.0962,     35.51458,            0,            0,            0,    0.7740095,     0.633174
robot_63
   -5.994382,    -9.669438,            0,            0,            0,   -0.7042885,    0.7099138
robot_31
    25.83593,     18.10628,            0,            0,            0,    0.2937175,    0.9558923
robot_159
    33.95026,     6.095698,            0,            0,            0,   -0.9864083,    0.1643125
robot_160
   -29.85214,    -34.16201,            0,            0,            0,   -0.9908459,    0.1349977
robot_151
    29.86179,    -10.29846,            0,            0,            0,   -0.2497187,    0.9683184
robot_150
    29.92129,     15.84343,            0,            0,            0,   0.06052363,    0.9981668
robot_137
    27.43878,     5.998484,            0,            0,            0,     0.987284,    0.1589664
robot_199
   -1.919381,    -25.98471,            0,            0,            0,   -0.7663638,    0.6424068
robot_54
    17.89202,    -5.766698,            0,            0,            0,  -0.08724721,    0.9961867
robot_117
     7.00216,     38.02788,            0,            0,            0,   0.07535365,    0.9971569
robot_36
    38.05411,    -13.90066,            0,            0,            0,    0.2623087,     0.964984
robot_33
    37.92404,    -24.63379,            0,            0,            0,    0.5034129,     0.864046
robot_146
    25.02802,     37.97208,            0,            0,            0,   -0.9779677,    0.2087561
robot_156
   -38.23636,     33.86173,            0,            0,            0,    0.5978804,    0.8015853
robot_112
    6.095734,     1.975346,            0,            0,            0,   -0.3402168,     0.940347
robot_19
    37.97492,     30.31909,            0,            0,            0,   0.09438119,    0.9955361
robot_141
    1.943802,    -27.02497,            0,            0,            0,   -0.6997677,    0.7143705
robot_35
   -34.47164,     25.91045,            0,            0,            0,    0.4025761,    0.9153865
robot_184
    13.77813,    -34.02812,            0,            0,            0,    0.4590922,    0.8883886
robot_98
   -30.06813,     -3.61569,            0,            0,            0,   -0.2059296,    0.9785668
robot_100
    32.33017,    -26.00362,            0,            0,            0,   -0.6228948,    0.7823056
robot_164
    -22.0489,    -3.168736,            0,            0,            0,   -0.1637851,     0.986496
robot_59
   -29.21835,    -9.988309,            0,            0,            0,    0.9575807,    0.2881654
robot_144
    33.94411,     3.382044,            0,            0,            0,   -0.8923918,    0.4512614
robot_101
   -30.16167,    -29.82183,            0,            0,            0,   -0.9169331,    0.3990411
robot_161
     34.5991,     13.96707,            0,            0,            0,    0.9953552,   0.09627012
robot_149
    33.91376,     38.81643,            0,            0,            0,    -0.387964,    0.9216745
robot_86
   -30.08237,    -23.25225,            0,            0,            0,  -0.02692904,    0.9996373
robot_191
   -34.15762,      -5.7312,            0,            0,            0,   -0.9571154,     0.289707
robot_126
   -10.01525,     29.69805,            0,            0,            0,   -0.2116994,    0.9773348
robot_190
    27.67303,    -10.01705,            0,            0,            0,   -0.4662148,    0.8846715
robot_131
   -22.08345,     14.75747,            0,            0,            0,    0.1612721,      0.98691
robot_154
   -38.05038,    -32.79238,            0,            0,            0,    0.9206405,    0.3904114
robot_9
   -34.47893,      34.0438,            0,            0,            0,     0.940792,    0.3389844
robot_27
    33.91877,     24.35017,            0,            0,            0,   -0.9354869,    0.3533614
robot_34
    9.752708,     22.01697,            0,            0,            0,     0.544585,    0.8387056
robot_114
     6.10572,     -37.9069,            0,            0,            0,   -0.9419586,    0.3357292
robot_51
      5.7047,     18.03653,            0,            0,            0,    0.9029206,    0.4298074
robot_108
   -10.09313,    -32.25662,            0,            0,            0,   -0.7973649,    0.6034975
robot_147
    17.94461,     -30.6129,            0,            0,            0,    0.2672973,    0.9636141
robot_183
   -38.01091,    -9.730981,            0,            0,            0,    0.9969534,   0.07799887
robot_48
    2.909828,     5.998809,            0,            0,            0,   0.04601205,    0.9989409
robot_60
   -6.055056,      30.6958,            0,            0,            0,   -0.7850991,    0.6193701
robot_75
   -34.13013,    -33.89861,            0,            0,            0,   -0.8645682,    0.5025155
robot_152
    -26.9308,    -38.01788,            0,            0,            0,    0.8833634,    0.4686888
robot_26
    34.13519,    -6.082637,            0,            0,            0,    0.4397996,    0.8980959
robot_182
    30.30973,    -33.90798,            0,            0,            0,    0.3124729,    0.9499267
robot_172
   -22.21522,     -37.8061,            0,            0,            0,    0.9167464,    0.3994697
