tuw_multi_robot_msgs::RobotGoalsArray @1970-01-01T00:00:29.600000
frame_id: map
          29,    600000000
robot_84
    17.87658,    -29.64791,            0,            0,            0,     0.374508,    0.9272237
robot_116
    1.918838,     33.91841,            0,            0,            0,    0.7662193,    0.6425792
robot_74
    33.95411,     28.76819,            0,            0,            0,   -0.3632773,    0.9316811
robot_41
    17.78807,     9.789206,            0,            0,            0,   -0.9563619,    0.2921846
robot_125
    34.35843,    -5.924999,            0,            0,            0,    0.9876842,    0.1564604
robot_136
    -22.0845,    -13.59097,            0,            0,            0,   -0.8068105,    0.5908103
robot_173
    15.79907,    -6.027135,            0,            0,            0,   -0.8316651,    0.5552776
robot_67
  0.06743243,     9.989097,            0,            0,            0,    0.5965256,     0.802594
robot_197
    17.82559,      -1.7702,            0,            0,            0,   -0.9470751,    0.3210122
robot_119
    2.677769,     9.998553,            0,            0,            0,    -0.980983,    0.1940939
robot_82
   -6.047127,    -29.33603,            0,            0,            0,    0.6766896,    0.7362684
robot_77
    28.87617,    -25.98085,            0,            0,            0,   -0.1202201,    0.9927473
robot_5
   -1.071474,    -5.971902,            0,            0,            0,   -0.8660398,    0.4999751
robot_133
    9.884562,    -2.116176,            0,            0,            0,   -0.8812762,    0.4726016
robot_99
    34.05479,     10.03609,            0,            0,            0,   -0.9240474,    0.3822778
robot_171
   -26.91103,    -5.973689,            0,            0,            0,    0.5106716,    0.8597759
robot_180
   -30.03651,     0.551253,            0,            0,            0,    0.8690217,     0.494774
robot_56
    17.84927,     5.639241,            0,            0,            0,   -0.8096857,    0.5868637
robot_3
   -21.97886,    -38.12539,            0,            0,            0,    0.7806835,    0.6249266
robot_81
   -34.22847,     6.062202,            0,            0,            0,   -0.9531411,     0.302526
robot_167
   -18.13802,    -2.073048,            0,            0,            0,   -0.6948957,    0.7191106
robot_25
    23.54609,     9.975006,            0,            0,            0,   -0.8052121,    0.5929869
robot_168
    17.95282,     16.79006,            0,            0,            0,    0.7243162,    0.6894679
robot_96
    17.94342,    -24.25298,            0,            0,            0,    0.2412719,    0.9704576
robot_166
    13.10408,      33.9963,            0,            0,            0,    0.7220037,    0.6918892
