tuw_multi_robot_msgs::RobotGoalsArray @1970-01-01T00:12:12
frame_id: map
         732,            0
robot_84
   -32.69113,     -37.9998,            0,            0,            0,     0.403539,    0.9149624
robot_116
    27.50135,    -5.973956,            0,            0,            0,   0.03888793,    0.9992436
robot_74
    33.85282,     -18.3153,            0,            0,            0,   -0.9980345,   0.06266608
robot_41
    10.22951,     33.93525,            0,            0,            0,   -0.4747041,    0.8801455
robot_125
   -30.07968,    -9.181626,            0,            0,            0,   -0.8405144,    0.5417893
robot_136
    9.827998,    -10.06468,            0,            0,            0,    0.5158617,    0.8566719
robot_173
    21.97833,    -18.30867,            0,            0,            0,    0.9108112,    0.4128231
robot_67
   -22.63488,    -14.02254,            0,            0,            0,   -0.9654137,    0.2607226
robot_197
   -6.033227,      34.1743,            0,            0,            0,   -0.6594824,      0.75172
robot_119
    33.69029,      18.0735,            0,            0,            0,   -0.9095653,    0.4155611
robot_82
   -21.89104,    -33.84726,            0,            0,            0,   -0.9951088,   0.09878543
robot_77
    9.932906,     16.67251,            0,            0,            0,    0.3236273,    0.9461847
robot_5
    37.32522,     -14.0287,            0,            0,            0,   -0.2889818,    0.9573346
robot_133
    17.95453,     11.66926,            0,            0,            0,   -0.9346792,    0.3554922
robot_99
    5.957154,     -18.2126,            0,            0,            0,    0.4641583,    0.8857523
robot_171
   -38.05509,    -18.10492,            0,            0,            0,    0.5640762,    0.8257227
robot_180
   -28.43755,     1.983748,            0,            0,            0,    0.9506433,    0.3102859
robot_56
   -22.05203,    -20.81933,            0,            0,            0,   -0.8751347,    0.4838794
robot_3
    -1.98259,     18.30006,            0,            0,            0,  -0.03233826,     0.999477
robot_81
   -26.04261,     4.200593,            0,            0,            0,    0.9392862,    0.3431348
robot_167
   -26.04569,      37.8214,            0,            0,            0,    0.6721668,    0.7403998
robot_25
    25.95751,     16.86241,            0,            0,            0,   -0.7685371,    0.6398053
robot_168
   -18.06787,      -17.415,            0,            0,            0,    0.6273808,    0.7787126
robot_96
   -6.099725,     21.58304,            0,            0,            0,    0.0794077,    0.9968422
robot_166
    33.95816,     -32.3146,            0,            0,            0,    0.1460047,    0.9892839
robot_102
    19.86816,     29.97089,            0,            0,            0,   -0.2079394,    0.9781417
robot_192
   -17.78471,    -33.96372,            0,            0,            0,    0.9929352,     0.118658
robot_179
    1.922732,     25.93008,            0,            0,            0,    0.6420205,    0.7666874
robot_142
    34.31843,     26.01017,            0,            0,            0,   -0.3950916,    0.9186417
robot_1
   -30.42034,    -13.98085,            0,            0,            0,    -0.716485,    0.6976025
robot_44
    22.73881,     1.968295,            0,            0,            0,    -0.998485,   0.05502547
robot_163
    5.206115,     18.03007,            0,            0,            0,    0.9384157,    0.3455082
robot_79
   -30.04102,    -19.89778,            0,            0,            0,      0.27271,    0.9620963
robot_8
     2.89237,     14.00835,            0,            0,            0,    0.9989768,   0.04522511
robot_20
    18.29965,     5.917016,            0,            0,            0,   -0.6512556,    0.7588584
robot_143
     31.4846,    -18.00858,            0,            0,            0,    0.8025948,    0.5965246
robot_138
    10.37553,    -21.90809,            0,            0,            0,    -0.996732,    0.0807795
robot_123
     0.28015,     6.032095,            0,            0,            0,   -0.5946137,    0.8040116
robot_193
    1.923789,     11.88179,            0,            0,            0,    0.8802431,    0.4745229
robot_187
   -14.08814,    -11.94094,            0,            0,            0,   -0.9999952,  0.003107819
