tuw_multi_robot_msgs::RobotGoalsArray @1970-01-01T01:35:21.700000
frame_id: map
        5721,    700000000
robot_84
    17.94294,    -30.33345,            0,            0,            0,     0.410475,    0.9118718
robot_116
   -20.30138,    -26.01893,            0,            0,            0,    0.1508684,    0.9885539
robot_74
    33.90406,     -23.5298,            0,            0,            0,    0.9314696,    0.3638192
robot_41
   -26.00149,    -30.00693,            0,            0,            0,   -0.6683777,    0.7438221
robot_125
    21.05315,    -5.993412,            0,            0,            0,    0.2777697,    0.9606477
robot_136
    25.92532,     29.23816,            0,            0,            0,   -0.7377014,    0.6751272
robot_173
   -21.92031,    -17.95714,            0,            0,            0,    0.3155185,    0.9489194
robot_67
    37.65055,     -30.0303,            0,            0,            0,     0.328811,    0.9443958
robot_197
    18.82924,    -38.00955,            0,            0,            0,   -0.9658425,      0.25913
robot_119
   -13.86845,    -29.85066,            0,            0,            0,   -0.8983347,    0.4393117
robot_82
    30.89365,    -25.98686,            0,            0,            0,  -0.07162607,    0.9974316
robot_77
    6.586542,     18.01713,            0,            0,            0,   -0.9034234,    0.4287496
robot_5
   -14.38459,    -6.053009,            0,            0,            0,    0.6217475,    0.7832177
robot_133
   -34.07503,     15.38893,            0,            0,            0,     0.280627,    0.9598169
robot_99
    14.20105,     -2.05024,            0,            0,            0,    0.7545862,    0.6562009
robot_171
   -27.31837,     9.972092,            0,            0,            0,   -0.1121122,    0.9936956
robot_180
    27.25405,    -14.03055,            0,            0,            0,   -0.3942798,    0.9189904
robot_56
    15.23026,     29.99941,            0,            0,            0,    0.8685775,    0.4955534
robot_3
      17.768,    -21.85764,            0,            0,            0,    0.8960321,    0.4439892
robot_81
    5.947508,      3.62555,            0,            0,            0,   -0.5694075,    0.8220554
robot_167
   -6.065086,     6.304652,            0,            0,            0,   -0.8830795,    0.4692233
robot_25
    34.51356,     26.03192,            0,            0,            0,    0.7723321,     0.635219
robot_168
   -10.08599,    -35.03173,            0,            0,            0,    0.9999866,  0.005174794
robot_96
    32.98656,     30.03302,            0,            0,            0,   -0.5640103,    0.8257678
robot_166
   -21.59947,     17.91371,            0,            0,            0,    0.5496121,      0.83542
robot_102
   -21.87549,     -33.9797,            0,            0,            0,   -0.6703824,    0.7420158
robot_192
   -18.04575,    -12.85384,            0,            0,            0,    -0.689581,    0.7242086
robot_179
    25.87447,    -10.22571,            0,            0,            0,   -0.2016203,    0.9794638
robot_142
   -26.06822,     31.08447,            0,            0,            0,    0.7839058,    0.6208798
robot_1
    1.835443,     6.183201,            0,            0,            0,   -0.8771558,    0.4802059
robot_44
    38.18501,     30.06991,            0,            0,            0,   -0.9864235,    0.1642217
robot_163
   -18.06628,     2.445168,            0,            0,            0,     0.235196,     0.971948
robot_79
    13.84914,     21.67427,            0,            0,            0,    0.9904652,    0.1377632
robot_8
   -18.04873,    -29.25647,            0,            0,            0,   -0.9479576,    0.3183965
robot_20
    30.63976,     21.99446,            0,            0,            0,   -0.7503447,    0.6610467
robot_143
    20.00827,     29.98036,            0,            0,            0,    0.6337225,    0.7735604
robot_138
    9.921534,     7.050375,            0,            0,            0,    0.9414028,    0.3372845
robot_123
    -30.0702,     6.590967,            0,            0,            0,    0.9964343,   0.08437267
robot_193
   -18.29428,    -34.03634,            0,            0,            0,    0.8643137,    0.5029531
robot_187
    -15.5191,     -33.9828,            0,            0,            0,    0.7177295,     0.696322
robot_176
    16.69265,    -33.98965,            0,            0,            0,   -0.8055541,    0.5925223
robot_66
   -2.062004,    -31.06132,            0,            0,            0,    0.8497001,    0.5272662
robot_63
   -34.10887,     33.74486,            0,            0,            0,   -0.2653905,     0.964141
robot_31
    38.02451,     18.03984,            0,            0,            0,    0.4384606,    0.8987504
robot_159
    21.86687,    -38.25624,            0,            0,            0,   -0.8402633,    0.5421786
robot_160
   -33.88084,     9.937771,            0,            0,            0,   -0.5158442,    0.8566824
robot_151
    32.64042,    -17.99639,            0,            0,            0,     -0.19279,      0.98124
robot_150
   -6.061649,    -35.42446,            0,            0,            0,    0.9515885,    0.3073748
robot_137
   -25.97957,     5.844183,            0,            0,            0,   -0.9374585,    0.3480969
robot_199
   0.7497391,    -26.01754,            0,            0,            0,   -0.6755223,    0.7373396
robot_54
     29.9137,     8.099426,            0,            0,            0,   -0.3862758,    0.9223833
robot_117
    9.946744,    -34.75334,            0,            0,            0,    -0.998958,   0.04563964
robot_36
  -0.4423129,     17.98378,            0,            0,            0,  -0.03456292,    0.9994025
robot_33
    17.77701,    -9.945123,            0,            0,            0,   -0.9331235,     0.359556
robot_146
    29.83839,      26.2898,            0,            0,            0,     0.357808,    0.9337952
robot_156
   -24.71108,     38.01744,            0,            0,            0,    0.3030748,    0.9529668
robot_112
   -10.26152,     30.10407,            0,            0,            0,     -0.76443,    0.6447067
robot_19
   -6.040683,    -2.980549,            0,            0,            0,    -0.602018,    0.7984825
robot_141
    25.92585,    -25.23347,            0,            0,            0,    0.9859868,    0.1668233
robot_35
   -14.07944,     36.70248,            0,            0,            0,    0.9393355,    0.3429998
robot_184
    17.95124,     31.23663,            0,            0,            0,    0.8596585,    0.5108691
robot_98
   -27.56961,     2.015161,            0,            0,            0,    0.8206484,    0.5714335
robot_100
    8.089646,    -10.02198,            0,            0,            0,   -0.8207632,    0.5712685
robot_164
    26.13777,    -21.87159,            0,            0,            0,   -0.9811781,     0.193105
robot_59
    5.623883,     -6.03437,            0,            0,            0,   -0.1333768,    0.9910654
robot_144
    33.94444,    -27.29777,            0,            0,            0,     0.805575,    0.5924938
robot_101
    29.96214,    -29.93828,            0,            0,            0,    0.5730452,    0.8195237
robot_161
   -36.53584,    -25.99116,            0,            0,            0,    0.9995743,   0.02917434
robot_149
   -29.04707,     26.00836,            0,            0,            0,   -0.6254534,    0.7802615
robot_86
   -31.18107,     14.00858,            0,            0,            0,   -0.9456126,    0.3252951
robot_191
     10.0622,    -9.946818,            0,            0,            0,    0.2672889,    0.9636164
robot_126
   -10.05466,     36.82829,            0,            0,            0,    0.7476567,    0.6640855
robot_190
    35.58476,    -30.02424,            0,            0,            0,   -0.4508621,    0.8925936
robot_131
    21.92855,    -22.30421,            0,            0,            0,    0.3102814,    0.9506448
robot_154
     34.8191,     5.982148,            0,            0,            0,   -0.2247463,    0.9744173
robot_9
   -26.15036,     22.23276,            0,            0,            0,   -0.8188369,    0.5740263
robot_27
    -26.0967,     18.11478,            0,            0,            0,   -0.1918332,    0.9814275
robot_34
    21.03673,     9.980682,            0,            0,            0,   -0.7055954,    0.7086149
robot_114
   -31.06868,    -6.017237,            0,            0,            0,    0.9973075,   0.07333321
robot_51
    -14.0699,   -0.2599084,            0,            0,            0,   -0.6919906,    0.7219065
robot_108
    25.94791,    -38.55718,            0,            0,            0,   -0.9400925,    0.3409196
robot_147
    10.12103,    -22.06988,            0,            0,            0,    0.8228299,    0.5682877
robot_183
   -7.923593,     13.98073,            0,            0,            0,   -0.9231965,    0.3843282
robot_48
    25.31385,    -29.98984,            0,            0,            0,    0.4538727,    0.8910665
robot_60
    30.84477,    -34.00079,            0,            0,            0,    0.3394997,    0.9406061
robot_75
   -14.04103,    -11.09245,            0,            0,            0,   -0.9561053,    0.2930234
robot_152
    23.83358,     14.01051,            0,            0,            0,    0.9221222,    0.3868987
robot_26
   -22.14026,     9.649569,            0,            0,            0,   0.03818565,    0.9992707
robot_182
   -14.26741,     21.83502,            0,            0,            0,    0.8068926,    0.5906982
robot_172
    37.78447,    -21.91436,            0,            0,            0,   -0.8692715,    0.4943349
robot_43
    37.97597,     26.32725,            0,            0,            0,  -0.03971399,    0.9992111
robot_170
    29.91744,     12.54617,            0,            0,            0,    -0.964504,    0.2640683
robot_177
    34.18875,     14.03426,            0,            0,            0,   -0.9679876,    0.2509981
robot_80
    10.74932,     17.98354,            0,            0,            0,   -0.9906589,    0.1363631
robot_16
   -30.04627,    -14.36989,            0,            0,            0,    0.8097801,    0.5867335
robot_13
    6.012618,     37.89204,            0,            0,            0,   -0.7620856,    0.6474762
robot_178
     32.0032,     6.002597,            0,            0,            0,    0.9340308,    0.3571926
robot_88
   -2.116295,     25.72475,            0,            0,            0,   -0.4772477,    0.8787688
robot_194
    1.909994,    -11.49796,            0,            0,            0,    0.9660007,    0.2585396
robot_29
   -34.06839,     11.92924,            0,            0,            0,   -0.8668066,    0.4986445
robot_92
    9.906715,     23.56924,            0,            0,            0,    0.2457183,    0.9693413
robot_87
    10.31867,     10.02931,            0,            0,            0,    -0.956067,    0.2931481
robot_68
   -17.83818,     18.02272,            0,            0,            0,   -0.9998662,   0.01636058
robot_22
   -19.53317,     -22.0294,            0,            0,            0,   -0.9455014,    0.3256181
robot_38
    37.93295,    -26.53182,            0,            0,            0,     0.574202,    0.8187137
robot_2
   -6.072818,     37.24223,            0,            0,            0,    0.7740066,    0.6331775
robot_110
   -6.069556,    -18.90687,            0,            0,            0,  -0.04129069,    0.9991472
robot_14
   -10.08019,     12.17482,            0,            0,            0,    0.7032483,    0.7109443
robot_181
   -10.14813,    -26.00996,            0,            0,            0,   -0.7546267,    0.6561543
robot_61
    5.917935,     11.36068,            0,            0,            0,   -0.3548626,    0.9349185
robot_30
     22.3815,     33.99091,            0,            0,            0,   -0.7084043,    0.7058069
robot_122
    21.90155,     38.26654,            0,            0,            0,   -0.9957383,   0.09222404
robot_132
   -38.09982,    -14.98494,            0,            0,            0,   -0.9982113,   0.05978419
robot_45
   -18.03501,      37.1681,            0,            0,            0,    -0.544383,    0.8388368
robot_21
   -18.04008,    -2.908417,            0,            0,            0,   -0.7733529,    0.6339758
robot_39
   -38.22126,     9.853143,            0,            0,            0,    0.8352164,    0.5499215
robot_134
    17.83185,    -13.76831,            0,            0,            0,   -0.8839954,    0.4674956
robot_15
    13.95019,    -35.00604,            0,            0,            0,    0.4090735,    0.9125014
robot_145
   -38.09844,     13.57191,            0,            0,            0,  -0.07416502,     0.997246
robot_140
    9.603291,     34.04271,            0,            0,            0,   -0.1559927,    0.9877582
robot_196
    5.934844,    -29.84043,            0,            0,            0,    0.9782068,    0.2076331
robot_188
   -30.03508,     32.96618,            0,            0,            0,    0.3818345,    0.9242307
robot_4
    24.93453,     6.016052,            0,            0,            0,    0.7466953,    0.6651662
robot_155
   -22.21042,     34.18456,            0,            0,            0,    0.6306604,    0.7760589
robot_135
    2.023494,    -18.24734,            0,            0,            0,    0.8087684,    0.5881273
robot_93
   -25.88532,     -26.1201,            0,            0,            0,    0.7117186,    0.7024647
robot_111
   -10.08013,    0.3090286,            0,            0,            0,    0.1339831,    0.9909836
robot_0
   -30.07714,    -19.80612,            0,            0,            0,    0.2656485,      0.96407
robot_49
    13.81559,    -25.89862,            0,            0,            0,    0.9541768,    0.2992434
robot_113
   -6.035765,    -16.27221,            0,            0,            0,    0.9463685,    0.3230892
robot_94
    9.908452,     31.92916,            0,            0,            0,     0.988609,    0.1505065
robot_40
     33.9448,    -35.96196,            0,            0,            0,   -0.9446562,    0.3280619
robot_103
    12.61995,    -18.02178,            0,            0,            0,    0.9097375,    0.4151839
robot_6
    1.979385,     30.13569,            0,            0,            0,   -0.5698693,    0.8217353
robot_71
   -37.85428,     33.95759,            0,            0,            0,   -0.9558528,    0.2938459
robot_17
   -37.92648,      -21.772,            0,            0,            0,     0.424774,    0.9052994
robot_120
    15.57346,    -22.03284,            0,            0,            0,    -0.880107,    0.4747754
robot_189
     5.91619,    -38.19828,            0,            0,            0,   -0.1242938,    0.9922455
robot_148
    25.94029,     9.351798,            0,            0,            0,    0.9452627,    0.3263103
robot_186
   -14.34119,    -26.03548,            0,            0,            0,   -0.6721074,    0.7404537
