tuw_multi_robot_msgs::RobotGoalsArray @1970-01-01T00:47:04.300000
frame_id: map
        2824,    300000000
robot_84
     8.69326,     -38.0034,            0,            0,            0,   -0.3509165,    0.9364067
robot_116
    17.94625,     31.74145,            0,            0,            0,   -0.2599624,    0.9656187
robot_74
    1.939209,    -7.907587,            0,            0,            0,   0.07068316,    0.9974988
robot_41
   -27.26304,     5.972267,            0,            0,            0,   -0.7834594,     0.621443
robot_125
    37.94054,    -13.53028,            0,            0,            0,   0.06301413,    0.9980126
robot_136
    33.87735,      18.1321,            0,            0,            0,  -0.06362154,    0.9979741
robot_173
    19.37495,    -25.97409,            0,            0,            0,   -0.8984136,    0.4391503
robot_67
   -30.01593,     -22.1232,            0,            0,            0,   -0.6690307,    0.7432348
robot_197
   -30.07841,     6.178601,            0,            0,            0,   -0.5304796,    0.8476977
robot_119
     25.9658,    -5.485715,            0,            0,            0,    0.4430902,    0.8964771
robot_82
   -12.23507,    -17.99103,            0,            0,            0,     -0.98824,    0.1529108
robot_77
   -13.44498,    -38.02499,            0,            0,            0,   -0.8631064,    0.5050222
robot_5
   -2.436586,     18.00339,            0,            0,            0,   -0.8424758,    0.5387342
robot_133
    34.11539,    -26.09184,            0,            0,            0,    0.4121856,    0.9110999
robot_99
   -14.04377,    -26.40737,            0,            0,            0,     0.998459,    0.0554947
robot_171
    1.901025,     15.15988,            0,            0,            0,   -0.9489454,    0.3154403
robot_180
   -22.03871,     33.10725,            0,            0,            0,    0.4117739,     0.911286
robot_56
    8.044419,    -2.025464,            0,            0,            0,   -0.4839161,    0.8751144
robot_3
    8.810989,     30.03202,            0,            0,            0,   -0.5758712,    0.8175404
robot_81
    25.93817,     4.081801,            0,            0,            0,   -0.7121985,    0.7019781
robot_167
   0.4041796,    -30.00772,            0,            0,            0,    0.7877863,    0.6159486
robot_25
   -6.046767,    -33.41648,            0,            0,            0,   -0.1053925,    0.9944307
robot_168
   -13.68119,     29.95417,            0,            0,            0,   -0.8511338,    0.5249488
robot_96
    5.939258,     17.44712,            0,            0,            0,   0.01673187,      0.99986
robot_166
    9.912529,    -26.53195,            0,            0,            0,    0.2615975,    0.9651771
robot_102
   -32.27121,    -34.01735,            0,            0,            0,   -0.1483904,    0.9889289
robot_192
   -8.858446,    -29.98972,            0,            0,            0,    0.7102546,    0.7039448
robot_179
   -14.04228,     1.769754,            0,            0,            0,   -0.4455492,    0.8952574
robot_142
   -38.05391,     25.46086,            0,            0,            0,   -0.8761265,    0.4820813
robot_1
   -36.13441,    -30.00414,            0,            0,            0,   -0.9957784,   0.09179019
robot_44
    17.95097,     21.56274,            0,            0,            0,   -0.9850566,    0.1722309
robot_163
   -6.016228,     26.34815,            0,            0,            0,    0.7925318,    0.6098305
robot_79
    13.91454,    -24.02611,            0,            0,            0,    0.8724493,    0.4887046
robot_8
    13.93875,    -12.85876,            0,            0,            0,    0.5163441,    0.8563812
robot_20
   -27.32193,    -18.01547,            0,            0,            0,   -0.3148637,    0.9491369
robot_143
    1.930977,    -23.48356,            0,            0,            0,    0.7759037,    0.6308513
robot_138
    13.83189,    -37.78559,            0,            0,            0,    0.4165387,     0.909118
robot_123
    1.948185,      -28.308,            0,            0,            0,    0.7836391,    0.6212164
robot_193
   -7.821894,    -14.00572,            0,            0,            0,   -0.5012946,    0.8652766
robot_187
   -18.03333,     36.51422,            0,            0,            0,    0.9634722,    0.2678085
robot_176
    -37.9207,     17.89045,            0,            0,            0,    -0.444228,    0.8959137
robot_66
   -14.09953,     31.98896,            0,            0,            0,   -0.9958824,    0.0906548
robot_63
   -14.24766,    -13.94818,            0,            0,            0,   -0.8819359,    0.4713693
robot_31
    1.958678,     26.61855,            0,            0,            0,    0.0647519,    0.9979014
robot_159
   -36.46436,    -18.03086,            0,            0,            0,    0.9406715,    0.3393187
robot_160
    33.93197,    -32.31194,            0,            0,            0,   -0.9014847,     0.432811
robot_151
    14.04213,     18.01754,            0,            0,            0,   -0.1325491,    0.9911764
robot_150
    37.95272,     30.35115,            0,            0,            0,    0.7522857,     0.658837
robot_137
   -21.79958,    -17.97385,            0,            0,            0,    0.8733604,    0.4870745
robot_199
   -2.071267,     11.09008,            0,            0,            0,    0.2505695,    0.9680986
