tuw_multi_robot_msgs::RobotGoalsArray @1970-01-01T01:28:15.800000
frame_id: map
        5295,    800000000
robot_84
    6.572712,     37.99025,            0,            0,            0,    0.5177397,    0.8555382
robot_116
   -14.05565,     22.36304,            0,            0,            0,    0.5510865,    0.8344481
robot_74
   -11.91808,     33.99256,            0,            0,            0,   -0.5413414,    0.8408029
robot_41
   -38.03696,    -31.28612,            0,            0,            0,     0.329087,    0.9442996
robot_125
     27.2891,    -25.96729,            0,            0,            0,    0.7641838,    0.6449985
robot_136
    29.83789,      17.7855,            0,            0,            0,   -0.5152858,    0.8570184
robot_173
   -1.873918,    -22.14334,            0,            0,            0,    0.5662174,    0.8242559
robot_67
   -31.97982,     37.99328,            0,            0,            0,   -0.9682008,    0.2501745
robot_197
   -21.64083,    -18.06358,            0,            0,            0,   -0.3164131,    0.9486215
robot_119
    13.93091,    -19.41686,            0,            0,            0,   -0.9909429,    0.1342842
robot_82
     36.2524,     30.03184,            0,            0,            0,   -0.8414179,     0.540385
robot_77
   -25.62161,    -30.05568,            0,            0,            0,   -0.9639057,     0.266244
robot_5
   -24.74726,    -38.02215,            0,            0,            0,  0.001164068,    0.9999993
robot_133
    -34.3043,     9.956791,            0,            0,            0,    0.7997356,    0.6003523
robot_99
    32.46277,    -18.01248,            0,            0,            0,    0.8814574,    0.4722636
robot_171
    23.49663,     -5.99494,            0,            0,            0,     0.865812,    0.5003694
robot_180
     18.8267,     30.02134,            0,            0,            0,     -0.96821,    0.2501387
robot_56
   -14.58109,     26.02554,            0,            0,            0,    0.6398796,    0.7684751
robot_3
   -11.54985,     37.99035,            0,            0,            0,   -0.7960558,    0.6052232
robot_81
   -23.85511,    -2.021796,            0,            0,            0,    0.8438216,    0.5366237
robot_167
    5.940781,     31.09846,            0,            0,            0,    0.9997318,   0.02315824
robot_25
    17.94602,    -19.98251,            0,            0,            0,    0.9908539,    0.1349394
robot_168
   -31.53782,     -37.9757,            0,            0,            0,    0.1742051,    0.9847094
robot_96
    17.51035,    -38.09823,            0,            0,            0,   -0.4355916,    0.9001444
robot_166
   -10.51897,     2.082272,            0,            0,            0,   -0.5950508,    0.8036881
robot_102
   -26.04545,     19.35894,            0,            0,            0,    0.3433917,    0.9391923
robot_192
    17.94497,     38.62172,            0,            0,            0,    -0.659529,    0.7516791
robot_179
    24.63976,     -29.9691,            0,            0,            0,   -0.4949928,    0.8688971
robot_142
    24.90687,    -34.00821,            0,            0,            0,    0.3350683,    0.9421938
robot_1
    9.916565,     -9.39296,            0,            0,            0,    0.2936397,    0.9559162
robot_44
    5.936091,     5.429404,            0,            0,            0,    0.5348703,    0.8449342
robot_163
    9.965278,     34.48746,            0,            0,            0,  -0.01300877,    0.9999154
robot_79
    10.10947,     1.930343,            0,            0,            0,    0.8984923,    0.4389892
robot_8
    22.52063,    -1.968811,            0,            0,            0,   -0.9228221,    0.3852264
robot_20
    33.95859,     5.808658,            0,            0,            0,     0.959948,    0.2801783
robot_143
    29.72228,    -1.907073,            0,            0,            0,   -0.5683889,      0.82276
robot_138
    37.94598,     14.98388,            0,            0,            0,     0.184883,    0.9827605
robot_123
    17.96612,     36.29256,            0,            0,            0,    0.9893158,    0.1457887
robot_193
    7.591424,     29.97943,            0,            0,            0,    0.6855555,    0.7280204
robot_187
   -25.21035,     38.00768,            0,            0,            0,   -0.1095386,    0.9939825
robot_176
    17.58243,    -29.94463,            0,            0,            0,    0.9988146,   0.04867689
robot_66
    6.077757,      -22.012,            0,            0,            0,     0.755862,     0.654731
robot_63
    9.925591,    -35.91578,            0,            0,            0,  -0.08809299,    0.9961123
robot_31
   -18.09224,    -7.434889,            0,            0,            0,    0.9676739,    0.2522049
robot_159
    13.45119,     38.05734,            0,            0,            0,    0.9777364,    0.2098369
robot_160
   -37.61108,    -13.95378,            0,            0,            0,    0.9963603,   0.08524148
robot_151
    13.93622,     10.94635,            0,            0,            0,    0.9957245,   0.09237293
robot_150
     29.9341,     -19.1947,            0,            0,            0,   -0.9650652,      0.26201
robot_137
      -14.08,     6.725672,            0,            0,            0,   -0.8490284,    0.5283472
robot_199
    -38.0889,     11.69582,            0,            0,            0,   -0.6502539,     0.759717
robot_54
    18.03825,    -5.880543,            0,            0,            0,   -0.9973623,   0.07258456
robot_117
    9.520664,     37.94552,            0,            0,            0,    0.2674398,    0.9635746
robot_36
    6.023946,    -1.881009,            0,            0,            0,   -0.9602135,    0.2792668
robot_33
    24.95243,     25.96988,            0,            0,            0,    0.7614529,    0.6482203
robot_146
   -34.04658,     -12.9862,            0,            0,            0,   -0.3874536,    0.9218892
robot_156
    5.901407,    -4.127845,            0,            0,            0,  -0.03580419,    0.9993588
robot_112
    17.90062,    -32.07744,            0,            0,            0,  -0.08214123,    0.9966207
robot_19
   -2.072543,     8.672642,            0,            0,            0,   -0.6390165,     0.769193
robot_141
    2.107456,    -18.08057,            0,            0,            0,    0.9243892,    0.3814507
robot_35
    10.41636,     13.94362,            0,            0,            0,  -0.05737141,    0.9983529
robot_184
    21.80643,     34.21432,            0,            0,            0,    0.3433472,    0.9392086
robot_98
   -30.09558,    -9.690412,            0,            0,            0,   -0.8623516,    0.5063099
robot_100
    22.04999,      17.7738,            0,            0,            0,   0.08074052,    0.9967352
robot_164
   -16.45652,    -38.00921,            0,            0,            0,   -0.4713796,    0.8819304
robot_59
    9.882477,     10.16913,            0,            0,            0,   -0.5927339,    0.8053984
robot_144
    38.74456,     34.03184,            0,            0,            0,   -0.9867717,    0.1621158
robot_101
   -26.45256,     14.04312,            0,            0,            0,   -0.4587773,    0.8885513
robot_161
    17.93776,     33.30053,            0,            0,            0,    0.8414685,    0.5403062
robot_149
    2.037216,     33.85055,            0,            0,            0,    0.2242398,     0.974534
robot_86
   -26.44047,      5.98296,            0,            0,            0,    0.9994551,   0.03300764
robot_191
    19.29838,    -17.98957,            0,            0,            0,   -0.5781452,    0.8159339
robot_126
   -15.62454,    -33.97366,            0,            0,            0,   -0.8569615,    0.5153804
robot_190
   -18.03724,     22.07754,            0,            0,            0,    0.8201393,    0.5721639
robot_131
     34.1297,    -33.87916,            0,            0,            0,   -0.8841115,    0.4672759
robot_154
    37.98284,    -21.79268,            0,            0,            0,    0.2798086,    0.9600558
robot_9
    22.01668,    -22.28423,            0,            0,            0,    0.9355875,    0.3530949
robot_27
    25.88197,    -38.00686,            0,            0,            0,    0.6332786,    0.7739239
robot_34
     9.91003,    -12.15008,            0,            0,            0,    0.7714433,    0.6362981
robot_114
    30.96302,     21.99742,            0,            0,            0,    0.4242937,    0.9055246
robot_51
    37.86227,      10.3413,            0,            0,            0,    0.9754938,    0.2200268
robot_108
    20.15517,     21.98296,            0,            0,            0,   -0.8278312,    0.5609773
robot_147
   -1.040283,     14.02017,            0,            0,            0,   -0.9885253,    0.1510556
robot_183
   -31.33922,    -33.97615,            0,            0,            0,    0.1460068,    0.9892836
robot_48
   -22.08972,    -2.866578,            0,            0,            0,     -0.18462,      0.98281
robot_60
    36.55199,     -9.99191,            0,            0,            0,    0.3509351,    0.9363998
robot_75
    25.47189,     2.088119,            0,            0,            0,       -0.959,    0.2834062
robot_152
   -1.838094,    -33.95736,            0,            0,            0,  -0.06730713,    0.9977323
robot_26
    37.96499,     21.03724,            0,            0,            0,    0.9944951,    0.1047835
robot_182
   -22.01746,     37.81109,            0,            0,            0,    0.6304852,    0.7762013
robot_172
    30.26215,    -5.905018,            0,            0,            0,   -0.6199481,    0.7846428
robot_43
   -2.037813,     17.23118,            0,            0,            0,    0.8954964,    0.4450687
robot_170
   -10.66269,    -26.02693,            0,            0,            0,   -0.9719884,    0.2350287
robot_177
   -6.095248,    -26.50112,            0,            0,            0,   -0.4325113,    0.9016285
robot_80
    16.46209,     -34.0013,            0,            0,            0,    0.5568326,    0.8306247
robot_16
    23.85195,     5.971159,            0,            0,            0,    0.2417709,    0.9703334
robot_13
    13.90757,     7.187555,            0,            0,            0,   -0.4056083,     0.914047
robot_178
    31.15764,     10.01878,            0,            0,            0,   -0.8324027,    0.5541712
robot_88
    37.96491,     31.16223,            0,            0,            0,   -0.1475522,    0.9890543
robot_194
   -26.27304,     29.90418,            0,            0,            0,    0.6966576,    0.7174038
robot_29
    33.85722,    -6.154336,            0,            0,            0,    0.9612579,    0.2756507
robot_92
    14.20365,    -10.02986,            0,            0,            0,   -0.6115738,    0.7911874
robot_87
   -6.458557,     10.01499,            0,            0,            0,    0.8353213,    0.5497621
robot_68
   -22.07279,     6.173445,            0,            0,            0,   -0.8763165,    0.4817359
robot_22
    -25.6094,    -21.94499,            0,            0,            0,   -0.8670274,    0.4982604
robot_38
   -38.34776,     17.93315,            0,            0,            0,   -0.2320507,    0.9727037
robot_2
    25.78214,    -14.22852,            0,            0,            0,   -0.3392061,    0.9407121
robot_110
   -37.92563,    -26.09285,            0,            0,            0,    0.8445292,    0.5355096
robot_14
    25.94268,    -23.67438,            0,            0,            0,   -0.5922511,    0.8057534
robot_181
   -17.91316,     10.07365,            0,            0,            0,   -0.8170484,     0.576569
robot_61
    26.17199,     30.09198,            0,            0,            0,    0.7681789,    0.6402352
robot_30
    25.94169,     11.15402,            0,            0,            0,    0.9996853,   0.02508551
robot_122
   -14.17494,     2.180845,            0,            0,            0,    0.9985667,    0.0535218
robot_132
    19.82795,    -1.967668,            0,            0,            0,    0.9269241,     0.375249
robot_45
    32.43376,    -22.01157,            0,            0,            0,    0.4797028,    0.8774311
robot_21
   -20.03859,    -33.98524,            0,            0,            0,   -0.8902154,    0.4555399
robot_39
    -11.0463,       25.986,            0,            0,            0,    0.9130048,    0.4079488
robot_134
   -36.83521,     -33.9729,            0,            0,            0,    0.5392079,    0.8421727
robot_15
    30.29701,     37.97845,            0,            0,            0,    0.9510488,    0.3090406
robot_145
   -18.23449,    -29.93333,            0,            0,            0,    0.9481288,    0.3178865
robot_140
    7.239464,     25.99628,            0,            0,            0,   -0.3207334,    0.9471695
