tuw_multi_robot_msgs::RobotGoalsArray @1970-01-01T00:55:55.400000
frame_id: map
        3355,    400000000
robot_84
    10.71868,      -1.9912,            0,            0,            0,   -0.5129067,    0.8584444
robot_116
   -30.08023,      34.8012,            0,            0,            0,     0.857715,    0.5141255
robot_74
    5.369733,     6.002857,            0,            0,            0,    0.6841181,    0.7293713
robot_41
     34.4336,     29.93922,            0,            0,            0,   -0.7745227,    0.6325461
robot_125
    37.93166,      26.4081,            0,            0,            0,    0.6109848,    0.7916423
robot_136
   -25.98888,    -13.87664,            0,            0,            0,    0.6720105,    0.7405416
robot_173
    21.91067,     30.76892,            0,            0,            0,   -0.9821223,    0.1882437
robot_67
    19.26958,    -13.99013,            0,            0,            0,   0.06875048,    0.9976339
robot_197
    -6.09807,    -7.903076,            0,            0,            0,    0.7557639,    0.6548442
robot_119
   -1.033922,     5.999649,            0,            0,            0,    0.3840494,    0.9233125
robot_82
     15.2768,     13.98965,            0,            0,            0,   -0.5998113,    0.8001415
robot_77
    1.918511,     24.37118,            0,            0,            0,   -0.9861043,    0.1661271
robot_5
   0.5764302,    -33.97207,            0,            0,            0,     -0.94625,    0.3234362
robot_133
    21.88285,     34.20288,            0,            0,            0,   -0.9607137,    0.2775413
robot_99
    -8.04251,    -17.98431,            0,            0,            0,   -0.6716945,    0.7408283
robot_171
    33.58083,     9.929176,            0,            0,            0,   -0.3136665,    0.9495332
robot_180
    1.758125,     13.92267,            0,            0,            0,    0.9625824,    0.2709893
robot_56
   -30.43436,    -37.95743,            0,            0,            0,   -0.7290921,    0.6844156
robot_3
   -2.087734,     30.57298,            0,            0,            0,   0.07873264,    0.9968958
robot_81
    21.08492,     21.99612,            0,            0,            0,    0.3293741,    0.9441995
robot_167
    25.96202,    -20.26166,            0,            0,            0,    0.7229164,    0.6909356
robot_25
   -2.064305,     32.82111,            0,            0,            0,    0.5883628,     0.808597
robot_168
    13.96026,    -35.84199,            0,            0,            0,   -0.5135036,    0.8580874
robot_96
    9.884435,     25.68878,            0,            0,            0,   -0.9042328,    0.4270399
robot_166
    2.696013,     6.029753,            0,            0,            0,   -0.5656748,    0.8246284
robot_102
    17.87194,     9.825358,            0,            0,            0,   -0.9716715,    0.2363355
robot_192
   -11.87416,     25.97086,            0,            0,            0,    0.5674147,    0.8234322
robot_179
   -33.97983,    -21.96813,            0,            0,            0,  -0.02401886,    0.9997115
robot_142
   -14.19929,     18.13223,            0,            0,            0,     0.780615,    0.6250122
robot_1
    37.85121,    -9.634213,            0,            0,            0,    0.7962933,    0.6049108
robot_44
   -34.07592,     29.59221,            0,            0,            0,    -0.196808,    0.9804421
robot_163
   -2.083881,    -19.90392,            0,            0,            0,   -0.7774199,    0.6289819
robot_79
   -33.91114,     37.87242,            0,            0,            0,   -0.0405137,     0.999179
robot_8
     22.0191,     5.924261,            0,            0,            0,   -0.8602408,    0.5098879
robot_20
    29.88314,     33.69904,            0,            0,            0,   0.01176687,    0.9999308
robot_143
   -1.715442,    -25.90362,            0,            0,            0,     0.409351,     0.912377
robot_138
   -6.097791,     13.95325,            0,            0,            0,   -0.7668408,    0.6418373
robot_123
    5.925978,      21.0805,            0,            0,            0,   -0.9715925,    0.2366601
robot_193
   -10.27406,    -10.09153,            0,            0,            0,   -0.4544395,    0.8907776
robot_187
    -5.32346,      5.98669,            0,            0,            0,  -0.07247445,    0.9973703
robot_176
    32.89766,    -25.99754,            0,            0,            0,   -0.1493975,    0.9887772
robot_66
   -8.820771,    -13.98821,            0,            0,            0,    0.9719652,    0.2351248
robot_63
    -5.07289,    -34.02997,            0,            0,            0,   -0.2647193,    0.9643255
robot_31
   -6.158767,     17.64295,            0,            0,            0,   -0.1265346,    0.9919622
robot_159
    38.15701,    -18.03559,            0,            0,            0,   -0.3011567,    0.9535747
robot_160
     2.09087,     33.87253,            0,            0,            0,     0.587992,    0.8088667
robot_151
   -14.04643,     24.22902,            0,            0,            0,   -0.9302662,    0.3668852
robot_150
    21.79497,     1.849812,            0,            0,            0,   -0.8721251,     0.489283
robot_137
    13.84047,     9.682436,            0,            0,            0,   -0.9195034,     0.393082
robot_199
   -10.04038,     19.74123,            0,            0,            0,     0.185015,    0.9827357
robot_54
    17.89989,     37.91506,            0,            0,            0,   -0.8105081,    0.5857275
robot_117
    4.058705,     9.976737,            0,            0,            0,   -0.9955904,   0.09380728
robot_36
   -18.17842,     10.08912,            0,            0,            0,   -0.9870571,    0.1603694
robot_33
    5.938602,     16.11192,            0,            0,            0,    -0.455945,    0.8900079
robot_146
    9.920639,     8.874506,            0,            0,            0,  -0.01676272,    0.9998595
robot_156
    -24.5078,    -5.994731,            0,            0,            0,    0.3562621,     0.934386
robot_112
   -30.04554,    -24.64491,            0,            0,            0,   -0.5269721,    0.8498826
robot_19
    -38.0552,     23.12602,            0,            0,            0,     0.494345,    0.8692658
robot_141
   -10.31782,     1.962911,            0,            0,            0,   -0.9998443,   0.01764816
robot_35
   -0.176709,     29.99874,            0,            0,            0,   -0.8137534,    0.5812103
robot_184
   -22.41992,     10.09901,            0,            0,            0,     0.764663,    0.6444304
robot_98
    25.60909,    -1.909422,            0,            0,            0,  -0.03290479,    0.9994585
robot_100
    32.69608,     -29.9674,            0,            0,            0,   -0.8938268,    0.4484123
robot_164
   -18.09682,    -27.86821,            0,            0,            0,    0.6882921,    0.7254336
robot_59
    21.85319,     37.71496,            0,            0,            0,    -0.944257,    0.3292091
robot_144
    33.56222,     21.99217,            0,            0,            0,      0.21742,    0.9760781
robot_101
   0.3574234,    -18.03124,            0,            0,            0,   -0.8761409,    0.4820551
robot_161
    5.927915,    -6.739125,            0,            0,            0,   -0.0937313,    0.9955975
robot_149
    10.92827,    -6.007614,            0,            0,            0,    -0.751925,    0.6592487
robot_86
    33.90888,     -27.7998,            0,            0,            0,     0.269224,    0.9630776
