tuw_multi_robot_msgs::RobotGoalsArray @1970-01-01T01:22:05.900000
frame_id: map
        4925,    900000000
robot_84
    -25.0228,     38.00794,            0,            0,            0,    0.0118731,    0.9999295
robot_116
   -21.94829,     -25.7988,            0,            0,            0,   -0.9649203,    0.2625429
robot_74
   -16.16787,     -14.0154,            0,            0,            0,   -0.2742925,    0.9616463
robot_41
   -37.67004,    -26.06952,            0,            0,            0,   -0.1786888,    0.9839056
robot_125
    33.96462,     16.93948,            0,            0,            0,   -0.9081778,    0.4185845
robot_136
   -5.969973,     21.84444,            0,            0,            0,   -0.5007703,    0.8655802
robot_173
   -12.45284,      30.0042,            0,            0,            0,    0.9733472,    0.2293363
robot_67
    34.10463,    -6.125954,            0,            0,            0,   -0.9960262,   0.08906126
robot_197
    29.94891,    -19.38406,            0,            0,            0,    0.3445799,     0.938757
robot_119
    25.95378,    0.7109455,            0,            0,            0,    0.9999039,    0.0138605
