tuw_multi_robot_msgs::RobotGoalsArray @1970-01-01T01:24:35
frame_id: map
        5075,            0
robot_84
    15.79976,     14.02662,            0,            0,            0,    0.9610775,    0.2762788
robot_116
    16.11001,    -10.01395,            0,            0,            0,   -0.9996926,   0.02479322
robot_74
    5.679914,    -5.913469,            0,            0,            0,   -0.7839598,    0.6208116
robot_41
   -38.11499,    -14.35012,            0,            0,            0,    0.3982255,    0.9172875
robot_125
    25.91199,     22.58056,            0,            0,            0,   -0.3875086,    0.9218661
robot_136
     29.9615,    -1.020125,            0,            0,            0,   -0.8410407,    0.5409719
robot_173
    33.53938,     -10.0952,            0,            0,            0,    -0.364826,    0.9310757
robot_67
    14.25071,     18.03232,            0,            0,            0,   -0.9419392,    0.3357834
robot_197
    5.938969,    -29.95773,            0,            0,            0,   -0.6114222,    0.7913046
robot_119
    37.90371,    -13.48913,            0,            0,            0,    0.9965128,   0.08344047
robot_82
   -10.21991,    -25.99177,            0,            0,            0,    0.1980444,     0.980193
robot_77
    33.90756,    -19.93421,            0,            0,            0,   0.02682031,    0.9996403
robot_5
    30.12225,    -38.16545,            0,            0,            0,   -0.5292595,      0.84846
robot_133
    25.97837,     25.70554,            0,            0,            0,    0.9993099,    0.0371453
robot_99
    29.90172,     29.78043,            0,            0,            0,    0.4376248,    0.8991577
robot_171
   -19.84821,     2.001029,            0,            0,            0,    0.9238349,    0.3827913
robot_180
    10.19051,      38.0638,            0,            0,            0,   -0.8386229,    0.5447125
robot_56
     9.93583,     1.437603,            0,            0,            0,    0.9570771,    0.2898335
robot_3
   -6.151974,      1.66988,            0,            0,            0,    0.9999482,   0.01018087
robot_81
   -22.06191,     34.29829,            0,            0,            0,    0.5757796,    0.8176049
robot_167
   -5.959665,     29.97946,            0,            0,            0,   -0.9231057,    0.3845463
robot_25
   -30.27583,     30.08275,            0,            0,            0,   0.05031321,    0.9987335
robot_168
    25.18781,    -9.987824,            0,            0,            0,  0.005871116,    0.9999828
robot_96
   -39.24861,    -9.977012,            0,            0,            0,     0.930824,    0.3654679
robot_166
   -34.08326,    -23.46226,            0,            0,            0,    -0.999305,   0.03727716
robot_102
   -9.904228,    -17.80709,            0,            0,            0,   -0.9156245,    0.4020346
robot_192
   -9.964699,     21.92085,            0,            0,            0,    0.7517561,    0.6594412
robot_179
    10.35133,    -6.021101,            0,            0,            0,    0.6157712,     0.787925
robot_142
   -2.034373,      26.1451,            0,            0,            0,    0.9997635,    0.0217467
robot_1
    17.86196,     17.69018,            0,            0,            0,   -0.9869017,    0.1613228
robot_44
    32.80946,    -37.99186,            0,            0,            0,     0.359272,    0.9332329
robot_163
   -35.13465,     33.98845,            0,            0,            0,  -0.03766672,    0.9992904
robot_79
    30.03041,     9.725748,            0,            0,            0,    0.4720022,    0.8815974
robot_8
    28.26522,     13.98496,            0,            0,            0,    -0.700078,    0.7140664
robot_20
   -34.76944,     26.00821,            0,            0,            0,    0.9994594,   0.03287634
robot_143
    34.35832,    -33.90561,            0,            0,            0,     0.130228,    0.9914841
robot_138
    34.98479,     -17.9721,            0,            0,            0,   -0.1069766,    0.9942615
robot_123
    33.47054,    -14.03558,            0,            0,            0,   -0.6440683,     0.764968
robot_193
    20.09918,     -9.99845,            0,            0,            0,    0.9804238,     0.196899
robot_187
   -39.40221,      18.0255,            0,            0,            0,   -0.4010692,    0.9160478
robot_176
   0.8908296,     26.02587,            0,            0,            0,    0.2995811,    0.9540708
robot_66
    13.49471,     10.01919,            0,            0,            0,   -0.9425562,    0.3340476
robot_63
   -21.89252,     26.09889,            0,            0,            0,   -0.3021351,    0.9532651
robot_31
     21.9248,    0.8244552,            0,            0,            0,    0.5598047,    0.8286246
robot_159
    21.96457,     8.524963,            0,            0,            0,     0.828061,     0.560638
robot_160
    7.314345,     30.00801,            0,            0,            0,   -0.9996222,   0.02748716
robot_151
   -25.92203,     38.05688,            0,            0,            0,    0.9579079,    0.2870756
robot_150
    28.12123,     22.02403,            0,            0,            0,     0.633721,    0.7735617
robot_137
    1.927471,     6.028205,            0,            0,            0,    0.7239147,    0.6898895
robot_199
   -26.08435,     -14.7312,            0,            0,            0,   0.05365948,    0.9985593
robot_54
   -38.45678,     25.95411,            0,            0,            0,    0.9523397,    0.3050397
robot_117
   -2.217925,    -22.20697,            0,            0,            0,     -0.34781,     0.937565
robot_36
   -18.82228,     18.02145,            0,            0,            0,   -0.1460115,    0.9892829
robot_33
   -26.16544,    -6.126823,            0,            0,            0,     0.470392,    0.8824576
robot_146
   -14.22037,     14.09417,            0,            0,            0,   -0.9999127,   0.01321423
robot_156
    17.72541,    -17.86361,            0,            0,            0,   -0.7675312,    0.6410115
robot_112
   -27.17338,     10.02598,            0,            0,            0,   -0.1075225,    0.9942026
robot_19
    5.939466,    -10.89113,            0,            0,            0,     0.137621,     0.990485
robot_141
   -12.74928,    -17.98988,            0,            0,            0,    0.9471176,    0.3208868
robot_35
   -29.98084,     13.69659,            0,            0,            0,   -0.9009596,    0.4339029
robot_184
   -30.35793,    -33.96111,            0,            0,            0,   -0.8341207,    0.5515819
robot_98
   -22.09327,     28.89324,            0,            0,            0,    0.7218673,    0.6920315
robot_100
   -14.27509,     38.06074,            0,            0,            0,   -0.5322316,    0.8465988
robot_164
   -14.78622,     5.993523,            0,            0,            0,     0.459101,    0.8883841
robot_59
     22.3807,    -29.94063,            0,            0,            0,   -0.9579109,    0.2870656
robot_144
   -25.97689,      33.9682,            0,            0,            0,   -0.9666721,    0.2560178
robot_101
    14.39632,     6.030689,            0,            0,            0,   -0.9852305,    0.1712333
robot_161
     33.8747,     -25.9728,            0,            0,            0,   -0.8266585,     0.562704
robot_149
   -2.792793,    -13.97261,            0,            0,            0,   -0.3804787,    0.9247897
robot_86
   -14.90044,    -29.96957,            0,            0,            0,   -0.9928794,    0.1191236
robot_191
   -29.30455,     25.97331,            0,            0,            0,    0.9999954,  0.003023977
robot_126
     17.9647,     33.04916,            0,            0,            0,    0.3839459,    0.9233556
robot_190
    30.14133,     -9.88805,            0,            0,            0,   -0.9877465,    0.1560666
robot_131
   -37.97375,     21.98725,            0,            0,            0,    0.6410362,    0.7675106
robot_154
    14.15355,    -5.981473,            0,            0,            0,   -0.6511096,    0.7589837
robot_9
    6.680728,      -26.011,            0,            0,            0,    0.9966369,   0.08194384
robot_27
    25.91234,    -15.80955,            0,            0,            0,    0.6652967,    0.7465791
robot_34
   -9.842952,      18.0728,            0,            0,            0,    0.1055093,    0.9944183
robot_114
   -18.05317,     -30.3631,            0,            0,            0,      0.88922,    0.4574798
robot_51
    26.05425,    -25.78188,            0,            0,            0,   -0.6584166,    0.7526537
robot_108
   -13.98665,     -38.0384,            0,            0,            0,    0.6018866,    0.7985816
robot_147
   -11.36756,     38.02708,            0,            0,            0,   -0.1974084,    0.9803213
robot_183
    21.78104,     13.79405,            0,            0,            0,    0.1244554,    0.9922252
robot_48
    10.07316,     17.87578,            0,            0,            0,   -0.9980589,   0.06227661
robot_60
    9.935252,     4.947033,            0,            0,            0,    0.9439886,    0.3299781
robot_75
    5.938567,     -33.2354,            0,            0,            0,    0.8835743,     0.468291
robot_152
    1.958145,     16.16255,            0,            0,            0,    0.9443101,    0.3290569
robot_26
    38.38713,     30.05409,            0,            0,            0,    0.9926393,    0.1211081
robot_182
    36.10735,     26.01583,            0,            0,            0,    0.6322032,    0.7748026
robot_172
    21.22966,     33.98698,            0,            0,            0,    0.9983223,    0.0579007
robot_43
    37.90409,     21.74908,            0,            0,            0,    0.1794085,    0.9837747
robot_170
    5.925688,      24.7602,            0,            0,            0,   -0.9690292,    0.2469463
robot_177
   -6.038905,    -38.80635,            0,            0,            0,    0.8027643,    0.5962965
robot_80
    1.929427,     19.42615,            0,            0,            0,    0.2217907,    0.9750943
robot_16
    18.07904,     2.113336,            0,            0,            0,    -0.564127,     0.825688
robot_13
   -9.727137,     2.019425,            0,            0,            0,   -0.8274422,    0.5615509
robot_178
   -18.33881,     -38.0031,            0,            0,            0,    -0.829183,    0.5589773
robot_88
   -37.87936,     13.96383,            0,            0,            0,    0.7694072,    0.6387586
robot_194
    -1.95642,     33.79673,            0,            0,            0,   -0.3431168,    0.9392928
robot_29
     38.1378,    -6.141293,            0,            0,            0,   -0.8377152,    0.5461073
robot_92
   -10.07549,     8.859624,            0,            0,            0,    0.9135853,    0.4066472
robot_87
    21.79444,    -21.97635,            0,            0,            0,   -0.5583359,     0.829615
robot_68
    27.15196,    -33.97061,            0,            0,            0,   -0.1617648,    0.9868293
robot_22
   -2.064655,    -10.07289,            0,            0,            0,    0.6666272,    0.7453913
robot_38
    29.94752,     12.47074,            0,            0,            0,    0.7927934,    0.6094905
robot_2
    29.92751,    -6.159458,            0,            0,            0,    0.6693205,    0.7429738
robot_110
     2.41459,    -33.96084,            0,            0,            0,  -0.07761595,    0.9969833
robot_14
   -14.09774,     22.05473,            0,            0,            0,    0.9077111,    0.4195957
robot_181
    10.28417,      -14.063,            0,            0,            0,   -0.4664674,    0.8845384
robot_61
    29.91293,      17.7429,            0,            0,            0,   -0.9999471,   0.01028962
