tuw_multi_robot_msgs::RobotGoalsArray @1970-01-01T00:52:44.400000
frame_id: map
        3164,    400000000
robot_84
   -10.09114,     -31.4373,            0,            0,            0,   -0.7787241,    0.6273666
robot_116
   -10.42872,      10.0882,            0,            0,            0,    0.4173557,    0.9087432
robot_74
   -22.09456,     -1.08261,            0,            0,            0,    0.3618991,    0.9322173
robot_41
    29.89208,    -25.73803,            0,            0,            0,   -0.2523564,    0.9676344
robot_125
    5.962978,     5.704211,            0,            0,            0,    0.9082737,    0.4183765
robot_136
    23.96436,     17.99659,            0,            0,            0,    0.8046047,    0.5938109
robot_173
    28.53187,     22.02653,            0,            0,            0,   -0.1224899,    0.9924698
robot_67
   -37.92658,     14.21081,            0,            0,            0,   -0.9696242,    0.2445994
robot_197
    29.90551,    -32.98465,            0,            0,            0,    0.9147022,    0.4041286
robot_119
    9.758935,    -30.13172,            0,            0,            0,    0.4790458,    0.8777899
robot_82
   -22.01593,     1.954946,            0,            0,            0,   -0.1015969,    0.9948257
robot_77
     25.9652,    -16.79055,            0,            0,            0,    0.9913214,    0.1314602
robot_5
     29.9486,     7.455383,            0,            0,            0,    0.4165055,    0.9091332
robot_133
   -30.10107,      22.1857,            0,            0,            0,   -0.8461165,     0.532998
robot_99
   -18.02903,     38.32532,            0,            0,            0,   -0.7401709,    0.6724188
robot_171
   -22.09043,     6.582371,            0,            0,            0,    0.6869126,    0.7267401
robot_180
   -13.87151,     37.92879,            0,            0,            0,   -0.6255301,       0.7802
robot_56
    6.140654,     18.00494,            0,            0,            0,   0.04903545,     0.998797
robot_3
   -4.437695,     25.98175,            0,            0,            0,   -0.3459999,    0.9382346
robot_81
    29.95971,    -17.42863,            0,            0,            0,    0.1033562,    0.9946444
robot_167
   -18.11251,    -38.05681,            0,            0,            0,    0.6601825,    0.7511052
robot_25
    17.92081,     15.39874,            0,            0,            0,    -0.955207,    0.2959384
robot_168
    9.458886,     10.09281,            0,            0,            0,   0.09275642,    0.9956888
robot_96
   -1.975513,    -9.945103,            0,            0,            0,    0.3723306,    0.9281002
robot_166
    10.35093,     21.90112,            0,            0,            0,   -0.9982416,   0.05927602
robot_102
    10.57838,     14.02123,            0,            0,            0,    0.2901158,    0.9569915
robot_192
   -34.07588,    -18.15887,            0,            0,            0,    0.1295793,    0.9915691
robot_179
   -8.451023,    -30.01939,            0,            0,            0,     0.249881,    0.9682766
robot_142
    37.33779,    -29.99282,            0,            0,            0,    0.4445532,    0.8957525
robot_1
    1.918092,      31.5881,            0,            0,            0,    0.3068442,    0.9517598
robot_44
    30.00795,    -14.35703,            0,            0,            0,    0.2143166,    0.9767642
robot_163
    21.83813,    -22.19827,            0,            0,            0,    0.5406715,    0.8412338
robot_79
   -30.08632,     19.46041,            0,            0,            0,   -0.1557808,    0.9877917
robot_8
    37.45155,     26.07118,            0,            0,            0,   -0.9029253,    0.4297976
robot_20
    -21.8589,    -22.11005,            0,            0,            0,    0.9992625,     0.038399
robot_143
   -12.61571,     1.982694,            0,            0,            0,   -0.6095448,    0.7927516
robot_138
   -38.04756,     12.29286,            0,            0,            0,   -0.8286477,    0.5597705
robot_123
     2.71459,    -10.02052,            0,            0,            0,    0.8019077,    0.5974479
robot_193
    8.935809,     17.97303,            0,            0,            0,     0.803676,    0.5950671
robot_187
    13.95869,    -5.663699,            0,            0,            0,   -0.9822477,    0.1875885
robot_176
     37.9033,    -11.88243,            0,            0,            0,   -0.7286862,    0.6848477
robot_66
   -30.06174,    -18.66055,            0,            0,            0,    0.9382979,    0.3458281
robot_63
   -32.11495,     9.989434,            0,            0,            0,   -0.7159212,    0.6981811
robot_31
   -22.09535,     31.32347,            0,            0,            0,   -0.9186092,    0.3951671
robot_159
   -14.03238,    -2.032358,            0,            0,            0,    -0.589807,    0.8075442
robot_160
     37.5371,    -17.94073,            0,            0,            0,   -0.7263699,     0.687304
robot_151
    9.944614,      25.6738,            0,            0,            0,   -0.1332015,     0.991089
robot_150
   -14.27635,    -26.06256,            0,            0,            0,   -0.7732328,    0.6341223
robot_137
   -20.17307,    -2.025659,            0,            0,            0,   -0.6876804,    0.7260136
robot_199
   -17.94277,     5.771861,            0,            0,            0,   -0.7244515,    0.6893258
robot_54
   -34.89937,     10.00571,            0,            0,            0,    0.3961399,    0.9181902
robot_117
    19.70644,     2.011281,            0,            0,            0,   -0.7990047,    0.6013247
robot_36
   -5.064461,    -13.99697,            0,            0,            0,   -0.6953382,    0.7186827
robot_33
   -6.069056,    -38.21594,            0,            0,            0,   -0.9913741,    0.1310627
robot_146
   -34.08736,     15.95642,            0,            0,            0,   -0.9235956,    0.3833683
robot_156
   -33.36968,    -10.00606,            0,            0,            0,    0.1315261,    0.9913127
robot_112
   -26.05258,     -23.0887,            0,            0,            0,    0.8675253,    0.4973931
robot_19
   -32.60548,    -13.99842,            0,            0,            0,   -0.9587405,    0.2842827
robot_141
   -14.14257,     9.712629,            0,            0,            0,    0.9646633,    0.2634855
robot_35
   -26.09034,     31.70762,            0,            0,            0,   -0.1357329,    0.9907455
