tuw_multi_robot_msgs::RobotGoalsArray @1970-01-01T01:24:02.900000
frame_id: map
        5042,    900000000
robot_84
  -0.8060646,     21.97445,            0,            0,            0,    0.5974082,    0.8019373
robot_116
    30.02252,    -26.33618,            0,            0,            0,    -0.738995,    0.6737109
robot_74
   -30.47831,     10.02931,            0,            0,            0,     0.849169,    0.5281213
robot_41
   -14.04621,     35.62587,            0,            0,            0,    0.3271191,    0.9449831
robot_125
   -35.39801,     34.00652,            0,            0,            0,   -0.4301345,    0.9027648
robot_136
   -14.07611,    -32.08276,            0,            0,            0,    0.7894662,    0.6137941
robot_173
    18.35956,    -1.975498,            0,            0,            0,   -0.4024762,    0.9154305
robot_67
   -5.451155,    -14.02828,            0,            0,            0,    0.9374397,    0.3481477
robot_197
    28.36491,     30.01001,            0,            0,            0,   -0.4133402,    0.9105767
robot_119
    21.63654,     13.93537,            0,            0,            0,   -0.6802019,    0.7330248
robot_82
    21.81139,     29.87595,            0,            0,            0,   -0.2305934,    0.9730502
robot_77
   -12.97927,    -38.02586,            0,            0,            0,    0.4041218,    0.9147052
robot_5
    38.02426,    -9.951983,            0,            0,            0,    0.1111191,    0.9938071
robot_133
   -25.17773,     21.97767,            0,            0,            0,   -0.9935156,    0.1136956
robot_99
   -11.04062,    -22.01603,            0,            0,            0,   -0.7360626,    0.6769135
robot_171
    13.90978,    -27.41432,            0,            0,            0,   -0.8032219,    0.5956799
robot_180
    22.99732,    -6.010491,            0,            0,            0,    0.3728077,    0.9279086
robot_56
   -30.05659,     -36.1271,            0,            0,            0,   -0.1456085,    0.9893423
robot_3
    20.40733,     21.97948,            0,            0,            0,    0.1172196,     0.993106
robot_81
   -6.062886,      -10.946,            0,            0,            0,    0.9149028,    0.4036742
robot_167
   -33.67561,     9.965214,            0,            0,            0,   -0.8546227,    0.5192495
robot_25
   -14.00622,    -26.13389,            0,            0,            0,    0.8989517,    0.4380477
robot_168
   -18.17354,     18.12511,            0,            0,            0,   -0.8228331,    0.5682831
robot_96
   -23.16313,    -14.00795,            0,            0,            0,   -0.9289425,     0.370224
robot_166
   -10.06229,    -6.581397,            0,            0,            0,  -0.07104306,    0.9974732
robot_102
    9.931868,     5.016855,            0,            0,            0,    0.8174564,    0.5759904
robot_192
    33.94441,    -13.01684,            0,            0,            0,   -0.7582833,    0.6519252
robot_179
    6.342754,     21.97104,            0,            0,            0,   -0.9476188,    0.3194034
robot_142
    21.94961,    -35.63875,            0,            0,            0,   -0.9161436,    0.4008503
robot_1
    29.64738,    -18.01124,            0,            0,            0,    0.7356844,    0.6773245
robot_44
    17.92441,     33.05293,            0,            0,            0,  0.008060894,    0.9999675
robot_163
    1.902045,    -14.77171,            0,            0,            0,   -0.6598041,    0.7514377
robot_79
   -22.07897,     13.02965,            0,            0,            0,   -0.8315287,    0.5554817
robot_8
   -12.65595,     26.00955,            0,            0,            0,    0.5045303,     0.863394
robot_20
     18.0697,      5.90808,            0,            0,            0,     0.463025,    0.8863452
robot_143
    10.01258,     2.196456,            0,            0,            0,    0.9924888,    0.1223352
robot_138
   -10.11525,    -34.01729,            0,            0,            0,    -0.982236,      0.18765
robot_123
    1.946812,     9.985388,            0,            0,            0,   -0.9573413,    0.2889595
robot_193
   -14.18187,    -5.914483,            0,            0,            0,   -0.8152429,    0.5791192
robot_187
   -22.09039,      4.45909,            0,            0,            0,   -0.6804441,       0.7328
robot_176
   -33.57142,     13.94045,            0,            0,            0,   -0.8231222,    0.5678643
robot_66
    34.02023,     10.23684,            0,            0,            0,   -0.9163715,    0.4003291
robot_63
    9.939281,      15.9766,            0,            0,            0,   -0.8801205,    0.4747504
robot_31
   -18.09924,     -5.76487,            0,            0,            0,    0.9980359,   0.06264488
robot_159
    24.99813,    -18.03078,            0,            0,            0,   -0.4480563,    0.8940054
robot_160
    35.57433,    -26.00506,            0,            0,            0,    0.9820801,    0.1884639
robot_151
   -20.49639,    -37.99492,            0,            0,            0,   -0.5715573,    0.8205621
robot_150
    31.13065,     30.00157,            0,            0,            0,    0.9999262,   0.01214898
robot_137
    13.90638,     21.70234,            0,            0,            0,    -0.944494,    0.3285285
robot_199
   -26.36491,     17.90036,            0,            0,            0,    0.5279201,    0.8492941
robot_54
   -18.09263,     21.73201,            0,            0,            0,    0.3144925,    0.9492599
robot_117
   -28.23101,    -22.02397,            0,            0,            0,   -0.8389334,    0.5442341
robot_36
    -18.0743,    -20.88875,            0,            0,            0,    0.9954754,   0.09501924
robot_33
   -18.13227,     1.911909,            0,            0,            0,   -0.9678097,     0.251683
robot_146
    13.95866,    -21.93703,            0,            0,            0,   -0.6273636,    0.7787265
robot_156
   -26.08847,     30.63242,            0,            0,            0,  -0.03678517,    0.9993232
robot_112
    29.90145,     35.17459,            0,            0,            0,     0.628707,    0.7776423
robot_19
    10.28651,     14.08447,            0,            0,            0,    0.9125016,    0.4090731
robot_141
    25.92248,    -33.44927,            0,            0,            0,     0.742367,    0.6699935
robot_35
    2.698821,     21.99117,            0,            0,            0,    0.9916515,    0.1289473
robot_184
    5.970293,     37.87194,            0,            0,            0,   -0.8250152,    0.5651105
robot_98
     9.93009,    -28.56291,            0,            0,            0,    0.2464319,    0.9691601
robot_100
   -6.090874,    -17.77295,            0,            0,            0,   -0.9330998,    0.3596175
robot_164
   -26.04028,    -18.17761,            0,            0,            0,    -0.974719,    0.2234344
robot_59
    17.31973,    -30.02189,            0,            0,            0,   -0.5234042,    0.8520845
robot_144
    37.75586,     33.98317,            0,            0,            0,   0.08126829,    0.9966923
robot_101
    9.504353,     -9.91307,            0,            0,            0,    0.6114038,    0.7913187
robot_161
    11.56087,    -17.98662,            0,            0,            0,   -0.3013569,    0.9535114
robot_149
   -14.26796,     10.04173,            0,            0,            0,     -0.64317,    0.7657234
robot_86
   -6.422567,     1.932514,            0,            0,            0,   -0.4697281,    0.8828111
robot_191
    33.93322,    -28.12305,            0,            0,            0,    0.4893689,    0.8720769
robot_126
   -37.30763,     30.01334,            0,            0,            0,    0.7957601,     0.605612
robot_190
   -14.04536,     12.80331,            0,            0,            0,   -0.1631909,    0.9865945
robot_131
   -38.05511,     -23.4407,            0,            0,            0,    0.6868067,    0.7268401
robot_154
    27.87189,    -33.99267,            0,            0,            0,   -0.3526799,     0.935744
robot_9
    6.039509,    -38.07476,            0,            0,            0,   -0.2849117,    0.9585538
robot_27
   -14.09491,      15.8161,            0,            0,            0,     0.980796,    0.1950362
robot_34
     25.9324,     15.43803,            0,            0,            0,   -0.1645428,      0.98637
robot_114
   -38.53353,    -34.01764,            0,            0,            0,     0.997516,   0.07043983
robot_51
   -34.06047,     17.96725,            0,            0,            0,   -0.2764308,    0.9610338
robot_108
     25.9342,    -15.39929,            0,            0,            0,    -0.756359,    0.6541567
robot_147
    29.96164,     13.12468,            0,            0,            0,    0.3272851,    0.9449256
robot_183
    8.165263,     5.967069,            0,            0,            0,    0.5654896,    0.8247555
robot_48
   -14.15354,    -10.09045,            0,            0,            0,    0.5518021,    0.8339751
robot_60
    -26.8522,      34.0193,            0,            0,            0,   -0.4215983,    0.9067827
robot_75
   -30.37468,     17.97937,            0,            0,            0,   -0.2964221,     0.955057
robot_152
    29.90759,    -8.785527,            0,            0,            0,    0.7916258,    0.6110062
robot_26
    9.955614,    -1.963005,            0,            0,            0,   -0.9999735,  0.007276412
robot_182
   -37.69077,     25.91098,            0,            0,            0,    0.9842267,    0.1769121
robot_172
    33.67895,      13.9232,            0,            0,            0,   -0.6552512,    0.7554111
robot_43
   -6.039502,     14.55571,            0,            0,            0,   -0.8687469,    0.4952564
robot_170
   -2.956042,    -18.02528,            0,            0,            0,    0.1146651,    0.9934042
robot_177
   -25.94407,    -9.801712,            0,            0,            0,   -0.4689907,    0.8832031
robot_80
    13.49807,     14.01023,            0,            0,            0,   -0.5463553,    0.8375535
robot_16
   -18.10043,    -9.849169,            0,            0,            0,   -0.1201877,    0.9927512
robot_13
    23.80557,    -37.98734,            0,            0,            0,   -0.7134033,    0.7007537
robot_178
   -38.35006,    -18.07833,            0,            0,            0,    0.9870485,     0.160422
robot_88
    5.935345,    -1.652328,            0,            0,            0,  -0.04680241,    0.9989042
robot_194
   -16.38645,    -26.01823,            0,            0,            0,     0.616559,    0.7873087
robot_29
    21.85831,      33.7689,            0,            0,            0,   -0.9669712,    0.2548856
robot_92
    25.63095,    -29.90313,            0,            0,            0,    0.4778817,    0.8784242
robot_87
   -2.043977,     17.71942,            0,            0,            0,   -0.8298211,    0.5580295
robot_68
    -13.9202,     -13.8337,            0,            0,            0,    0.8329255,    0.5533851
robot_22
   -17.29095,     30.01534,            0,            0,            0,   -0.4185466,    0.9081953
robot_38
   -19.25248,     33.98181,            0,            0,            0,  -0.08759369,    0.9961563
robot_2
   -10.55183,    -17.93736,            0,            0,            0,    0.3545105,     0.935052
robot_110
   -2.055506,     6.601532,            0,            0,            0,    0.3306483,     0.943754
robot_14
    30.03912,    -30.11452,            0,            0,            0,    0.9973834,   0.07229284
robot_181
    3.937376,     -25.9909,            0,            0,            0,    0.3209626,    0.9470919
robot_61
    17.12028,    -21.99277,            0,            0,            0,    0.6437626,    0.7652253
