tuw_multi_robot_msgs::RobotGoalsArray @1970-01-01T00:15:22.800000
frame_id: map
         922,    800000000
robot_84
    21.92229,     2.267505,            0,            0,            0,   -0.8576578,    0.5142209
robot_116
    37.50684,    -9.906082,            0,            0,            0,    0.9949932,   0.09994308
robot_74
    33.93567,    -27.59879,            0,            0,            0,   -0.0680934,     0.997679
robot_41
     -25.931,    -21.77212,            0,            0,            0,    0.9990637,   0.04326418
robot_125
   -26.28695,     5.897761,            0,            0,            0,    -0.319688,    0.9475229
robot_136
    5.611434,    -9.922138,            0,            0,            0,   -0.8979886,    0.4400188
robot_173
   -10.54661,    -6.070407,            0,            0,            0,    0.9968431,   0.07939607
robot_67
   -22.15137,     17.78722,            0,            0,            0,   -0.4860843,    0.8739119
robot_197
    27.36018,    -13.99128,            0,            0,            0,    0.9486554,    0.3163114
robot_119
     33.9363,     10.86084,            0,            0,            0,   -0.9785174,    0.2061642
robot_82
   -2.065101,    -8.750228,            0,            0,            0,     0.271068,    0.9625602
robot_77
     25.9886,    -2.241296,            0,            0,            0,    0.9956185,   0.09350837
robot_5
   -37.96873,     14.18065,            0,            0,            0,    0.9547932,    0.2972707
robot_133
   -6.051975,     7.565717,            0,            0,            0,   -0.4076841,     0.913123
robot_99
    6.275364,     38.02336,            0,            0,            0,   -0.9615758,    0.2745395
robot_171
   -26.05321,    -18.70423,            0,            0,            0,    0.4149477,    0.9098453
robot_180
    19.84611,     34.00986,            0,            0,            0,    0.9947369,    0.1024622
robot_56
   -34.03899,     26.25615,            0,            0,            0,   -0.4008822,    0.9161296
robot_3
   -10.08611,     -16.3922,            0,            0,            0,    0.1449263,    0.9894425
robot_81
   -3.598114,     18.02522,            0,            0,            0,     0.905666,    0.4239918
robot_167
   -7.355495,    -2.007562,            0,            0,            0,   -0.8674161,    0.4975835
robot_25
    2.739869,    -25.97461,            0,            0,            0,   -0.3362074,     0.941788
robot_168
     29.9357,     15.95263,            0,            0,            0,    0.6696429,    0.7426832
robot_96
    14.49683,    -33.97502,            0,            0,            0,   -0.9990973,   0.04248038
robot_166
    25.93933,     7.623662,            0,            0,            0,    0.2783078,     0.960492
robot_102
   -6.075375,     22.48561,            0,            0,            0,   -0.8643474,    0.5028951
robot_192
   -30.03776,    -2.370194,            0,            0,            0,   -0.8519895,    0.5235589
robot_179
   -15.32249,     9.997092,            0,            0,            0,    0.3950228,    0.9186713
robot_142
   -3.927764,    -34.00858,            0,            0,            0,   -0.6287247,    0.7776279
robot_1
   -2.116377,    -29.92297,            0,            0,            0,   -0.9205389,    0.3906509
robot_44
    29.92444,     13.66008,            0,            0,            0,   -0.8597399,    0.5107321
robot_163
    30.03074,    -22.20789,            0,            0,            0,    -0.252894,     0.967494
robot_79
    4.500142,     21.99088,            0,            0,            0,   -0.7277963,    0.6857934
robot_8
   -38.04442,    -12.33703,            0,            0,            0,   -0.9974769,   0.07099161
robot_20
    36.50731,     10.01655,            0,            0,            0,   -0.1300202,    0.9915113
robot_143
   -21.99469,    -25.83074,            0,            0,            0,   -0.4052584,    0.9142022
robot_138
    28.57601,    -6.031606,            0,            0,            0,    0.6498482,     0.760064
robot_123
   -24.60278,    -38.02266,            0,            0,            0,    0.2598265,    0.9656553
robot_193
   -10.65847,     -14.0024,            0,            0,            0,   -0.8671113,    0.4981144
robot_187
    33.78237,     34.11046,            0,            0,            0,    0.9994803,   0.03223414
