tuw_multi_robot_msgs::RobotGoalsArray @1970-01-01T01:40:14.200000
frame_id: map
        6014,    200000000
robot_84
    21.92809,    -3.057202,            0,            0,            0,    0.8635649,    0.5042377
robot_116
   -6.208312,     -21.8711,            0,            0,            0,   -0.9858289,    0.1677539
robot_74
    -20.4532,    -17.99876,            0,            0,            0,    0.8691744,    0.4945057
robot_41
   -14.10696,     21.90206,            0,            0,            0,   -0.9807609,    0.1952127
robot_125
   -8.765888,    -5.994939,            0,            0,            0,   -0.4094583,    0.9123288
robot_136
   -22.04962,     19.74206,            0,            0,            0,   -0.3403913,    0.9402839
robot_173
    37.58032,      10.0248,            0,            0,            0,    0.9985171,   0.05443911
robot_67
   -9.914673,     -14.2264,            0,            0,            0,   -0.8205775,    0.5715353
robot_197
   -10.08576,     13.20113,            0,            0,            0,   -0.8625065,    0.5060459
robot_119
   -10.02516,    -38.12249,            0,            0,            0,    -0.984006,    0.1781355
robot_82
    27.99032,    -38.01692,            0,            0,            0,    0.8319813,    0.5548037
robot_77
   -30.07615,    -24.13769,            0,            0,            0,   -0.8347612,    0.5506121
robot_5
    13.72327,     2.076696,            0,            0,            0,   -0.2019102,     0.979404
robot_133
   -1.519432,    -18.00175,            0,            0,            0,   -0.4658209,     0.884879
robot_99
    29.85691,    -34.11015,            0,            0,            0,  -0.09217403,    0.9957429
robot_171
   -7.707706,      18.0278,            0,            0,            0,   -0.5035725,    0.8639529
robot_180
    29.98092,    -1.856446,            0,            0,            0,    0.6627077,    0.7488781
robot_56
   -1.476591,    -22.02645,            0,            0,            0,    0.9405923,    0.3395382
robot_3
    29.80464,     25.98108,            0,            0,            0,   -0.5050984,    0.8630617
robot_81
   -10.03674,    -7.912429,            0,            0,            0,    0.8138548,    0.5810683
robot_167
    13.91481,    -15.17053,            0,            0,            0,    0.1720182,    0.9850938
robot_25
    21.93985,     35.06556,            0,            0,            0,    0.9616626,    0.2742354
robot_168
   -17.15091,     6.024988,            0,            0,            0,   -0.8790367,     0.476754
robot_96
    10.39516,    -38.03385,            0,            0,            0,   -0.5394359,    0.8420267
robot_166
    27.34312,     5.994745,            0,            0,            0,   -0.4094529,    0.9123313
robot_102
    -34.0516,     34.17331,            0,            0,            0,    0.1015053,     0.994835
robot_192
     -38.372,    -33.93393,            0,            0,            0,   -0.9989312,   0.04622133
robot_179
    -34.0592,    -21.89129,            0,            0,            0,   -0.6189314,    0.7854451
robot_142
   -35.46164,    -29.98377,            0,            0,            0,     0.668428,    0.7437769
robot_1
    17.77979,     6.039875,            0,            0,            0,   -0.2318696,    0.9727469
robot_44
    24.81428,    -1.994302,            0,            0,            0,    0.4093969,    0.9123564
robot_163
   -22.06236,    -24.17886,            0,            0,            0,    0.7348827,    0.6781942
robot_79
    30.29643,     1.909253,            0,            0,            0,   -0.1928017,    0.9812377
robot_8
    17.91024,    -15.12904,            0,            0,            0,    0.9532028,    0.3023315
robot_20
    33.74599,    -30.09603,            0,            0,            0,   -0.3359414,    0.9418829
robot_143
    17.93926,    -33.28664,            0,            0,            0,   -0.8014458,    0.5980674
robot_138
   -18.08276,    -13.50544,            0,            0,            0,   -0.2923065,    0.9563247
robot_123
    13.70608,     -26.0234,            0,            0,            0,   -0.6365439,    0.7712404
robot_193
   -10.07531,     4.904726,            0,            0,            0,    -0.725984,    0.6877115
robot_187
   -22.03558,    -12.54691,            0,            0,            0,   -0.9051602,    0.4250707
robot_176
     9.81708,     13.99373,            0,            0,            0,   -0.9812745,    0.1926147
robot_66
   -0.817508,      21.9775,            0,            0,            0,   -0.8448335,    0.5350294
robot_63
    17.96556,     11.70893,            0,            0,            0,    0.5399899,    0.8416715
robot_31
   -30.05953,    -12.78475,            0,            0,            0,   -0.4130457,    0.9107103
robot_159
   -30.21843,    -9.889892,            0,            0,            0,    0.8013477,    0.5981989
robot_160
    2.037216,      17.9866,            0,            0,            0,   -0.8768216,    0.4808159
robot_151
   -22.36815,     26.05621,            0,            0,            0,   -0.6265442,    0.7793859
robot_150
    22.09521,     26.04637,            0,            0,            0,    -0.892676,    0.4506989
robot_137
    22.93594,     1.991092,            0,            0,            0,   -0.9999665,  0.008188352
robot_199
   -38.07052,    -31.51076,            0,            0,            0,    0.9951164,   0.09870861
robot_54
    33.90654,     11.42053,            0,            0,            0,   -0.5904762,     0.807055
robot_117
    32.26285,    -38.02346,            0,            0,            0,   -0.7622353,    0.6473001
robot_36
   -6.051629,     36.33472,            0,            0,            0,   -0.9465508,    0.3225548
robot_33
     5.92152,     12.24834,            0,            0,            0,   -0.9740949,    0.2261395
robot_146
    13.88527,    -37.97444,            0,            0,            0,     0.482906,    0.8756722
robot_156
     30.2993,      21.9175,            0,            0,            0,    -0.975598,    0.2195644
robot_112
     37.5435,    -14.00646,            0,            0,            0,   -0.9857867,    0.1680019
robot_19
    22.19892,    -6.032243,            0,            0,            0,    -0.935614,    0.3530248
robot_141
   -6.033528,    -27.00503,            0,            0,            0,    0.1220059,    0.9925294
robot_35
    30.17268,    -5.912381,            0,            0,            0,    0.6208907,    0.7838972
robot_184
    5.843528,     18.11078,            0,            0,            0,    -0.963668,     0.267103
robot_98
    17.96371,     3.490585,            0,            0,            0,   -0.9703353,    0.2417632
robot_100
   -30.03891,     6.097221,            0,            0,            0,    0.9768189,    0.2140672
robot_164
  -0.7679132,    -26.00412,            0,            0,            0,   -0.8561952,    0.5166525
robot_59
   -36.26473,    -25.99412,            0,            0,            0,   0.06157948,    0.9981022
robot_144
   -14.55205,     34.08018,            0,            0,            0,    0.9105462,    0.4134073
robot_101
    25.95122,     26.87337,            0,            0,            0,    0.8701896,     0.492717
robot_161
   -10.04386,     22.12356,            0,            0,            0,   -0.4977059,    0.8673458
robot_149
    22.42079,     17.94501,            0,            0,            0,   0.09020019,    0.9959237
robot_86
    13.93992,       38.312,            0,            0,            0,   -0.4135836,    0.9104662
robot_191
   -18.06682,     15.62614,            0,            0,            0,   -0.6676804,    0.7444481
robot_126
    -25.6685,     25.93466,            0,            0,            0,   -0.7973468,    0.6035214
robot_190
    -6.03914,    -7.688521,            0,            0,            0,  -0.04803278,    0.9988458
robot_131
   -26.04215,     29.17207,            0,            0,            0,   -0.4588956,    0.8884902
robot_154
    33.96627,    -39.21323,            0,            0,            0,    0.9875855,    0.1570826
robot_9
    9.909059,    -6.726799,            0,            0,            0,   -0.1547082,    0.9879602
robot_27
    29.98503,    -29.78006,            0,            0,            0,    0.7465696,    0.6653073
robot_34
   -22.07674,    -29.09846,            0,            0,            0,   -0.5498302,    0.8352765
robot_114
    15.62438,     14.01605,            0,            0,            0,    0.9740245,    0.2264426
robot_51
     33.8629,    -1.701227,            0,            0,            0,   -0.2161451,    0.9763612
robot_108
   -22.07039,     14.26894,            0,            0,            0,     0.715272,    0.6988462
robot_147
    17.93932,     -26.9434,            0,            0,            0,   -0.8705336,     0.492109
robot_183
   -9.441336,    -21.98304,            0,            0,            0,     0.995203,   0.09783122
robot_48
   -21.07264,     22.00412,            0,            0,            0,   -0.3697582,     0.929128
robot_60
   -30.01737,    -29.98401,            0,            0,            0,    0.9995875,   0.02872049
robot_75
    5.924016,     20.42756,            0,            0,            0,    0.3077315,    0.9514732
robot_152
    1.785247,     -14.1957,            0,            0,            0,   -0.8554152,     0.517943
robot_26
   -34.09843,     18.32489,            0,            0,            0,   -0.9906097,    0.1367201
robot_182
   -10.06231,     19.11627,            0,            0,            0,    0.6411122,    0.7674471
robot_172
   -9.693918,    -30.01664,            0,            0,            0,   -0.8972485,    0.4415259
robot_43
    10.07292,     10.10793,            0,            0,            0,   -0.8848745,    0.4658295
robot_170
    -31.9142,     33.97378,            0,            0,            0,   -0.1529948,     0.988227
robot_177
    5.957995,    -1.162175,            0,            0,            0,    0.5051853,    0.8630109
robot_80
   -30.08071,      27.8455,            0,            0,            0,   -0.9855757,    0.1692351
robot_16
   -19.53924,     34.02983,            0,            0,            0,    0.8430096,    0.5378985
robot_13
    22.32992,     38.06083,            0,            0,            0,   -0.1925147,    0.9812941
robot_178
    10.02755,      38.3337,            0,            0,            0,    0.1012501,     0.994861
robot_88
    9.846686,    -13.77237,            0,            0,            0,    0.7226737,    0.6911894
robot_194
   -34.07869,    0.3888922,            0,            0,            0,   -0.9998686,   0.01620856
robot_29
     37.9536,     13.84226,            0,            0,            0,    0.9281326,    0.3722497
robot_92
    13.91565,    -7.971997,            0,            0,            0,    0.6238747,    0.7815244
robot_87
   -32.80511,     22.00899,            0,            0,            0,      0.57343,    0.8192545
robot_68
    9.967218,     5.735839,            0,            0,            0,   -0.0389317,    0.9992419
robot_22
    -2.09153,     18.31817,            0,            0,            0,    0.8779733,    0.4787097
robot_38
    5.949648,     2.124366,            0,            0,            0,   -0.5034172,    0.8640435
robot_2
   -6.045046,     31.41062,            0,            0,            0,    0.9993934,   0.03482513
robot_110
     37.9131,     17.91295,            0,            0,            0,   -0.1212131,    0.9926265
robot_14
    -38.3788,     21.99538,            0,            0,            0,     0.976219,    0.2167868
robot_181
   -33.97338,     -5.87015,            0,            0,            0,    0.8866112,    0.4625155
robot_61
    2.004377,     29.84033,            0,            0,            0,    0.9987254,   0.05047277
robot_30
     17.9341,     21.37926,            0,            0,            0,   -0.3635804,    0.9315628
robot_122
   -10.01866,     1.908962,            0,            0,            0,   -0.9093149,    0.4161087
robot_132
   -6.091739,     13.53556,            0,            0,            0,   -0.8827337,    0.4698735
robot_45
   -11.68548,    -26.01681,            0,            0,            0,    0.2519642,    0.9677366
robot_21
   -22.46315,     38.03512,            0,            0,            0,   -0.9966509,   0.08177342
robot_39
    30.01838,    -17.68691,            0,            0,            0,    0.9997619,   0.02182082
robot_134
   -12.58107,     34.03008,            0,            0,            0,    0.9643069,    0.2647869
robot_15
    25.94862,     14.42393,            0,            0,            0,    0.8267294,    0.5625998
robot_145
   -30.29706,     2.003401,            0,            0,            0, 0.0002482502,            1
robot_140
    9.901162,     34.04395,            0,            0,            0,    0.2483626,    0.9686671
robot_196
    -34.1972,     14.00312,            0,            0,            0,   -0.4247694,    0.9053016
robot_188
    -3.95991,    -30.01099,            0,            0,            0,    0.6086521,    0.7934372
robot_4
    9.907018,    0.2936781,            0,            0,            0,    0.9884325,    0.1516614
robot_155
   -30.08686,    -26.72231,            0,            0,            0,    0.7587398,    0.6513939
robot_135
   -5.611128,     26.02307,            0,            0,            0,    0.1374432,    0.9905097
robot_93
    7.786618,    -33.97414,            0,            0,            0,   -0.9847406,    0.1740288
robot_111
    -2.08516,     7.482187,            0,            0,            0,    0.1352267,    0.9908147
robot_0
    -25.7267,    -30.08886,            0,            0,            0,    0.5393684,    0.8420699
robot_49
    33.80353,    -26.22064,            0,            0,            0,    0.9593313,    0.2822825
robot_113
    1.924937,     32.62222,            0,            0,            0,    0.5083223,    0.8611669
robot_94
   -26.03671,    -26.28462,            0,            0,            0,    0.9739264,     0.226864
robot_40
   -8.050201,     6.015821,            0,            0,            0,    0.9051854,    0.4250169
robot_103
   -34.09567,     -26.4365,            0,            0,            0,    0.9757472,    0.2189003
robot_6
   -2.156225,    -9.837923,            0,            0,            0,   -0.7242853,    0.6895004
robot_71
    21.95856,    -14.92475,            0,            0,            0,    0.2126968,    0.9771183
robot_17
   -28.38668,     22.01675,            0,            0,            0,   -0.7190683,    0.6949394
robot_120
    10.13013,    -22.05212,            0,            0,            0,   -0.9273059,    0.3743043
robot_189
    -10.0983,      32.9792,            0,            0,            0,    0.9999894,  0.004596657
robot_148
   -31.47177,     38.01172,            0,            0,            0,   -0.3688642,    0.9294833
robot_186
   -21.81742,    -9.994256,            0,            0,            0,   -0.7134065,    0.7007505
robot_198
    29.64107,     9.915093,            0,            0,            0,   -0.2959284,    0.9552101
robot_107
    19.64652,     38.01282,            0,            0,            0,    -0.758568,    0.6515939
robot_18
    30.15134,     34.08461,            0,            0,            0,   -0.1162752,     0.993217
robot_23
    34.42498,     22.00162,            0,            0,            0,   -0.9936604,     0.112423
robot_46
    -18.0717,     12.68881,            0,            0,            0,   -0.9956096,   0.09360286
robot_109
     21.6337,     13.94403,            0,            0,            0,    0.8327562,    0.5536399
robot_10
   -34.28957,    -10.11766,            0,            0,            0,   -0.5551836,    0.8317278
robot_157
    11.36759,    -10.02511,            0,            0,            0,   -0.7310723,       0.6823
robot_70
    21.88601,    -9.966057,            0,            0,            0,    0.9627463,    0.2704062
robot_55
    14.16067,    -5.903071,            0,            0,            0,   -0.4207539,    0.9071748
robot_73
    28.87124,     29.99896,            0,            0,            0,    -0.950019,    0.3121921
robot_69
   -16.27703,    -9.968258,            0,            0,            0,    0.8170747,    0.5765318
robot_65
    27.54223,     37.98442,            0,            0,            0,   -0.8041921,    0.5943694
robot_124
    5.933026,    -36.23336,            0,            0,            0,   -0.9876494,    0.1566801
robot_115
   -7.895378,     -18.0043,            0,            0,            0,    0.9902622,    0.1392145
robot_130
   -23.89575,    -38.01931,            0,            0,            0,   -0.4468664,    0.8946007
robot_85
    -10.4934,    -34.07345,            0,            0,            0,   -0.8468063,    0.5319014
robot_91
   -34.39295,    -17.99508,            0,            0,            0,   -0.1299259,    0.9915237
robot_47
   -1.746571,     13.92089,            0,            0,            0,    0.3027983,    0.9530547
robot_52
   -18.08304,    -15.94292,            0,            0,            0,   -0.9299034,    0.3678038
robot_195
   -6.055199,    -3.670121,            0,            0,            0,    0.5095913,    0.8604166
robot_72
   -34.04573,     25.34559,            0,            0,            0,  0.009475206,    0.9999551
robot_158
    37.16845,    -6.005281,            0,            0,            0,   0.01449606,    0.9998949
robot_153
   -6.049558,    -11.54023,            0,            0,            0,    -0.795669,    0.6057317
robot_105
    2.209464,     10.01059,            0,            0,            0,    0.6581963,    0.7528464
robot_162
     2.20702,     -18.0373,            0,            0,            0,     0.147268,    0.9890966
robot_97
   -29.61586,     9.965507,            0,            0,            0,   -0.9998225,     0.018839
robot_90
   -9.270742,    -25.99627,            0,            0,            0,    0.8088202,    0.5880561
robot_165
    3.214606,     25.99267,            0,            0,            0,     -0.94741,    0.3200224
robot_42
    37.90835,    -30.20898,            0,            0,            0,    0.6763727,    0.7365596
robot_7
    33.94099,    -6.347563,            0,            0,            0,    0.7077161,     0.706497
robot_28
     25.9161,     7.525064,            0,            0,            0,    0.6699454,    0.7424104
robot_118
   -24.67907,     5.969137,            0,            0,            0,    -0.757919,    0.6523486
robot_139
    2.314734,     13.97005,            0,            0,            0,    0.5249821,    0.8511133
robot_129
    -14.1663,    -22.01246,            0,            0,            0,    0.9608918,    0.2769239
robot_57
   -38.07313,     16.91605,            0,            0,            0,   -0.3774692,    0.9260222
robot_24
    35.09914,     33.97238,            0,            0,            0,   -0.8520146,     0.523518
robot_106
    2.029102,     22.00885,            0,            0,            0,   -0.8061757,    0.5916762
robot_185
    37.93792,     27.88213,            0,            0,            0,    0.5657151,    0.8246008
robot_174
     33.9018,    -4.022891,            0,            0,            0,   -0.9982298,   0.05947513
robot_58
   -17.14474,    -25.97256,            0,            0,            0,    0.6653628,    0.7465201
robot_12
   -14.04843,     37.12982,            0,            0,            0,    0.6010739,    0.7991934
robot_95
    13.88004,     -22.0885,            0,            0,            0,   -0.9857741,    0.1680755
robot_78
   -25.95524,     14.21002,            0,            0,            0,   -0.8721911,    0.4891653
robot_62
    33.92704,    -10.36431,            0,            0,            0,    0.8294383,    0.5585983
robot_121
   -18.24351,    -5.996253,            0,            0,            0,   -0.8640735,    0.5033656
robot_83
   -23.39647,    -6.017254,            0,            0,            0,  -0.05725063,    0.9983598
robot_127
    13.81062,       5.8912,            0,            0,            0,    0.9952573,   0.09727711
robot_128
   -22.07797,     10.50751,            0,            0,            0,     0.943404,    0.3316457
robot_32
    17.07735,    -38.02955,            0,            0,            0,   -0.9483675,    0.3171736
robot_89
   -34.08234,    -34.17595,            0,            0,            0,    0.8772926,     0.479956
robot_11
     13.9667,    -18.49188,            0,            0,            0,    0.7226235,    0.6912419
robot_37
    33.91684,    -14.21836,            0,            0,            0,   -0.3809889,    0.9245796
robot_175
    8.065471,     -2.01428,            0,            0,            0,   -0.3086712,    0.9511688
robot_50
    13.59171,    -2.068271,            0,            0,            0,   -0.5808799,    0.8139893
robot_64
    29.86526,     38.06391,            0,            0,            0,   -0.9823639,    0.1869791
robot_76
    28.96171,     17.97025,            0,            0,            0,    0.9341809,    0.3567997
robot_104
   -5.969527,    -29.88295,            0,            0,            0,    -0.830792,    0.5565831
robot_169
   -22.06947,     -15.1946,            0,            0,            0,    -0.999923,   0.01240717
robot_53
   -22.08057,     29.71888,            0,            0,            0,   -0.1282597,    0.9917406
