tuw_multi_robot_msgs::RobotGoalsArray @1970-01-01T01:36:35.800000
frame_id: map
        5795,    800000000
robot_84
   -18.28786,     38.03359,            0,            0,            0,    0.3400728,    0.9403991
robot_116
   -21.90479,    -22.13089,            0,            0,            0,    0.8837641,    0.4679327
robot_74
   -6.202515,     29.90774,            0,            0,            0,    0.6339204,    0.7733983
robot_41
    6.018967,     21.98055,            0,            0,            0,   0.01592534,    0.9998732
robot_125
    17.96006,     -31.5369,            0,            0,            0,   -0.9994377,   0.03353158
robot_136
     29.0009,     38.02933,            0,            0,            0,   -0.4750267,    0.8799714
robot_173
   -6.099322,    -6.577931,            0,            0,            0,   -0.8655995,    0.5007369
robot_67
   -22.01194,    -5.964447,            0,            0,            0,    -0.958202,    0.2860926
robot_197
   -30.08769,    -23.20847,            0,            0,            0,    -0.480007,    0.8772647
robot_119
    29.93651,    -4.332413,            0,            0,            0,    0.9501465,    0.3118037
robot_82
   -22.04921,    -15.52663,            0,            0,            0,    0.1985676,    0.9800872
robot_77
   -10.06882,     20.01885,            0,            0,            0,    0.7360218,    0.6769578
robot_5
   -30.05594,     8.020268,            0,            0,            0,   -0.8740995,     0.485747
robot_133
    13.78186,    -18.02643,            0,            0,            0,    0.9569966,    0.2900991
robot_99
    33.91596,     16.51898,            0,            0,            0,    0.3135026,    0.9495874
robot_171
   -30.22606,     1.967477,            0,            0,            0,    0.2137496,    0.9768885
robot_180
   -17.62089,     18.01416,            0,            0,            0,    0.7845345,    0.6200851
robot_56
    13.96158,     4.295481,            0,            0,            0,   0.03635338,     0.999339
robot_3
   -5.888048,    -17.90612,            0,            0,            0,   -0.4245202,    0.9054185
robot_81
   -10.09176,    -5.058342,            0,            0,            0,    0.9237955,    0.3828863
robot_167
    26.70105,    -17.99888,            0,            0,            0,    0.3225688,     0.946546
robot_25
   -21.86723,    -29.84658,            0,            0,            0,   -0.8805416,    0.4739689
robot_168
    30.94637,    -10.01294,            0,            0,            0,    0.2215902,    0.9751399
robot_96
    16.85854,     25.98169,            0,            0,            0,  -0.02081392,    0.9997834
robot_166
   -14.41222,    -6.001332,            0,            0,            0,   0.01319323,     0.999913
robot_102
   -12.85083,    -9.969373,            0,            0,            0,    0.2875631,    0.9577617
robot_192
    9.938257,    -26.76436,            0,            0,            0,    0.6854169,    0.7281509
robot_179
    9.855227,     34.00287,            0,            0,            0,   -0.6306111,     0.776099
robot_142
     27.0591,     30.03124,            0,            0,            0,    0.9903025,     0.138928
robot_1
   -6.202802,    -1.851258,            0,            0,            0,    0.8270434,    0.5621381
robot_44
    33.92434,     -14.4138,            0,            0,            0,   -0.7452994,    0.6667299
robot_163
   -34.06445,    -30.38318,            0,            0,            0,    0.9142634,    0.4051203
robot_79
   -24.56439,     33.99063,            0,            0,            0,    0.8589925,    0.5119881
robot_8
   -29.81936,     13.93306,            0,            0,            0,    0.4499367,    0.8930604
robot_20
   -33.95009,    -5.874716,            0,            0,            0,   -0.2393342,    0.9709373
robot_143
     37.9005,    -10.80512,            0,            0,            0,   -0.9967741,    0.0802584
robot_138
   -18.00624,    -14.23772,            0,            0,            0,   0.07990751,    0.9968023
robot_123
   -25.88408,       9.9489,            0,            0,            0,   -0.5543093,    0.8323107
robot_193
   -20.72785,    -17.99933,            0,            0,            0,   -0.8223983,    0.5689121
robot_187
   -30.03814,    -2.482475,            0,            0,            0,  -0.01043829,    0.9999455
robot_176
    -26.4109,    -26.00905,            0,            0,            0,   -0.2025004,    0.9792822
robot_66
    17.07359,     13.98423,            0,            0,            0,    0.7822398,    0.6229774
robot_63
   -14.16615,     1.877543,            0,            0,            0,   0.03944515,    0.9992217
robot_31
    -24.3932,     22.02402,            0,            0,            0,   -0.9109466,    0.4125244
robot_159
    29.38858,    -29.98837,            0,            0,            0,   -0.3282157,    0.9446028
robot_160
    1.952603,    -24.07463,            0,            0,            0,   -0.9809239,    0.1943923
robot_151
   -26.09278,     32.57758,            0,            0,            0,    0.5073948,    0.8617137
robot_150
   -30.15996,     25.90974,            0,            0,            0,   -0.9864053,    0.1643307
robot_137
   -27.13084,     22.02285,            0,            0,            0,    0.9466708,    0.3222024
robot_199
   -14.17525,     26.01516,            0,            0,            0,    0.9951482,   0.09838767
robot_54
     33.9519,    -12.02628,            0,            0,            0,   -0.8711462,    0.4910237
robot_117
     29.9371,    -38.18585,            0,            0,            0,   -0.5160772,    0.8565421
robot_36
   -26.39926,    -38.03085,            0,            0,            0,   -0.8227004,    0.5684752
robot_33
    22.40482,     2.061418,            0,            0,            0,    0.8494544,    0.5276621
robot_146
   -10.50066,      30.0891,            0,            0,            0,   -0.9409804,    0.3384612
robot_156
   -34.06078,    -39.01745,            0,            0,            0,   -0.5898765,    0.8074935
robot_112
    13.94501,    -28.78328,            0,            0,            0,    0.1422453,    0.9898314
robot_19
    14.12593,        25.92,            0,            0,            0,    0.5459646,    0.8378082
robot_141
   -23.19093,     25.98957,            0,            0,            0,    0.9915766,    0.1295217
robot_35
    21.95972,     7.968455,            0,            0,            0,   -0.1593777,    0.9872177
robot_184
    22.06349,    -10.21787,            0,            0,            0,   -0.9934589,      0.11419
robot_98
    10.13935,    -9.978755,            0,            0,            0,    0.9355032,    0.3533183
robot_100
    37.97572,      30.0645,            0,            0,            0,   -0.2761794,    0.9611061
robot_164
    13.87855,     9.989487,            0,            0,            0,   -0.5256422,    0.8507057
robot_59
    17.95694,     39.16796,            0,            0,            0,   -0.2624989,    0.9649323
robot_144
    6.006452,     -37.6428,            0,            0,            0,   -0.5137863,    0.8579182
robot_101
    17.94586,      31.3294,            0,            0,            0,    0.4853096,    0.8743424
robot_161
    9.931371,    -19.85362,            0,            0,            0,    0.3812725,    0.9244627
robot_149
   -34.15536,     25.77734,            0,            0,            0,     0.664072,    0.7476686
robot_86
    1.115586,    -18.01395,            0,            0,            0,   -0.7142162,    0.6999252
robot_191
    21.90094,    -26.85332,            0,            0,            0,    0.1829877,    0.9831152
robot_126
    6.364441,     37.99117,            0,            0,            0,    0.8101225,    0.5862607
robot_190
   -34.65568,     17.97792,            0,            0,            0,   0.07258916,    0.9973619
robot_131
   -18.07393,    -28.64838,            0,            0,            0,   -0.8656768,    0.5006033
robot_154
 -0.01723312,    -13.96685,            0,            0,            0,   -0.2647381,    0.9643203
robot_9
    23.87829,       -6.025,            0,            0,            0,    0.8381815,    0.5453914
robot_27
    7.321103,     18.02442,            0,            0,            0,    -0.188302,    0.9821112
robot_34
   -25.99465,    -30.20277,            0,            0,            0,    0.8687383,    0.4952715
robot_114
    9.855859,    -37.92791,            0,            0,            0,   -0.9996258,   0.02735361
robot_51
    -1.93124,    -22.02564,            0,            0,            0,   -0.8459591,    0.5332479
robot_108
    1.947123,    -11.12222,            0,            0,            0,    0.4169546,    0.9089273
robot_147
   -38.08171,     31.11433,            0,            0,            0,    0.9658274,    0.2591859
robot_183
   -33.77066,     33.93848,            0,            0,            0,   -0.8460232,     0.533146
robot_48
   -21.90836,      34.1788,            0,            0,            0,    0.4216933,    0.9067385
robot_60
    21.51489,     25.91893,            0,            0,            0,   -0.9445615,    0.3283344
robot_75
   -26.07141,    -11.78381,            0,            0,            0,    0.9353705,    0.3536695
robot_152
    -14.0698,    -28.71618,            0,            0,            0,   -0.1794788,    0.9837618
robot_26
    10.02536,    -13.90635,            0,            0,            0,    0.9841841,     0.177149
robot_182
    8.844476,    -21.96922,            0,            0,            0,    0.8725953,    0.4884439
robot_172
   -10.48116,     5.985159,            0,            0,            0,   -0.6949734,    0.7190354
robot_43
    10.05477,       17.942,            0,            0,            0,    0.2325172,    0.9725923
robot_170
   -24.92589,     38.03064,            0,            0,            0,    -0.925373,    0.3790577
robot_177
    37.92903,     13.98384,            0,            0,            0,  -0.09056115,    0.9958909
robot_80
    5.959383,    -20.82177,            0,            0,            0,   -0.6131397,    0.7899745
robot_16
    37.92446,    -6.791605,            0,            0,            0,   -0.3522217,    0.9359166
robot_13
    25.77205,    -29.93786,            0,            0,            0,   -0.3742103,    0.9273439
robot_178
    9.945535,      22.0185,            0,            0,            0,   -0.7853485,    0.6190539
robot_88
    -31.8781,     9.999917,            0,            0,            0,    0.2822985,    0.9593266
robot_194
   -17.90217,     5.796637,            0,            0,            0,   -0.9987247,   0.05048806
robot_29
   -35.33937,     10.00587,            0,            0,            0,    0.7621901,    0.6473532
robot_92
    25.78783,     1.932648,            0,            0,            0,    0.8127825,    0.5825672
robot_87
   -22.09623,    -24.45859,            0,            0,            0,   -0.2969865,    0.9548817
robot_68
    28.12595,    -5.977539,            0,            0,            0,    0.8383208,    0.5451772
robot_22
   -22.09896,    -3.932854,            0,            0,            0,     0.405499,    0.9140955
robot_38
    38.09376,     18.10668,            0,            0,            0,   -0.5010214,    0.8654349
robot_2
   -18.20502,     22.12158,            0,            0,            0,    0.9537613,     0.300565
robot_110
   -6.246833,    -33.97893,            0,            0,            0,   -0.7902947,    0.6127269
robot_14
    6.238202,     1.972109,            0,            0,            0,   -0.2939412,    0.9558235
robot_181
   -18.46334,     30.04869,            0,            0,            0,   -0.9999855,  0.005387636
robot_61
    37.45136,     25.90883,            0,            0,            0,   -0.7163228,    0.6977691
robot_30
   -32.74713,    -34.00573,            0,            0,            0,    0.2373981,    0.9714124
robot_122
   -10.07839,    -30.94066,            0,            0,            0,    0.6025547,    0.7980776
robot_132
   -20.53769,     6.000869,            0,            0,            0,   -0.2613817,    0.9652355
robot_45
   -15.68919,     38.01765,            0,            0,            0,    0.6802746,    0.7329574
robot_21
    25.95677,    -13.43212,            0,            0,            0,    0.2194172,    0.9756311
robot_39
    33.79141,     21.77671,            0,            0,            0,    0.9737959,    0.2274238
robot_134
    -6.06139,     4.741987,            0,            0,            0,   0.01553266,    0.9998794
robot_15
   -21.89945,     13.97504,            0,            0,            0,    0.9190689,    0.3940969
robot_145
    22.90304,     21.98007,            0,            0,            0,    0.8558749,    0.5171829
robot_140
   -25.93338,     5.865779,            0,            0,            0,    0.1586461,    0.9873355
robot_196
    5.989514,    -10.10019,            0,            0,            0,    0.5293542,    0.8484009
robot_188
   -29.16737,    -34.01007,            0,            0,            0,   -0.7522504,    0.6588773
robot_4
    18.62184,    -9.968299,            0,            0,            0,    0.3284032,    0.9445376
robot_155
    4.943261,    -18.03174,            0,            0,            0,    -0.890533,    0.4549187
robot_135
     21.9623,    -3.527946,            0,            0,            0,     0.947634,    0.3193585
robot_93
   -25.50946,     29.97732,            0,            0,            0,   -0.1556538,    0.9878117
robot_111
   -33.85334,     14.02832,            0,            0,            0,    0.2505503,    0.9681036
robot_0
    1.910546,    -15.39614,            0,            0,            0,    0.2969714,    0.9548864
robot_49
   -14.08624,     13.29384,            0,            0,            0,   -0.4386461,    0.8986599
robot_113
   -26.07657,    -18.97767,            0,            0,            0,    0.3998923,    0.9165621
robot_94
    37.96312,    -29.64194,            0,            0,            0,    0.8492767,     0.527948
robot_40
   -0.763572,    -6.005368,            0,            0,            0,   -0.9958565,   0.09093852
robot_103
    31.61365,       38.017,            0,            0,            0,   -0.7199979,    0.6939763
robot_6
   -9.225967,     13.99176,            0,            0,            0,   -0.9439604,    0.3300588
robot_71
    29.97119,     1.964559,            0,            0,            0,    0.9172787,    0.3982459
robot_17
    29.91689,     13.15269,            0,            0,            0,    0.9975314,   0.07022227
robot_120
   -27.20798,    -2.013759,            0,            0,            0,    0.3360371,    0.9418487
robot_189
    2.582722,     29.97446,            0,            0,            0,    -0.931397,    0.3640049
robot_148
     36.0432,     6.027001,            0,            0,            0,   -0.8113299,    0.5845886
robot_186
    6.310481,    -30.04536,            0,            0,            0,    0.8026657,    0.5964292
