tuw_multi_robot_msgs::RobotGoalsArray @1970-01-01T00:02:16
frame_id: map
         136,            0
robot_84
   -14.04892,     19.84634,            0,            0,            0,   -0.8900081,    0.4559447
robot_116
    2.350292,     -29.9429,            0,            0,            0,   -0.5143026,    0.8576088
robot_74
   -25.98744,    -25.69431,            0,            0,            0,    0.3940839,    0.9190745
robot_41
    5.470008,     5.934752,            0,            0,            0,    -0.220577,    0.9753696
robot_125
    23.28214,    -1.972857,            0,            0,            0,    0.9555915,    0.2946944
robot_136
    9.771336,     30.18571,            0,            0,            0,   -0.9587623,    0.2842091
robot_173
    18.19184,     -6.00698,            0,            0,            0,    0.3719114,    0.9282682
robot_67
   -3.411142,     34.00149,            0,            0,            0,    0.3953268,    0.9185405
robot_197
   -26.14418,     14.12173,            0,            0,            0,    0.9993039,   0.03730523
robot_119
    11.42049,     9.985276,            0,            0,            0,    0.8700133,    0.4930282
robot_82
   -18.07804,     37.98504,            0,            0,            0,    0.8536503,    0.5208466
robot_77
   -2.395777,    -13.92126,            0,            0,            0,   -0.6016598,    0.7987524
robot_5
    9.877736,     6.084381,            0,            0,            0,   -0.2377401,    0.9713288
robot_133
   -21.53716,     14.02413,            0,            0,            0,   -0.9983278,   0.05780591
robot_99
    37.93272,    -33.12491,            0,            0,            0,    0.2371992,     0.971461
robot_171
   0.5097986,     30.03282,            0,            0,            0,   -0.7986241,    0.6018302
robot_180
    33.86287,     29.82709,            0,            0,            0,   -0.9939167,    0.1101343
robot_56
   -15.87983,     17.99696,            0,            0,            0,   -0.1755651,    0.9844678
robot_3
    17.91904,     13.42155,            0,            0,            0,   -0.6966722,    0.7173896
robot_81
    11.18725,     18.02331,            0,            0,            0,    -0.892537,    0.4509742
robot_167
   -2.086742,    -31.34066,            0,            0,            0,    0.6739612,    0.7387668
robot_25
   -29.99519,    -29.71603,            0,            0,            0,    0.3467507,    0.9379573
robot_168
    26.28975,    -14.06418,            0,            0,            0,   -0.5364134,    0.8439554
robot_96
   -18.06675,    -4.030121,            0,            0,            0,   -0.7092734,    0.7049335
robot_166
    21.91672,     10.45276,            0,            0,            0,   -0.9821765,    0.1879608
