tuw_multi_robot_msgs::RobotGoalsArray @1970-01-01T01:21:55.700000
frame_id: map
        4915,    700000000
robot_84
    5.915451,     17.56234,            0,            0,            0,   -0.2349925,    0.9719972
robot_116
   -30.07269,     26.72333,            0,            0,            0,     0.865297,    0.5012595
robot_74
    39.30041,     26.01559,            0,            0,            0,    0.4596918,    0.8880785
robot_41
    14.44856,     38.02827,            0,            0,            0,    0.1785397,    0.9839327
robot_125
    3.447334,    -22.02734,            0,            0,            0,   -0.5326991,    0.8463047
robot_136
   -8.835959,      -14.023,            0,            0,            0,   -0.6846957,    0.7288291
robot_173
    21.88714,     6.152566,            0,            0,            0,    0.9993829,   0.03512529
robot_67
    -38.0087,     30.26791,            0,            0,            0,    0.7762152,    0.6304681
robot_197
   -13.94834,     13.85923,            0,            0,            0,   -0.9822426,    0.1876153
robot_119
  -0.6987169,    -25.98673,            0,            0,            0,   -0.0171495,    0.9998529
