tuw_multi_robot_msgs::RobotGoalsArray @1970-01-01T00:01:10.900000
frame_id: map
          70,    900000000
robot_84
   -22.03735,      27.4599,            0,            0,            0,    0.1484717,    0.9889167
robot_116
   -9.883912,    -34.11566,            0,            0,            0,   -0.8332856,    0.5528428
robot_74
    -30.0369,    -18.14997,            0,            0,            0,   -0.9952545,   0.09730615
robot_41
   -26.09739,    -23.80042,            0,            0,            0,    0.6711505,    0.7413211
robot_125
   -30.04847,    -1.112812,            0,            0,            0,    0.4494788,     0.893291
robot_136
    -30.1812,    -25.91139,            0,            0,            0,    -0.830652,    0.5567919
robot_173
    25.46766,      22.0978,            0,            0,            0,    0.9846475,    0.1745547
robot_67
     22.3443,     10.09256,            0,            0,            0,    -0.694669,    0.7193296
robot_197
    17.92259,     21.61935,            0,            0,            0,    0.7348765,    0.6782009
robot_119
   -15.61618,     1.974841,            0,            0,            0,     0.215503,    0.9765032
robot_82
    30.92368,    -30.00349,            0,            0,            0,   -0.2216276,    0.9751314
robot_77
    26.01787,     18.08207,            0,            0,            0,  -0.08471249,    0.9964054
robot_5
    33.95272,    -11.39613,            0,            0,            0,  -0.08750625,     0.996164
robot_133
    3.454544,    -25.97834,            0,            0,            0,   -0.1008182,    0.9949049
robot_99
   -33.85215,    -14.10744,            0,            0,            0,    0.4676717,    0.8839022
robot_171
    8.244014,     18.02002,            0,            0,            0,   0.02601035,    0.9996617
robot_180
     1.33441,     18.02821,            0,            0,            0,    0.4045267,    0.9145262
robot_56
    10.01397,    -18.09524,            0,            0,            0,    0.9992713,   0.03816913
robot_3
    17.96551,    -21.70034,            0,            0,            0,   0.06229414,    0.9980578
robot_81
    25.84485,     10.20008,            0,            0,            0,    0.9968716,   0.07903852
robot_167
   -34.03231,    -26.21451,            0,            0,            0,   -0.2978663,    0.9546076
robot_25
    1.945436,     25.70245,            0,            0,            0,   0.04441436,    0.9990132
robot_168
    5.871035,    -17.89736,            0,            0,            0,     -0.60139,    0.7989556
robot_96
   -10.86379,     -18.0287,            0,            0,            0,    0.9768856,    0.2137626
robot_166
    13.55328,    -26.02452,            0,            0,            0,    0.9260287,     0.377453
