tuw_multi_robot_msgs::RobotGoalsArray @1970-01-01T01:31:14.300000
frame_id: map
        5474,    300000000
robot_84
   -38.23231,     9.846743,            0,            0,            0,   -0.2222265,    0.9749951
robot_116
   -7.372812,     22.00819,            0,            0,            0,    0.5857474,    0.8104937
robot_74
   -26.83526,    -34.02974,            0,            0,            0,     0.799872,    0.6001706
robot_41
   -18.30326,    -10.01371,            0,            0,            0,    0.7851402,    0.6193181
robot_125
   -26.42551,     -17.9669,            0,            0,            0,   -0.9931772,    0.1166154
robot_136
    1.914145,     5.999711,            0,            0,            0,   -0.8837994,     0.467866
robot_173
   -34.04947,    -30.81863,            0,            0,            0,    -0.854189,    0.5199626
robot_67
   -11.67681,     29.99643,            0,            0,            0,   -0.3097933,    0.9508039
robot_197
   -34.09909,    -36.03093,            0,            0,            0,   -0.3211585,    0.9470255
robot_119
    8.325748,     6.011776,            0,            0,            0,    0.9858081,    0.1678761
robot_82
    -2.05349,     24.35761,            0,            0,            0,    0.8837779,    0.4679065
robot_77
    37.96695,    -9.278048,            0,            0,            0,  -0.07510301,    0.9971758
robot_5
   -14.08208,     13.60368,            0,            0,            0,   -0.6562529,     0.754541
robot_133
    21.97342,     17.72948,            0,            0,            0,    0.3662687,    0.9305091
robot_99
     17.5999,     1.994022,            0,            0,            0,     -0.86917,    0.4945134
robot_171
    20.54635,    -34.02862,            0,            0,            0,   -0.9583132,    0.2857197
robot_180
   -2.092575,     13.14661,            0,            0,            0,    0.7525069,    0.6585844
robot_56
    15.89508,      -22.013,            0,            0,            0,  -0.08389568,    0.9964745
robot_3
   -13.98347,     34.17608,            0,            0,            0,    0.9465493,    0.3225591
robot_81
    13.92542,     15.89401,            0,            0,            0,    0.7865475,    0.6175298
robot_167
  -0.5764784,    -22.00539,            0,            0,            0,   -0.5387823,    0.8424451
robot_25
    -18.0822,     30.88842,            0,            0,            0,    -0.434701,    0.9005748
robot_168
   -5.628298,    -10.08341,            0,            0,            0,    0.6288158,    0.7775543
robot_96
    29.94061,    -15.61918,            0,            0,            0,   -0.5126142,    0.8586191
robot_166
    24.36219,      21.9967,            0,            0,            0,   -0.5849114,    0.8110972
robot_102
     1.92904,     9.191706,            0,            0,            0,   -0.8595987,    0.5109698
robot_192
     1.34533,     21.98131,            0,            0,            0,   -0.1909927,    0.9815914
robot_179
    1.971094,    -25.73389,            0,            0,            0,   -0.9939261,      0.11005
robot_142
    13.90957,    -32.03164,            0,            0,            0,   -0.5969785,    0.8022572
robot_1
    10.41403,    -17.94936,            0,            0,            0,   -0.9996862,   0.02505035
robot_44
   -6.089881,     33.37756,            0,            0,            0,   -0.3855711,    0.9226781
robot_163
   -26.25751,     -14.1286,            0,            0,            0,   -0.5145823,     0.857441
robot_79
    24.06455,     5.999916,            0,            0,            0,    -0.699393,    0.7147373
robot_8
    31.88102,    -37.97977,            0,            0,            0,   -0.4993024,    0.8664278
robot_20
    35.85803,    -5.968441,            0,            0,            0,    0.5313387,    0.8471595
robot_143
   -33.82404,     33.92074,            0,            0,            0,    0.2500081,    0.9682437
robot_138
    34.37256,    -18.03719,            0,            0,            0,    0.9956641,   0.09302143
robot_123
   -18.51705,    -21.97837,            0,            0,            0,   -0.5053877,    0.8628924
robot_193
     9.88127,    -33.93245,            0,            0,            0,    -0.112962,    0.9935993
robot_187
   -38.44812,     25.92079,            0,            0,            0,     0.409874,    0.9121422
robot_176
    25.93219,     20.53927,            0,            0,            0,    0.7214531,    0.6924633
robot_66
    -27.9201,    -1.989337,            0,            0,            0,   -0.9896266,    0.1436637
robot_63
    10.93473,     25.97555,            0,            0,            0,   -0.8553432,    0.5180617
robot_31
   -14.07444,    -8.550123,            0,            0,            0,   -0.9683248,    0.2496938
robot_159
    -2.05031,    -25.67321,            0,            0,            0,    0.2195119,    0.9756098
robot_160
    -7.63369,    -1.976141,            0,            0,            0,      0.16305,    0.9866178
robot_151
    2.498565,     13.99947,            0,            0,            0,   -0.8034804,    0.5953312
robot_150
    28.43337,    -29.97083,            0,            0,            0,    0.1086069,    0.9940848
robot_137
   -22.01812,     14.09341,            0,            0,            0,    0.7771367,    0.6293318
robot_199
    37.45386,     34.01985,            0,            0,            0,    0.2224761,    0.9749382
robot_54
   -17.91172,     33.79059,            0,            0,            0,   -0.4578026,    0.8890539
robot_117
    13.46498,    -38.09844,            0,            0,            0,   -0.7830951,     0.621902
robot_36
    5.857993,     9.822603,            0,            0,            0,    0.9949053,    0.1008136
robot_33
   -14.05604,     8.867556,            0,            0,            0,   -0.1550859,     0.987901
robot_146
   -18.09566,    -13.38551,            0,            0,            0,   -0.9676814,    0.2521758
robot_156
    9.914616,     -7.03437,            0,            0,            0,    0.6494662,    0.7603905
robot_112
   -18.26621,     25.88575,            0,            0,            0,    0.1890858,    0.9819606
robot_19
    12.86316,    -30.00857,            0,            0,            0,   -0.9312205,    0.3644562
robot_141
   -6.218352,    -30.22542,            0,            0,            0,    0.7783828,    0.6277899
robot_35
   -15.12829,      30.0324,            0,            0,            0,    0.7887167,    0.6147568
robot_184
   -22.01648,    -30.11127,            0,            0,            0,   -0.9891063,     0.147203
robot_98
   -33.38245,    -14.02181,            0,            0,            0,   -0.1553642,    0.9878573
robot_100
   -28.90811,     13.97532,            0,            0,            0,    0.6371765,    0.7707179
robot_164
   -22.22813,    -1.852324,            0,            0,            0,  0.005799309,    0.9999832
robot_59
    13.95068,    -10.45815,            0,            0,            0,    0.9176313,    0.3974328
robot_144
    27.45054,     38.00672,            0,            0,            0,   -0.9965435,   0.08307282
robot_101
   -34.06278,     3.332648,            0,            0,            0,    0.9289833,    0.3701216
robot_161
   -30.02268,     38.36054,            0,            0,            0,   -0.9044196,     0.426644
robot_149
   -39.78536,    -9.975158,            0,            0,            0,   -0.2211912,    0.9752305
robot_86
   -37.96507,    -33.88038,            0,            0,            0,    0.4138957,    0.9103243
robot_191
   -30.10957,    -1.881857,            0,            0,            0,   -0.6776208,    0.7354115
robot_126
    21.94148,     28.70834,            0,            0,            0,    0.5576583,    0.8300706
robot_190
    26.01579,      1.69635,            0,            0,            0,  -0.04634636,    0.9989254
robot_131
   -18.51279,    -6.023144,            0,            0,            0,   -0.9423345,    0.3346724
robot_154
    30.19688,    -18.05972,            0,            0,            0,   -0.9822717,    0.1874626
robot_9
    9.876509,     2.129532,            0,            0,            0,    0.8815269,    0.4721338
robot_27
    -32.0514,    -25.97438,            0,            0,            0,    0.1720504,    0.9850882
robot_34
    32.87109,    -33.98918,            0,            0,            0,   -0.2430349,    0.9700176
robot_114
    33.94559,     30.54696,            0,            0,            0,   -0.9755263,    0.2198829
robot_51
   -10.09206,      37.4006,            0,            0,            0,   -0.2078016,     0.978171
robot_108
   -18.77664,    -17.98309,            0,            0,            0,   -0.9907712,    0.1355449
robot_147
    21.91629,    -16.58806,            0,            0,            0,   -0.1046643,    0.9945076
robot_183
    37.49334,    -30.04039,            0,            0,            0,   -0.7023849,    0.7117973
robot_48
   -13.58331,     22.01139,            0,            0,            0,    0.3919608,    0.9199819
robot_60
    27.12166,    -17.97526,            0,            0,            0,   -0.9122585,    0.4096151
robot_75
   -34.07727,     23.91217,            0,            0,            0,    -0.842715,    0.5383599
robot_152
    25.98118,    -13.63519,            0,            0,            0,   -0.8951035,    0.4458585
robot_26
    37.92789,     25.71808,            0,            0,            0,   -0.8408789,    0.5412233
robot_182
   -34.11351,     18.30629,            0,            0,            0,    0.8706686,    0.4918702
robot_172
   -2.096102,    -14.83594,            0,            0,            0,   0.05823913,    0.9983027
robot_43
    21.89365,    -26.07943,            0,            0,            0,   -0.9221104,     0.386927
robot_170
     -32.259,     22.00782,            0,            0,            0,    0.2277803,    0.9737125
robot_177
     34.0783,     33.95812,            0,            0,            0,     0.663132,    0.7485025
robot_80
   -34.07035,     -11.8166,            0,            0,            0,   -0.4808069,    0.8768265
robot_16
   -31.38758,     34.01053,            0,            0,            0,    0.8932669,    0.4495267
robot_13
   -34.50551,    -21.96443,            0,            0,            0,   -0.9668482,    0.2553518
robot_178
   -26.05061,      17.6968,            0,            0,            0,     0.395275,    0.9185628
robot_88
   -6.437004,     38.01466,            0,            0,            0,   -0.6004484,    0.7996635
robot_194
     37.9561,     6.099968,            0,            0,            0,   0.07709511,    0.9970237
robot_29
    12.35828,    -33.98954,            0,            0,            0,    0.6195417,    0.7849638
robot_92
   -6.049642,    -26.31088,            0,            0,            0,   -0.9564059,    0.2920407
robot_87
   -2.072479,     16.51471,            0,            0,            0,   -0.1930762,    0.9811838
robot_68
    21.95145,     13.39829,            0,            0,            0,   -0.6113766,    0.7913398
robot_22
    18.02648,    -9.885173,            0,            0,            0,   -0.9905061,    0.1374689
robot_38
    15.21087,    -6.002949,            0,            0,            0,   -0.7947991,    0.6068726
robot_2
   -18.07287,     15.57668,            0,            0,            0,   -0.9188528,    0.3946005
robot_110
   -16.81977,     14.01858,            0,            0,            0,    0.1175231,    0.9930702
robot_14
   -17.91421,     38.14847,            0,            0,            0,    0.8965459,    0.4429508
robot_181
   -26.04116,     9.675134,            0,            0,            0,    0.7603805,    0.6494778
robot_61
    5.968797,     29.92385,            0,            0,            0,   0.09904741,    0.9950827
robot_30
   -26.06763,    -37.87532,            0,            0,            0,   -0.7813101,    0.6241431
robot_122
    3.772345,      10.0187,            0,            0,            0,    -0.563934,    0.8258199
robot_132
   -22.03761,     32.85015,            0,            0,            0,    0.2883468,     0.957526
robot_45
    25.95841,     32.33874,            0,            0,            0, -0.008084263,    0.9999673
robot_21
   -20.62307,    -21.99375,            0,            0,            0,   0.09215774,    0.9957444
robot_39
    17.92596,    -37.74416,            0,            0,            0,    0.7540994,    0.6567603
robot_134
   -18.65788,    -33.97454,            0,            0,            0,    -0.454256,    0.8908712
robot_15
    33.90526,     6.541579,            0,            0,            0,   -0.3913164,    0.9202562
robot_145
    35.61684,    -26.02369,            0,            0,            0,  -0.05104126,    0.9986965
robot_140
    21.92046,     33.98146,            0,            0,            0,     0.347654,    0.9376229
robot_196
   -14.52086,     1.935335,            0,            0,            0,    0.7847188,    0.6198519
robot_188
     25.9361,    -32.32082,            0,            0,            0,   -0.8872978,    0.4611969
robot_4
   -16.38272,    -30.01057,            0,            0,            0,    0.9996335,   0.02707289
robot_155
     29.9327,     6.862515,            0,            0,            0,   -0.7824233,     0.622747
robot_135
   -34.43475,     14.00902,            0,            0,            0,    0.7950959,    0.6064837
robot_93
    12.86596,    -21.98631,            0,            0,            0,    0.2117842,    0.9773165
robot_111
    5.964358,    -27.63931,            0,            0,            0,   -0.8819247,    0.4713904
robot_0
   -34.43488,     25.95383,            0,            0,            0,   -0.5630894,     0.826396
robot_49
    6.011713,    -33.99469,            0,            0,            0,   -0.9867229,     0.162413
robot_113
    29.90932,      31.8475,            0,            0,            0,    0.3292634,    0.9442381
