tuw_multi_robot_msgs::RobotGoalsArray @1970-01-01T00:12:18
frame_id: map
           0,            0
robot_84
    -33.6121,    -34.06558,            0,            0,            0,    0.5552029,     0.831715
robot_116
   -26.06747,     15.57753,            0,            0,            0,    0.7491292,    0.6624239
robot_74
   -21.97059,     18.31711,            0,            0,            0,   -0.6459317,    0.7633952
robot_41
    38.33185,    -14.05862,            0,            0,            0,    0.8443349,    0.5358158
robot_125
    1.946555,     -16.7789,            0,            0,            0,   -0.3465689,    0.9380245
robot_136
    33.51418,    -30.00547,            0,            0,            0,   -0.8325696,    0.5539205
robot_173
   -18.06951,    -9.706916,            0,            0,            0, 0.0008109459,    0.9999997
robot_67
    -2.08579,    -13.32193,            0,            0,            0,    0.7545058,    0.6562933
robot_197
   -10.79625,    -38.02067,            0,            0,            0,     0.433144,    0.9013247
robot_119
   -22.04186,     2.213751,            0,            0,            0,   -0.9934952,    0.1138744
robot_82
   -22.00042,    -5.966977,            0,            0,            0,   0.09240267,    0.9957217
robot_77
     1.90967,    -21.36337,            0,            0,            0,   0.01730709,    0.9998502
robot_5
   -28.80292,     5.989247,            0,            0,            0,   0.03729798,    0.9993042
robot_133
   -26.04506,    -1.873576,            0,            0,            0,    0.8582802,    0.5131814
robot_99
    11.26585,     10.00788,            0,            0,            0,   -0.8413919,    0.5404254
robot_171
    18.05001,     30.13456,            0,            0,            0,    0.6355618,      0.77205
robot_180
   -38.07031,     32.08721,            0,            0,            0,    0.6001291,    0.7999032
robot_56
    17.67107,    -14.09109,            0,            0,            0,   -0.2413515,    0.9704378
robot_3
    21.92636,     35.68891,            0,            0,            0,    0.9963498,   0.08536416
robot_81
    29.96653,    -30.29645,            0,            0,            0,   -0.7162306,    0.6978636
robot_167
    25.87573,    -30.25091,            0,            0,            0,   -0.9968134,   0.07976869
robot_25
   -38.08665,    -11.91243,            0,            0,            0,     0.483354,     0.875425
robot_168
    13.93044,     22.64828,            0,            0,            0,   -0.4567553,    0.8895924
robot_96
    3.043318,    -25.98821,            0,            0,            0,   -0.4754104,    0.8797642
robot_166
    25.91098,     21.31106,            0,            0,            0,   -0.9296218,     0.368515
robot_102
   -6.036327,    -9.314898,            0,            0,            0,    0.5751785,    0.8180279
robot_192
   -14.15057,     18.18239,            0,            0,            0,   -0.8495518,    0.5275052
robot_179
    23.46457,     26.02062,            0,            0,            0,   -0.9831443,    0.1828311
robot_142
    28.55006,     9.997393,            0,            0,            0,   -0.8538503,    0.5205186
robot_1
   -6.035486,     3.857872,            0,            0,            0,   -0.7881182,    0.6155239
robot_44
   -10.09016,    -8.804637,            0,            0,            0,    0.7386406,    0.6740995
robot_163
    25.94767,    -1.344091,            0,            0,            0,  0.005903146,    0.9999826
robot_79
    23.79186,     -30.0051,            0,            0,            0,   -0.8585412,    0.5127445
robot_8
   -37.09258,    -21.96722,            0,            0,            0,    0.2288839,    0.9734537
robot_20
   -38.05448,    -17.38798,            0,            0,            0,    0.9860624,    0.1663756
robot_143
    2.098269,    -6.210615,            0,            0,            0,    0.9976763,   0.06813286
robot_138
   -2.150343,       18.358,            0,            0,            0,    0.9687955,    0.2478616
robot_123
    37.57358,     33.99728,            0,            0,            0,   -0.8752219,    0.4837216
robot_193
    24.84203,      13.9745,            0,            0,            0,    0.5866515,    0.8098395
robot_187
    15.54129,     14.01098,            0,            0,            0,    0.1495814,    0.9887494
