tuw_multi_robot_msgs::RobotGoalsArray @1970-01-01T01:22:06.800000
frame_id: map
        4926,    800000000
robot_84
   -5.934374,     17.93192,            0,            0,            0,    0.9969199,   0.07842691
robot_116
    22.56753,     13.99334,            0,            0,            0,    0.9714764,    0.2371363
robot_74
    30.18995,      21.9965,            0,            0,            0,    0.4050532,    0.9142931
robot_41
   -14.48262,     14.01158,            0,            0,            0,   -0.0330418,     0.999454
robot_125
     5.94908,    -8.989657,            0,            0,            0,      0.94626,    0.3234068
robot_136
    5.913083,      38.7602,            0,            0,            0,   -0.8830508,    0.4692774
robot_173
    21.64011,    -9.934299,            0,            0,            0,    0.9622116,    0.2723028
robot_67
   -6.050103,    0.3349812,            0,            0,            0,   -0.3200952,    0.9473854
robot_197
   -7.460458,    -29.99445,            0,            0,            0,    0.3379034,    0.9411808
robot_119
   -38.16665,     -22.2803,            0,            0,            0,   -0.4589873,    0.8884428
