tuw_multi_robot_msgs::RobotGoalsArray @1970-01-01T01:41:43.400000
frame_id: map
        6103,    400000000
robot_84
   -6.809753,     29.97201,            0,            0,            0,    0.6890134,    0.7247486
robot_116
    13.90998,      33.1594,            0,            0,            0,      -0.7732,    0.6341622
robot_74
   -18.09193,    -26.10943,            0,            0,            0,   -0.9057887,    0.4237296
robot_41
    5.792432,     17.99629,            0,            0,            0,   -0.2178858,    0.9759743
robot_125
   -22.06512,    -26.08716,            0,            0,            0,   -0.4794402,    0.8775746
robot_136
   -26.06931,     5.031475,            0,            0,            0,    0.5086132,    0.8609951
robot_173
    26.03043,     25.84574,            0,            0,            0,  -0.01280819,     0.999918
robot_67
    33.66693,    -17.99664,            0,            0,            0,     0.587538,    0.8091966
robot_197
    37.96478,    -29.58103,            0,            0,            0,   -0.3699475,    0.9290527
robot_119
   -30.19119,     13.96425,            0,            0,            0,    0.7915012,    0.6111676
robot_82
   -37.85079,    -26.13489,            0,            0,            0,   -0.4487021,    0.8936814
robot_77
   -9.258352,    -9.996903,            0,            0,            0,    0.8019677,    0.5973673
robot_5
    33.79766,     -14.0088,            0,            0,            0,    0.5646572,    0.8253256
robot_133
   -18.12529,     10.26637,            0,            0,            0,    -0.929943,    0.3677036
robot_99
   -13.75685,    -10.08413,            0,            0,            0,   -0.9929474,    0.1185556
robot_171
   -5.888164,     26.16599,            0,            0,            0,     0.991621,    0.1291809
robot_180
    17.91904,    -13.90761,            0,            0,            0,   -0.4205745,     0.907258
robot_56
   -35.39603,    -14.02186,            0,            0,            0,     0.619063,    0.7853413
robot_3
   -27.23172,    -26.00894,            0,            0,            0,    0.9090144,    0.4167648
robot_81
    4.584227,     33.97696,            0,            0,            0,   -0.9287246,    0.3707704
robot_167
    25.94751,     19.24645,            0,            0,            0,   -0.9929992,    0.1181208
robot_25
    21.91515,      6.43572,            0,            0,            0,   -0.4406836,    0.8976625
robot_168
   -18.08987,     29.51688,            0,            0,            0,   -0.9035345,    0.4285154
robot_96
     3.66911,    -30.02249,            0,            0,            0,    0.7476673,    0.6640735
robot_166
    6.434005,     38.00858,            0,            0,            0,    0.9964642,    0.0840179
robot_102
    33.87951,    -34.22339,            0,            0,            0,    0.7081242,    0.7060879
robot_192
   -6.052547,     -5.90514,            0,            0,            0,     0.923228,    0.3842525
robot_179
    4.024254,     30.02335,            0,            0,            0,    0.9237338,    0.3830351
robot_142
   -34.08977,     35.01578,            0,            0,            0,   -0.6303793,    0.7762873
robot_1
     25.8147,    -38.04306,            0,            0,            0,   -0.9990451,   0.04369121
robot_44
   -14.09539,     -32.9087,            0,            0,            0,    0.4446602,    0.8956993
robot_163
    19.99625,     -26.0202,            0,            0,            0,   -0.9472333,    0.3205449
robot_79
    17.95506,    -28.23744,            0,            0,            0,    0.9668487,    0.2553499
robot_8
    17.94282,     12.92139,            0,            0,            0,   -0.2554677,    0.9668176
robot_20
    14.74007,    -13.96939,            0,            0,            0,   0.06637114,     0.997795
robot_143
   -22.22383,    -37.96635,            0,            0,            0,    0.5129285,    0.8584313
robot_138
    1.464246,     26.04195,            0,            0,            0,   -0.9978506,   0.06553075
robot_123
   -11.74058,    -34.02122,            0,            0,            0,   0.02283769,    0.9997392
robot_193
     8.60284,    -22.02035,            0,            0,            0,    0.9968507,   0.07930157
robot_187
    17.90274,    -35.24575,            0,            0,            0,    0.9988267,   0.04842689
robot_176
    14.25938,     26.07407,            0,            0,            0,   -0.9631057,    0.2691236
robot_66
    37.93905,     30.11677,            0,            0,            0,    0.4641626,      0.88575
robot_63
   -16.02648,      14.0076,            0,            0,            0,   -0.2509679,    0.9679954
robot_31
    -18.0656,     36.85169,            0,            0,            0,    0.8959986,    0.4440568
robot_159
   -17.97526,    -5.699436,            0,            0,            0,   -0.8216211,     0.570034
robot_160
    31.49304,    -37.98321,            0,            0,            0,   -0.3914179,     0.920213
robot_151
    23.38427,     1.996394,            0,            0,            0,     0.455159,    0.8904102
robot_150
    29.95009,     18.74207,            0,            0,            0,     0.941905,    0.3358793
robot_137
    25.84808,      38.1484,            0,            0,            0,   -0.6272926,    0.7787837
robot_199
   -25.99818,     22.21618,            0,            0,            0,    0.9786949,    0.2053201
robot_54
    25.92361,   -0.2986725,            0,            0,            0,    0.9997956,   0.02021772
robot_117
    33.95368,   0.02903299,            0,            0,            0,   -0.5414183,    0.8407534
robot_36
    5.336621,    -33.99098,            0,            0,            0,   -0.3034729,    0.9528401
robot_33
    22.09549,    -1.952861,            0,            0,            0,   0.06741233,    0.9977252
robot_146
   -5.971436,    -14.12088,            0,            0,            0,    0.9759645,    0.2179295
robot_156
   -22.03631,      29.0872,            0,            0,            0,    0.9648561,    0.2627787
robot_112
    5.923084,     7.615471,            0,            0,            0,     0.960362,    0.2787559
robot_19
   -21.59742,     6.045485,            0,            0,            0,   -0.9998068,   0.01965703
robot_141
   -34.02027,    -6.135586,            0,            0,            0,    0.7442231,    0.6679311
robot_35
   -2.042057,    -31.80815,            0,            0,            0,    0.3708762,    0.9286823
robot_184
   -28.33531,     1.981601,            0,            0,            0,    0.8802601,    0.4744915
robot_98
   -2.933646,     33.96966,            0,            0,            0,    0.9822235,    0.1877153
robot_100
   -25.22135,     -6.02117,            0,            0,            0,    0.9031236,    0.4293806
robot_164
    12.76944,     5.993174,            0,            0,            0,    0.6422503,     0.766495
robot_59
   -18.04799,     4.700195,            0,            0,            0,  -0.01214448,    0.9999263
robot_144
    20.57168,      2.00134,            0,            0,            0,   -0.6486778,    0.7610632
robot_101
    33.93511,    -23.67368,            0,            0,            0,    0.9887013,    0.1498991
robot_161
    5.709337,    -22.16405,            0,            0,            0,    0.9836193,    0.1802582
robot_149
    30.14359,    -33.90289,            0,            0,            0,   -0.9986297,   0.05233264
robot_86
   -30.07475,    -39.31723,            0,            0,            0,    0.6039653,    0.7970106
robot_191
    24.36669,     -6.00648,            0,            0,            0,    -0.995593,   0.09377967
robot_126
    29.71575,     9.923458,            0,            0,            0,    0.9867601,    0.1621865
robot_190
   -38.01505,     22.36578,            0,            0,            0,    0.3964371,    0.9180619
robot_131
    -11.9269,      14.0196,            0,            0,            0,   -0.9943325,    0.1063147
robot_154
   -18.05954,    -15.76201,            0,            0,            0,    0.3614836,    0.9323785
robot_9
   -2.652612,    -17.97445,            0,            0,            0,    0.9444327,    0.3287049
robot_27
   -4.974768,     9.992459,            0,            0,            0,   -0.8624654,    0.5061161
robot_34
    13.60016,     13.92445,            0,            0,            0,    0.9995881,   0.02870057
robot_114
    11.48471,    -34.02626,            0,            0,            0,   -0.9456389,    0.3252185
robot_51
   -37.67904,    -21.96732,            0,            0,            0,   -0.8978382,    0.4403255
robot_108
    11.99176,      33.9804,            0,            0,            0,    0.4285948,    0.9034968
robot_147
    -32.6309,     14.00866,            0,            0,            0,      0.11401,    0.9934796
robot_183
    21.94058,     36.36461,            0,            0,            0,   -0.7984354,    0.6020805
robot_48
   -2.012151,     29.73671,            0,            0,            0,  -0.07877594,    0.9968923
robot_60
   -24.34899,    -37.99798,            0,            0,            0,   -0.5806496,    0.8141536
robot_75
   -10.26311,    -38.01295,            0,            0,            0,    -0.778343,    0.6278393
robot_152
   -6.051493,     1.299844,            0,            0,            0,    -0.281849,    0.9594588
robot_26
    36.76788,      17.9773,            0,            0,            0,    0.3987054,    0.9170791
robot_182
   -12.30774,    -17.97949,            0,            0,            0,   -0.6785248,    0.7345775
robot_172
   -4.753653,     22.02115,            0,            0,            0,  -0.02582183,    0.9996666
robot_43
   -21.44156,    -14.02984,            0,            0,            0,   0.09352299,    0.9956171
robot_170
    16.74503,    -25.98077,            0,            0,            0,   -0.9969527,   0.07800858
robot_177
    9.934974,     35.83558,            0,            0,            0,   -0.6932552,    0.7206922
robot_80
   -29.64811,    -25.96854,            0,            0,            0,  -0.04630003,    0.9989276
robot_16
    22.37195,     14.06968,            0,            0,            0,   -0.9471876,    0.3206798
robot_13
   -6.044584,     5.209481,            0,            0,            0,   -0.3098137,    0.9507973
robot_178
    31.16124,    -6.000395,            0,            0,            0,    0.3125062,    0.9499157
robot_88
     13.7193,    -34.07064,            0,            0,            0,     -0.89424,    0.4475878
robot_194
    5.930075,     -16.4359,            0,            0,            0,    0.3993513,     0.916798
robot_29
   -11.01755,     33.97072,            0,            0,            0,    0.8193221,    0.5733335
robot_92
   -22.15503,     25.64472,            0,            0,            0,   -0.9972275,   0.07441338
robot_87
   -13.97551,    -38.16671,            0,            0,            0,    0.6577047,    0.7532759
robot_68
   -24.17843,     13.99308,            0,            0,            0,   0.06276704,    0.9980282
robot_22
   -26.24425,    -30.02067,            0,            0,            0,   -0.9995224,   0.03090232
robot_38
   -7.330725,     14.01792,            0,            0,            0,    0.4197582,     0.907636
robot_2
    29.96291,      31.9633,            0,            0,            0,   -0.3938544,    0.9191728
robot_110
   -13.76238,       5.9299,            0,            0,            0,    0.3678135,    0.9298996
robot_14
    21.87999,      34.1478,            0,            0,            0,    0.6848348,    0.7286984
robot_181
    37.83512,     33.79185,            0,            0,            0,    -0.976646,     0.214855
robot_61
    2.052261,    -14.06945,            0,            0,            0,    0.8975476,    0.4409176
robot_30
    13.95397,    -3.557927,            0,            0,            0,    0.4633942,    0.8861523
robot_122
    27.18948,     29.96746,            0,            0,            0,    0.7108375,    0.7033562
robot_132
    33.74695,    -29.87221,            0,            0,            0,    0.1258699,    0.9920468
robot_45
   -14.32021,    -29.92824,            0,            0,            0,     0.721162,    0.6927665
robot_21
   -22.03808,     2.390708,            0,            0,            0,    0.6459863,     0.763349
robot_39
   -22.49542,    -30.08476,            0,            0,            0,    0.9997041,   0.02432533
robot_134
   -2.062906,    -13.60213,            0,            0,            0,     0.236383,      0.97166
robot_15
    20.42692,    -5.970009,            0,            0,            0,   -0.9856781,    0.1686378
robot_145
     25.8962,     33.97508,            0,            0,            0,  -0.03963526,    0.9992142
robot_140
   -22.21923,    -18.13928,            0,            0,            0,    0.3966993,    0.9179486
robot_196
   -18.08035,     32.73254,            0,            0,            0,   -0.5745394,    0.8184769
robot_188
   -33.82756,     38.00487,            0,            0,            0,   -0.7697492,    0.6383465
robot_4
   -38.12574,    -13.74308,            0,            0,            0,   0.08962248,    0.9959758
robot_155
    29.87442,    -14.00928,            0,            0,            0,    0.5897457,     0.807589
robot_135
     37.9398,    -21.30423,            0,            0,            0,    0.2407238,    0.9705936
robot_93
   -30.52577,     5.977821,            0,            0,            0,   -0.3797379,    0.9250941
robot_111
   -30.07458,    -31.42356,            0,            0,            0,    -0.143549,    0.9896432
robot_0
   -29.92167,     21.80736,            0,            0,            0,   -0.3904571,    0.9206211
robot_49
    2.025366,    -22.33302,            0,            0,            0,    0.8561666,    0.5166999
robot_113
   -10.44861,     25.98522,            0,            0,            0,    0.9878976,    0.1551077
robot_94
    9.930992,     16.90909,            0,            0,            0,    0.1232125,    0.9923803
robot_40
   -34.04033,    -23.58525,            0,            0,            0,    0.7553655,    0.6553038
robot_103
   -2.007416,    -29.80675,            0,            0,            0,    0.7977551,    0.6029816
robot_6
   -16.38321,     34.03015,            0,            0,            0,   -0.8649978,    0.5017757
robot_71
    -15.3438,    -14.03318,            0,            0,            0,   -0.6133657,     0.789799
robot_17
    21.27905,    -17.98704,            0,            0,            0,   -0.9638575,    0.2664183
robot_120
   -17.96507,     21.93534,            0,            0,            0,    0.9970767,   0.07640678
robot_189
    17.89657,     22.13473,            0,            0,            0,   -0.9509845,    0.3092384
robot_148
    12.54893,    -2.012015,            0,            0,            0,    0.9923892,    0.1231406
robot_186
    6.097718,    -13.80665,            0,            0,            0,   -0.9616238,    0.2743714
robot_198
    30.92882,     1.990223,            0,            0,            0,    -0.959459,    0.2818481
robot_107
    35.27331,    -10.02566,            0,            0,            0,    0.1737049,    0.9847977
robot_18
   -10.05518,     4.021832,            0,            0,            0,   -0.9895642,     0.144093
robot_23
      9.9237,    -1.839171,            0,            0,            0,   -0.8416635,    0.5400024
robot_46
    37.70824,    -9.989464,            0,            0,            0,   -0.9987833,   0.04931377
robot_109
    29.96678,  -0.04669713,            0,            0,            0,    0.7461565,    0.6657706
robot_10
   -14.04472,     18.60132,            0,            0,            0,   0.08235944,    0.9966027
robot_157
    17.90411,    -11.96561,            0,            0,            0,    0.2197651,    0.9755528
robot_70
    32.88181,    -2.019035,            0,            0,            0,   -0.6670143,    0.7450449
robot_55
   -38.09157,    -29.16646,            0,            0,            0,    0.8407442,    0.5414326
robot_73
    9.866987,     5.712989,            0,            0,            0,   -0.9866076,     0.163112
robot_69
   -38.09382,     28.93624,            0,            0,            0,    0.9784396,    0.2065332
robot_65
   -6.052821,     -24.3898,            0,            0,            0,    0.8506632,    0.5257111
robot_124
   -26.07338,    -23.69582,            0,            0,            0,    0.6609372,    0.7504412
robot_115
   -14.14519,    -5.695672,            0,            0,            0,  -0.09552261,    0.9954273
robot_130
    1.909122,     22.34435,            0,            0,            0,    -0.896803,      0.44243
robot_85
   -22.04831,    -8.016712,            0,            0,            0,    0.9474168,    0.3200023
robot_91
    26.73509,    -26.00419,            0,            0,            0,    0.4371897,    0.8993693
robot_47
    18.05649,    -22.14856,            0,            0,            0,   -0.9998976,   0.01431387
robot_52
   -17.98687,     -29.9076,            0,            0,            0,    -0.240737,    0.9705904
robot_195
    29.95036,     36.88379,            0,            0,            0,    0.9406756,    0.3393074
robot_72
    10.01348,    -5.866136,            0,            0,            0,    0.8563934,    0.5163239
robot_158
    29.05545,    -25.98389,            0,            0,            0,   -0.9906479,    0.1364432
robot_153
   -18.53264,    -2.061062,            0,            0,            0,   -0.5113837,    0.8593525
robot_105
    37.18978,     5.968497,            0,            0,            0,    -0.232401,    0.9726201
robot_162
    33.94834,     -20.2159,            0,            0,            0,   -0.7518558,    0.6593275
robot_97
   -5.588645,     33.99972,            0,            0,            0,   -0.8948827,    0.4463015
robot_90
    12.82139,     21.98611,            0,            0,            0,    0.5975353,    0.8018426
robot_165
    29.91645,    -28.01803,            0,            0,            0,   -0.5087469,    0.8609162
robot_42
   -25.66939,    -18.05525,            0,            0,            0,   -0.1755335,    0.9844735
robot_7
    5.913474,     23.64723,            0,            0,            0,     0.590324,    0.8071664
robot_28
    1.882309,      9.94271,            0,            0,            0,    0.9999989,  0.001497319
robot_118
    13.74365,     30.13978,            0,            0,            0,   -0.2981303,    0.9545252
robot_139
   -25.73401,    -1.944012,            0,            0,            0,   -0.9895274,    0.1443453
robot_129
    -22.0716,     15.73875,            0,            0,            0,   -0.9944952,    0.1047821
robot_57
   -21.58462,    -9.974132,            0,            0,            0,    -0.999951,   0.00989954
robot_24
   -14.08361,     35.37588,            0,            0,            0,      0.99625,   0.08652105
robot_106
   -20.32562,     17.98121,            0,            0,            0,   -0.2053413,    0.9786904
robot_185
    9.710358,     2.105595,            0,            0,            0,    0.7550673,    0.6556473
robot_174
    25.79619,    -18.00655,            0,            0,            0,    0.8717203,    0.4900039
robot_58
    12.45562,    -10.02919,            0,            0,            0,   -0.1186392,    0.9929374
robot_12
   -28.90332,    -14.00901,            0,            0,            0,   -0.9935945,    0.1130041
robot_95
    17.93834,      34.6495,            0,            0,            0,   -0.7020532,    0.7121245
robot_78
    29.64221,    -29.94492,            0,            0,            0,   -0.7961611,    0.6050847
robot_62
   -34.12798,    -26.16792,            0,            0,            0,    0.4316859,     0.902024
robot_121
    2.092472,    -25.93813,            0,            0,            0,   0.06173258,    0.9980927
robot_83
    11.73317,     30.01509,            0,            0,            0,   -0.9295734,     0.368637
robot_127
   -12.71377,     10.00176,            0,            0,            0,    0.6196223,    0.7849001
robot_128
    -38.0799,     -33.2242,            0,            0,            0,    0.8144037,    0.5802988
robot_32
    9.910136,    -12.39333,            0,            0,            0,    0.5001862,    0.8659179
robot_89
   -20.50954,     9.982317,            0,            0,            0,    0.7142348,    0.6999062
robot_11
   -24.53114,     18.03342,            0,            0,            0,    0.5664944,    0.8240656
robot_37
   -34.03638,     28.44595,            0,            0,            0,   0.03102885,    0.9995185
robot_175
    7.493825,     5.976789,            0,            0,            0,    -0.995241,    0.0974445
robot_50
    1.934556,     7.103869,            0,            0,            0,   -0.9192633,    0.3936433
robot_64
   -1.937148,    -6.005386,            0,            0,            0,   -0.1996944,    0.9798582
robot_76
   -25.63679,     9.964226,            0,            0,            0,     0.841571,    0.5401465
robot_104
    1.943998,    -7.152421,            0,            0,            0,   -0.3244168,    0.9459142
robot_169
   -34.25533,    -17.85531,            0,            0,            0,   -0.3232864,    0.9463012
robot_53
   -16.33455,     26.00493,            0,            0,            0,    -0.704357,    0.7098459
