tuw_multi_robot_msgs::RobotGoalsArray @1970-01-01T01:27:15.100000
frame_id: map
        5235,    100000000
robot_84
    29.96205,    -26.74395,            0,            0,            0,    0.2287558,    0.9734838
robot_116
   -11.23859,    -33.97096,            0,            0,            0,     0.672637,    0.7399726
robot_74
   -30.11569,     10.10334,            0,            0,            0,    0.1141248,    0.9934664
robot_41
    6.223092,    -22.01966,            0,            0,            0,    0.8478147,    0.5302926
robot_125
   -1.649414,     33.99972,            0,            0,            0,   0.02568702,      0.99967
robot_136
   -14.06603,    -2.215619,            0,            0,            0,    0.9963836,   0.08496885
robot_173
   -5.789499,      34.0482,            0,            0,            0,    0.3600168,    0.9329458
robot_67
    21.87008,    -26.21464,            0,            0,            0,   -0.8024064,     0.596778
robot_197
   -26.21661,     10.22671,            0,            0,            0,   -0.5615968,    0.8274111
robot_119
   -18.06535,    -6.238375,            0,            0,            0,    0.5951178,    0.8036385
robot_82
   -9.827825,    -14.09601,            0,            0,            0,    0.9938066,    0.1111233
robot_77
   -29.69872,     30.05691,            0,            0,            0,    0.9856506,    0.1687983
robot_5
   -18.09324,     16.15323,            0,            0,            0,   -0.9787572,    0.2050228
robot_133
    29.92674,    -18.83615,            0,            0,            0,   0.05224774,    0.9986342
robot_99
    5.950435,     33.92558,            0,            0,            0,   -0.8446079,    0.5353854
robot_171
   -29.81923,    -30.06754,            0,            0,            0,    0.9651498,    0.2616982
robot_180
   -21.80407,    -1.970664,            0,            0,            0,   -0.9711472,    0.2384807
robot_56
   -15.64761,    -22.00177,            0,            0,            0,   -0.9993319,   0.03654918
robot_3
   -34.19385,    -6.117947,            0,            0,            0,   -0.9783899,    0.2067686
robot_81
   -30.04402,   -0.3378347,            0,            0,            0,    -0.997443,   0.07146582
robot_167
  -0.8937113,     13.99846,            0,            0,            0,   -0.8780534,    0.4785627
robot_25
   -24.66417,      13.9937,            0,            0,            0,   -0.9984552,   0.05556318
robot_168
    3.038304,    -25.98043,            0,            0,            0,    0.3433019,    0.9392251
robot_96
   -3.435067,    -34.02239,            0,            0,            0,    0.8407966,    0.5413512
robot_166
   -15.88204,     21.99858,            0,            0,            0,   -0.9944318,     0.105382
robot_102
    13.94774,    -26.80666,            0,            0,            0,   -0.6339971,    0.7733354
robot_192
   -18.11569,     1.735449,            0,            0,            0,   -0.9454919,    0.3256457
robot_179
    25.00182,     34.03087,            0,            0,            0,   -0.9996795,   0.02531771
robot_142
   -14.08009,     5.174021,            0,            0,            0,    -0.817415,    0.5760492
robot_1
    21.44888,     30.02493,            0,            0,            0,    0.6043042,    0.7967537
robot_44
    25.73709,    -5.998101,            0,            0,            0,   -0.2481484,     0.968722
robot_163
   -22.08191,    -28.79101,            0,            0,            0,    0.8490662,    0.5282865
robot_79
   -21.42417,      37.9692,            0,            0,            0,    0.9596313,    0.2812611
robot_8
    18.09897,     1.976097,            0,            0,            0,   -0.4572793,    0.8893231
robot_20
   -18.00049,     29.69893,            0,            0,            0,    0.7112088,    0.7029809
robot_143
   -25.98711,    -5.925794,            0,            0,            0,    0.5733937,      0.81928
robot_138
    18.09682,    -22.16427,            0,            0,            0,    0.9866418,    0.1629047
robot_123
    29.82084,     38.19742,            0,            0,            0,    0.7635556,    0.6457421
robot_193
    15.36379,     26.02455,            0,            0,            0,    0.1508037,    0.9885637
robot_187
    29.51646,     -13.9536,            0,            0,            0,    0.9842315,     0.176885
robot_176
     5.74994,    -6.097504,            0,            0,            0,   -0.1979107,      0.98022
robot_66
     8.93845,     25.99339,            0,            0,            0,   -0.9618217,    0.2736767
robot_63
    16.41127,    -38.02719,            0,            0,            0,   -0.4727312,    0.8812067
robot_31
    33.41904,    -17.99382,            0,            0,            0,     0.364768,    0.9310984
robot_159
   -1.996722,    -13.77543,            0,            0,            0,     0.295942,    0.9552059
robot_160
   -11.34574,    -26.02397,            0,            0,            0,   -0.6447165,    0.7644218
robot_151
    33.21795,    -14.02442,            0,            0,            0,   -0.6046511,    0.7964905
robot_150
    32.98666,    -9.990575,            0,            0,            0,   -0.9550916,    0.2963107
robot_137
   -6.292931,     2.064021,            0,            0,            0,    0.3709769,    0.9286421
robot_199
    10.48631,     9.992683,            0,            0,            0,   -0.3057716,    0.9521049
robot_54
   -10.13273,     38.12562,            0,            0,            0,   -0.4514894,    0.8922765
robot_117
   -18.56856,    -1.992618,            0,            0,            0,   -0.9765082,    0.2154802
robot_36
   -3.442476,     29.97242,            0,            0,            0,    0.5361112,    0.8441473
robot_33
    25.33268,     14.01339,            0,            0,            0,    0.1609326,    0.9869654
robot_146
    25.45082,    -34.04983,            0,            0,            0,   -0.9884777,    0.1513668
robot_156
    21.91207,    -18.71242,            0,            0,            0,   -0.2055458,    0.9786475
robot_112
   -8.255548,     1.967053,            0,            0,            0,    -0.463574,    0.8860582
robot_19
    17.97361,     17.71064,            0,            0,            0,   -0.1511769,    0.9885067
robot_141
    3.898474,    -14.00551,            0,            0,            0,    0.5774112,    0.8164535
robot_35
   -38.09049,    -14.96693,            0,            0,            0,    0.9939325,    0.1099921
robot_184
   -38.51987,    -6.023075,            0,            0,            0,    0.9980518,   0.06239153
robot_98
    10.91698,    -18.02393,            0,            0,            0,    -0.920129,    0.3916155
robot_100
    18.99183,     26.02707,            0,            0,            0,    0.8166489,    0.5771348
robot_164
   -24.07067,    -29.99779,            0,            0,            0,   -0.1305946,    0.9914359
robot_59
     -38.813,    -10.02872,            0,            0,            0,   -0.6144348,    0.7889676
robot_144
    31.02889,    -30.00791,            0,            0,            0,   -0.7530339,    0.6579817
robot_101
   -26.04276,    -10.48793,            0,            0,            0,   -0.1436455,    0.9896292
robot_161
    18.05797,      34.1717,            0,            0,            0,    0.4995784,    0.8662687
robot_149
   -20.10727,    -9.982329,            0,            0,            0,   -0.6472809,    0.7622516
robot_86
   -22.07231,    -20.83152,            0,            0,            0, -0.004537837,    0.9999897
robot_191
     21.9664,     37.69934,            0,            0,            0,    0.6360844,    0.7716195
robot_126
    17.87504,    -26.03076,            0,            0,            0,      0.20819,    0.9780884
robot_190
   -26.24817,    -1.847809,            0,            0,            0,     0.309121,    0.9510227
robot_131
    25.87885,     18.00606,            0,            0,            0,    0.9926812,    0.1207646
robot_154
    6.137417,    -34.13215,            0,            0,            0,    0.7512179,    0.6600543
robot_9
    21.91737,     14.33668,            0,            0,            0,   -0.8202533,    0.5720005
robot_27
      9.9481,     19.42138,            0,            0,            0,   -0.4478834,     0.894092
robot_34
    10.02373,     -5.91074,            0,            0,            0,   -0.8946311,    0.4468056
robot_114
   -14.03499,    -23.92275,            0,            0,            0,   -0.9926717,    0.1208422
robot_51
    5.944622,     13.54434,            0,            0,            0,   -0.1148666,    0.9933809
robot_108
   -17.04029,    -37.98065,            0,            0,            0,    -0.329368,    0.9442016
robot_147
     25.3462,     -30.0313,            0,            0,            0,    -0.426653,    0.9044154
robot_183
     1.96417,    -21.39911,            0,            0,            0,   -0.8825046,    0.4703038
robot_48
    17.87798,     21.92906,            0,            0,            0,    0.7380995,    0.6746919
robot_60
    -14.1647,    -26.09688,            0,            0,            0,   -0.9999607,  0.008865525
robot_75
   -32.85513,    -1.995448,            0,            0,            0,   0.08264051,    0.9965794
robot_152
    13.07228,     34.00476,            0,            0,            0,    0.8242746,    0.5661903
robot_26
    33.17994,    -2.005679,            0,            0,            0,    0.6214187,    0.7834786
robot_182
   -37.75232,     18.02521,            0,            0,            0,    0.3264349,    0.9452197
robot_172
    -13.5972,    -29.98058,            0,            0,            0,   -0.8594497,    0.5112203
robot_43
     17.9632,     31.49818,            0,            0,            0,    0.4048024,    0.9144042
robot_170
   -6.219285,    -13.94659,            0,            0,            0,   -0.7016576,    0.7125143
robot_177
   -22.04424,     6.998953,            0,            0,            0,   -0.1944647,    0.9809095
robot_80
     1.09524,    -14.01796,            0,            0,            0,     0.237302,    0.9714359
robot_16
   -9.809947,     10.08103,            0,            0,            0,    0.9999772,  0.006745371
robot_13
   -26.04045,    -26.15378,            0,            0,            0,   -0.9617138,    0.2740557
robot_178
   -6.148072,    -22.15576,            0,            0,            0,   -0.9962879,   0.08608385
robot_88
    17.96074,    -2.496627,            0,            0,            0,    -0.620599,    0.7841281
robot_194
   -26.16124,      -38.167,            0,            0,            0,    0.9995164,   0.03109518
robot_29
    6.176689,    -14.02069,            0,            0,            0,    0.2053082,    0.9786974
robot_92
    37.91108,     18.27046,            0,            0,            0,    0.9339761,    0.3573356
robot_87
    21.95173,     35.01635,            0,            0,            0,    0.8440288,    0.5362979
robot_68
   -22.02197,    -5.890432,            0,            0,            0,   -0.1960561,    0.9805927
robot_22
     33.1551,     17.99971,            0,            0,            0,    0.4253593,    0.9050246
robot_38
     25.9472,     6.505723,            0,            0,            0,    0.2647205,    0.9643252
robot_2
   -26.09439,     34.76905,            0,            0,            0,   -0.9523521,    0.3050009
robot_110
    34.31548,     22.04904,            0,            0,            0,    0.9520034,    0.3060874
robot_14
   -10.09333,    -6.349528,            0,            0,            0,   -0.9941971,    0.1075739
robot_181
   -10.07139,     14.91345,            0,            0,            0,   -0.2528769,    0.9674985
robot_61
   -17.82092,     -21.9466,            0,            0,            0,   -0.9880191,    0.1543317
robot_30
    8.751256,    -14.01521,            0,            0,            0,   -0.2822955,    0.9593275
robot_122
   -29.61233,     25.99591,            0,            0,            0,    0.2938071,    0.9558647
robot_132
   -8.605457,    -17.97107,            0,            0,            0,   -0.7363347,    0.6766175
robot_45
   -2.069527,     16.79356,            0,            0,            0,   -0.9523232,    0.3050909
robot_21
    2.851944,     -30.0078,            0,            0,            0,   -0.6323387,    0.7746921
robot_39
    17.73771,    -6.027853,            0,            0,            0,    0.1430338,    0.9897178
robot_134
    37.78064,      -33.792,            0,            0,            0,    0.9267072,    0.3757841
robot_15
    26.22071,     1.995243,            0,            0,            0,   -0.9348585,    0.3550205
robot_145
     9.84653,     -22.0664,            0,            0,            0,   -0.9940434,    0.1089846
robot_140
    8.392943,     18.01793,            0,            0,            0,     -0.97379,    0.2274491
