tuw_multi_robot_msgs::RobotGoalsArray @1970-01-01T01:31:20.900000
frame_id: map
        5480,    900000000
robot_84
    26.83787,    -18.03018,            0,            0,            0,     0.697536,    0.7165497
robot_116
    29.47943,    -1.946525,            0,            0,            0,   -0.6431208,    0.7657648
robot_74
    13.67998,    -10.02389,            0,            0,            0,   -0.5603582,    0.8282503
robot_41
   -1.056582,    -9.968284,            0,            0,            0,   -0.1777177,    0.9840815
robot_125
   -30.05327,     14.24434,            0,            0,            0,   -0.9983566,   0.05730673
robot_136
    5.926658,     22.47549,            0,            0,            0,   -0.9941449,    0.1080555
robot_173
    29.89593,    -22.23382,            0,            0,            0,    -0.381768,    0.9242582
robot_67
    22.10508,     34.08998,            0,            0,            0,    0.2075511,    0.9782242
robot_197
   -10.04663,    -19.91283,            0,            0,            0,    0.5495028,    0.8354919
robot_119
    15.07933,     34.02483,            0,            0,            0,   -0.4849686,    0.8745316
robot_82
   -13.89409,     17.98745,            0,            0,            0,    0.5140001,    0.8577901
robot_77
    5.911397,    -11.48134,            0,            0,            0,    0.8340265,    0.5517244
robot_5
    24.33414,     10.01248,            0,            0,            0,   -0.9928529,    0.1193447
robot_133
    12.01329,     6.028115,            0,            0,            0,    0.2661908,    0.9639204
robot_99
    17.83801,     2.039386,            0,            0,            0,   -0.2273306,    0.9738176
robot_171
    33.95872,    -5.467618,            0,            0,            0,    -0.410271,    0.9119636
robot_180
   -20.98302,     1.980707,            0,            0,            0,    0.1737941,     0.984782
robot_56
   -37.90184,    -10.22381,            0,            0,            0,   -0.5340353,    0.8454622
robot_3
   0.9470043,    -14.00768,            0,            0,            0,   -0.3001186,    0.9539019
robot_81
    36.98153,     -10.0024,            0,            0,            0,    0.5162057,    0.8564646
robot_167
    29.96581,    0.6994849,            0,            0,            0,    0.9724583,     0.233077
robot_25
   -26.19882,      14.0609,            0,            0,            0,     0.863234,     0.504804
robot_168
    33.92154,     13.49069,            0,            0,            0,   -0.9269641,    0.3751501
robot_96
    5.961777,    -21.34634,            0,            0,            0,    0.9997109,   0.02404397
robot_166
    25.94565,    -37.45744,            0,            0,            0,    0.9648085,    0.2629534
robot_102
    13.94176,     2.354152,            0,            0,            0,   -0.9884655,    0.1514459
robot_192
   -6.143365,     34.06941,            0,            0,            0,    0.8353386,    0.5497357
robot_179
    37.96203,     25.14017,            0,            0,            0,    0.7478734,    0.6638413
robot_142
   -30.35665,    -33.97722,            0,            0,            0,   -0.1635142,     0.986541
robot_1
    1.911004,    -32.53444,            0,            0,            0,   -0.9360461,    0.3518774
robot_44
   -10.27878,    -33.94461,            0,            0,            0,    0.2365539,    0.9716184
robot_163
    5.964875,     34.35114,            0,            0,            0,   -0.9973453,    0.0728175
robot_79
    -6.08645,     25.82255,            0,            0,            0,   -0.4185767,    0.9081815
robot_8
   -1.839688,    -17.98256,            0,            0,            0,   -0.1646367,    0.9863543
robot_20
   -30.30278,    -21.90254,            0,            0,            0,    0.9689811,     0.247135
robot_143
    -6.15108,    -6.033099,            0,            0,            0,   -0.1506621,    0.9885853
robot_138
    13.92059,     29.75316,            0,            0,            0,   0.02103005,    0.9997788
robot_123
    17.90842,    -5.034347,            0,            0,            0,   -0.3331007,    0.9428913
robot_193
   -18.44149,     -14.0132,            0,            0,            0,    0.9156351,    0.4020104
robot_187
   -26.05271,    -26.27336,            0,            0,            0,     -0.82609,    0.5635382
robot_176
    9.802247,     38.04295,            0,            0,            0,   -0.2657502,    0.9640419
robot_66
   -10.05036,    -8.829919,            0,            0,            0,   -0.8526319,     0.522512
robot_63
   -13.99981,     -25.9166,            0,            0,            0,   -0.5216437,    0.8531634
robot_31
    -30.0447,    -36.15495,            0,            0,            0,   -0.7146611,    0.6994709
robot_159
   -18.56919,     29.97223,            0,            0,            0,   -0.6989792,     0.715142
robot_160
    22.12632,    -26.03639,            0,            0,            0,   -0.5747203,    0.8183499
robot_151
     17.7998,     6.169306,            0,            0,            0,    0.6048112,    0.7963689
robot_150
   -32.31775,    -26.00987,            0,            0,            0,    0.9589387,    0.2836134
robot_137
   -26.05208,    -9.352911,            0,            0,            0,    0.8837273,    0.4680021
robot_199
    13.94529,     25.55333,            0,            0,            0,    0.5544599,    0.8322104
robot_54
   -6.215197,     21.98992,            0,            0,            0,     0.592221,    0.8057756
robot_117
   -9.992113,    -25.66136,            0,            0,            0,   -0.3237534,    0.9461415
robot_36
    9.938738,     16.47303,            0,            0,            0,    0.1661977,    0.9860925
robot_33
     29.8946,     -18.1987,            0,            0,            0,   -0.3590844,    0.9333051
robot_146
   -2.067622,    -14.65161,            0,            0,            0,    0.9924108,    0.1229667
robot_156
    -38.0528,     6.258754,            0,            0,            0,   -0.8160721,    0.5779501
robot_112
   -18.80605,     9.985969,            0,            0,            0,    0.9591896,    0.2827636
robot_19
    25.93992,     28.66595,            0,            0,            0,    0.9281373,    0.3722381
robot_141
    29.95625,    -8.445923,            0,            0,            0,    0.5244644,    0.8514324
robot_35
    38.17969,    -34.01173,            0,            0,            0,   -0.7654912,    0.6434464
robot_184
     5.96618,    -35.16546,            0,            0,            0,    0.6715522,    0.7409572
robot_98
    9.923956,     29.53197,            0,            0,            0,   -0.9811566,    0.1932143
robot_100
   -38.04528,    -13.22134,            0,            0,            0,    0.9983332,   0.05771292
robot_164
    29.92639,       3.9729,            0,            0,            0,    -0.376272,    0.9265093
robot_59
   -38.22919,     22.20733,            0,            0,            0,   -0.9999366,   0.01126048
robot_144
    20.32939,     37.99277,            0,            0,            0,    0.3187105,    0.9478521
robot_101
    38.20767,    -22.07566,            0,            0,            0,    0.4905397,    0.8714188
robot_161
     37.9989,     5.996546,            0,            0,            0,    0.6355486,    0.7720609
robot_149
    25.94978,     34.06622,            0,            0,            0,   -0.5655406,    0.8247204
robot_86
   -24.87453,     6.016607,            0,            0,            0,   -0.9440819,    0.3297111
robot_191
   -14.30112,     2.083594,            0,            0,            0,    0.7845002,    0.6201285
robot_126
    6.398957,    -26.02388,            0,            0,            0,     -0.74235,    0.6700123
robot_190
   -2.097087,     19.87151,            0,            0,            0,    0.2450194,    0.9695182
robot_131
    37.88573,     22.18936,            0,            0,            0,   -0.8254685,    0.5644482
robot_154
   -30.13014,    -10.21303,            0,            0,            0,    0.9506786,    0.3101778
robot_9
   -26.07877,     25.17409,            0,            0,            0,    0.9916009,    0.1293355
robot_27
   -23.59605,    -26.00966,            0,            0,            0,   0.08450115,    0.9964234
robot_34
   -26.05763,    -4.553878,            0,            0,            0,    0.9993376,   0.03639285
robot_114
   -29.90589,    -2.151782,            0,            0,            0,    0.9752839,    0.2209555
robot_51
   -14.05018,    -34.14307,            0,            0,            0,    0.5445771,    0.8387108
robot_108
     2.07033,     17.76932,            0,            0,            0,    0.4097522,    0.9121969
robot_147
   -22.06751,     10.05765,            0,            0,            0,   -0.9976263,   0.06885979
robot_183
    21.93478,     23.25312,            0,            0,            0,    0.9623921,    0.2716642
robot_48
    7.383533,    -10.01325,            0,            0,            0,   -0.9937362,     0.111751
robot_60
    -30.0262,    -30.04883,            0,            0,            0,    0.9979346,   0.06423841
robot_75
    -22.2427,    -30.08889,            0,            0,            0,       0.9873,     0.158867
robot_152
   -34.19531,    -29.80732,            0,            0,            0,    0.9938557,    0.1106839
robot_26
    32.66135,    -34.02401,            0,            0,            0,    0.8383142,    0.5451874
robot_182
   -38.06345,     18.42465,            0,            0,            0,   -0.9679354,    0.2511994
robot_172
   -22.03163,     14.04267,            0,            0,            0,    -0.727032,    0.6866036
robot_43
   -30.00052,    -6.178515,            0,            0,            0,    0.1851288,    0.9827143
robot_170
   -14.17088,     5.785772,            0,            0,            0,   -0.1105773,    0.9938675
robot_177
   -23.09292,    -5.986535,            0,            0,            0,    0.8581981,    0.5133187
robot_80
     17.7831,    -38.15316,            0,            0,            0,   -0.8566823,    0.5158443
robot_16
   -10.19071,      17.8696,            0,            0,            0,   -0.9524691,    0.3046353
robot_13
   -8.576219,     21.99943,            0,            0,            0,    0.9550832,    0.2963377
robot_178
   -2.177247,     26.19924,            0,            0,            0,    0.5082576,    0.8612051
robot_88
    9.967189,    -10.08329,            0,            0,            0,    0.9976185,   0.06897332
robot_194
   -5.490584,     13.98123,            0,            0,            0,   -0.3390808,    0.9407572
robot_29
   -34.04839,    -14.18709,            0,            0,            0,    0.6307478,    0.7759879
robot_92
   -26.08238,     1.980396,            0,            0,            0,    0.3964381,    0.9180614
robot_87
    33.92535,     8.959238,            0,            0,            0,   -0.7189433,    0.6950688
robot_68
    16.65141,     26.02317,            0,            0,            0,   -0.2684976,    0.9632803
robot_22
   -34.81171,     5.966915,            0,            0,            0,     0.681668,    0.7316616
robot_38
   -27.45157,    -21.98847,            0,            0,            0,    0.9337856,     0.357833
robot_2
   -6.078357,     16.12638,            0,            0,            0,   -0.4914182,    0.8709238
robot_110
    9.975233,     14.26377,            0,            0,            0,   -0.9233475,    0.3839655
robot_14
   -38.06146,    -25.62511,            0,            0,            0,    0.9779597,    0.2087938
robot_181
    17.49963,    -25.93142,            0,            0,            0,    0.0927894,    0.9956858
robot_61
   -13.41613,     30.00871,            0,            0,            0,    0.9418332,    0.3360806
robot_30
   -34.06147,     23.19076,            0,            0,            0,  -0.09165609,    0.9957907
robot_122
   -34.29235,     18.08282,            0,            0,            0,    0.5781408,     0.815937
robot_132
   -6.262888,      18.1577,            0,            0,            0,    0.3510157,    0.9363696
robot_45
     5.90883,     14.70047,            0,            0,            0,   -0.4054882,    0.9141003
robot_21
   -30.29664,     1.870598,            0,            0,            0,    0.9910443,    0.1335335
robot_39
   -38.09173,    -16.64035,            0,            0,            0,     0.768634,    0.6396888
robot_134
   -17.98323,     25.65839,            0,            0,            0,    0.1997533,    0.9798462
robot_15
    1.226949,     14.02119,            0,            0,            0,    0.8713127,    0.4907282
robot_145
    23.39022,    -14.02444,            0,            0,            0,    0.9961767,   0.08736169
robot_140
   -14.06667,     24.39907,            0,            0,            0,  -0.09171388,    0.9957854
robot_196
    37.79817,     13.84346,            0,            0,            0,    0.7464116,    0.6654846
robot_188
   -6.469235,    -13.93486,            0,            0,            0,   -0.4045199,    0.9145292
robot_4
   -32.88542,     34.02065,            0,            0,            0,    0.0727566,    0.9973497
robot_155
   -34.04523,     36.70748,            0,            0,            0,   -0.1027092,    0.9947114
robot_135
   -15.64148,    -21.98532,            0,            0,            0,   -0.2917099,    0.9565068
robot_93
   -9.240797,    -14.01987,            0,            0,            0,    0.9969792,   0.07766933
robot_111
   -21.72097,     26.05844,            0,            0,            0,    0.5873479,    0.8093346
robot_0
    5.928722,     29.54376,            0,            0,            0,   -0.6036019,    0.7972859
robot_49
    34.28178,     21.90812,            0,            0,            0,   -0.5099219,    0.8602207
robot_113
    9.757211,    -25.92004,            0,            0,            0,   -0.9482273,    0.3175926
