tuw_multi_robot_msgs::RobotGoalsArray @1970-01-01T01:40:53.900000
frame_id: map
        6053,    900000000
robot_84
     26.3932,     10.06143,            0,            0,            0,    0.8585787,    0.5126817
robot_116
   -6.052777,    -26.33758,            0,            0,            0,   -0.8591233,    0.5117687
robot_74
    37.74055,     9.970991,            0,            0,            0,   -0.8927685,    0.4505158
robot_41
   -2.054893,    -27.66732,            0,            0,            0,    0.9949446,    0.1004249
robot_125
   -8.099484,     -37.9845,            0,            0,            0,     0.122965,     0.992411
robot_136
   -10.03869,    -12.76119,            0,            0,            0,   -0.4554551,    0.8902588
robot_173
    33.95127,    -35.10061,            0,            0,            0,   -0.3539692,    0.9352571
robot_67
   -6.107842,    -33.93372,            0,            0,            0,    0.5031529,    0.8641974
robot_197
   -39.16793,     6.028237,            0,            0,            0,   -0.9999459,   0.01040446
robot_119
   -8.837716,    -30.00808,            0,            0,            0,    0.7261741,    0.6875108
robot_82
    6.377444,    -13.95868,            0,            0,            0,    0.9746765,    0.2236195
robot_77
    37.91709,     23.42007,            0,            0,            0,    0.3975159,    0.9175953
robot_5
    17.90866,     35.04682,            0,            0,            0,    0.9943563,    0.1060918
robot_133
    35.13299,    -13.98563,            0,            0,            0,    0.9966187,   0.08216562
robot_99
    6.038771,    -25.93176,            0,            0,            0, -0.009462131,    0.9999552
robot_171
   -14.08976,    -27.66954,            0,            0,            0,    0.9143233,    0.4049852
robot_180
    33.92819,    -5.852936,            0,            0,            0,   -0.2009712,    0.9795972
robot_56
   -14.08655,    -31.75112,            0,            0,            0,     0.620429,    0.7842626
robot_3
    13.95829,    -16.04086,            0,            0,            0,   -0.4847859,    0.8746329
robot_81
    3.809322,     -17.9749,            0,            0,            0,   -0.3432836,    0.9392318
robot_167
   -2.074547,    -12.99882,            0,            0,            0,    0.7931283,    0.6090546
robot_25
    25.91327,    -26.21146,            0,            0,            0,    0.8155981,    0.5786189
robot_168
   -18.08234,    -23.29063,            0,            0,            0,  -0.04438091,    0.9990147
robot_96
    37.94954,     32.20898,            0,            0,            0,   -0.7986055,    0.6018549
robot_166
   -17.90663,     33.87634,            0,            0,            0,    0.3427143,    0.9394397
robot_102
    17.76592,     2.143584,            0,            0,            0,   -0.0582633,    0.9983013
robot_192
   -25.58285,     25.93535,            0,            0,            0,  -0.08040193,    0.9967625
robot_179
   -15.29344,     22.00771,            0,            0,            0,   -0.9998641,   0.01648519
robot_142
   -6.379021,    -21.92689,            0,            0,            0,     0.782951,    0.6220834
robot_1
   -18.09908,     31.22287,            0,            0,            0,   -0.6498542,    0.7600589
robot_44
   -37.66886,     17.94442,            0,            0,            0,  -0.07113938,    0.9974664
robot_163
   -19.60169,    -33.98217,            0,            0,            0,   -0.6260814,    0.7797577
robot_79
    6.210924,    -33.94954,            0,            0,            0,   -0.6239397,    0.7814725
robot_8
    -33.8644,    -21.83646,            0,            0,            0,    0.3746656,      0.92716
robot_20
   -10.03504,     29.58341,            0,            0,            0,   -0.9954767,    0.0950065
robot_143
    9.924024,      2.62754,            0,            0,            0,    0.9997244,   0.02347492
robot_138
    17.95086,     24.15873,            0,            0,            0,      0.14634,    0.9892343
robot_123
   -26.06772,     4.378166,            0,            0,            0,   -0.8863561,    0.4630042
robot_193
    14.20237,      1.92496,            0,            0,            0,   -0.9165942,    0.3998187
robot_187
     5.89224,    -10.34286,            0,            0,            0,  -0.09529857,    0.9954487
robot_176
   0.5396601,     25.98535,            0,            0,            0,    0.9345655,     0.355791
robot_66
    2.380132,     17.91566,            0,            0,            0,   -0.7531018,    0.6579041
robot_63
    18.99782,     6.012111,            0,            0,            0,   -0.2879349,      0.95765
robot_31
   -24.25644,    -2.016845,            0,            0,            0,    0.9670889,    0.2544386
robot_159
   -22.80512,     10.01785,            0,            0,            0,   -0.6266211,    0.7793241
robot_160
    13.93841,     11.19038,            0,            0,            0,   -0.6722573,    0.7403176
robot_151
    33.12152,    -2.023253,            0,            0,            0,   -0.4649412,    0.8853416
robot_150
   -30.00512,     38.35049,            0,            0,            0,    0.9644584,    0.2642347
robot_137
   -34.01821,    -29.87516,            0,            0,            0,   -0.0711557,    0.9974652
robot_199
   -25.86336,      9.88481,            0,            0,            0,   -0.7955733,    0.6058574
robot_54
   -26.02413,    -29.70447,            0,            0,            0,    0.3860662,    0.9224711
robot_117
    37.94936,    -20.80253,            0,            0,            0,   -0.6230064,    0.7822167
robot_36
   -10.06732,     20.26209,            0,            0,            0,   -0.7987151,    0.6017094
robot_33
    -22.0827,     28.93084,            0,            0,            0,   -0.4653624,    0.8851202
robot_146
   -14.09224,     20.40496,            0,            0,            0,   -0.8661601,    0.4997666
robot_156
   -37.99408,      13.6981,            0,            0,            0,  -0.09154204,    0.9958012
robot_112
   -6.052697,     27.69633,            0,            0,            0,   -0.5537625,    0.8326747
robot_19
    1.916378,    -9.544895,            0,            0,            0,   -0.8393214,    0.5436355
robot_141
    5.909415,     27.09965,            0,            0,            0,   -0.6861835,    0.7274285
robot_35
    25.95559,     34.63079,            0,            0,            0,   -0.4058454,    0.9139417
robot_184
     31.2239,     13.97557,            0,            0,            0,    -0.913356,    0.4071619
robot_98
    9.869003,    -14.27672,            0,            0,            0,     0.109883,    0.9939445
robot_100
   -13.44484,     18.02631,            0,            0,            0,    -0.421256,    0.9069418
robot_164
    33.95722,     -32.3537,            0,            0,            0,    0.4171728,    0.9088272
robot_59
   -2.039296,    -7.310022,            0,            0,            0,    0.2169969,    0.9761723
robot_144
  -0.3922487,     18.01139,            0,            0,            0,   -0.3493501,    0.9369923
robot_101
    26.16505,     13.93497,            0,            0,            0,   -0.9048548,    0.4257203
robot_161
   -10.74937,    -38.02426,            0,            0,            0,    0.9757172,    0.2190342
robot_149
   -17.01958,     10.03238,            0,            0,            0,   -0.8215583,    0.5701245
robot_86
    31.79553,     29.99448,            0,            0,            0,    0.6043582,    0.7967127
robot_191
    37.07229,      18.0174,            0,            0,            0,   -0.4436838,    0.8961834
robot_126
     3.29408,     25.96931,            0,            0,            0,   -0.9543568,    0.2986687
robot_190
    33.92883,     32.51621,            0,            0,            0,   -0.7055229,    0.7086872
robot_131
   -26.07093,     0.106534,            0,            0,            0,    0.8463689,    0.5325972
robot_154
    25.90792,     28.05379,            0,            0,            0,    0.3343476,    0.9424498
robot_9
    25.99754,    -14.29928,            0,            0,            0,    0.7049473,    0.7092596
robot_27
   -6.572504,     17.98173,            0,            0,            0,   -0.3830906,    0.9237108
robot_34
    4.901723,     30.01448,            0,            0,            0,    0.8757441,    0.4827756
robot_114
    21.76112,      14.0386,            0,            0,            0,    0.9894751,    0.1447031
robot_51
    17.89342,    -26.04645,            0,            0,            0,    0.8088456,    0.5880211
robot_108
    30.03648,    -30.07981,            0,            0,            0,    0.9997243,   0.02347931
robot_147
    37.99252,    -17.78172,            0,            0,            0,    0.3686375,    0.9295732
robot_183
    37.26909,     -10.0239,            0,            0,            0,    0.9977098,   0.06764042
robot_48
    9.943338,    -22.05092,            0,            0,            0,   -0.4364987,    0.8997049
robot_60
     -10.045,    -22.77309,            0,            0,            0,    0.9166131,    0.3997756
robot_75
   -30.13142,     17.70047,            0,            0,            0,    0.7823722,    0.6228112
robot_152
   -21.62175,     1.943175,            0,            0,            0,    0.6460228,    0.7633181
robot_26
    38.45161,     30.00541,            0,            0,            0,    0.9722569,    0.2339156
robot_182
    25.96554,   -0.9274209,            0,            0,            0,    -0.339822,    0.9404898
robot_172
   -26.37067,     22.07471,            0,            0,            0,   -0.6308232,    0.7759266
robot_43
   -10.08925,    -32.76361,            0,            0,            0,    0.6842672,    0.7292314
robot_170
    6.020733,     1.980748,            0,            0,            0,    0.6435401,    0.7654124
robot_177
     39.1864,    -34.00521,            0,            0,            0, -0.008169067,    0.9999666
robot_80
    22.04303,    -2.043131,            0,            0,            0,   -0.9837564,    0.1795085
robot_16
   -36.84453,    -14.00961,            0,            0,            0,   -0.3792678,     0.925287
robot_13
     17.9311,     8.317228,            0,            0,            0,   -0.2282639,    0.9735993
robot_178
    9.907781,    -33.82878,            0,            0,            0,    0.5017111,    0.8650353
robot_88
    -22.0586,    -35.30265,            0,            0,            0,    0.9862614,    0.1651921
robot_194
     23.6681,     22.03186,            0,            0,            0,    0.8749506,    0.4842121
robot_29
   -38.08726,    -16.09796,            0,            0,            0,   -0.7918416,    0.6107265
robot_92
   -1.860851,    -10.09778,            0,            0,            0,    -0.838356,    0.5451231
robot_87
    26.06212,    -17.85944,            0,            0,            0,    -0.114448,    0.9934292
robot_68
   -4.900841,     6.006376,            0,            0,            0,    0.8125838,    0.5828444
robot_22
   -11.00102,     -29.9862,            0,            0,            0,   -0.9998564,   0.01694612
robot_38
    -22.0944,    -29.87012,            0,            0,            0,   -0.8593277,    0.5114253
robot_2
   -30.44386,     10.06341,            0,            0,            0,    0.2496824,    0.9683278
robot_110
    -18.0661,     -4.30013,            0,            0,            0,    0.3689078,     0.929466
robot_14
   -29.93251,    -5.774818,            0,            0,            0,    0.2249206,    0.9743771
robot_181
   -2.038939,    -32.41685,            0,            0,            0,    0.3021709,    0.9532538
robot_61
   -29.66835,    -37.90317,            0,            0,            0,   -0.8592236,    0.5116003
robot_30
   -10.15657,     34.31156,            0,            0,            0,   -0.9993634,   0.03567589
robot_122
    29.94768,     3.340101,            0,            0,            0,    0.9996575,   0.02617203
robot_132
   -12.12742,     10.03121,            0,            0,            0,   -0.9911136,    0.1330179
robot_45
   -22.14093,    -25.65975,            0,            0,            0,    0.9614386,    0.2750195
robot_21
   -10.09057,    -1.564199,            0,            0,            0,   -0.9935154,     0.113698
robot_39
   -2.175441,     5.987019,            0,            0,            0,    -0.433511,    0.9011483
robot_134
   -34.06756,     23.70241,            0,            0,            0,    0.8640808,    0.5033531
robot_15
   -26.10521,    -21.68721,            0,            0,            0,   -0.9978212,   0.06597666
robot_145
    22.20332,     2.052314,            0,            0,            0,    0.3227897,    0.9464707
robot_140
    -22.0456,     18.14621,            0,            0,            0,    0.5573871,    0.8302527
robot_196
   -18.13525,    -38.34473,            0,            0,            0,   -0.8947945,    0.4464782
robot_188
   -30.04483,    -18.89291,            0,            0,            0,    0.9865028,    0.1637442
robot_4
   -11.29763,     2.028114,            0,            0,            0,    0.7701566,    0.6378548
robot_155
   -17.91789,     -1.89992,            0,            0,            0,    0.9175747,    0.3975635
robot_135
     13.9083,     27.63007,            0,            0,            0,    0.6128512,    0.7901983
robot_93
    29.93501,      33.6516,            0,            0,            0,   -0.6545095,    0.7560537
robot_111
   -10.07806,    -25.43373,            0,            0,            0,   -0.8374059,    0.5465816
robot_0
   -7.573161,    -18.00277,            0,            0,            0,    0.9999742,  0.007187074
robot_49
   -26.03353,      14.7065,            0,            0,            0,   -0.8294179,    0.5586286
robot_113
    9.981579,    -18.36138,            0,            0,            0,    0.6645469,    0.7472466
robot_94
    16.71757,    -14.01311,            0,            0,            0,   -0.9265145,     0.376259
robot_40
    9.960411,     14.43281,            0,            0,            0,    0.4998944,    0.8660863
robot_103
   -29.90815,    -13.82897,            0,            0,            0,    0.9856081,    0.1690462
robot_6
   -18.05594,    -9.799919,            0,            0,            0,    0.9965512,   0.08297978
robot_71
   -5.993878,     13.92319,            0,            0,            0,   -0.9878587,    0.1553549
robot_17
    17.07763,    -21.98033,            0,            0,            0,     0.999769,   0.02149175
robot_120
     30.4141,     5.941756,            0,            0,            0,    0.2560363,    0.9666672
robot_189
   -15.92855,    -21.99308,            0,            0,            0,   -0.1425187,    0.9897921
robot_148
    35.13691,    -26.00258,            0,            0,            0,   -0.9779575,    0.2088039
robot_186
   -6.054758,     36.26713,            0,            0,            0,    0.9419094,     0.335867
robot_198
    38.81377,     5.991314,            0,            0,            0,    0.7121558,    0.7020215
robot_107
   -14.08885,    -16.46814,            0,            0,            0,    0.9844423,    0.1757079
robot_18
    21.94278,    -32.68358,            0,            0,            0,   -0.5826399,    0.8127305
robot_23
   -30.03384,    -21.29188,            0,            0,            0,    -0.995763,   0.09195697
robot_46
    29.93207,     -24.7054,            0,            0,            0,    0.9998858,   0.01511066
robot_109
   -32.46756,     30.01504,            0,            0,            0,   -0.7326734,    0.6805804
robot_10
    1.898816,    -25.67559,            0,            0,            0,    0.5261432,     0.850396
robot_157
   -37.90542,     26.03987,            0,            0,            0,    0.3777155,    0.9259217
robot_70
    17.90573,    -3.450964,            0,            0,            0,   -0.9565413,     0.291597
robot_55
   -10.09269,    -4.907433,            0,            0,            0,   -0.9004102,    0.4350419
robot_73
   -14.09089,     8.889624,            0,            0,            0,    0.6413356,    0.7672605
robot_69
 -0.05226265,    -30.01865,            0,            0,            0,   -0.9394375,    0.3427202
robot_65
   -21.16601,     34.01927,            0,            0,            0,    0.9574695,    0.2885345
robot_124
   -30.09519,     32.50895,            0,            0,            0,    0.8425504,    0.5386175
robot_115
    5.953972,     11.89957,            0,            0,            0,   -0.4095659,    0.9122805
robot_130
   -4.494353,    -14.00861,            0,            0,            0,   -0.9530568,    0.3027917
robot_85
    22.32061,    -26.08527,            0,            0,            0,   -0.2015135,    0.9794857
robot_91
   -1.769769,    -18.08583,            0,            0,            0,   0.01379966,    0.9999048
robot_47
   -34.09937,     37.62156,            0,            0,            0,    0.2437859,    0.9698291
robot_52
    3.905675,    -10.01253,            0,            0,            0,   -0.9709246,    0.2393856
robot_195
    9.673916,    -9.971426,            0,            0,            0,   -0.9394906,    0.3425748
robot_72
    37.10834,    -29.98541,            0,            0,            0,     0.821671,    0.5699621
robot_158
        13.9,    -26.13684,            0,            0,            0,    0.7470391,    0.6647801
robot_153
   -21.63872,     -14.0127,            0,            0,            0,   0.09566228,    0.9954138
robot_105
   -3.008619,    -22.02595,            0,            0,            0,    0.4811893,    0.8766167
robot_162
    -19.7271,     6.030232,            0,            0,            0,     0.963733,    0.2668683
robot_97
    2.202005,    -6.074136,            0,            0,            0,    0.2366491,    0.9715952
robot_90
   -21.81018,    -17.92018,            0,            0,            0,   -0.8085344,    0.5884489
robot_165
   -31.47513,    -25.97079,            0,            0,            0,      0.10224,    0.9947598
robot_42
    32.71024,     5.972355,            0,            0,            0,   -0.8521032,    0.5233739
robot_7
    5.880608,    -22.24849,            0,            0,            0,    0.8953549,    0.4453533
robot_28
    30.93826,    -14.00705,            0,            0,            0,   -0.4586274,    0.8886287
robot_118
   -22.04964,     14.76191,            0,            0,            0,     0.350322,    0.9366293
robot_139
    25.91102,     15.83604,            0,            0,            0,   -0.9618504,    0.2735759
robot_129
    25.69685,     5.903516,            0,            0,            0,   -0.3441001,     0.938933
robot_57
    33.91684,     36.25797,            0,            0,            0,   -0.4272161,    0.9041496
robot_24
    13.88135,     38.34886,            0,            0,            0,    0.6930599,      0.72088
robot_106
    32.37522,     9.977011,            0,            0,            0,    0.9651035,    0.2618689
robot_185
   -9.965596,     5.936798,            0,            0,            0,   -0.9887104,    0.1498389
robot_174
    24.04102,    -18.00664,            0,            0,            0,   -0.7312111,    0.6821513
robot_58
     22.2879,     33.93019,            0,            0,            0,   -0.9033958,    0.4288077
robot_12
    21.16688,      9.97841,            0,            0,            0,    0.8856319,    0.4643879
robot_95
    17.94716,     16.32709,            0,            0,            0,   -0.9158202,    0.4015885
robot_78
    33.91059,    -38.50776,            0,            0,            0,    0.6213441,    0.7835378
robot_62
    29.96402,    -21.30482,            0,            0,            0,    0.1524935,    0.9883045
robot_121
    18.00868,    -29.94626,            0,            0,            0,   0.08499966,     0.996381
robot_83
    14.36815,    -14.07726,            0,            0,            0,    0.9959831,   0.08954097
robot_127
    -13.6005,    -1.917509,            0,            0,            0,   -0.7708823,    0.6369777
robot_128
    34.03791,     13.97902,            0,            0,            0,    0.3264824,    0.9452033
robot_32
    17.92134,    -34.66061,            0,            0,            0,    0.9505172,     0.310672
robot_89
    -22.0401,    -1.451429,            0,            0,            0,   -0.1745884,    0.9846415
robot_11
   -7.108949,     38.00012,            0,            0,            0,   -0.8119506,    0.5837262
robot_37
    17.96116,     -7.14462,            0,            0,            0,    0.9236796,    0.3831657
robot_175
    -9.99283,     -17.8119,            0,            0,            0,    -0.602561,    0.7980728
robot_50
    34.13934,    -21.99756,            0,            0,            0,     0.660449,    0.7508709
robot_64
   -14.12041,     -14.0008,            0,            0,            0,    0.9335892,     0.358345
robot_76
    25.93599,    -34.57955,            0,            0,            0,   -0.7155037,     0.698609
robot_104
     27.6365,    -30.00515,            0,            0,            0,     0.836727,    0.5476202
robot_169
    -2.09568,      33.9549,            0,            0,            0,   -0.5486066,    0.8360806
robot_53
    1.992912,     33.97926,            0,            0,            0,    0.6852463,    0.7283114
