tuw_multi_robot_msgs::RobotGoalsArray @1970-01-01T01:38:30.200000
frame_id: map
        5910,    200000000
robot_84
     21.8342,    -33.78812,            0,            0,            0,   -0.7906085,    0.6123219
robot_116
    25.68965,     21.92103,            0,            0,            0,   -0.7084231,    0.7057881
robot_74
    21.79046,      26.1231,            0,            0,            0,    0.7080428,    0.7061695
robot_41
   -32.01792,     38.02578,            0,            0,            0,    0.9586465,    0.2845995
robot_125
   -21.92255,    -34.07054,            0,            0,            0,    0.9967844,   0.08013055
robot_136
   -8.240452,     33.97393,            0,            0,            0,    0.7330312,     0.680195
robot_173
   -26.09853,    -34.59886,            0,            0,            0,    0.1291155,    0.9916296
robot_67
    21.89398,    -29.80702,            0,            0,            0,    0.3689838,    0.9294358
robot_197
    28.86937,    -37.99657,            0,            0,            0,    0.8679881,     0.496585
robot_119
   -14.16602,     29.73126,            0,            0,            0,   -0.7706331,    0.6372791
robot_82
    31.43025,     10.00534,            0,            0,            0,    0.8673701,    0.4976637
robot_77
   -2.052296,     27.60106,            0,            0,            0,    0.1071858,     0.994239
robot_5
   -26.06266,     -10.9387,            0,            0,            0,    0.9694142,    0.2454304
robot_133
    1.834751,    -9.719855,            0,            0,            0,   -0.9235899,     0.383382
robot_99
    13.93316,    -12.98585,            0,            0,            0,    0.5446667,    0.8386526
robot_171
    38.04237,    -14.10809,            0,            0,            0,    0.8156186,      0.57859
robot_180
    9.911179,     35.74712,            0,            0,            0,    0.9214724,    0.3884439
robot_56
   -33.85615,    -1.841285,            0,            0,            0,   -0.8028569,    0.5961717
robot_3
   -1.056258,     33.98735,            0,            0,            0,    0.9042218,    0.4270631
robot_81
     4.15751,    -25.99189,            0,            0,            0,   -0.6802903,    0.7329428
robot_167
   -28.00599,     26.02844,            0,            0,            0,    0.2488007,    0.9685547
robot_25
   -2.075202,    -20.00531,            0,            0,            0,   -0.9931872,    0.1165299
robot_168
     9.98791,     26.24576,            0,            0,            0,   0.03819035,    0.9992705
robot_96
   -10.86873,    -34.01627,            0,            0,            0,   -0.9178012,    0.3970402
robot_166
   -34.03929,    -11.47567,            0,            0,            0,    -0.981517,    0.1913748
robot_102
     1.94349,    -12.75583,            0,            0,            0,    -0.997977,   0.06357541
robot_192
    7.550502,    -14.01574,            0,            0,            0,   -0.8405146,    0.5417888
robot_179
     4.33488,    -18.00989,            0,            0,            0,   0.01794315,     0.999839
robot_142
   -26.24313,    -37.90553,            0,            0,            0,   -0.8772859,    0.4799681
robot_1
    37.95345,     11.49377,            0,            0,            0,   -0.6290179,    0.7773908
robot_44
   -30.09628,    -27.53654,            0,            0,            0,   -0.4839699,    0.8750846
robot_163
   -30.36333,    -9.946585,            0,            0,            0,   -0.3476052,     0.937641
robot_79
   -1.780029,     17.96425,            0,            0,            0,  -0.06727166,    0.9977347
robot_8
    12.65589,     1.989148,            0,            0,            0,    0.6812192,    0.7320795
robot_20
    37.93245,     24.98999,            0,            0,            0,   -0.8193172,    0.5733405
robot_143
   -31.24393,    -1.971016,            0,            0,            0,    0.9247623,    0.3805454
robot_138
    9.937639,     15.86539,            0,            0,            0,   -0.7903064,    0.6127118
robot_123
   -14.05955,    -21.98045,            0,            0,            0,   -0.8281173,    0.5605549
robot_193
    19.38203,     6.018363,            0,            0,            0,    0.9956621,   0.09304259
robot_187
    21.94987,     14.47569,            0,            0,            0,   -0.7504315,    0.6609482
robot_176
   -14.29387,     1.867289,            0,            0,            0,   -0.6258594,    0.7799359
robot_66
   -7.397885,     22.00341,            0,            0,            0,    0.9929934,    0.1181695
robot_63
   -18.07132,   -0.8546967,            0,            0,            0,   -0.6705761,    0.7418407
robot_31
   -18.19176,    -9.884688,            0,            0,            0,   -0.6969494,    0.7171203
robot_159
     1.90116,     15.78162,            0,            0,            0,     0.133537,    0.9910438
robot_160
    18.02644,     13.84125,            0,            0,            0,    0.9877195,    0.1562377
robot_151
   -18.05106,    -22.00014,            0,            0,            0,   -0.7007253,    0.7134312
robot_150
    15.73406,     21.97361,            0,            0,            0,    0.7712195,    0.6365693
robot_137
   -26.09848,     38.00075,            0,            0,            0,    0.9975458,   0.07001717
robot_199
    18.46693,    -30.00979,            0,            0,            0,    0.7190994,    0.6949072
robot_54
   -32.87098,     9.992516,            0,            0,            0,    0.9658893,    0.2589553
robot_117
   -38.05051,    -25.72591,            0,            0,            0,    0.9977499,   0.06704581
robot_36
    22.03292,     38.32201,            0,            0,            0,   -0.8002158,    0.5997122
robot_33
   -14.08279,     34.52177,            0,            0,            0,   0.04617319,    0.9989334
robot_146
    25.94993,    -4.868709,            0,            0,            0,    0.7343212,    0.6788021
robot_156
    15.00286,     17.98377,            0,            0,            0,     0.259651,    0.9657025
robot_112
     5.79166,     30.18749,            0,            0,            0,    0.8384253,    0.5450166
robot_19
   -8.781898,    -33.97081,            0,            0,            0,    0.1747293,    0.9846165
robot_141
   -26.08857,    -8.667765,            0,            0,            0,   -0.9997958,   0.02020883
robot_35
    29.72614,    -21.93622,            0,            0,            0,    -0.683537,    0.7299158
robot_184
   -14.06628,     7.284812,            0,            0,            0,    0.3596533,     0.933086
robot_98
   -30.31366,     18.09613,            0,            0,            0,   -0.4014728,    0.9158709
robot_100
    -18.1657,     22.16337,            0,            0,            0,    0.6373429,    0.7705804
robot_164
    27.65027,     5.991967,            0,            0,            0,   -0.6862118,    0.7274018
robot_59
    33.76287,     5.838361,            0,            0,            0,    -0.439078,     0.898449
robot_144
    22.40842,     5.973466,            0,            0,            0,     0.915247,    0.4028933
robot_101
   -6.568387,     37.98941,            0,            0,            0,    0.5089471,    0.8607978
robot_161
   -21.67663,    -37.92686,            0,            0,            0,   -0.3062371,    0.9519553
robot_149
    8.466566,     33.99755,            0,            0,            0,   -0.8076565,    0.5896532
robot_86
   -18.06494,    -33.97898,            0,            0,            0,   -0.9460376,    0.3240568
robot_191
    13.91828,     29.34575,            0,            0,            0,   -0.9720926,    0.2345976
robot_126
   -39.37591,     29.99019,            0,            0,            0,   -0.9908911,    0.1346654
robot_190
    21.78646,    -9.913433,            0,            0,            0,   -0.8214538,    0.5702751
robot_131
    6.028345,    -30.18175,            0,            0,            0,    0.7617672,    0.6478508
robot_154
   -14.08877,     20.19007,            0,            0,            0,   -0.9994877,   0.03200461
robot_9
    29.95739,    -28.16873,            0,            0,            0,    0.6211518,    0.7836903
robot_27
   -22.12849,     29.63787,            0,            0,            0,    -0.704086,    0.7101147
robot_34
   -10.98388,     -25.9908,            0,            0,            0,    0.4138584,    0.9103412
robot_114
    35.94387,      33.9902,            0,            0,            0,     0.982958,    0.1838304
robot_51
   -38.05523,     8.457953,            0,            0,            0,   0.06114808,    0.9981287
robot_108
   -22.05225,    -5.132349,            0,            0,            0,   -0.2063953,    0.9784687
robot_147
    13.95773,    -16.84894,            0,            0,            0,    0.9919948,     0.126279
robot_183
   -11.59009,      33.9923,            0,            0,            0,     0.804226,    0.5943236
robot_48
    29.93139,    -34.88385,            0,            0,            0,   -0.7782139,    0.6279994
robot_60
    21.90824,     36.26602,            0,            0,            0,    0.9761984,    0.2168795
robot_75
   -18.05135,     26.67496,            0,            0,            0,    0.6138793,    0.7893999
robot_152
    13.93069,    -28.85078,            0,            0,            0,   0.04142043,    0.9991418
robot_26
   -10.03743,     25.11109,            0,            0,            0,    0.1387344,    0.9903296
robot_182
   -21.22761,    -18.00602,            0,            0,            0,   -0.4381262,    0.8989135
robot_172
   -6.239333,    -37.92412,            0,            0,            0,    0.7791613,    0.6268235
robot_43
   -22.06101,   -0.7881583,            0,            0,            0,   -0.6388931,    0.7692955
robot_170
   -9.901394,     37.95433,            0,            0,            0,   -0.2165036,    0.9762818
robot_177
   -36.03305,     26.02309,            0,            0,            0,    0.6955511,    0.7184766
robot_80
   -22.20168,     34.15231,            0,            0,            0,    0.9853999,    0.1702558
robot_16
    25.91093,    -8.672457,            0,            0,            0,    0.4825027,    0.8758945
robot_13
    33.59402,     18.03263,            0,            0,            0,   -0.8163606,    0.5775425
robot_178
    1.484451,     33.97335,            0,            0,            0,   -0.9292902,    0.3693504
robot_88
     8.35898,    -5.969216,            0,            0,            0,   -0.5674723,    0.8233925
robot_194
   -38.04276,    -6.082651,            0,            0,            0,   -0.8781951,    0.4783025
robot_29
   -6.046101,    -3.508321,            0,            0,            0,   -0.2694644,    0.9630103
robot_92
    15.92511,     34.00556,            0,            0,            0,  -0.01247496,    0.9999222
robot_87
    24.98453,    -29.98849,            0,            0,            0,    0.9766264,     0.214944
robot_68
    25.59337,     13.97235,            0,            0,            0,   -0.6216853,    0.7832671
robot_22
    13.78504,     5.783052,            0,            0,            0,  -0.01271745,    0.9999191
robot_38
    3.802937,     5.982151,            0,            0,            0,    0.0518009,    0.9986574
robot_2
    27.80186,    -30.02029,            0,            0,            0,   -0.9146549,    0.4042355
robot_110
     16.2681,     38.01817,            0,            0,            0,   -0.9266959,    0.3758122
robot_14
   -18.08252,    -12.55664,            0,            0,            0,    0.1880705,    0.9821555
robot_181
    30.01588,    -14.25263,            0,            0,            0,   -0.5772828,    0.8165443
robot_61
   -26.09837,    -2.618251,            0,            0,            0,    0.8132013,    0.5819825
robot_30
   -38.06272,     32.60086,            0,            0,            0,   -0.9905002,    0.1375113
robot_122
   -12.07134,     26.00569,            0,            0,            0,  0.009478357,    0.9999551
robot_132
    13.94151,     19.67615,            0,            0,            0,  -0.09222524,    0.9957382
robot_45
   -17.48772,     13.98519,            0,            0,            0,    0.9638036,    0.2666132
robot_21
    21.66001,    -17.98965,            0,            0,            0,    0.4701805,    0.8825703
robot_39
   -6.254739,     13.93529,            0,            0,            0,    0.8724693,     0.488669
robot_134
   -6.037596,     20.07452,            0,            0,            0,    0.6448307,    0.7643254
robot_15
   -14.04966,     11.68983,            0,            0,            0,    0.8525543,    0.5226387
robot_145
  -0.6263782,    -10.00574,            0,            0,            0,     0.602904,    0.7978137
robot_140
    13.91408,    -8.303618,            0,            0,            0,     0.658156,    0.7528816
robot_196
   -10.98132,     9.991121,            0,            0,            0,   -0.4004177,    0.9163327
robot_188
   -21.29848,     -14.0266,            0,            0,            0,   -0.6081546,    0.7938186
robot_4
    13.76479,     9.835467,            0,            0,            0,   -0.9969858,   0.07758377
robot_155
    6.141799,     6.149044,            0,            0,            0,   -0.9063626,    0.4225008
robot_135
   -30.08763,     13.22159,            0,            0,            0,   -0.4547743,    0.8906067
robot_93
   -9.171671,      13.9809,            0,            0,            0,    0.9956729,   0.09292686
robot_111
    33.72704,    -25.97589,            0,            0,            0,   -0.9208191,      0.38999
robot_0
   -12.25442,     22.01595,            0,            0,            0,   -0.2667736,    0.9637592
robot_49
    25.95637,    -28.17376,            0,            0,            0,   -0.9997421,   0.02271025
robot_113
    3.149896,    -29.98788,            0,            0,            0,   -0.8739816,     0.485959
robot_94
   -22.08862,     5.510557,            0,            0,            0, -0.006773984,    0.9999771
robot_40
     29.9163,    -9.612485,            0,            0,            0,   -0.9867042,    0.1625262
robot_103
   -2.081374,    -17.09014,            0,            0,            0,    0.2772509,    0.9607976
robot_6
   -17.94474,     29.81668,            0,            0,            0,    0.9999983,  0.001848433
robot_71
    26.13332,    -38.15351,            0,            0,            0,   -0.8575089,    0.5144691
robot_17
    33.91413,     15.71863,            0,            0,            0,    0.8020936,    0.5971984
robot_120
   -30.00752,     33.72149,            0,            0,            0,   0.05123298,    0.9986867
robot_189
    -8.72381,     6.005221,            0,            0,            0,   -0.1695363,    0.9855239
robot_148
   -13.85441,     14.02389,            0,            0,            0,    0.2040897,    0.9789522
robot_186
    9.799387,    -30.00333,            0,            0,            0,    0.8613399,    0.5080291
robot_198
    21.89558,    -26.06379,            0,            0,            0,   -0.6495279,    0.7603378
robot_107
   -21.08819,    -29.96738,            0,            0,            0,   -0.7275699,    0.6860335
robot_18
    7.117347,     9.983473,            0,            0,            0,   -0.1663314,    0.9860699
robot_23
    33.95071,    -37.67778,            0,            0,            0,   -0.1752005,    0.9845328
robot_46
    10.32562,    -22.08072,            0,            0,            0,   -0.1098131,    0.9939523
robot_109
    28.87751,     17.99258,            0,            0,            0,   -0.6112607,    0.7914293
robot_10
      9.8027,     29.83616,            0,            0,            0,    -0.915405,     0.402534
robot_157
   -30.19362,    -5.859586,            0,            0,            0,    0.7151173,    0.6990045
robot_70
    18.08377,    -6.009881,            0,            0,            0,  0.004061036,    0.9999918
robot_55
   -26.44011,     17.90241,            0,            0,            0,    0.4959584,    0.8683463
