tuw_multi_robot_msgs::RobotGoalsArray @1970-01-01T01:19:55.400000
frame_id: map
        4795,    400000000
robot_84
   -14.08654,      -20.864,            0,            0,            0,   -0.1099294,    0.9939394
robot_116
    33.92822,     -14.8135,            0,            0,            0,   -0.5966129,    0.8025291
robot_74
    33.85868,     29.72908,            0,            0,            0,    0.9931895,    0.1165105
robot_41
   -27.31078,    -9.991553,            0,            0,            0,    0.6262027,    0.7796603
robot_125
    21.87717,     38.08738,            0,            0,            0,    0.9987419,   0.05014686
robot_136
    2.280107,      30.0969,            0,            0,            0, -0.003742659,     0.999993
robot_173
   -2.099105,    -18.50083,            0,            0,            0,   -0.4030352,    0.9151845
robot_67
    5.919385,    -10.10653,            0,            0,            0,   -0.9139343,    0.4058621
robot_197
   -31.72362,     22.00122,            0,            0,            0,   -0.2826257,    0.9592303
robot_119
    5.900892,    -2.214174,            0,            0,            0,    0.6213419,    0.7835395
robot_82
   -7.499135,    -6.029213,            0,            0,            0,    0.5001236,     0.865954
robot_77
   -11.75516,      -18.003,            0,            0,            0,    0.9984276,   0.05605712
robot_5
   -15.35645,    -2.012967,            0,            0,            0,   -0.8427209,    0.5383506
robot_133
    36.81707,    -6.019742,            0,            0,            0,    0.9075601,    0.4199221
robot_99
   -39.45037,    -18.00727,            0,            0,            0,   -0.9570216,    0.2900168
robot_171
    5.937466,    -12.43791,            0,            0,            0,    0.4874577,    0.8731466
robot_180
   -25.83954,     1.987838,            0,            0,            0,    0.2252616,    0.9742983
robot_56
    33.79911,     2.006742,            0,            0,            0, -0.002902794,    0.9999958
robot_3
   -18.09073,    -4.868218,            0,            0,            0,   -0.3165692,    0.9485694
robot_81
    23.76424,      14.0314,            0,            0,            0,   -0.3745348,    0.9272129
robot_167
   -9.997371,     17.79604,            0,            0,            0,   -0.2043152,    0.9789052
robot_25
   -6.052381,     37.55675,            0,            0,            0,   -0.6813619,    0.7319467
robot_168
    25.48137,     33.90216,            0,            0,            0,    -0.660713,    0.7506386
robot_96
   -26.05306,     20.47473,            0,            0,            0,    0.9529367,    0.3031692
robot_166
   -34.07159,    -28.87763,            0,            0,            0,   -0.9988499,   0.04794729
robot_102
    5.937033,     -7.39563,            0,            0,            0,   -0.2544986,    0.9670731
robot_192
   -30.92653,    -9.971068,            0,            0,            0,    0.6911835,    0.7226793
robot_179
   -33.60822,    -10.06026,            0,            0,            0,  -0.03953946,     0.999218
robot_142
    34.12001,     13.87997,            0,            0,            0,   -0.4569637,    0.8894853
robot_1
   -34.06744,     26.78917,            0,            0,            0,    0.9587787,    0.2841539
robot_44
   -17.42069,    -13.99594,            0,            0,            0,   -0.9876017,    0.1569806
robot_163
   -6.054945,     32.35981,            0,            0,            0,    0.9999267,   0.01210481
robot_79
   -23.96827,     18.00737,            0,            0,            0,   -0.5159331,    0.8566289
robot_8
    17.48466,    -13.91794,            0,            0,            0,    0.1163979,    0.9932027
robot_20
    7.740089,    -21.97463,            0,            0,            0,   -0.1469145,    0.9891492
robot_143
   -34.14652,    -21.92275,            0,            0,            0,   -0.2834066,    0.9589998
robot_138
   -10.15179,    -9.975687,            0,            0,            0,   -0.2641858,    0.9644718
robot_123
   -34.06254,     13.96466,            0,            0,            0,    -0.150537,    0.9886044
robot_193
    20.77574,     9.973471,            0,            0,            0,    -0.368252,     0.929726
robot_187
  0.09062482,    -22.00798,            0,            0,            0,   -0.2138803,    0.9768599
robot_176
    33.92687,    -21.21063,            0,            0,            0,    0.4404595,    0.8977725
robot_66
    10.19812,     37.99324,            0,            0,            0,    0.7456472,     0.666341
robot_63
   -16.01507,    -17.99576,            0,            0,            0,   -0.6288442,    0.7775314
robot_31
    17.64096,    -6.018743,            0,            0,            0,   -0.8925147,    0.4510183
robot_159
    9.956317,    -23.61994,            0,            0,            0,   -0.2205182,    0.9753829
robot_160
     20.7339,     13.97677,            0,            0,            0,    0.9965403,   0.08311105
robot_151
   -10.26376,     10.10769,            0,            0,            0,   -0.3222666,     0.946649
robot_150
   -38.04192,       -20.05,            0,            0,            0,   -0.8075744,    0.5897657
robot_137
   -22.05454,      22.5195,            0,            0,            0,   -0.9965858,   0.08256383
robot_199
     -6.7336,    -26.02723,            0,            0,            0,   -0.5386717,    0.8425157
robot_54
    36.77949,     26.00576,            0,            0,            0,  -0.01292706,    0.9999164
robot_117
    17.94248,      21.5547,            0,            0,            0,    0.8448307,    0.5350338
robot_36
   -14.13782,     2.067693,            0,            0,            0,     0.417899,    0.9084935
robot_33
    19.15476,    -9.994133,            0,            0,            0,    0.9230089,    0.3847785
robot_146
   -29.98363,     -22.0503,            0,            0,            0,   -0.9215618,    0.3882317
robot_156
    30.11012,     9.882215,            0,            0,            0,    0.3849428,    0.9229404
robot_112
   -1.900939,     6.163583,            0,            0,            0,   -0.9853138,    0.1707531
robot_19
   -9.910556,    -2.210803,            0,            0,            0,    0.5628722,     0.826544
robot_141
   -22.57738,     9.993547,            0,            0,            0,    0.8328825,    0.5534498
robot_35
    37.77663,      22.2313,            0,            0,            0,   -0.5908402,    0.8067886
robot_184
   -26.07394,     33.74791,            0,            0,            0,   -0.7447581,    0.6673345
robot_98
   -10.05437,     26.92394,            0,            0,            0,   -0.9287342,    0.3707463
robot_100
    2.958237,    -33.97661,            0,            0,            0,   -0.3511129,    0.9363331
robot_164
    26.41433,     38.06103,            0,            0,            0,   0.05480597,     0.998497
robot_59
   -10.06098,    -36.81556,            0,            0,            0,   -0.9525771,    0.3042974
robot_144
   -17.93688,     33.92955,            0,            0,            0,   -0.6823006,    0.7310718
robot_101
    39.26988,     -25.9958,            0,            0,            0,   0.04926347,    0.9987858
robot_161
     34.0238,     -25.9466,            0,            0,            0,   -0.2728837,     0.962047
robot_149
   -29.94204,    -13.78835,            0,            0,            0,   -0.9860426,    0.1664931
robot_86
    25.61577,    -34.07498,            0,            0,            0,   -0.3158936,    0.9487946
robot_191
    10.39965,     13.97455,            0,            0,            0,    -0.706157,    0.7080553
robot_126
   -38.12833,     17.93015,            0,            0,            0,   -0.8613946,    0.5079364
robot_190
    29.04798,    -34.01069,            0,            0,            0,   -0.5081858,    0.8612474
robot_131
   -37.68068,     -26.0333,            0,            0,            0,   -0.2236913,      0.97466
robot_154
   -28.04028,     2.018521,            0,            0,            0,   -0.9897873,     0.142552
robot_9
    24.96056,     -14.0128,            0,            0,            0,    0.9990293,   0.04405059
robot_27
   -15.44581,     10.01347,            0,            0,            0,   -0.9942224,    0.1073397
robot_34
   -29.90059,      -17.897,            0,            0,            0,    0.5066342,    0.8621611
robot_114
   -12.85061,    -26.02726,            0,            0,            0,   -0.7039126,    0.7102866
robot_51
    29.74544,     13.92611,            0,            0,            0,    0.4183407,    0.9082902
robot_108
    29.91775,     1.385067,            0,            0,            0,   -0.9857453,    0.1682447
robot_147
   -21.58979,     38.04957,            0,            0,            0,   -0.4420838,    0.8969737
robot_183
    17.77024,     10.11786,            0,            0,            0,   -0.9095243,    0.4156508
robot_48
   -4.328352,     34.01261,            0,            0,            0,    0.7573447,    0.6530153
robot_60
   -30.05099,   -0.2264915,            0,            0,            0,   -0.6128892,    0.7901688
robot_75
    33.91858,     23.42955,            0,            0,            0,    0.5123715,    0.8587639
robot_152
   -13.86929,     26.03691,            0,            0,            0,   -0.4956982,    0.8684948
robot_26
   -18.04199,    -18.95742,            0,            0,            0,    0.9731926,    0.2299915
robot_182
    27.64321,    -38.00913,            0,            0,            0,  -0.08061236,    0.9967455
robot_172
     17.9409,     38.11583,            0,            0,            0,   -0.8763325,    0.4817068
robot_43
   -7.534976,    -10.00337,            0,            0,            0,    0.8941958,    0.4476761
robot_170
   -37.59379,     25.98198,            0,            0,            0,    0.8598813,     0.510494
robot_177
   -30.06431,     6.198024,            0,            0,            0,    0.5706918,    0.8211644
robot_80
    29.94017,    -8.506174,            0,            0,            0,    0.2843948,    0.9587072
robot_16
    31.76473,    -26.02874,            0,            0,            0,   -0.7404079,    0.6721578
robot_13
   -2.075028,    -7.412736,            0,            0,            0,    0.2418771,    0.9703069
robot_178
   -10.06536,     36.13765,            0,            0,            0,   0.03904097,    0.9992376
robot_88
   -26.11919,    -22.17308,            0,            0,            0,   -0.9698758,       0.2436
robot_194
    25.95863,    -18.79402,            0,            0,            0,    0.4066671,    0.9135764
robot_29
    25.93218,    -25.95154,            0,            0,            0,    -0.722679,    0.6911838
