tuw_multi_robot_msgs::RobotGoalsArray @1970-01-01T01:41:54.900000
frame_id: map
        6114,    900000000
robot_84
   -18.05921,    -30.18934,            0,            0,            0,  -0.05873838,    0.9982734
robot_116
    -2.26546,     17.99837,            0,            0,            0,     0.692772,    0.7211567
robot_74
    13.68286,      1.97072,            0,            0,            0,    0.2660336,    0.9639638
robot_41
   -22.07648,     26.64716,            0,            0,            0,    0.8099409,    0.5865116
robot_125
    28.23595,     14.01756,            0,            0,            0,    0.8592998,    0.5114722
robot_136
   -9.913961,     9.949799,            0,            0,            0,    0.4360383,    0.8999281
robot_173
   -22.07846,    -22.52519,            0,            0,            0,    0.9975629,   0.06977238
robot_67
    1.921944,    -11.83212,            0,            0,            0,   -0.2230983,    0.9747959
robot_197
   -26.04524,    -7.437796,            0,            0,            0,    0.9822973,    0.1873285
robot_119
    17.97957,     37.93057,            0,            0,            0,   -0.9730778,    0.2304771
robot_82
   -26.34109,    -1.913442,            0,            0,            0,    0.4553535,    0.8903107
robot_77
   -18.03524,     5.603238,            0,            0,            0,    0.3394286,    0.9406318
robot_5
   -26.08162,     11.49497,            0,            0,            0,    -0.479413,    0.8775894
robot_133
    24.37516,      21.9982,            0,            0,            0,   -0.5837097,    0.8119624
robot_99
   -26.08873,      24.9032,            0,            0,            0,    0.2916221,    0.9565336
robot_171
   -22.10167,    -18.11865,            0,            0,            0,     0.597765,    0.8016714
robot_180
    18.10159,     9.880206,            0,            0,            0,   -0.5437214,    0.8392658
robot_56
   -30.06848,    -31.98101,            0,            0,            0,    -0.781971,    0.6233148
robot_3
   -37.97595,     13.85975,            0,            0,            0,     0.711948,    0.7022322
robot_81
   -14.06827,     24.69752,            0,            0,            0,   -0.9474468,    0.3199133
robot_167
   -26.06096,     -5.09702,            0,            0,            0,     -0.99922,    0.0394902
robot_25
   -18.09392,    -21.03425,            0,            0,            0,    0.8052481,     0.592938
robot_168
    5.920408,     35.84735,            0,            0,            0,   -0.8312438,     0.555908
robot_96
    9.993639,     10.03297,            0,            0,            0,    0.6918596,    0.7220321
robot_166
   -4.926869,     21.97695,            0,            0,            0,   -0.4123494,    0.9110258
robot_102
   -10.11025,     21.97164,            0,            0,            0,    0.5588111,     0.829295
robot_192
    29.08776,     -21.9991,            0,            0,            0,   -0.3549598,    0.9348816
robot_179
   -5.954828,     33.82448,            0,            0,            0,   -0.6939008,    0.7200706
robot_142
    29.87903,    -38.11519,            0,            0,            0,   -0.1947377,    0.9808554
robot_1
    17.95737,     35.57291,            0,            0,            0,   -0.5802316,    0.8144515
robot_44
   -38.04671,     -21.9817,            0,            0,            0,    0.9023558,    0.4309918
robot_163
   -12.02761,    -13.96671,            0,            0,            0,   -0.1110752,     0.993812
robot_79
   -38.01338,    -26.31387,            0,            0,            0,    0.9973879,   0.07223137
robot_8
   -22.09657,    -1.581875,            0,            0,            0,  -0.07296863,    0.9973342
robot_20
   -9.605721,    -38.05061,            0,            0,            0,    0.4469128,    0.8945775
robot_143
    13.80646,     -5.93521,            0,            0,            0,   -0.4750989,    0.8799324
robot_138
   -14.05554,     -27.1901,            0,            0,            0,    0.8740947,    0.4857555
robot_123
     26.0609,      38.1542,            0,            0,            0,    -0.735785,    0.6772152
robot_193
   -22.44374,     17.94059,            0,            0,            0,     0.843836,    0.5366011
robot_187
   -30.04834,    -15.83529,            0,            0,            0,    0.6120759,     0.790799
robot_176
    18.14569,    -38.12044,            0,            0,            0,    0.5569646,    0.8305362
robot_66
    13.92738,     25.60717,            0,            0,            0,   -0.2187064,    0.9757907
robot_63
    30.03138,     33.97586,            0,            0,            0,   -0.7293696,    0.6841198
robot_31
   -30.83608,    -26.01577,            0,            0,            0,    0.8462418,    0.5327991
robot_159
   -21.55006,     9.967472,            0,            0,            0,   0.01313915,    0.9999137
robot_160
    38.00453,     -22.2439,            0,            0,            0,    0.9674521,    0.2530543
robot_151
    37.77815,     22.18772,            0,            0,            0,   -0.8786116,    0.4775371
robot_150
    10.02449,     22.11014,            0,            0,            0,   -0.9492394,    0.3145547
robot_137
   -10.03568,    -5.157686,            0,            0,            0,   -0.8874762,    0.4608535
robot_199
   -37.90355,    -33.77858,            0,            0,            0,   -0.5121337,    0.8589057
robot_54
   -29.84384,     6.125701,            0,            0,            0,    0.9971725,   0.07514719
robot_117
   -26.84205,    -29.98799,            0,            0,            0,   -0.9953408,   0.09641957
robot_36
    17.95511,    -36.15508,            0,            0,            0,   -0.9900761,     0.140532
robot_33
    17.96316,    -29.32379,            0,            0,            0,   -0.8841656,    0.4671735
robot_146
    25.94966,     16.22181,            0,            0,            0,   -0.4206575,    0.9072195
robot_156
    10.38017,    -2.073863,            0,            0,            0,   0.06295443,    0.9980164
robot_112
    18.26667,    -1.984442,            0,            0,            0,   -0.4949397,    0.8689273
robot_19
   -27.14504,      17.9838,            0,            0,            0,    0.9939901,    0.1094698
robot_141
     6.32308,     5.941538,            0,            0,            0,   -0.1137503,    0.9935094
robot_35
    5.617789,     26.01629,            0,            0,            0,     -0.64121,    0.7673654
robot_184
    2.361657,     30.01251,            0,            0,            0,    0.9145296,    0.4045189
robot_98
   -1.708738,    -22.00088,            0,            0,            0,    0.6266226,    0.7793229
robot_100
    24.09057,    -13.98481,            0,            0,            0,    0.3267756,     0.945102
robot_164
    21.92841,      22.8509,            0,            0,            0,   0.01465273,    0.9998926
robot_59
   -22.14653,    -14.23421,            0,            0,            0,   0.05607033,    0.9984268
robot_144
   -37.91711,     -13.8612,            0,            0,            0,   -0.9963049,   0.08588674
robot_101
   -39.64471,    -10.01191,            0,            0,            0,    0.1827088,    0.9831671
robot_161
   -28.82591,    -14.01443,            0,            0,            0,   -0.7897175,    0.6134706
robot_149
     -14.135,     22.13856,            0,            0,            0,    0.9321724,    0.3620147
robot_86
    26.32726,    -13.93748,            0,            0,            0,    0.9911747,    0.1325618
robot_191
    38.44334,     26.00118,            0,            0,            0,   -0.4509276,    0.8925605
robot_126
    17.44056,    -5.952296,            0,            0,            0,   -0.5672509,    0.8235451
robot_190
    29.89661,     18.17064,            0,            0,            0,    0.9963139,   0.08578241
robot_131
    -13.5264,    -21.96876,            0,            0,            0,    0.3782387,    0.9257081
robot_154
   -23.71598,     -10.0189,            0,            0,            0,     0.985489,    0.1697393
robot_9
    23.42037,    -22.02277,            0,            0,            0,   -0.6000541,    0.7999594
robot_27
    29.94654,    -1.327906,            0,            0,            0,   -0.2329906,     0.972479
robot_34
   -14.04954,    -6.024432,            0,            0,            0,   -0.7488778,    0.6627081
robot_114
   -14.06022,     4.812166,            0,            0,            0,    0.3393594,    0.9406568
robot_51
   -22.09899,    -28.82702,            0,            0,            0,    0.2644367,     0.964403
robot_108
    21.93708,    -11.66351,            0,            0,            0,    -0.865113,     0.501577
robot_147
    26.43353,    -34.00729,            0,            0,            0,    0.3472801,    0.9377614
robot_183
   -21.28738,     29.97482,            0,            0,            0,    0.9776518,    0.2102307
robot_48
    22.85193,    -29.96795,            0,            0,            0,    0.7636023,    0.6456869
robot_60
   -14.10429,    -30.07219,            0,            0,            0,   -0.8349477,    0.5503293
robot_75
    38.03498,     30.14796,            0,            0,            0,   -0.5276124,    0.8494853
robot_152
   -24.62988,    -33.98307,            0,            0,            0,   -0.8274958,    0.5614719
robot_26
   -31.42061,    -33.97149,            0,            0,            0,    0.9343366,    0.3563918
robot_182
    37.91037,      10.9672,            0,            0,            0,   -0.3130155,     0.949748
robot_172
    13.90529,    -31.39083,            0,            0,            0,    -0.532582,    0.8463784
robot_43
    13.93344,    -9.197309,            0,            0,            0,   -0.7643545,    0.6447962
robot_170
    33.24016,    -18.00469,            0,            0,            0,   -0.9239637,    0.3824802
robot_177
     8.12008,    -9.972872,            0,            0,            0,   -0.6485079,    0.7612079
robot_80
    23.98891,    -17.98387,            0,            0,            0,   -0.1025592,    0.9947269
robot_16
    -37.7101,     25.92595,            0,            0,            0,   -0.6244573,    0.7810589
robot_13
    18.20247,     14.05993,            0,            0,            0,     0.296116,     0.955152
robot_178
   -36.13993,     18.02794,            0,            0,            0,    0.9078325,    0.4193331
robot_88
    1.952417,    -23.43329,            0,            0,            0,    -0.999957,  0.009273404
robot_194
    18.14954,    -18.01164,            0,            0,            0,   -0.5100575,    0.8601403
robot_29
   -6.174862,    -10.04205,            0,            0,            0,   -0.9981333,   0.06107368
robot_92
    34.22393,     13.92086,            0,            0,            0,    0.6839253,     0.729552
robot_87
    17.90774,     4.540924,            0,            0,            0,   -0.7396526,    0.6729889
robot_68
    9.790532,    -38.06994,            0,            0,            0,   -0.3378698,    0.9411929
robot_22
   -13.94904,    -38.13046,            0,            0,            0,   -0.7793794,    0.6265523
robot_38
   -24.09688,    -1.993074,            0,            0,            0,   -0.1868308,    0.9823921
robot_2
   -18.24028,     -14.0122,            0,            0,            0,    0.0647232,    0.9979033
robot_110
   -17.60762,     10.05823,            0,            0,            0,   -0.9970208,   0.07713374
robot_14
   -31.04344,    -22.00806,            0,            0,            0,    0.9962849,   0.08611883
robot_181
   -27.90641,     6.005064,            0,            0,            0,   -0.9740354,    0.2263956
robot_61
   -22.34825,    -38.02182,            0,            0,            0,   -0.9238406,    0.3827773
robot_30
   -34.07144,     34.99221,            0,            0,            0,   -0.9912657,    0.1318796
robot_122
    4.857713,     9.971576,            0,            0,            0,   -0.9335456,    0.3584587
robot_132
    13.96943,      29.7787,            0,            0,            0,   -0.9847975,    0.1737063
robot_45
    3.441692,     14.01615,            0,            0,            0,   -0.9860984,    0.1661623
robot_21
    20.19186,     9.996652,            0,            0,            0,    0.8114753,    0.5843867
robot_39
    25.87566,    -38.29675,            0,            0,            0,    -0.873048,    0.4876343
robot_134
   -6.071526,    -39.16007,            0,            0,            0,    0.9974018,   0.07203986
robot_15
    16.30727,    -10.02659,            0,            0,            0,   -0.2753994,    0.9613299
robot_145
    17.82842,     17.81837,            0,            0,            0,   -0.3561384,    0.9344332
robot_140
   -14.00277,    -9.754466,            0,            0,            0,    0.5470659,    0.8370895
robot_196
    29.84353,     22.02594,            0,            0,            0,   -0.4405992,    0.8977039
robot_188
   -5.757342,    -22.03908,            0,            0,            0,   -0.8397141,    0.5430287
robot_4
   -26.93301,     33.98624,            0,            0,            0,   -0.9514039,    0.3079459
robot_155
   -30.74524,     22.01935,            0,            0,            0,    0.8212749,    0.5705327
robot_135
   -6.089405,     4.026888,            0,            0,            0,   -0.1266746,    0.9919443
robot_93
   -11.84037,    -37.97642,            0,            0,            0,    0.5555713,    0.8314689
robot_111
    20.12194,     30.00324,            0,            0,            0,   -0.4855983,    0.8741821
robot_0
    13.05824,    -25.99572,            0,            0,            0,    0.9698613,    0.2436575
robot_49
   -28.85088,      13.9718,            0,            0,            0,   -0.6689942,    0.7432676
robot_113
   -34.01813,     5.765571,            0,            0,            0,    0.7418684,    0.6705455
robot_94
   -5.995376,    -33.63538,            0,            0,            0,   -0.5220785,    0.8528975
robot_40
   -2.244124,    -30.05293,            0,            0,            0,    0.5129158,    0.8584389
robot_103
    25.72956,    -6.146871,            0,            0,            0,    -0.662266,    0.7492688
robot_6
     16.2867,     5.981063,            0,            0,            0,    -0.681359,    0.7319494
robot_71
   -26.04191,    -10.50577,            0,            0,            0,   -0.2120611,    0.9772564
robot_17
   -6.078095,    -35.71199,            0,            0,            0,    0.7961341,    0.6051203
robot_120
   -38.96086,     22.01134,            0,            0,            0,   -0.4456482,    0.8952082
robot_189
    -30.0714,     -18.5667,            0,            0,            0,    0.7964934,    0.6046472
robot_148
    9.947972,    -25.17649,            0,            0,            0,    0.3885241,    0.9214385
robot_186
    6.308687,      1.94778,            0,            0,            0,  -0.01862483,    0.9998265
robot_198
    26.39509,     5.950936,            0,            0,            0,   -0.6607737,    0.7505852
robot_107
     14.3314,    -34.07549,            0,            0,            0,    0.7682245,    0.6401805
robot_18
   -31.30134,    -5.985596,            0,            0,            0,    0.4317006,     0.902017
robot_23
  0.04222388,    -9.997997,            0,            0,            0,     0.555942,    0.8312211
robot_46
   -9.977012,     17.65181,            0,            0,            0,    0.4819816,    0.8761813
robot_109
    13.94086,     5.344525,            0,            0,            0,    0.5032545,    0.8641382
robot_10
    21.69418,    -13.90631,            0,            0,            0,   -0.9611979,    0.2758596
robot_157
    21.78742,     1.931452,            0,            0,            0,   -0.8495867,     0.527449
robot_70
   -29.10704,    -30.00227,            0,            0,            0,   -0.1020533,    0.9947789
robot_55
   -6.040281,    -1.506628,            0,            0,            0,   -0.7116474,    0.7025368
robot_73
    33.93985,    -30.72924,            0,            0,            0,    0.8417338,    0.5398928
robot_69
    29.93318,    -20.00125,            0,            0,            0,    0.5570947,    0.8304489
robot_65
   -10.13566,     13.79045,            0,            0,            0,    -0.954436,    0.2984157
robot_124
   -36.27919,    -30.03216,            0,            0,            0,    0.7760688,    0.6306483
robot_115
    18.33012,     1.993496,            0,            0,            0,     0.722265,    0.6916165
robot_130
   -6.019388,    -17.71835,            0,            0,            0,   -0.5694902,    0.8219981
robot_85
   -14.07342,    -24.80688,            0,            0,            0,   -0.7301401,    0.6832975
robot_91
    25.95202,     33.42875,            0,            0,            0,    0.8408102,      0.54133
robot_47
    9.909748,    0.9743388,            0,            0,            0,    0.5759769,     0.817466
robot_52
     13.9494,     15.01868,            0,            0,            0,   -0.9694787,    0.2451754
robot_195
   -26.48102,     30.02217,            0,            0,            0,    0.2768166,    0.9609228
robot_72
    27.58141,     30.00237,            0,            0,            0,    0.8061175,    0.5917556
robot_158
   -3.240376,     34.00736,            0,            0,            0,   -0.2106186,    0.9775683
robot_153
    10.59342,     26.00588,            0,            0,            0,   -0.7560395,     0.654526
robot_105
    30.18951,    -17.97484,            0,            0,            0,    0.1067201,    0.9942891
robot_162
   -18.20647,     34.22669,            0,            0,            0,   -0.6854429,    0.7281264
robot_97
    8.555995,    -5.980862,            0,            0,            0,    0.4588926,    0.8884918
robot_90
   -2.299895,     26.02043,            0,            0,            0,   -0.2088609,    0.9779454
robot_165
    13.33781,    -21.99758,            0,            0,            0,    0.8607526,    0.5090235
robot_42
    13.63058,    -17.95993,            0,            0,            0,   -0.1898494,    0.9818132
robot_7
   -2.037443,     8.549339,            0,            0,            0,   -0.9943263,    0.1063728
robot_28
     33.8673,     5.699613,            0,            0,            0,  -0.08785763,     0.996133
robot_118
   -10.21716,    -2.223096,            0,            0,            0,   -0.9016345,    0.4324989
robot_139
   -28.56329,     22.03104,            0,            0,            0,    0.8674374,    0.4975463
robot_129
    26.13983,    -1.928427,            0,            0,            0,     0.689231,    0.7245417
robot_57
   -7.946891,    -29.97413,            0,            0,            0,    0.9927296,    0.1203661
robot_24
    1.953496,    -25.84486,            0,            0,            0,   -0.6391198,    0.7691072
robot_106
   -10.08492,    -11.50169,            0,            0,            0,    0.5801227,    0.8145291
robot_185
    5.088454,    -34.00003,            0,            0,            0,      0.46507,    0.8852739
robot_174
    9.961974,     12.28285,            0,            0,            0,   -0.9814643,    0.1916451
robot_58
   -30.04672,     -9.35753,            0,            0,            0,  -0.05326827,    0.9985802
robot_12
    22.05454,    -6.115163,            0,            0,            0,   -0.9664202,    0.2569668
robot_95
   -12.16243,     26.00851,            0,            0,            0,    0.9485271,     0.316696
robot_78
   -10.47632,     2.027595,            0,            0,            0, -0.006846213,    0.9999766
robot_62
    9.951835,     17.60187,            0,            0,            0,   -0.1821791,    0.9832654
robot_121
    17.94146,    -21.86825,            0,            0,            0,    0.1360264,    0.9907052
robot_83
    5.939718,     23.90236,            0,            0,            0,   -0.4601976,    0.8878165
robot_127
    29.84326,     26.21567,            0,            0,            0,    0.5000959,      0.86597
robot_128
   -37.86835,    -18.02326,            0,            0,            0,    0.9729061,    0.2312005
robot_32
   -33.99746,     26.33066,            0,            0,            0,   0.02209555,    0.9997559
robot_89
    18.04436,     -33.9293,            0,            0,            0,    0.1319475,    0.9912567
robot_11
    17.91744,     31.05148,            0,            0,            0,    0.7654029,    0.6435514
robot_37
   -2.061654,    -24.26875,            0,            0,            0,    0.9988319,   0.04832064
robot_175
    25.90198,    -30.44486,            0,            0,            0,   -0.7734516,    0.6338553
robot_50
     21.9508,    -2.519056,            0,            0,            0,   -0.9591094,    0.2830356
robot_64
   -38.04907,      17.8799,            0,            0,            0,   -0.2909355,    0.9567427
robot_76
   -10.08456,     6.684173,            0,            0,            0,    0.8787932,    0.4772028
robot_104
  -0.2232948,     33.99491,            0,            0,            0,  -0.03765534,    0.9992908
robot_169
   -33.93877,     29.88702,            0,            0,            0,   -0.8191641,    0.5735592
robot_53
     33.9588,     8.150585,            0,            0,            0,   -0.1462151,    0.9892528
