tuw_multi_robot_msgs::RobotGoalsArray @1970-01-01T01:48:59.600000
frame_id: map
        6539,    600000000
robot_84
    29.92129,     21.25419,            0,            0,            0,   -0.4933585,    0.8698261
robot_116
   -38.23014,     -18.1102,            0,            0,            0,   -0.5345656,     0.845127
robot_74
    28.40455,     26.01524,            0,            0,            0,   0.01576204,    0.9998758
robot_41
   -13.13598,     10.02442,            0,            0,            0,    0.1261192,    0.9920151
robot_125
    17.91041,    -23.61842,            0,            0,            0,   -0.9999273,   0.01205662
robot_136
   -38.12843,     30.29446,            0,            0,            0,    0.3153799,    0.9489655
robot_173
     29.9564,     33.91647,            0,            0,            0,   -0.3090551,    0.9510441
robot_67
    30.65188,    -29.98002,            0,            0,            0,   -0.9262709,    0.3768584
robot_197
   -32.51792,     1.995162,            0,            0,            0,   -0.8687311,    0.4952841
robot_119
   -21.47972,    -1.988438,            0,            0,            0,   -0.3130011,    0.9497527
robot_82
    34.15701,      10.0339,            0,            0,            0,    0.2023216,    0.9793191
robot_77
      13.799,    -13.81059,            0,            0,            0,    0.9650726,    0.2619826
robot_5
   -5.781433,      30.0213,            0,            0,            0,   -0.2627558,    0.9648624
robot_133
   -19.45766,     5.988508,            0,            0,            0,    0.8662642,    0.4995862
robot_99
    13.97197,    -21.86791,            0,            0,            0,   -0.1893558,    0.9819085
robot_171
   -37.96835,    -9.918261,            0,            0,            0,    0.9547799,    0.2973134
robot_180
   -38.03994,    -15.22827,            0,            0,            0,     0.305641,    0.9521468
robot_56
   -21.82725,    -17.97532,            0,            0,            0,    0.9814466,    0.1917359
robot_3
   -10.11435,     -38.0281,            0,            0,            0,    0.4475351,    0.8942664
robot_81
   -18.01837,     -38.1234,            0,            0,            0,   -0.1624164,    0.9867223
