tuw_multi_robot_msgs::RobotGoalsArray @1970-01-01T01:36:25.600000
frame_id: map
        5785,    600000000
robot_84
    30.00893,     18.23318,            0,            0,            0,    0.5802668,    0.8144264
robot_116
    17.94179,     33.09713,            0,            0,            0,  0.009018049,    0.9999593
robot_74
   -22.06972,    -14.16707,            0,            0,            0,    0.1359692,    0.9907131
robot_41
    21.99526,    -18.18841,            0,            0,            0,   0.08415484,    0.9964527
robot_125
   -38.04824,      28.0355,            0,            0,            0,   -0.7715256,    0.6361982
robot_136
    -13.9962,    -26.20268,            0,            0,            0,   -0.9993369,   0.03641194
robot_173
    4.127617,     13.98938,            0,            0,            0,   -0.3487251,     0.937225
robot_67
   -6.058839,    -32.18276,            0,            0,            0,     0.526817,    0.8499787
robot_197
    6.835891,    -34.03274,            0,            0,            0,   -0.7668052,    0.6418799
robot_119
    6.119582,     25.99239,            0,            0,            0,   -0.9311327,    0.3646805
robot_82
   -18.06213,     29.01195,            0,            0,            0,    0.6913867,    0.7224849
robot_77
    5.960333,     -20.9079,            0,            0,            0,   -0.9887703,    0.1494433
robot_5
      22.236,    -2.009955,            0,            0,            0,   -0.3361628,    0.9418039
robot_133
    14.05279,    -37.78609,            0,            0,            0,   -0.4504058,    0.8928239
robot_99
    6.407931,    -2.066711,            0,            0,            0,    0.7337772,    0.6793902
robot_171
   -20.81624,     29.99528,            0,            0,            0,   -0.6486157,     0.761116
robot_180
    7.744507,     10.02481,            0,            0,            0,    0.3760321,    0.9266066
robot_56
   -34.25834,    -21.88052,            0,            0,            0,   -0.6514795,    0.7586662
robot_3
    25.91981,     8.298537,            0,            0,            0,    -0.999433,   0.03367103
robot_81
    22.68205,    -37.98271,            0,            0,            0,   -0.9216408,    0.3880442
robot_167
    25.78859,     33.97282,            0,            0,            0,    0.5893007,    0.8079138
robot_25
   -6.105089,    -14.00519,            0,            0,            0,   -0.4087237,    0.9126582
robot_168
    18.37553,      5.99353,            0,            0,            0,    0.9718057,    0.2357833
robot_96
   -13.09694,       13.994,            0,            0,            0,   -0.9184173,    0.3956131
robot_166
    19.86614,    -5.970046,            0,            0,            0,   -0.1886932,    0.9820361
robot_102
    30.40879,     33.93481,            0,            0,            0,   -0.9951022,   0.09885104
robot_192
   -14.04017,    -12.61825,            0,            0,            0,   -0.9130992,    0.4077376
robot_179
    -13.6147,     33.96957,            0,            0,            0,    0.9957438,   0.09216494
robot_142
   -31.62758,    -33.97995,            0,            0,            0,    0.6941385,    0.7198414
robot_1
   -34.44703,    -13.92401,            0,            0,            0,   -0.3426734,    0.9394546
robot_44
    30.01127,    -37.88657,            0,            0,            0,   -0.9719975,    0.2349913
robot_163
    37.93963,    -16.44953,            0,            0,            0,    0.1753406,    0.9845078
robot_79
   -2.119828,     9.751853,            0,            0,            0,   -0.1214285,    0.9926002
robot_8
    29.54986,     10.08222,            0,            0,            0,    0.9790877,    0.2034388
robot_20
    1.903215,     16.37507,            0,            0,            0,   -0.9997505,   0.02233888
robot_143
   -35.02071,    -5.975085,            0,            0,            0,   -0.6020458,    0.7984615
robot_138
   -14.06812,     29.12507,            0,            0,            0,   -0.9419468,    0.3357621
robot_123
   -10.06479,     25.59047,            0,            0,            0,    0.8985228,    0.4389268
robot_193
    6.082431,     21.79709,            0,            0,            0,    0.5917468,    0.8061239
robot_187
   -6.085677,    -17.20505,            0,            0,            0,    -0.931155,    0.3646237
robot_176
    17.79875,    -33.80285,            0,            0,            0,   -0.1038131,    0.9945968
robot_66
    17.90651,     -5.05545,            0,            0,            0,    0.6191789,    0.7852499
robot_63
    9.664443,    -9.977598,            0,            0,            0,    0.4015674,    0.9158295
robot_31
    18.53384,    -26.00314,            0,            0,            0,    0.9612151,       0.2758
robot_159
    12.89657,    -9.985232,            0,            0,            0,   -0.9468658,    0.3216289
robot_160
     29.7507,    -18.09083,            0,            0,            0,    0.6313237,    0.7755194
robot_151
   -2.147936,    -33.84442,            0,            0,            0,    0.7409753,    0.6715323
robot_150
    3.378367,     6.017524,            0,            0,            0,    0.7198802,    0.6940984
robot_137
   -2.405434,     18.06895,            0,            0,            0,    0.4845593,    0.8747584
robot_199
    10.11766,    -6.081432,            0,            0,            0,    -0.680523,    0.7327267
robot_54
   -13.97623,    -38.05982,            0,            0,            0,    0.1567675,    0.9876355
robot_117
  0.01427269,    -17.98652,            0,            0,            0,    0.1662758,    0.9860793
robot_36
    37.00374,     14.02162,            0,            0,            0,    0.9616053,    0.2744362
robot_33
   -26.08959,     23.28016,            0,            0,            0,     0.949203,    0.3146644
robot_146
   -30.09328,    -21.06335,            0,            0,            0,    0.3290374,    0.9443169
robot_156
    -34.0886,      25.7916,            0,            0,            0,   -0.5968539,    0.8023499
robot_112
    30.00943,     25.73829,            0,            0,            0,    0.5351315,    0.8447688
robot_19
   -34.32471,    -25.95632,            0,            0,            0,   -0.7463002,    0.6656094
robot_141
    -10.0435,    -1.524515,            0,            0,            0,   0.07803782,    0.9969504
robot_35
    17.95513,    -35.93248,            0,            0,            0,   -0.4005822,    0.9162608
robot_184
    11.18507,    -37.98981,            0,            0,            0,    0.9254432,    0.3788863
robot_98
   -34.21646,    -10.01459,            0,            0,            0,   -0.1464045,    0.9892248
robot_100
   -38.06289,    -33.81347,            0,            0,            0,   0.01641754,    0.9998652
robot_164
    1.931692,     28.97968,            0,            0,            0,   -0.7536065,    0.6573258
robot_59
   -26.04672,     18.91769,            0,            0,            0,    -0.739004,     0.673701
robot_144
    9.960656,    -13.72839,            0,            0,            0,   -0.9631409,    0.2689973
robot_101
   -6.097988,     28.01598,            0,            0,            0,   -0.1211641,    0.9926325
robot_161
    17.45474,    -37.92974,            0,            0,            0,    0.6688387,    0.7434076
robot_149
   -5.845371,     5.887237,            0,            0,            0,   -0.8698741,    0.4932737
robot_86
    28.54804,    -14.03293,            0,            0,            0,   -0.9522927,    0.3051861
robot_191
    21.95259,     4.111943,            0,            0,            0, -0.001741406,    0.9999985
robot_126
   -21.33697,     -34.0003,            0,            0,            0,   -0.8287258,    0.5596548
robot_190
    34.00711,     33.72533,            0,            0,            0,    0.4059016,    0.9139168
robot_131
   -30.14262,     13.72456,            0,            0,            0,   -0.8914758,    0.4530682
robot_154
    2.033257,     14.33569,            0,            0,            0,    0.7588125,    0.6513092
robot_9
    12.78277,    -17.96936,            0,            0,            0,   -0.9036368,    0.4282996
robot_27
    27.18241,     6.022194,            0,            0,            0,  -0.03913745,    0.9992338
robot_34
    37.94322,     29.12442,            0,            0,            0,   -0.5245564,    0.8513757
robot_114
    -6.06517,    -10.56581,            0,            0,            0,    0.1272543,    0.9918701
robot_51
   -34.03485,     6.226545,            0,            0,            0,   -0.5805063,    0.8142558
robot_108
   -30.14086,    -13.79176,            0,            0,            0,    0.7330236,    0.6802032
robot_147
   -14.04781,     36.38796,            0,            0,            0,   -0.2939325,    0.9558262
robot_183
    17.92304,      23.3824,            0,            0,            0,   -0.6844513,    0.7290586
robot_48
    12.91358,     18.00887,            0,            0,            0,    0.9893896,    0.1452868
robot_60
    30.47034,     1.998721,            0,            0,            0,   -0.9974789,   0.07096317
robot_75
   -33.88015,     22.12535,            0,            0,            0,   -0.3119798,    0.9500887
robot_152
   -16.56576,      14.0293,            0,            0,            0,    0.3976475,    0.9175383
robot_26
   -38.08351,     -28.8053,            0,            0,            0,   -0.6099436,    0.7924448
robot_182
    37.90442,    -29.08525,            0,            0,            0,   -0.9691036,     0.246654
robot_172
    14.86096,    -5.981412,            0,            0,            0,   -0.4506805,    0.8926853
robot_43
    29.95908,    -12.25391,            0,            0,            0,    0.3167592,     0.948506
robot_170
   -1.952449,    -13.99427,            0,            0,            0,   -0.7824333,    0.6227344
robot_177
    29.88671,    -22.13708,            0,            0,            0,    0.2034572,    0.9790838
robot_80
    29.93117,     6.614611,            0,            0,            0,    0.6413662,    0.7672349
robot_16
   -24.99103,    -38.02169,            0,            0,            0,  -0.09835614,    0.9951513
robot_13
    9.929224,     34.61656,            0,            0,            0,   -0.9041013,    0.4273182
robot_178
    9.959743,     26.68982,            0,            0,            0,    0.7529352,    0.6580946
robot_88
    25.95334,     2.829091,            0,            0,            0,   -0.7787656,     0.627315
robot_194
   -14.07502,     19.77544,            0,            0,            0,    0.7314406,    0.6819052
robot_29
   -22.31364,    -10.00242,            0,            0,            0,   -0.8762835,    0.4817958
robot_92
   -3.866032,     25.98479,            0,            0,            0,  -0.09008452,    0.9959341
robot_87
   -2.119826,    -9.847875,            0,            0,            0,   -0.6748985,    0.7379106
robot_68
   -14.04632,     -17.8634,            0,            0,            0,     0.851778,    0.5239028
robot_22
   -6.527807,    -21.99437,            0,            0,            0,   -0.9498444,    0.3127228
robot_38
    37.84499,     22.09052,            0,            0,            0,    0.3346437,    0.9423447
robot_2
   -21.92517,    -37.82003,            0,            0,            0,   -0.4414377,    0.8972919
robot_110
    21.95669,    -20.34562,            0,            0,            0,    0.1617315,    0.9868348
robot_14
    25.14691,     13.99707,            0,            0,            0,   -0.5218657,    0.8530277
robot_181
   -25.70422,      37.9026,            0,            0,            0,   -0.5773602,    0.8164896
robot_61
     2.75761,    -33.99192,            0,            0,            0,   -0.5579819,    0.8298531
robot_30
    11.25539,     13.98556,            0,            0,            0,   0.05380174,    0.9985516
robot_122
    25.96406,    -21.48769,            0,            0,            0,   -0.9285292,    0.3712594
robot_132
   -37.09302,     13.99498,            0,            0,            0,    -0.778761,    0.6273207
robot_45
    15.76752,     -30.0114,            0,            0,            0,   -0.7053913,    0.7088181
robot_21
    33.92492,    -36.74896,            0,            0,            0,   -0.7540809,    0.6567816
robot_39
   -14.14655,     22.00146,            0,            0,            0,   -0.8946845,    0.4466987
robot_134
    5.933881,     4.200163,            0,            0,            0,   -0.4099301,     0.912117
robot_15
    17.42236,     -21.9886,            0,            0,            0,      0.19333,    0.9811338
robot_145
     17.9221,     38.08055,            0,            0,            0,    0.7864932,    0.6175989
robot_140
    24.68563,     17.97337,            0,            0,            0,    0.4083755,     0.912814
robot_196
     37.9208,    -32.93915,            0,            0,            0,     0.333645,    0.9426988
robot_188
    5.706931,     17.96725,            0,            0,            0,      0.50869,    0.8609497
robot_4
    5.842723,    -29.72435,            0,            0,            0,    0.9978789,   0.06509702
robot_155
    12.74409,     26.02019,            0,            0,            0,   -0.9002161,    0.4354435
robot_135
   -23.72275,    -18.01431,            0,            0,            0,    -0.784381,    0.6202794
robot_93
   -6.089267,     2.608361,            0,            0,            0,   -0.8127582,    0.5826011
robot_111
   -18.04918,    -18.28344,            0,            0,            0,   -0.3936846,    0.9192456
robot_0
   -7.736575,     17.97504,            0,            0,            0,   -0.7179401,    0.6961049
robot_49
    1.879632,     26.33639,            0,            0,            0,    0.7531073,    0.6578977
robot_113
    21.90822,     27.26157,            0,            0,            0,   -0.2136745,    0.9769049
robot_94
    -34.7918,     10.01076,            0,            0,            0,   -0.7748983,    0.6320859
robot_40
   -22.02602,     34.01919,            0,            0,            0,    0.9898842,     0.141878
robot_103
   -22.12914,     6.170296,            0,            0,            0,   -0.7044741,    0.7097297
robot_6
   -37.25986,      17.9804,            0,            0,            0,     0.230556,    0.9730591
robot_71
    -30.2901,     38.01196,            0,            0,            0,    0.4560287,    0.8899651
robot_17
    9.815253,     29.77149,            0,            0,            0,    0.5082226,    0.8612257
robot_120
    17.91996,    -8.782865,            0,            0,            0,   -0.2304114,    0.9730933
robot_189
   -14.09421,    -10.30801,            0,            0,            0,     0.914611,     0.404335
robot_148
    25.94053,    -2.460628,            0,            0,            0,    0.8034728,    0.5953415
robot_186
    21.93567,    -7.398895,            0,            0,            0,    0.9612836,    0.2755609
