tuw_multi_robot_msgs::RobotGoalsArray @1970-01-01T00:16:21.200000
frame_id: map
         981,    200000000
robot_84
   -14.02203,    -17.63903,            0,            0,            0,    0.4622218,    0.8867643
robot_116
    13.95675,     16.01014,            0,            0,            0,   -0.6947198,    0.7192805
robot_74
   -26.06721,     28.58732,            0,            0,            0,   -0.4347798,    0.9005368
robot_41
     29.7663,    -21.90674,            0,            0,            0,   -0.5401193,    0.8415885
robot_125
   -7.939848,    -33.98926,            0,            0,            0,   -0.8886902,    0.4585081
robot_136
    34.01859,     14.10496,            0,            0,            0,     0.982351,    0.1870468
robot_173
    1.906484,    -17.79767,            0,            0,            0,    0.1831275,    0.9830892
robot_67
   -5.519526,    -22.02306,            0,            0,            0,     -0.88709,    0.4615966
robot_197
   -26.87567,     2.030365,            0,            0,            0,   -0.4864362,    0.8737161
robot_119
   -21.33938,     18.02413,            0,            0,            0,    0.9035217,    0.4285424
robot_82
    -21.0611,    -9.982153,            0,            0,            0,    0.2475366,    0.9688785
robot_77
    33.95701,    -19.82057,            0,            0,            0,   -0.9426818,    0.3336931
robot_5
    -18.2484,    -6.065245,            0,            0,            0,    0.1114559,    0.9937694
robot_133
     2.38617,     34.00002,            0,            0,            0,    0.6202609,    0.7843956
robot_99
    5.904879,     12.89777,            0,            0,            0,    0.2782912,    0.9604968
robot_171
    13.52402,    -13.91674,            0,            0,            0,    0.9217138,    0.3878708
robot_180
    20.52165,    -18.00273,            0,            0,            0,    0.8984593,    0.4390567
robot_56
    5.901507,    -28.55575,            0,            0,            0,    -0.662946,    0.7486672
robot_3
     25.9362,     24.10487,            0,            0,            0,    0.2021979,    0.9793447
robot_81
    26.00386,     38.35516,            0,            0,            0,    0.4604128,    0.8877049
robot_167
   -23.36624,    -37.96887,            0,            0,            0,    0.5560581,    0.8311434
robot_25
    35.96243,     33.97145,            0,            0,            0,     0.957817,    0.2873788
robot_168
     13.3436,     -10.0011,            0,            0,            0,   -0.4294891,     0.903072
robot_96
   -22.30455,    -34.01632,            0,            0,            0,    0.5094536,    0.8604981
robot_166
   -4.567595,     33.98962,            0,            0,            0,    0.6667016,    0.7453247
robot_102
   -18.08076,    -38.55046,            0,            0,            0,   -0.7515027,    0.6597301
robot_192
   -31.09386,     38.02629,            0,            0,            0,   -0.5210814,     0.853507
robot_179
   -15.95418,    -14.03046,            0,            0,            0,    0.6971315,    0.7169433
robot_142
    30.95596,     9.982167,            0,            0,            0,    0.8226643,    0.5685275
robot_1
   -10.61038,     17.97253,            0,            0,            0,   -0.9824752,    0.1863934
robot_44
   -33.97216,    -25.76157,            0,            0,            0,   -0.9928096,    0.1197045
robot_163
    27.87495,     30.00777,            0,            0,            0,   -0.5111641,    0.8594832
robot_79
   -9.041953,     2.021158,            0,            0,            0,   -0.9471922,    0.3206664
robot_8
   -20.64945,    -37.99163,            0,            0,            0,   -0.4885828,    0.8725175
robot_20
   -10.10404,     5.972778,            0,            0,            0,   -0.9339737,    0.3573418
robot_143
   -14.07615,     29.79622,            0,            0,            0,    0.8837671,     0.467927
robot_138
    33.94657,     28.34038,            0,            0,            0,    0.3660519,    0.9305944
robot_123
    5.956725,    -6.770817,            0,            0,            0,    -0.854099,    0.5201105
robot_193
   -28.64353,    -30.00046,            0,            0,            0,   -0.5171396,     0.855901
robot_187
   -3.547816,     13.97728,            0,            0,            0,   -0.7972876,    0.6035997
