tuw_multi_robot_msgs::RobotGoalsArray @1970-01-01T00:12:01
frame_id: map
         721,            0
robot_84
    9.798943,    -29.83894,            0,            0,            0,    0.6260413,    0.7797899
robot_116
   -16.80156,     30.01352,            0,            0,            0,    0.9933131,    0.1154515
robot_74
    26.22494,     2.084109,            0,            0,            0,   -0.4998275,     0.866125
robot_41
   -9.992695,     2.005884,            0,            0,            0,     -0.95641,    0.2920273
robot_125
   -38.21224,    -29.94434,            0,            0,            0,    0.9559443,    0.2935481
robot_136
    2.009548,    -29.95273,            0,            0,            0,   -0.2623168,    0.9649818
robot_173
    -32.1303,     30.01256,            0,            0,            0,    0.7580465,    0.6522006
robot_67
    -18.0305,    -1.692783,            0,            0,            0,   -0.0788818,     0.996884
robot_197
    1.921657,    -21.02692,            0,            0,            0,    0.8865371,    0.4626575
robot_119
    37.90845,    -14.46012,            0,            0,            0,    0.9983768,   0.05695477
robot_82
   -30.52152,     2.076184,            0,            0,            0,    -0.989539,    0.1442659
robot_77
    21.95694,     -15.6103,            0,            0,            0,    0.5032197,    0.8641585
robot_5
   -10.22016,    -29.89276,            0,            0,            0,    0.1832998,    0.9830571
robot_133
     33.9913,     6.231556,            0,            0,            0,    0.2075818,    0.9782177
robot_99
   -21.90659,     14.04206,            0,            0,            0,   -0.2174051,    0.9760815
robot_171
    33.94556,    -18.48032,            0,            0,            0,    0.9081966,    0.4185438
robot_180
   -19.74018,    -34.03265,            0,            0,            0,    0.9803736,    0.1971486
robot_56
   -18.24763,      13.8357,            0,            0,            0,    0.2498049,    0.9682962
robot_3
    1.430973,     13.98113,            0,            0,            0,    0.9384385,    0.3454463
robot_81
    10.28839,    -26.06132,            0,            0,            0,    0.6782266,    0.7348529
robot_167
    25.80187,     -34.2226,            0,            0,            0,    0.2647076,    0.9643287
robot_25
    9.816992,    -37.92284,            0,            0,            0,    0.3442886,    0.9388639
robot_168
    13.88466,    -25.78446,            0,            0,            0,    0.3024298,    0.9531716
robot_96
    14.30848,     6.081925,            0,            0,            0,   -0.8074351,    0.5899564
robot_166
    33.56157,     21.98366,            0,            0,            0,    0.5300939,    0.8479389
robot_102
   -30.03581,    -14.47682,            0,            0,            0,    0.8825372,    0.4702426
robot_192
   -21.85814,    -1.920514,            0,            0,            0,   -0.9154592,    0.4024108
robot_179
    17.62967,     33.94248,            0,            0,            0,    0.9746756,    0.2236237
robot_142
   -26.04903,     14.24713,            0,            0,            0,    0.9873221,    0.1587299
robot_1
    25.80774,    -37.77926,            0,            0,            0,    0.3315488,    0.9434381
robot_44
   -2.777342,     5.977764,            0,            0,            0,   -0.6403198,    0.7681084
robot_163
     13.9558,     33.94124,            0,            0,            0,   -0.1637168,    0.9865074
robot_79
    27.60695,     18.02176,            0,            0,            0,   -0.9641225,    0.2654577
robot_8
    33.94562,     32.33082,            0,            0,            0,    0.9710049,    0.2390597
robot_20
    25.95753,      20.9333,            0,            0,            0,   -0.9217279,    0.3878372
robot_143
    29.94136,    -37.43182,            0,            0,            0,   -0.8303097,    0.5573022
robot_138
   -25.79839,    -18.04053,            0,            0,            0,    0.1027971,    0.9947023
robot_123
    33.27132,     14.01309,            0,            0,            0,   -0.3832775,    0.9236332
robot_193
   -34.08612,    -12.17279,            0,            0,            0,    0.6198573,    0.7847145
robot_187
    26.94772,    -25.99949,            0,            0,            0,    0.8845478,    0.4664495
