tuw_multi_robot_msgs::RobotGoalsArray @1970-01-01T00:52:00.200000
frame_id: map
        3120,    200000000
robot_84
   -18.05857,    -26.89377,            0,            0,            0,    0.6911842,    0.7226786
robot_116
    1.902834,    -29.70754,            0,            0,            0,   0.07903797,    0.9968716
robot_74
    35.28975,     25.97242,            0,            0,            0,    0.2850044,    0.9585262
robot_41
    17.80848,     -29.8926,            0,            0,            0,     0.777408,    0.6289967
robot_125
   -22.09117,    -19.93739,            0,            0,            0,    0.7583834,    0.6518087
robot_136
   -26.08224,     6.488893,            0,            0,            0,    0.7590483,    0.6510343
robot_173
   -11.81879,    -34.01634,            0,            0,            0,    0.6209032,    0.7838873
robot_67
    1.955513,     18.37353,            0,            0,            0,   -0.8031848,      0.59573
robot_197
   -38.18854,     26.03529,            0,            0,            0,    0.9546267,     0.297805
robot_119
   -2.059629,    -23.24218,            0,            0,            0,     0.917549,    0.3976228
robot_82
    37.92985,    -22.64042,            0,            0,            0,   -0.8785578,     0.477636
robot_77
    9.925314,     13.11063,            0,            0,            0,    0.2933751,    0.9559974
robot_5
    -30.0913,    -33.07595,            0,            0,            0,    0.7562852,    0.6542421
robot_133
   -22.22208,    -9.800236,            0,            0,            0,    0.5841417,    0.8116517
robot_99
   -14.07413,    -10.73447,            0,            0,            0,    0.3583553,    0.9335853
robot_171
   -14.41117,     29.91899,            0,            0,            0,   -0.9624002,    0.2716355
robot_180
   -28.55466,     -1.98533,            0,            0,            0,    0.5259513,    0.8505147
robot_56
   -22.55204,      17.9896,            0,            0,            0,    0.5560427,    0.8311537
robot_3
   -18.13502,     13.84638,            0,            0,            0,    -0.873668,    0.4865225
robot_81
    25.95828,     -18.7905,            0,            0,            0,   -0.8237872,    0.5668991
robot_167
    10.01264,    -18.00058,            0,            0,            0,   -0.8510726,     0.525048
robot_25
    9.872398,     18.14604,            0,            0,            0,    0.9514316,    0.3078601
robot_168
   -34.05391,     15.88901,            0,            0,            0,   -0.8265486,    0.5628653
robot_96
   -25.74363,     29.96924,            0,            0,            0,   -0.9900885,    0.1404446
robot_166
    -34.0377,     23.04422,            0,            0,            0,    0.4751411,    0.8799096
robot_102
    17.81535,    -33.76739,            0,            0,            0,    0.3014149,    0.9534931
robot_192
   -22.09789,    -15.54555,            0,            0,            0,     0.797114,    0.6038289
robot_179
    37.87087,     6.172513,            0,            0,            0,    0.3487897,     0.937201
robot_142
   -25.98768,    -34.29523,            0,            0,            0,    0.9344492,    0.3560964
robot_1
    1.782556,    -22.10518,            0,            0,            0,   -0.7569655,    0.6534549
robot_44
  -0.6581982,     9.975146,            0,            0,            0,    0.8731417,    0.4874665
robot_163
   -26.05056,     22.16152,            0,            0,            0,    0.2906493,    0.9568296
robot_79
    18.61712,     9.999697,            0,            0,            0,  -0.07917304,    0.9968609
robot_8
    17.76587,    -26.04196,            0,            0,            0,    0.9818857,     0.189474
robot_20
    21.93421,      19.6315,            0,            0,            0,    0.6425665,    0.7662299
robot_143
    21.46041,     29.98402,            0,            0,            0,    0.9520357,    0.3059869
robot_138
   -26.96604,    -17.98379,            0,            0,            0,    0.1116523,    0.9937473
robot_123
   -34.03381,    -26.79198,            0,            0,            0,   -0.9282735,    0.3718983
robot_193
   -30.03802,    -28.24591,            0,            0,            0,    0.9750835,    0.2218381
robot_187
    21.89932,    -34.01432,            0,            0,            0,    0.4028949,    0.9152463
robot_176
   -30.14221,     17.65471,            0,            0,            0,    0.5143247,    0.8575956
robot_66
   -10.40487,     6.076165,            0,            0,            0,    0.5247015,    0.8512863
robot_63
    13.95768,    -27.14986,            0,            0,            0,    0.5470353,    0.8371096
robot_31
    -22.0812,     2.099747,            0,            0,            0,   -0.8805387,    0.4739743
robot_159
   -37.74829,    -30.09634,            0,            0,            0,   -0.9663723,    0.2571471
robot_160
   -5.878473,     5.960156,            0,            0,            0,   -0.8989635,    0.4380234
robot_151
   -11.81974,    -6.018965,            0,            0,            0,     0.916852,    0.3992273
robot_150
    25.98517,    -2.085189,            0,            0,            0,   -0.8454797,    0.5340076
robot_137
    39.31667,     21.98035,            0,            0,            0,    0.8413249,    0.5405298
robot_199
    33.88453,     9.891521,            0,            0,            0,   -0.9948502,    0.1013563
robot_54
    5.920282,     -24.7174,            0,            0,            0,   -0.1798764,    0.9836892
robot_117
    14.08177,      1.84961,            0,            0,            0,   -0.6474857,    0.7620776
robot_36
    2.310482,      21.9149,            0,            0,            0,    0.9888952,    0.1486144
robot_33
    1.784933,     14.17063,            0,            0,            0,   -0.7400313,    0.6725724
robot_146
   -14.01882,    -13.65923,            0,            0,            0,    0.7510895,    0.6602004
robot_156
    3.985418,     34.00117,            0,            0,            0,    0.5952353,    0.8035514
robot_112
    10.01838,     30.32599,            0,            0,            0,    -0.999735,   0.02302213
robot_19
   -9.584533,      9.95631,            0,            0,            0,   -0.4540944,    0.8909536
robot_141
    13.94958,     8.692187,            0,            0,            0,   0.09699401,     0.995285
robot_35
   -37.82934,     13.95802,            0,            0,            0,    0.3421397,    0.9396491
