tuw_multi_robot_msgs::RobotGoalsArray @1970-01-01T00:55:59
frame_id: map
        3359,            0
robot_84
    13.57953,     -10.0576,            0,            0,            0,   -0.2629357,    0.9648134
robot_116
    5.843349,    -9.941626,            0,            0,            0,     0.895781,    0.4444957
robot_74
   -13.30998,     38.01929,            0,            0,            0,   -0.9998402,   0.01787784
robot_41
   -1.983508,     18.09155,            0,            0,            0,    0.6713685,    0.7411237
robot_125
   -9.886945,     30.02007,            0,            0,            0,   -0.7838937,     0.620895
robot_136
   -35.38528,     18.03141,            0,            0,            0,     0.965867,    0.2590387
robot_173
   -33.66561,    -2.029631,            0,            0,            0,    0.5283012,    0.8490571
robot_67
    29.24443,     18.02564,            0,            0,            0,   -0.4564643,    0.8897417
robot_197
    17.95885,     25.57758,            0,            0,            0,   -0.8358894,    0.5488978
robot_119
    37.90287,    -28.97819,            0,            0,            0,   -0.2880312,     0.957621
robot_82
   -20.72667,     14.02772,            0,            0,            0,    0.7846743,    0.6199082
robot_77
    37.92564,     -15.3534,            0,            0,            0,    -0.820705,    0.5713522
robot_5
   -26.08269,      9.84631,            0,            0,            0,    0.9039726,    0.4275904
robot_133
    16.10627,     37.98209,            0,            0,            0,    0.5603465,    0.8282583
robot_99
   -38.56502,     17.91978,            0,            0,            0,    0.5271631,    0.8497641
robot_171
    14.40013,     14.05923,            0,            0,            0,    0.6214796,    0.7834304
robot_180
    34.73443,     33.98926,            0,            0,            0,   -0.2962883,    0.9550986
robot_56
   -14.76381,    -18.02879,            0,            0,            0,    0.4142373,    0.9101689
robot_3
   -13.92405,    -2.134105,            0,            0,            0,   -0.9654216,    0.2606937
robot_81
    3.363604,     29.99735,            0,            0,            0,    0.6374688,    0.7704762
robot_167
    33.90709,    -27.42266,            0,            0,            0,    0.9509951,    0.3092061
robot_25
    -29.9512,    -29.86851,            0,            0,            0,    0.2300798,    0.9731718
robot_168
   -6.060792,   -0.7452443,            0,            0,            0,   -0.9219179,    0.3873853
robot_96
    29.55708,    -22.09804,            0,            0,            0,    0.2105896,    0.9775746
robot_166
   -14.07236,    -22.48526,            0,            0,            0,    0.9221334,    0.3868721
robot_102
     1.86897,     18.00814,            0,            0,            0,   -0.1866099,    0.9824341
robot_192
   -22.18358,    -10.22493,            0,            0,            0,   -0.2221444,    0.9750138
robot_179
    26.59261,    -2.014207,            0,            0,            0,    0.5722065,    0.8201096
robot_142
   -33.64291,     -6.08334,            0,            0,            0,    0.7997372,    0.6003502
robot_1
    22.32632,     13.93076,            0,            0,            0,   0.07169669,    0.9974265
robot_44
    21.63993,    -29.91982,            0,            0,            0,    0.6714716,    0.7410302
robot_163
    33.99918,     29.78128,            0,            0,            0,    0.6735364,     0.739154
robot_79
    5.955019,    -25.07508,            0,            0,            0,    0.8963591,    0.4433288
robot_8
   -30.08168,    -20.71561,            0,            0,            0,   -0.9746771,    0.2236171
robot_20
   -22.04513,    -31.44851,            0,            0,            0,   -0.1992285,    0.9799531
robot_143
   -28.04468,    -25.98985,            0,            0,            0,    0.6752834,    0.7375584
robot_138
   -17.87824,     14.15024,            0,            0,            0,   -0.1410655,    0.9900003
robot_123
    -26.0717,     19.09416,            0,            0,            0,  -0.03451754,    0.9994041
robot_193
   -9.904602,    -26.00049,            0,            0,            0,    0.2893882,    0.9572118
robot_187
    9.910593,     11.71241,            0,            0,            0,   -0.9931031,    0.1172444
robot_176
    5.907531,     32.88731,            0,            0,            0,   -0.8314554,    0.5555915
robot_66
    17.90762,    -8.404126,            0,            0,            0,    -0.560308,    0.8282843
robot_63
     17.9252,      11.2932,            0,            0,            0,   -0.8753277,    0.4835302
robot_31
   -18.02757,    -33.66742,            0,            0,            0,   -0.8727179,    0.4882248
robot_159
   -14.07993,    -12.52971,            0,            0,            0,   -0.9571379,    0.2896327
robot_160
    38.14666,     6.023415,            0,            0,            0,    0.6492712,     0.760557
robot_151
     -21.667,    -38.07524,            0,            0,            0,    0.4148988,    0.9098676
robot_150
   -26.24139,    -21.87834,            0,            0,            0,    0.2673893,    0.9635886
robot_137
   -33.86455,     -37.9138,            0,            0,            0,     0.336771,    0.9415866
robot_199
    37.69319,     25.96386,            0,            0,            0,  -0.05600698,    0.9984304
robot_54
    1.925243,    -16.77664,            0,            0,            0,    0.6594853,    0.7517174
robot_117
    1.955215,     10.09636,            0,            0,            0,    -0.888957,    0.4579907
robot_36
    13.93746,    -35.77268,            0,            0,            0,    0.9214596,    0.3884741
robot_33
    28.81546,    -2.004286,            0,            0,            0,     0.798526,    0.6019603
robot_146
     13.9434,     0.258178,            0,            0,            0,   -0.8346472,     0.550785
robot_156
   -10.15006,     1.673616,            0,            0,            0,    0.4953033,    0.8687201
robot_112
   -6.041059,    -33.32112,            0,            0,            0,   -0.3060584,    0.9520128
robot_19
   -14.01572,     26.26701,            0,            0,            0,   -0.3146174,    0.9492186
robot_141
   -34.09289,    -34.46983,            0,            0,            0,   -0.9002812,    0.4353087
robot_35
   -3.208807,      6.01508,            0,            0,            0,    -0.891422,    0.4531742
robot_184
   -10.08919,    -31.65708,            0,            0,            0,    0.6685301,    0.7436851
robot_98
    35.19016,    -21.97637,            0,            0,            0,    0.9722115,    0.2341044
robot_100
   -30.47639,     9.936458,            0,            0,            0,   -0.9879576,    0.1547247
robot_164
    22.10558,    -14.05582,            0,            0,            0,   -0.8168363,    0.5768696
robot_59
   -25.71275,     14.00567,            0,            0,            0,   -0.6711376,    0.7413328
robot_144
   -20.94995,     17.99829,            0,            0,            0,    0.8085072,    0.5884863
robot_101
   -28.07286,    -9.984728,            0,            0,            0,   -0.1327468,      0.99115
robot_161
    13.61981,     29.90166,            0,            0,            0,    0.5471423,    0.8370396
robot_149
    21.91151,     16.73509,            0,            0,            0,    0.9667022,     0.255904
robot_86
   -4.528193,     26.01964,            0,            0,            0,   -0.9935086,    0.1137573
