tuw_multi_robot_msgs::RobotGoalsArray @1970-01-01T01:49:35.800000
frame_id: map
        6575,    800000000
robot_84
   -26.44957,    -33.99745,            0,            0,            0,    0.2853474,    0.9584242
robot_116
   -21.88443,    -18.09887,            0,            0,            0,    0.7844668,    0.6201708
robot_74
    33.97701,    -18.05358,            0,            0,            0,   -0.4084448,     0.912783
robot_41
    6.193942,     34.02399,            0,            0,            0,    0.2642339,    0.9644586
robot_125
    21.91334,     14.93228,            0,            0,            0,    0.9991591,   0.04100182
robot_136
   -12.29289,    -22.00545,            0,            0,            0,    0.3934417,    0.9193496
robot_173
   -2.082417,    -24.99167,            0,            0,            0,   -0.8126708,    0.5827231
robot_67
   -33.85011,    -22.03304,            0,            0,            0,     0.845196,    0.5344565
robot_197
   -19.62319,    -5.977869,            0,            0,            0,   -0.9645868,    0.2637658
robot_119
   -22.26308,    -37.92222,            0,            0,            0,   -0.8567825,    0.5156779
robot_82
   -11.28596,    -9.988945,            0,            0,            0,    0.3656701,    0.9307445
robot_77
    -9.18893,    -37.98343,            0,            0,            0,   -0.8863157,    0.4630816
robot_5
    -26.1037,    -38.22342,            0,            0,            0,   -0.4069499,    0.9134505
robot_133
    25.90273,    -6.583696,            0,            0,            0,   -0.3037785,    0.9527427
robot_99
   -20.65688,     2.030662,            0,            0,            0,    0.9999398,   0.01096852
robot_171
    27.69329,    -14.00048,            0,            0,            0,   0.04514886,    0.9989803
robot_180
    22.08073,    -1.859689,            0,            0,            0,    -0.172791,    0.9849585
robot_56
   -15.64555,      25.9835,            0,            0,            0,   -0.8500355,    0.5267254
robot_3
    30.02263,     37.85879,            0,            0,            0,    0.8806127,    0.4738368
robot_81
    20.30622,     29.97033,            0,            0,            0,   -0.5595797,    0.8287766
