tuw_multi_robot_msgs::RobotGoalsArray @1970-01-01T01:25:46.500000
frame_id: map
           0,            0
robot_84
     1.44899,    -21.96791,            0,            0,            0,   -0.6938896,    0.7200814
robot_116
    12.35855,     14.02083,            0,            0,            0,   -0.8521958,    0.5232231
robot_74
   -18.19913,    -26.15623,            0,            0,            0,   -0.9089864,    0.4168258
robot_41
    37.06812,     13.98984,            0,            0,            0,    0.5463792,    0.8375379
robot_125
    21.95901,    -17.85714,            0,            0,            0,    0.8989236,    0.4381055
robot_136
    5.054963,     30.00855,            0,            0,            0,    0.8536552,    0.5208385
robot_173
    16.90546,    -38.00164,            0,            0,            0,    0.4077493,    0.9130939
robot_67
      25.666,    -29.93891,            0,            0,            0,   -0.9543298,     0.298755
robot_197
   -2.197257,     22.13313,            0,            0,            0,    0.9957415,   0.09218894
robot_119
   -34.05734,    -37.44789,            0,            0,            0,   -0.8096768,     0.586876
