tuw_multi_robot_msgs::RobotGoalsArray @1970-01-01T00:14:59.400000
frame_id: map
         899,    400000000
robot_84
    21.89204,     30.08865,            0,            0,            0,    0.9508529,    0.3096428
robot_116
   0.2902916,      22.0299,            0,            0,            0,    0.9346061,    0.3556846
robot_74
   -14.05477,     8.374615,            0,            0,            0,   -0.5647907,    0.8252342
robot_41
    1.943543,    -23.96163,            0,            0,            0,   -0.1456161,    0.9893412
robot_125
    25.95876,     39.28592,            0,            0,            0,    0.9204266,    0.3909155
robot_136
    -38.0943,     14.67182,            0,            0,            0,   -0.9664946,    0.2566868
robot_173
    10.02196,    -26.36382,            0,            0,            0,    0.8916815,    0.4526633
robot_67
   -6.181011,     26.04025,            0,            0,            0,   -0.3074134,    0.9515761
robot_197
    25.90573,     28.22069,            0,            0,            0,    0.9508856,    0.3095425
robot_119
    21.97541,     5.853728,            0,            0,            0,   0.02076153,    0.9997845
robot_82
   -30.47397,     29.93494,            0,            0,            0,    0.9502216,    0.3115748
robot_77
   -37.31853,    -29.99015,            0,            0,            0,      0.93931,    0.3430694
robot_5
   -22.15067,     1.683851,            0,            0,            0,   -0.2235404,    0.9746947
robot_133
   -14.08479,      13.9608,            0,            0,            0,   -0.2944272,    0.9556739
robot_99
    5.756331,    -17.91987,            0,            0,            0,    0.2607155,    0.9654157
robot_171
   -22.07314,    -18.23328,            0,            0,            0,    0.1023012,    0.9947535
robot_180
     1.77842,    -14.14347,            0,            0,            0,   -0.6373908,    0.7705407
robot_56
    21.91816,     35.40389,            0,            0,            0,    0.9968193,   0.07969514
robot_3
   -10.68043,    -29.99859,            0,            0,            0,    0.7221121,    0.6917761
robot_81
   -17.91578,    -30.07779,            0,            0,            0,    0.6210018,    0.7838092
robot_167
    1.082411,     25.96727,            0,            0,            0,    0.4791532,    0.8777313
robot_25
   -38.15792,    -10.16175,            0,            0,            0,    0.1734015,    0.9848512
robot_168
    35.19692,     33.97708,            0,            0,            0,    0.2302744,    0.9731257
robot_96
    37.91698,     20.56382,            0,            0,            0,    0.9353244,    0.3537914
robot_166
    20.18386,    -5.990973,            0,            0,            0,   -0.8500517,    0.5266993
robot_102
    25.81565,    -17.95633,            0,            0,            0,   -0.5568917,    0.8305851
robot_192
    9.156935,    -13.99679,            0,            0,            0,    0.5901505,    0.8072932
robot_179
    5.929185,     12.71086,            0,            0,            0,   -0.5544525,    0.8322154
robot_142
    30.87799,    -34.00148,            0,            0,            0,    0.5930414,     0.805172
robot_1
   -27.78943,     -18.0201,            0,            0,            0,     0.660871,    0.7504995
robot_44
   -34.08556,     -3.76447,            0,            0,            0,    0.5307803,    0.8475094
robot_163
    17.64038,    -21.93549,            0,            0,            0,     0.999369,   0.03551888
robot_79
    9.966892,     24.58633,            0,            0,            0,   -0.8542519,    0.5198593
robot_8
    33.91069,     12.77822,            0,            0,            0,    0.9229386,    0.3849473
robot_20
    36.81733,    -34.00815,            0,            0,            0,    0.4632012,    0.8862531
robot_143
   -18.06119,    -32.73317,            0,            0,            0,   0.01009923,     0.999949
robot_138
   -6.066759,    -20.46664,            0,            0,            0,   -0.3825459,    0.9239365
robot_123
   -30.03594,     20.94674,            0,            0,            0,    0.5462379,    0.8376301
robot_193
    21.85299,    -25.86593,            0,            0,            0,    0.5168991,    0.8560463
robot_187
    17.90599,    -39.30848,            0,            0,            0,   -0.4391405,    0.8984184
