tuw_multi_robot_msgs::RobotGoalsArray @1970-01-01T00:00:57.700000
frame_id: map
          57,    700000000
robot_84
    2.999633,    -25.99616,            0,            0,            0,   -0.9835913,    0.1804112
robot_116
   -34.07491,    -10.67616,            0,            0,            0,    0.5175559,    0.8556494
robot_74
    30.13213,     21.86931,            0,            0,            0,   -0.8832121,    0.4689738
robot_41
   -14.03477,     29.46534,            0,            0,            0,   -0.7585318,    0.6516361
robot_125
   -14.34339,     -34.0437,            0,            0,            0,    0.3356206,    0.9419973
robot_136
   -6.071881,    -1.042163,            0,            0,            0,    0.5915586,     0.806262
robot_173
   -6.097976,     8.669956,            0,            0,            0,     0.348664,    0.9372478
robot_67
   -6.050979,    -12.60432,            0,            0,            0,    0.7623099,    0.6472122
robot_197
   -38.06456,    -9.472481,            0,            0,            0,   -0.9988279,   0.04840215
robot_119
    -22.3542,     5.976342,            0,            0,            0,   -0.9919442,    0.1266758
robot_82
    13.92137,    -29.38176,            0,            0,            0,   -0.9987982,   0.04901256
robot_77
    25.96118,    -35.65021,            0,            0,            0,     0.376074,    0.9265896
robot_5
   -18.14001,    -33.72171,            0,            0,            0,    0.4329006,    0.9014417
robot_133
   -18.05758,    -9.403635,            0,            0,            0,   -0.9884096,    0.1518104
robot_99
   -10.44414,     1.943976,            0,            0,            0,     0.961584,    0.2745108
robot_171
   -7.037268,    -29.97457,            0,            0,            0,    0.8087974,    0.5880874
robot_180
   -14.04853,     7.256758,            0,            0,            0,   -0.9991612,   0.04095095
robot_56
   -30.18434,    -6.191564,            0,            0,            0,   -0.1692069,    0.9855806
robot_3
   -14.03549,    -14.39963,            0,            0,            0,    0.8382513,     0.545284
robot_81
   -10.15851,      21.8865,            0,            0,            0,   -0.7317742,    0.6815471
robot_167
   -38.05382,      18.5505,            0,            0,            0,   -0.4613469,    0.8872199
robot_25
    1.953338,    -9.252364,            0,            0,            0,   -0.9983113,   0.05809171
robot_168
    -18.0366,    -15.51237,            0,            0,            0,   -0.6373024,    0.7706138
robot_96
   -10.08942,     9.070818,            0,            0,            0,    0.4974183,    0.8675108
robot_166
   -10.40956,     13.90522,            0,            0,            0,   -0.7144501,    0.6996864
