tuw_multi_robot_msgs::RobotGoalsArray @1970-01-01T01:36:38.400000
frame_id: map
        5798,    400000000
robot_84
    5.912528,    -8.401019,            0,            0,            0,   -0.6360348,    0.7716604
robot_116
    21.95526,     29.46114,            0,            0,            0,    0.7993745,    0.6008332
robot_74
    1.549143,     18.05337,            0,            0,            0,    0.1949744,    0.9808083
robot_41
    5.695339,     5.998487,            0,            0,            0,   -0.9862955,    0.1649882
robot_125
    -27.1499,     26.01891,            0,            0,            0,    0.6356304,    0.7719935
robot_136
    18.81521,     25.96883,            0,            0,            0,    0.9805058,    0.1964899
robot_173
   -6.635121,     2.026148,            0,            0,            0,   -0.6632617,    0.7483875
robot_67
    32.24192,     10.02048,            0,            0,            0,   -0.1327478,    0.9911499
robot_197
   -18.18488,     5.906368,            0,            0,            0,   -0.9849218,        0.173
robot_119
    18.03672,     38.21216,            0,            0,            0,    0.9850747,    0.1721277
robot_82
     29.9585,    -29.40739,            0,            0,            0,   -0.7335385,    0.6796479
robot_77
    9.963797,     -11.9642,            0,            0,            0,   -0.8690861,    0.4946608
robot_5
     21.9358,     22.64118,            0,            0,            0,   -0.9921004,    0.1254463
robot_133
     18.0032,    -9.927701,            0,            0,            0,   -0.8390176,    0.5441042
robot_99
    13.90707,     33.41551,            0,            0,            0,    0.6965796,    0.7174795
robot_171
    28.16359,     1.993187,            0,            0,            0,    0.8803645,    0.4742977
robot_180
    -39.7497,     21.99333,            0,            0,            0,     0.987617,    0.1568843
robot_56
    17.92934,     34.47823,            0,            0,            0,    0.6586507,    0.7524488
robot_3
   -2.071325,     8.259781,            0,            0,            0,    0.3820491,     0.924142
robot_81
   -9.987273,     10.09877,            0,            0,            0,    0.9533052,    0.3020086
robot_167
    33.92789,    -20.43394,            0,            0,            0,     0.276536,    0.9610035
robot_25
    5.871669,    -22.24562,            0,            0,            0,   -0.8518904,    0.5237201
robot_168
    26.23754,    -13.99511,            0,            0,            0,    0.9470427,    0.3211076
robot_96
   -6.073153,    -11.76215,            0,            0,            0,    0.7263917,     0.687281
robot_166
    27.86469,      21.9695,            0,            0,            0,   -0.9061908,    0.4228691
robot_102
   -18.17414,    -9.879601,            0,            0,            0,   -0.9622057,    0.2723237
robot_192
    17.93917,    -12.11161,            0,            0,            0,    -0.626659,    0.7792936
robot_179
   -10.09721,     30.15485,            0,            0,            0,   -0.4831404,    0.8755429
robot_142
   -9.076113,     17.97006,            0,            0,            0,   -0.9913528,    0.1312238
robot_1
    19.13407,     22.02609,            0,            0,            0,    -0.700649,    0.7135062
robot_44
   -14.20051,    -22.01415,            0,            0,            0,    0.8979411,    0.4401156
robot_163
    29.90316,    -32.13207,            0,            0,            0,    0.4303313,     0.902671
robot_79
   -38.51028,     30.08876,            0,            0,            0,   -0.9863387,    0.1647301
robot_8
   -26.09955,     5.923203,            0,            0,            0,   -0.9981412,    0.0609434
robot_20
    19.97241,     18.02914,            0,            0,            0,     0.732599,    0.6806605
robot_143
   -18.64539,     26.00337,            0,            0,            0,    -0.994802,    0.1018281
robot_138
    25.45329,     17.99633,            0,            0,            0,   -0.1096196,    0.9939736
robot_123
   -26.07421,     29.74425,            0,            0,            0,    0.8117765,    0.5839682
robot_193
    22.24566,    -37.99962,            0,            0,            0,    0.9541892,    0.2992037
robot_187
   -5.414539,      33.9943,            0,            0,            0,    0.1239195,    0.9922923
robot_176
    20.03427,    -13.98968,            0,            0,            0,    0.8869695,     0.461828
robot_66
   -14.01448,     -37.6348,            0,            0,            0,    0.9978106,   0.06613562
robot_63
    33.53182,    -38.07062,            0,            0,            0,   -0.3375411,    0.9413108
robot_31
   -38.26376,    -21.84176,            0,            0,            0,    0.9829966,    0.1836237
robot_159
    1.749615,    -18.14046,            0,            0,            0,   -0.6230297,    0.7821982
robot_160
   -10.05444,     -4.45934,            0,            0,            0,    0.1321038,    0.9912359
robot_151
   -5.985029,     6.188608,            0,            0,            0,   -0.9836948,    0.1798461
robot_150
   -30.10183,    -1.902174,            0,            0,            0,    0.9971304,   0.07570281
robot_137
    9.833855,    -6.075094,            0,            0,            0,    0.6650479,    0.7468007
robot_199
   -26.05542,     23.25726,            0,            0,            0,   0.07375268,    0.9972766
robot_54
    33.95082,    -13.67095,            0,            0,            0,     0.963642,    0.2671966
robot_117
   -22.04346,     -21.5357,            0,            0,            0,    -0.919793,    0.3924039
robot_36
    9.941765,    -0.604927,            0,            0,            0,    0.7360355,    0.6769429
robot_33
   -38.03675,     18.06633,            0,            0,            0,    0.1657805,    0.9861627
robot_146
     8.36044,    -37.97886,            0,            0,            0,   -0.3681407,    0.9297701
robot_156
    21.96041,     35.68116,            0,            0,            0,  -0.08719151,    0.9961916
robot_112
   -26.18518,      17.8909,            0,            0,            0,   -0.9932908,    0.1156437
robot_19
    32.88897,     29.98336,            0,            0,            0,    0.8746532,    0.4847491
robot_141
   -13.84592,    -6.008104,            0,            0,            0,    0.8431681,      0.53765
robot_35
   -18.36068,    -18.05143,            0,            0,            0,    0.9700485,    0.2429113
robot_184
    25.49044,    -30.03473,            0,            0,            0,   -0.9996538,   0.02630996
robot_98
   -21.73635,     22.03318,            0,            0,            0,    0.1216372,    0.9925746
robot_100
   -23.05811,    -37.96713,            0,            0,            0,   -0.6026265,    0.7980234
robot_164
   -38.16187,    -17.81887,            0,            0,            0,    0.2434754,    0.9699071
robot_59
   -1.560688,     26.00154,            0,            0,            0,   0.01761623,    0.9998448
robot_144
    29.91038,    -11.19707,            0,            0,            0,   0.01418435,    0.9998994
robot_101
    15.81989,    -29.99473,            0,            0,            0,   -0.9618755,    0.2734878
robot_161
   -6.070549,    -7.934752,            0,            0,            0,    0.0235655,    0.9997223
robot_149
   -18.55574,    -6.015673,            0,            0,            0,    0.7956454,    0.6057627
robot_86
   -14.02287,      30.1064,            0,            0,            0,    0.9944795,    0.1049309
robot_191
    6.953213,    -25.98421,            0,            0,            0,    0.9332473,    0.3592347
robot_126
   -33.91366,      14.1464,            0,            0,            0,   -0.3315041,    0.9434538
robot_190
    17.73271,     9.958239,            0,            0,            0,    0.3595084,    0.9331418
robot_131
   -34.04201,     20.56225,            0,            0,            0,    0.9999753,  0.007030617
robot_154
    25.91536,    -18.60598,            0,            0,            0,   -0.6803466,    0.7328905
robot_9
   -14.15302,    -18.34451,            0,            0,            0,   -0.6927788,    0.7211501
robot_27
   -38.37264,     13.98743,            0,            0,            0,    0.7930501,    0.6091565
robot_34
    33.71462,    -6.008452,            0,            0,            0,   -0.1865367,     0.982448
robot_114
     1.81269,     13.99019,            0,            0,            0,   -0.5066501,    0.8621518
robot_51
    37.92675,     6.491739,            0,            0,            0,   -0.9992557,   0.03857608
robot_108
   -5.896502,    -22.07322,            0,            0,            0,    0.7049031,    0.7093036
robot_147
    5.909385,    -5.789573,            0,            0,            0,   -0.2466849,    0.9690957
robot_183
   -6.100325,    -13.74369,            0,            0,            0,   0.03297733,    0.9994561
robot_48
    25.94251,     32.18396,            0,            0,            0,   -0.7662443,    0.6425494
robot_60
   -22.08505,     27.20395,            0,            0,            0,   -0.7512947,    0.6599669
robot_75
     13.8574,    -1.898977,            0,            0,            0,    0.9195557,    0.3929598
robot_152
   -17.97103,      33.8083,            0,            0,            0,    0.5298607,    0.8480847
robot_26
   -22.09784,     -17.4779,            0,            0,            0,    0.8558011,    0.5173051
robot_182
    10.72024,     18.02071,            0,            0,            0,    0.9671814,    0.2540868
robot_172
   -2.509614,    -21.91089,            0,            0,            0,   -0.2481512,    0.9687213
robot_43
   -34.03833,    -6.374828,            0,            0,            0,    0.8575299,    0.5144341
robot_170
    37.70763,     17.91104,            0,            0,            0,   -0.5787164,    0.8155289
robot_177
   -26.51733,    -18.06918,            0,            0,            0,   -0.7694456,    0.6387123
robot_80
   -13.92921,    -14.03023,            0,            0,            0,   -0.9194394,    0.3932318
robot_16
     6.42777,     34.03122,            0,            0,            0,   -0.2488589,    0.9685397
robot_13
   -6.293189,    -29.92846,            0,            0,            0,    0.5931899,    0.8050626
robot_178
   -38.07168,     10.25164,            0,            0,            0,   -0.1721666,    0.9850678
robot_88
     37.9625,      12.9043,            0,            0,            0,   -0.9999985,  0.001747964
robot_194
   -18.05383,     37.19798,            0,            0,            0,   -0.7449702,    0.6670978
robot_29
    28.45382,    -22.00811,            0,            0,            0,     0.972571,    0.2326063
robot_92
   -5.872468,     22.16432,            0,            0,            0,   -0.1168535,    0.9931492
robot_87
   -13.61388,    -29.91595,            0,            0,            0,    0.9683069,    0.2497635
robot_68
    1.954272,    -25.57472,            0,            0,            0,   -0.4025365,     0.915404
robot_22
    29.83756,    -5.633334,            0,            0,            0,   0.04234786,    0.9991029
robot_38
    9.412619,    -30.00761,            0,            0,            0,    0.9696509,    0.2444936
robot_2
   -1.919196,    -26.01966,            0,            0,            0,   -0.5357949,    0.8443481
robot_110
     21.9606,    -10.57881,            0,            0,            0,   -0.2609943,    0.9653403
robot_14
    17.93376,    -1.072811,            0,            0,            0,    0.7890049,    0.6143869
robot_181
    5.447223,    -13.91467,            0,            0,            0,   -0.9968062,   0.07985875
robot_61
    18.27163,    -26.02853,            0,            0,            0,    0.8664943,    0.4991869
robot_30
   -30.07912,     34.93048,            0,            0,            0,    0.9830423,    0.1833788
robot_122
    -14.2362,     33.98827,            0,            0,            0,   -0.8603509,    0.5097022
robot_132
    6.402847,    -2.025648,            0,            0,            0,    0.7870601,    0.6168763
robot_45
    2.029957,     29.64097,            0,            0,            0,    0.4550595,     0.890461
robot_21
   -22.14478,     30.33181,            0,            0,            0,    0.8267873,    0.5625146
robot_39
   -30.05703,    -36.58062,            0,            0,            0,    0.9258772,    0.3778245
robot_134
   -30.18771,     13.84591,            0,            0,            0,    0.8416472,    0.5400278
robot_15
    -21.9609,     2.078022,            0,            0,            0,   -0.9165866,    0.3998363
robot_145
    33.44005,    -29.97516,            0,            0,            0,    0.9460345,    0.3240659
robot_140
    25.98756,    -6.352316,            0,            0,            0,    0.1134729,    0.9935411
robot_196
    13.93229,    -26.60648,            0,            0,            0,    0.7505977,    0.6607595
robot_188
    9.870152,     10.25919,            0,            0,            0,   -0.3209958,    0.9470806
robot_4
    13.78698,     6.116681,            0,            0,            0,    0.9770148,    0.2131716
robot_155
    7.888527,     6.005754,            0,            0,            0,    0.3927089,    0.9196628
robot_135
   -30.05733,    -25.04782,            0,            0,            0,     0.981527,    0.1913236
robot_93
   -7.165585,    -6.007681,            0,            0,            0,   -0.9464043,    0.3229842
robot_111
    6.934625,     17.99835,            0,            0,            0,    0.6411889,    0.7673831
robot_0
   -19.90598,    -2.010132,            0,            0,            0,    -0.279642,    0.9601043
robot_49
    13.60043,     18.08038,            0,            0,            0,   0.06457436,    0.9979129
robot_113
    30.08947,     6.012245,            0,            0,            0,    0.4963357,    0.8681307
robot_94
    33.93235,       11.793,            0,            0,            0,   -0.8695778,    0.4937959
robot_40
     17.8891,     1.979229,            0,            0,            0,   -0.9995422,   0.03025645
robot_103
   -9.711462,     38.04483,            0,            0,            0,    0.4439934,    0.8960301
robot_6
   -10.07359,     5.345353,            0,            0,            0,   -0.8733684,    0.4870601
robot_71
    9.749292,     13.93678,            0,            0,            0,   -0.3209341,    0.9471015
robot_17
   -1.587803,     17.98142,            0,            0,            0,    -0.538788,    0.8424414
robot_120
     25.7996,     5.965476,            0,            0,            0,    0.5190369,    0.8547518
robot_189
   -28.50633,     38.01203,            0,            0,            0,   -0.7313207,    0.6820338
robot_148
   -25.73466,      1.94025,            0,            0,            0,    0.5121096,    0.8589201
robot_186
   -13.96927,     38.26768,            0,            0,            0,   -0.9768281,    0.2140256
