tuw_multi_robot_msgs::RobotGoalsArray @1970-01-01T01:19:48.700000
frame_id: map
        4788,    700000000
robot_84
    -34.0603,     38.58286,            0,            0,            0,   -0.4230318,    0.9061148
robot_116
      28.365,     25.99551,            0,            0,            0,   -0.3165441,    0.9485778
robot_74
   -21.98213,    -18.18954,            0,            0,            0,    0.5467722,    0.8372814
robot_41
   -26.03927,    -36.36214,            0,            0,            0,   -0.8949317,    0.4462032
robot_125
   -17.99614,     25.90096,            0,            0,            0,   -0.9620267,    0.2729554
robot_136
   -29.85019,    -33.93583,            0,            0,            0,    0.7575073,    0.6528267
robot_173
   -26.17259,     17.86371,            0,            0,            0,   -0.9855046,    0.1696489
robot_67
     37.8127,     14.13031,            0,            0,            0,    0.6857396,     0.727847
robot_197
   -26.28233,    -14.06302,            0,            0,            0,   -0.6253316,    0.7803592
robot_119
   -5.808723,    -29.90893,            0,            0,            0,    0.4508157,    0.8926171
robot_82
    33.89949,    -30.29311,            0,            0,            0,    -0.057794,    0.9983285
robot_77
   -12.03694,     17.98908,            0,            0,            0,    0.7561111,    0.6544433
robot_5
   -14.03625,    -8.396891,            0,            0,            0,    0.5464475,    0.8374933
robot_133
    25.61327,    -33.96917,            0,            0,            0,    0.6459062,    0.7634168
robot_99
    5.914192,    -29.19707,            0,            0,            0,   -0.9275028,    0.3738163
robot_171
    13.81927,    -33.83141,            0,            0,            0,    0.9766794,    0.2147031
robot_180
   -6.090733,    -9.129378,            0,            0,            0,   -0.9978427,   0.06564953
robot_56
     5.90793,      -17.046,            0,            0,            0,    -0.647347,    0.7621954
robot_3
    12.83579,     5.976589,            0,            0,            0,   -0.9924002,    0.1230524
robot_81
   -18.29304,    -29.89128,            0,            0,            0,   -0.4072612,    0.9133117
robot_167
   -6.161992,     29.90274,            0,            0,            0,     0.993268,    0.1158388
robot_25
    33.87585,     2.365069,            0,            0,            0,     0.272865,    0.9620523
robot_168
   -34.32956,     18.07343,            0,            0,            0,   -0.7025873,    0.7115976
robot_96
   -22.05936,    -8.895846,            0,            0,            0,    0.9845948,    0.1748515
robot_166
    -10.0359,     20.12897,            0,            0,            0,    0.9978969,   0.06482087
robot_102
   -20.41645,    -14.00218,            0,            0,            0,   -0.9833188,    0.1818904
robot_192
   -14.89877,     33.98268,            0,            0,            0,    0.9928441,    0.1194176
robot_179
    13.87174,       -13.67,            0,            0,            0,   -0.5343204,     0.845282
robot_142
   -15.06999,     25.99484,            0,            0,            0,    -0.951343,    0.3081338
robot_1
   -39.25321,     9.986257,            0,            0,            0,    0.1904021,    0.9817062
robot_44
    25.94684,     36.16409,            0,            0,            0,   -0.9930972,    0.1172947
robot_163
   -14.01372,     30.18653,            0,            0,            0,   -0.8977421,    0.4405213
robot_79
   -30.14313,     29.74342,            0,            0,            0,    0.9983844,   0.05682031
robot_8
   -2.075184,     27.04201,            0,            0,            0,    0.7287757,    0.6847525
robot_20
   -14.03722,    -25.52055,            0,            0,            0,   -0.9908291,    0.1351207
robot_143
    26.10172,      9.94114,            0,            0,            0,   -0.1440235,    0.9895743
robot_138
   -22.04855,     27.42853,            0,            0,            0,   -0.6130746,    0.7900251
robot_123
     13.9249,     19.98095,            0,            0,            0,    0.9613845,    0.2752086
robot_193
   -26.04293,    -1.095108,            0,            0,            0,    0.7864993,    0.6175911
robot_187
   -18.09261,     39.26899,            0,            0,            0,    0.9801263,    0.1983742
robot_176
   -21.87947,    -37.99441,            0,            0,            0,    0.7824818,    0.6226735
robot_66
   -37.94034,    -30.01886,            0,            0,            0,    0.3382958,    0.9410398
robot_63
   -38.03024,     17.88788,            0,            0,            0,   -0.5602653,    0.8283132
robot_31
    28.50345,    -21.99103,            0,            0,            0,    0.4404415,    0.8977813
robot_159
    9.993566,     9.996144,            0,            0,            0,    0.8636745,    0.5040499
robot_160
   -38.09943,     -19.1535,            0,            0,            0,   -0.9732034,    0.2299461
robot_151
    29.92236,     -33.5935,            0,            0,            0,    0.6187743,    0.7855688
robot_150
    37.76543,    -26.09614,            0,            0,            0,   -0.8873968,    0.4610064
robot_137
    21.82155,    -5.778696,            0,            0,            0,    0.9146187,    0.4043176
robot_199
   -22.07193,    -6.095569,            0,            0,            0,   -0.7786526,    0.6274553
robot_54
    27.15114,     13.98554,            0,            0,            0,   -0.7358108,    0.6771872
robot_117
   -31.21932,    -38.01158,            0,            0,            0,   -0.6372237,    0.7706789
robot_36
    30.43323,     -14.0865,            0,            0,            0,   -0.9467062,    0.3220985
robot_33
    -18.4159,    -25.99021,            0,            0,            0,   -0.8195167,    0.5730553
robot_146
    31.86243,    -37.99361,            0,            0,            0,    0.7591977,    0.6508601
robot_156
   -26.17323,    -26.11325,            0,            0,            0,    0.9868349,    0.1617308
robot_112
    10.09558,    -18.03745,            0,            0,            0,    0.8549963,    0.5186341
robot_19
    5.877313,    -14.31771,            0,            0,            0,   -0.2877929,    0.9576927
robot_141
     23.0733,     14.02003,            0,            0,            0,    0.4897009,    0.8718905
robot_35
   -10.75885,     26.00826,            0,            0,            0,    0.4328986,    0.9014426
robot_184
   -22.06068,    -31.63524,            0,            0,            0,   -0.4694241,    0.8829728
robot_98
    19.50959,    -29.98265,            0,            0,            0,    0.5357102,    0.8444019
robot_100
   -29.85459,    -25.86239,            0,            0,            0,    0.9926669,    0.1208821
robot_164
   -11.06925,     5.987427,            0,            0,            0,   -0.4979753,    0.8671912
robot_59
    1.742203,    -29.94886,            0,            0,            0,   -0.2205088,     0.975385
robot_144
    24.37386,    -13.97093,            0,            0,            0,   -0.9412451,    0.3377242
robot_101
    9.862242,      21.7968,            0,            0,            0,   -0.3138042,    0.9494877
robot_161
   -14.08494,    -22.86033,            0,            0,            0,    0.9747228,    0.2234176
robot_149
    26.37531,     2.075106,            0,            0,            0,    0.6808478,    0.7324249
robot_86
   -10.14346,    -9.803117,            0,            0,            0,   -0.9975257,   0.07030278
robot_191
    8.342565,    -2.018249,            0,            0,            0,    -0.843563,    0.5370303
robot_126
   -2.037268,    -25.28577,            0,            0,            0,    0.9929172,    0.1188084
robot_190
    17.93196,     24.99576,            0,            0,            0,    0.6112589,    0.7914307
robot_131
   -33.38003,     21.98504,            0,            0,            0,   -0.6223524,    0.7827372
robot_154
   -22.08668,    -27.83943,            0,            0,            0,    0.3572213,    0.9340198
robot_9
   -22.69047,    -14.01559,            0,            0,            0,  0.007767198,    0.9999698
robot_27
   -10.12286,      38.0498,            0,            0,            0,   -0.3041604,    0.9526208
robot_34
    17.94535,     16.90716,            0,            0,            0,    -0.357813,    0.9337933
robot_114
   -20.56487,    -22.03105,            0,            0,            0,    -0.930442,    0.3664391
robot_51
    29.93156,    -2.155647,            0,            0,            0,   -0.8714153,    0.4905461
robot_108
    15.57457,     10.03263,            0,            0,            0,   -0.3183531,    0.9479722
robot_147
    -2.70266,    -5.968597,            0,            0,            0,   -0.2447057,    0.9695974
robot_183
     17.9182,     11.18147,            0,            0,            0,    0.2335312,    0.9723493
robot_48
    -28.6646,      -5.9844,            0,            0,            0,   -0.4473664,    0.8943508
robot_60
   -7.147983,     1.970568,            0,            0,            0,   -0.6181656,    0.7860479
robot_75
    29.93401,    -35.85228,            0,            0,            0,    0.8801433,    0.4747081
robot_152
    29.94407,     5.606766,            0,            0,            0,   -0.9776895,    0.2100551
robot_26
   -18.07801,    -20.13386,            0,            0,            0,   -0.2245864,    0.9744542
robot_182
   -30.55676,     26.00573,            0,            0,            0,   -0.1307955,    0.9914094
robot_172
    5.954614,     8.662241,            0,            0,            0,   -0.5682737,    0.8228396
robot_43
   -23.20587,     13.97896,            0,            0,            0,   -0.9999727,  0.007386651
robot_170
   -2.149487,     14.16895,            0,            0,            0,   -0.8806193,    0.4738246
robot_177
   -30.16383,     6.266909,            0,            0,            0,       0.9974,   0.07206481
robot_80
    13.94031,    -2.394933,            0,            0,            0,   -0.7290792,    0.6844294
robot_16
   -17.71814,    -6.026966,            0,            0,            0,   -0.8730074,     0.487707
robot_13
    26.21283,     21.90703,            0,            0,            0,    0.9967032,   0.08113421
robot_178
    21.95158,      23.0824,            0,            0,            0,   -0.9939129,    0.1101689
robot_88
    5.915797,    -37.32646,            0,            0,            0,    -0.394559,    0.9188706
robot_194
    10.40456,      6.06878,            0,            0,            0,   -0.8623884,    0.5062472
robot_29
    9.907988,     12.40174,            0,            0,            0,   -0.9988485,   0.04797647
