tuw_multi_robot_msgs::RobotGoalsArray @1970-01-01T00:01:29
frame_id: map
          89,            0
robot_84
    33.96898,    -34.01472,            0,            0,            0,    -0.254097,    0.9671787
robot_116
    2.086436,    -26.18499,            0,            0,            0,   0.05565125,    0.9984503
robot_74
    18.29936,     5.953833,            0,            0,            0,   -0.8455028,    0.5339709
robot_41
   -18.74948,     21.97458,            0,            0,            0,    0.9710544,    0.2388585
robot_125
   -9.821484,     22.07133,            0,            0,            0,    0.9423034,    0.3347601
robot_136
   -6.606795,     38.02865,            0,            0,            0,   -0.9619785,    0.2731252
robot_173
   -30.19215,     6.203037,            0,            0,            0,    0.9999037,   0.01387663
robot_67
    18.40815,    -34.02094,            0,            0,            0,    0.8580139,    0.5136265
robot_197
     21.5441,     2.062957,            0,            0,            0,    0.9756974,    0.2191221
robot_119
   -26.04883,    -23.82371,            0,            0,            0,   -0.1731993,    0.9848868
robot_82
    5.753164,     -30.0559,            0,            0,            0,  -0.05601348,      0.99843
robot_77
   -9.674506,    -30.03877,            0,            0,            0,   -0.9567486,    0.2909161
robot_5
    5.874631,      6.28749,            0,            0,            0,    0.4667484,    0.8843901
robot_133
   -12.37983,    -6.015803,            0,            0,            0,   -0.9531292,    0.3025636
robot_99
   -2.121869,     13.95344,            0,            0,            0,   -0.8089645,    0.5878575
robot_171
   -38.00207,     5.967967,            0,            0,            0,   0.02890809,    0.9995821
robot_180
   -29.78182,    -22.08152,            0,            0,            0,   -0.2345471,    0.9721048
robot_56
   -6.455679,    -38.00171,            0,            0,            0,    0.9849147,    0.1730408
robot_3
    24.95322,      17.9715,            0,            0,            0,   -0.5985693,     0.801071
robot_81
    5.981587,    -10.10913,            0,            0,            0,    0.1072099,    0.9942364
robot_167
   -37.53206,    -17.98715,            0,            0,            0,   -0.9765892,    0.2151126
robot_25
    -22.0863,     13.81814,            0,            0,            0,    0.9610654,    0.2763211
robot_168
    9.946073,     29.10489,            0,            0,            0,    0.8980958,       0.4398
robot_96
    25.91192,    -15.16464,            0,            0,            0,    0.7016085,    0.7125626
robot_166
   -13.60622,    -30.07995,            0,            0,            0,   -0.5076685,    0.8615525
