tuw_multi_robot_msgs::RobotGoalsArray @1970-01-01T01:28:03
frame_id: map
        5283,            0
robot_84
   -7.341421,    -17.98091,            0,            0,            0,   -0.5731799,    0.8194296
robot_116
   -14.03446,     9.112009,            0,            0,            0,    0.7903855,    0.6126098
robot_74
    38.28984,     26.02984,            0,            0,            0,    0.7400652,    0.6725351
robot_41
   -22.08112,     37.84066,            0,            0,            0,   -0.8930443,    0.4499687
robot_125
    27.14779,    -37.97203,            0,            0,            0,   -0.8314841,    0.5555486
robot_136
   -33.88902,    -21.97074,            0,            0,            0,   -0.9862976,    0.1649758
robot_173
   -22.84167,     33.96816,            0,            0,            0,   -0.9685826,    0.2486919
robot_67
    9.936374,     11.11197,            0,            0,            0,   -0.5787146,    0.8155301
robot_197
    2.163182,     29.98635,            0,            0,            0,    0.4632745,    0.8862148
robot_119
    5.962952,    -30.47515,            0,            0,            0,   0.05418718,    0.9985308
robot_82
   -22.95757,     21.99591,            0,            0,            0,    -0.992798,    0.1198006
robot_77
   -16.50526,     9.988871,            0,            0,            0,    0.2119419,    0.9772823
robot_5
   -2.062405,     9.450608,            0,            0,            0,    0.9481676,    0.3177707
robot_133
    5.685945,     30.02415,            0,            0,            0,   -0.6911768,    0.7226857
robot_99
    26.90617,    -13.98687,            0,            0,            0,    0.9814447,    0.1917456
robot_171
   -9.690559,    -6.047214,            0,            0,            0,   0.02514689,    0.9996838
robot_180
    -38.1252,    -22.24007,            0,            0,            0,    0.1057868,    0.9943888
robot_56
     -12.523,    -30.00285,            0,            0,            0,    0.5360942,    0.8441582
robot_3
    17.54295,    -1.922423,            0,            0,            0,    0.5080122,    0.8613498
robot_81
    29.47807,     25.95822,            0,            0,            0,     0.956937,    0.2902958
robot_167
     18.1051,    -38.01149,            0,            0,            0,    0.9630025,    0.2694924
robot_25
    22.14616,     5.930452,            0,            0,            0,     0.595376,    0.8034472
robot_168
     10.0305,    -13.73063,            0,            0,            0,   -0.9929296,    0.1187051
robot_96
    37.95279,     17.23556,            0,            0,            0,   -0.6692135,    0.7430701
robot_166
    36.52364,     30.03284,            0,            0,            0,     0.613968,    0.7893309
robot_102
   -14.16904,    -17.90584,            0,            0,            0,  -0.09625578,    0.9953566
robot_192
    33.89128,    -6.161202,            0,            0,            0,    -0.131251,    0.9913492
robot_179
    9.941975,     24.39393,            0,            0,            0,   -0.9568889,     0.290454
robot_142
    1.938473,     20.25709,            0,            0,            0,   -0.9954779,   0.09499332
robot_1
   -26.13727,     26.17667,            0,            0,            0,    0.8297951,    0.5580681
robot_44
   -6.073377,    -32.11474,            0,            0,            0,    -0.998842,   0.04811019
robot_163
   -13.87384,    -37.85908,            0,            0,            0,   -0.9958606,   0.09089409
robot_79
    9.747289,     17.97461,            0,            0,            0,    0.8314017,    0.5556719
robot_8
    13.99138,      34.3448,            0,            0,            0,     0.875825,    0.4826289
robot_20
   -34.90116,     10.00276,            0,            0,            0,   -0.7650962,     0.643916
robot_143
   -26.06412,    -20.27926,            0,            0,            0,    0.9881627,    0.1534097
robot_138
    4.229288,     -18.0323,            0,            0,            0,   -0.2393718,     0.970928
robot_123
    9.918961,     34.54982,            0,            0,            0,   -0.5924061,    0.8056395
robot_193
     18.0501,     5.816173,            0,            0,            0,   -0.1558555,    0.9877799
robot_187
    25.58749,     30.01773,            0,            0,            0,    0.1344494,    0.9909205
robot_176
    -38.0615,    -10.56869,            0,            0,            0,    0.8691626,    0.4945264
robot_66
   -26.06825,    -11.80233,            0,            0,            0,   -0.3818089,    0.9242413
robot_63
      22.195,      30.0838,            0,            0,            0,    0.1254309,    0.9921024
robot_31
    -19.0851,    -13.99875,            0,            0,            0,   -0.8172067,    0.5763447
robot_159
  -0.9152788,     21.99011,            0,            0,            0,    0.8148223,    0.5797108
robot_160
     13.9451,     39.06041,            0,            0,            0,    0.7037991,     0.710399
robot_151
    -6.13928,    -14.21468,            0,            0,            0,   -0.4427693,    0.8966356
robot_150
   -6.049566,     29.53024,            0,            0,            0,    0.4250067,    0.9051902
robot_137
    24.99036,     25.98112,            0,            0,            0,    0.6959687,    0.7180721
robot_199
    4.554624,    -10.02258,            0,            0,            0,    0.6434646,    0.7654759
robot_54
   -6.092083,    -19.94385,            0,            0,            0,   -0.7510144,    0.6602858
robot_117
    3.479845,    -29.97949,            0,            0,            0,   -0.9953496,   0.09632876
robot_36
    14.12936,     14.01551,            0,            0,            0,   -0.6330803,    0.7740861
robot_33
   -14.27802,    -22.06978,            0,            0,            0,   -0.4930597,    0.8699955
robot_146
    -12.7093,    -5.980154,            0,            0,            0,    0.4341114,    0.9008592
robot_156
     28.0588,    -26.03041,            0,            0,            0,    -0.657184,    0.7537302
robot_112
   -29.74843,     34.08747,            0,            0,            0,     0.389526,    0.9210155
robot_19
    25.90355,    -5.651618,            0,            0,            0,   -0.9812067,    0.1929594
robot_141
   -21.87216,     1.853901,            0,            0,            0,   -0.3944508,    0.9189171
robot_35
     37.9055,    -21.38088,            0,            0,            0,   -0.9994628,    0.0327729
robot_184
   -22.05417,    -32.54972,            0,            0,            0,   -0.9813682,    0.1921364
robot_98
   -14.06234,    -12.07937,            0,            0,            0,   -0.1645127,     0.986375
robot_100
    30.17717,     37.96631,            0,            0,            0,   -0.3162693,    0.9486695
robot_164
   -34.07709,    -3.677223,            0,            0,            0,   -0.5777767,    0.8161949
robot_59
   -17.45358,      14.0158,            0,            0,            0,   -0.4731793,    0.8809662
robot_144
   -10.09714,     26.24985,            0,            0,            0,   -0.3816993,    0.9242866
robot_101
     29.9491,    -1.996395,            0,            0,            0,    0.9764925,    0.2155512
robot_161
    26.02514,     17.74425,            0,            0,            0,   -0.9682575,    0.2499547
robot_149
    1.832729,     -22.1554,            0,            0,            0,    0.6712724,    0.7412107
robot_86
    25.39187,     38.02342,            0,            0,            0,   -0.9844998,    0.1753856
robot_191
   -30.34583,    -17.93088,            0,            0,            0,    0.9669357,    0.2550202
robot_126
    13.96449,     9.106251,            0,            0,            0,    0.6256395,    0.7801123
robot_190
   -34.31408,     29.99072,            0,            0,            0,    0.9442515,     0.329225
robot_131
   -26.01508,     38.15323,            0,            0,            0,   -0.5488499,    0.8359209
robot_154
   -18.38948,    -25.91435,            0,            0,            0,    0.3339067,    0.9426061
robot_9
   -18.17614,    -1.865416,            0,            0,            0,    0.8139575,    0.5809244
robot_27
   -18.70906,     25.99039,            0,            0,            0,     0.998103,   0.06156599
robot_34
    18.32353,    -18.04205,            0,            0,            0,   -0.1640289,    0.9864555
robot_114
     5.94647,     14.91971,            0,            0,            0,   -0.2263805,    0.9740389
robot_51
    33.80964,     1.931373,            0,            0,            0,    0.2043535,    0.9788972
robot_108
   -9.879381,    -34.07756,            0,            0,            0,    0.7776691,    0.6286738
robot_147
   -8.257246,     18.02136,            0,            0,            0,    -0.952094,    0.3058055
robot_183
    21.60464,    -2.094481,            0,            0,            0,   -0.2265514,    0.9739992
robot_48
    -5.70478,     18.01018,            0,            0,            0,     0.532664,    0.8463268
robot_60
      37.932,     13.51219,            0,            0,            0,    0.8332344,    0.5529199
robot_75
     15.0285,    -6.014354,            0,            0,            0,   -0.2957307,    0.9552714
robot_152
   -6.039032,    -25.52432,            0,            0,            0,   -0.9619684,    0.2731607
robot_26
     29.1708,    -17.97792,            0,            0,            0,     0.776864,    0.6296685
robot_182
    33.93629,    -11.52082,            0,            0,            0,    0.8074136,    0.5899858
robot_172
   -21.95561,    -2.188689,            0,            0,            0,    0.5025354,    0.8645566
robot_43
   -17.42771,    -9.992539,            0,            0,            0,   -0.8129915,    0.5822755
robot_170
   -25.45393,     22.01523,            0,            0,            0,   -0.6146432,    0.7888052
robot_177
    10.53397,     1.972201,            0,            0,            0,   -0.8764138,    0.4815587
robot_80
    25.95258,    -10.66018,            0,            0,            0,    0.9217947,    0.3876784
robot_16
    25.95936,      -21.359,            0,            0,            0,   -0.9996306,   0.02717772
robot_13
   -2.160888,    -22.15043,            0,            0,            0,   -0.3524073,    0.9358467
robot_178
    37.50563,    -33.95726,            0,            0,            0,   -0.9896135,     0.143754
robot_88
    13.44884,     17.91043,            0,            0,            0,   -0.9373647,    0.3483496
robot_194
    32.37529,    -22.01669,            0,            0,            0,   -0.9994242,    0.0339315
robot_29
   -30.05632,     26.27164,            0,            0,            0,   -0.9588722,    0.2838381
robot_92
    18.14829,     2.010887,            0,            0,            0,    0.3900045,     0.920813
robot_87
    2.140545,     13.97918,            0,            0,            0,   -0.3232185,    0.9463244
robot_68
    33.44438,     38.05979,            0,            0,            0,    0.8275309,    0.5614202
robot_22
   -34.04922,     37.38297,            0,            0,            0,   -0.9959067,    0.0903867
robot_38
   -10.35533,    -14.01462,            0,            0,            0,    0.1803919,    0.9835948
robot_2
    21.66395,      -9.9032,            0,            0,            0,   -0.9998656,   0.01639181
robot_110
   -5.952379,     6.156089,            0,            0,            0,   -0.9724148,    0.2332583
robot_14
    38.51948,    -14.02798,            0,            0,            0,    -0.583196,    0.8123315
robot_181
   -5.984657,     33.77798,            0,            0,            0,   -0.3659382,    0.9306391
robot_61
   -26.09148,     31.26552,            0,            0,            0,   -0.9988863,   0.04718226
robot_30
    9.942712,     27.28418,            0,            0,            0,   -0.9759252,    0.2181057
robot_122
    29.92636,     11.85607,            0,            0,            0, -0.007085825,    0.9999749
robot_132
   -18.03931,    -17.32525,            0,            0,            0,   -0.8750478,    0.4840365
robot_45
   -38.16152,     30.15761,            0,            0,            0,    0.1074374,    0.9942119
robot_21
   -34.03409,     3.023733,            0,            0,            0,    0.2143686,    0.9767528
robot_39
    37.87919,     33.70081,            0,            0,            0,   -0.9401307,    0.3408141
robot_134
   -38.05173,     -8.38331,            0,            0,            0,   -0.2394312,    0.9709133
robot_15
    9.569949,     21.91444,            0,            0,            0,    0.8759842,    0.4823397
robot_145
   -15.82832,     17.97261,            0,            0,            0,   -0.7621374,    0.6474153
robot_140
    31.47249,     9.992852,            0,            0,            0,    0.9783174,     0.207111
