tuw_multi_robot_msgs::RobotGoalsArray @1970-01-01T00:52:23.200000
frame_id: map
        3143,    200000000
robot_84
   -18.02993,     6.362059,            0,            0,            0,   -0.2546854,     0.967024
robot_116
   -8.172161,     5.997006,            0,            0,            0,   -0.9997592,    0.0219445
robot_74
    13.94777,     30.49218,            0,            0,            0,    0.4666687,    0.8844322
robot_41
   -31.93796,    -29.98232,            0,            0,            0,    0.9441372,    0.3295527
robot_125
    -18.2915,    -25.87166,            0,            0,            0,    0.7107406,    0.7034542
robot_136
   -2.036584,     21.06488,            0,            0,            0,    0.7099482,    0.7042539
robot_173
   -38.06281,      18.3737,            0,            0,            0,   0.08434462,    0.9964366
robot_67
   -20.55088,    -29.99718,            0,            0,            0,   -0.8853248,    0.4649731
robot_197
    13.86148,    -6.053684,            0,            0,            0,    0.2493061,    0.9684247
robot_119
   -21.63105,    -6.019758,            0,            0,            0,    0.8119063,    0.5837878
robot_82
    25.90252,    -21.32848,            0,            0,            0,   -0.7047017,    0.7095037
robot_77
    21.91541,    -25.30647,            0,            0,            0,    0.1364313,    0.9906495
robot_5
    17.95925,     7.642655,            0,            0,            0,    0.2151538,    0.9765802
robot_133
   -30.04084,     6.817278,            0,            0,            0,  -0.04086443,    0.9991647
robot_99
    25.53171,    -18.02355,            0,            0,            0,   -0.9475355,    0.3196506
robot_171
    25.92726,     18.74329,            0,            0,            0,    0.5174391,      0.85572
robot_180
   -17.83614,    -38.07692,            0,            0,            0,    0.7590294,    0.6510563
robot_56
    17.94931,     35.76451,            0,            0,            0,    0.1043774,    0.9945378
robot_3
   -15.22358,    -1.988213,            0,            0,            0,    0.8172138,    0.5763347
robot_81
    21.91645,     2.942637,            0,            0,            0,   -0.9944649,    0.1050696
robot_167
   -26.03593,    -5.154796,            0,            0,            0,   -0.2504636,     0.968126
robot_25
    26.05681,    -38.09336,            0,            0,            0,    0.6209853,    0.7838222
robot_168
    21.95532,    -35.56594,            0,            0,            0,   -0.5956199,    0.8032664
robot_96
    14.18672,      5.91688,            0,            0,            0,   -0.9954929,   0.09483618
robot_166
   -6.007419,     34.18282,            0,            0,            0,   -0.8111647,    0.5848177
robot_102
   -6.071749,      0.59747,            0,            0,            0,    0.9187425,    0.3948572
robot_192
   -6.459117,     30.00916,            0,            0,            0,    0.9315224,     0.363684
robot_179
    8.749063,    -22.00713,            0,            0,            0,   -0.3527974,    0.9356997
robot_142
    11.91534,     2.015802,            0,            0,            0,    0.4553121,    0.8903319
robot_1
   -20.29781,    -22.00106,            0,            0,            0,    0.2080689,    0.9781142
robot_44
    -11.2059,     21.99219,            0,            0,            0,    0.4101108,    0.9120357
robot_163
    30.11685,    -1.896201,            0,            0,            0,   -0.9564097,    0.2920282
robot_79
    17.74806,      18.1227,            0,            0,            0,   -0.8954679,    0.4451261
robot_8
    16.64755,      37.9841,            0,            0,            0,    0.5102083,    0.8600509
robot_20
    25.93781,    -11.99236,            0,            0,            0,    0.2842135,     0.958761
robot_143
    11.56387,    -9.970528,            0,            0,            0,   -0.8012691,    0.5983041
robot_138
    17.51408,      30.0027,            0,            0,            0,    0.9990651,   0.04323087
robot_123
   -2.415887,    -17.93163,            0,            0,            0,   -0.7757644,    0.6310227
robot_193
   -34.08148,      18.3687,            0,            0,            0,   -0.2299393,     0.973205
robot_187
   -26.01114,    -17.87347,            0,            0,            0,     0.468439,    0.8834958
robot_176
   -3.507309,     26.02181,            0,            0,            0,    0.9986931,   0.05110876
robot_66
    1.179278,     6.029746,            0,            0,            0,   -0.2092252,    0.9778675
robot_63
    -19.2289,    -14.02228,            0,            0,            0,    -0.657028,    0.7538662
robot_31
    12.38178,    -30.01487,            0,            0,            0,    0.9453512,    0.3260537
robot_159
   -30.07931,    -35.52896,            0,            0,            0,   -0.9487022,     0.316171
robot_160
    1.954566,    -14.88508,            0,            0,            0,  -0.03897595,    0.9992401
robot_151
   -12.75229,    -30.00461,            0,            0,            0,    0.3372073,    0.9414304
robot_150
   -11.31648,     6.019882,            0,            0,            0,   -0.7387829,    0.6739435
robot_137
   -31.15467,    -22.02993,            0,            0,            0,   -0.9382579,    0.3459365
robot_199
   -34.04689,    -13.65536,            0,            0,            0,  -0.05558321,    0.9984541
robot_54
   -38.75076,    -34.02218,            0,            0,            0,   -0.4724911,    0.8813354
robot_117
   -27.30421,     1.971987,            0,            0,            0,    0.3434388,    0.9391751
robot_36
     29.4108,     9.998156,            0,            0,            0,   -0.9777917,     0.209579
robot_33
   -31.38483,    -34.01414,            0,            0,            0,   -0.7771369,    0.6293316
robot_146
   -6.090298,    -27.67161,            0,            0,            0,    0.2982473,    0.9544886
robot_156
   -33.65314,      21.9544,            0,            0,            0,    0.7951764,    0.6063782
robot_112
   -13.97762,      6.26489,            0,            0,            0,    0.1821186,    0.9832766
robot_19
   -17.79651,    -10.01691,            0,            0,            0,     0.758004,    0.6522499
robot_141
     33.9459,    -14.52942,            0,            0,            0,    0.8538699,    0.5204865
robot_35
    5.931064,    -28.95197,            0,            0,            0,    0.5141815,    0.8576814
