tuw_multi_robot_msgs::RobotGoalsArray @1970-01-01T00:15:59.900000
frame_id: map
         959,    900000000
robot_84
    34.09819,    -33.85501,            0,            0,            0,   -0.2168447,    0.9762061
robot_116
    4.045705,    -21.99018,            0,            0,            0,    0.5564376,    0.8308894
robot_74
    1.775195,     29.83517,            0,            0,            0,    0.7226859,    0.6911766
robot_41
    29.69429,     5.938203,            0,            0,            0,    0.4147809,    0.9099213
robot_125
    9.896215,    -25.98816,            0,            0,            0,    0.8716859,     0.490065
robot_136
   -33.73919,    -21.98408,            0,            0,            0,   -0.7149015,    0.6992251
robot_173
   -35.51721,    -13.99781,            0,            0,            0,   -0.8930553,    0.4499468
robot_67
   -5.360926,     25.97861,            0,            0,            0,    0.9995271,   0.03075046
robot_197
     5.79285,     -33.7959,            0,            0,            0,   -0.2392162,    0.9709663
robot_119
    18.26303,    -1.912185,            0,            0,            0,   -0.4722748,    0.8814514
robot_82
   -18.09269,    -15.46213,            0,            0,            0,   -0.5514037,    0.8342385
robot_77
   -7.977623,     1.980914,            0,            0,            0,    0.5448715,    0.8385195
robot_5
    13.96672,      7.30826,            0,            0,            0,   -0.2925036,    0.9562644
robot_133
    4.059524,     33.97871,            0,            0,            0,    0.9997066,   0.02422263
robot_99
    2.053938,     9.807521,            0,            0,            0,    0.4511471,    0.8924496
robot_171
   -22.08545,     8.131289,            0,            0,            0,   -0.8279353,    0.5608236
robot_180
    17.34792,     33.98162,            0,            0,            0,    0.7767579,    0.6297993
robot_56
   -17.30648,     18.02453,            0,            0,            0,    0.9630677,    0.2692595
robot_3
   -14.09553,    -7.558384,            0,            0,            0,   -0.8426263,    0.5384988
robot_81
    28.55946,     30.01955,            0,            0,            0,   -0.9370609,     0.349166
robot_167
   -37.62707,     14.08697,            0,            0,            0,     0.992742,     0.120264
robot_25
   -37.26038,    -34.01004,            0,            0,            0,   -0.9993359,    0.0364397
robot_168
   -19.24942,     25.98937,            0,            0,            0,    0.3697925,    0.9291144
robot_96
    13.85636,     21.96836,            0,            0,            0,   0.06730082,    0.9977327
robot_166
   -37.77445,    -21.93009,            0,            0,            0,   -0.7702186,      0.63778
robot_102
   -18.06662,    -32.20238,            0,            0,            0,    0.9690686,    0.2467913
robot_192
    6.235502,     14.02074,            0,            0,            0,    0.7683821,    0.6399914
robot_179
    33.91431,    -19.58728,            0,            0,            0,    0.9978705,   0.06522583
robot_142
   -14.08421,    -25.80744,            0,            0,            0,    0.9694503,    0.2452879
robot_1
    -14.6712,     5.992401,            0,            0,            0,    0.2687035,    0.9632229
robot_44
    38.29643,    -22.08925,            0,            0,            0,    0.2391082,    0.9709929
robot_163
   -38.04733,     32.24353,            0,            0,            0,   -0.4444714,     0.895793
robot_79
   -27.62849,    -22.00075,            0,            0,            0,   -0.9643333,    0.2646911
robot_8
    17.91898,      -12.351,            0,            0,            0,   -0.3853233,    0.9227816
robot_20
    -10.0656,      29.3058,            0,            0,            0,   -0.3443122,    0.9388552
robot_143
    38.32911,    -10.06006,            0,            0,            0,   -0.4534134,    0.8913003
robot_138
    22.34901,     33.98924,            0,            0,            0,   -0.9698457,    0.2437197
robot_123
   -30.05777,     27.71419,            0,            0,            0,   -0.9754271,    0.2203223
robot_193
    13.73079,    -37.87182,            0,            0,            0,   -0.5366301,    0.8438176
robot_187
   -13.64933,     25.98255,            0,            0,            0,   -0.9968251,   0.07962268
