tuw_multi_robot_msgs::RobotGoalsArray @1970-01-01T01:37:33.400000
frame_id: map
        5853,    400000000
robot_84
   -17.04037,    -1.978657,            0,            0,            0,   -0.2969427,    0.9548953
robot_116
    5.926369,     3.642661,            0,            0,            0,    0.9970666,   0.07653931
robot_74
    9.944957,     11.17005,            0,            0,            0,    0.9532324,    0.3022383
robot_41
    23.06627,    -22.02595,            0,            0,            0,    0.5581118,    0.8297657
robot_125
    31.72798,    -33.97524,            0,            0,            0,    0.8583678,    0.5130348
robot_136
    29.52283,     30.00332,            0,            0,            0,    0.6146521,    0.7887983
robot_173
    -10.1289,    -14.22528,            0,            0,            0,    0.1867348,    0.9824104
robot_67
    37.32412,    -25.96941,            0,            0,            0,   0.08495067,    0.9963852
robot_197
   -14.09375,    -22.70024,            0,            0,            0,   -0.7046723,    0.7095329
robot_119
    33.72785,     34.00511,            0,            0,            0,   -0.8700586,    0.4929483
robot_82
    13.10978,    -34.01865,            0,            0,            0,    0.3944103,    0.9189345
robot_77
   -26.26855,     30.10807,            0,            0,            0,   -0.6973503,    0.7167305
robot_5
    14.10776,    -21.88814,            0,            0,            0,   -0.6420245,    0.7666841
robot_133
    26.11513,    -2.078075,            0,            0,            0,   -0.9999972,  0.002365842
robot_99
   -30.00476,     6.032629,            0,            0,            0,    -0.141629,    0.9899198
robot_171
    10.00669,     17.77892,            0,            0,            0,   -0.4198841,    0.9075777
robot_180
   -34.18866,     21.91536,            0,            0,            0,   -0.7661785,    0.6426278
robot_56
    37.94178,    -10.07598,            0,            0,            0,    0.8933936,    0.4492748
robot_3
   -34.05666,    -6.991528,            0,            0,            0,    0.9460646,    0.3239781
robot_81
   -20.10574,    -29.98899,            0,            0,            0,   -0.6586582,    0.7524423
robot_167
    29.58596,    -22.03963,            0,            0,            0,   -0.9309689,    0.3650985
robot_25
   -7.233039,    -33.99219,            0,            0,            0,    0.9393496,     0.342961
robot_168
    9.913856,    -32.16465,            0,            0,            0,   -0.5790509,    0.8152914
robot_96
    1.920006,    -20.89325,            0,            0,            0,    0.2017698,     0.979433
robot_166
   -26.07639,     7.584018,            0,            0,            0,    0.5653702,    0.8248373
robot_102
   -29.10107,    -6.024397,            0,            0,            0,    0.5888118,    0.8082701
robot_192
   -17.18352,     37.98543,            0,            0,            0,     0.999348,   0.03610478
robot_179
   -29.83604,     13.91171,            0,            0,            0,    0.9771246,    0.2126676
robot_142
   -38.08361,     11.31846,            0,            0,            0,    0.4912256,    0.8710324
robot_1
    24.79041,     1.979419,            0,            0,            0,   -0.3071471,    0.9516621
robot_44
      25.906,    -24.06288,            0,            0,            0, -0.002084187,    0.9999978
robot_163
    16.35377,    -30.02028,            0,            0,            0,    0.2231967,    0.9747734
robot_79
   -18.07484,    -33.16395,            0,            0,            0,   -0.9082232,    0.4184862
robot_8
     30.1531,     21.92641,            0,            0,            0,   -0.3938108,    0.9191915
robot_20
    21.81563,     21.98079,            0,            0,            0,    0.7025488,    0.7116356
robot_143
    21.85345,    -14.06001,            0,            0,            0,   -0.7499221,    0.6615262
robot_138
    37.93223,    -15.59381,            0,            0,            0,    0.6122464,     0.790667
robot_123
   -2.040473,    -29.74177,            0,            0,            0,    0.2464627,    0.9691523
robot_193
   -18.09989,     35.96785,            0,            0,            0,   -0.9839646,    0.1783641
robot_187
   -21.08331,     33.97612,            0,            0,            0,   -0.2105521,    0.9775826
robot_176
    21.84536,     18.19513,            0,            0,            0,   -0.9935439,    0.1134479
robot_66
   -34.32645,     26.08321,            0,            0,            0,     0.271975,    0.9623043
robot_63
   -38.08158,     16.20078,            0,            0,            0,   0.08494663,    0.9963855
robot_31
      37.943,     33.22776,            0,            0,            0,    0.8869076,    0.4619469
robot_159
    9.973299,     2.119946,            0,            0,            0,    0.3681987,    0.9297471
robot_160
   -17.40759,     22.00193,            0,            0,            0,   -0.6857711,    0.7278172
robot_151
    29.99825,     17.80953,            0,            0,            0,   -0.6027108,    0.7979597
robot_150
    5.931546,    -29.38326,            0,            0,            0,   -0.3794274,    0.9252215
robot_137
    9.972043,     22.32713,            0,            0,            0,    0.2553856,    0.9668393
robot_199
   -38.17714,    -30.12158,            0,            0,            0,   -0.5325772,    0.8463814
robot_54
    16.80757,    -34.01711,            0,            0,            0,   -0.8588424,    0.5122398
robot_117
    5.959534,    -17.74719,            0,            0,            0,    0.9293853,    0.3691112
robot_36
   -14.08027,      15.4625,            0,            0,            0,   -0.7794553,    0.6264578
robot_33
   -21.81864,     -17.9698,            0,            0,            0,    0.9995365,   0.03044436
robot_146
   -14.05306,      27.1724,            0,            0,            0,   -0.2533131,    0.9673843
robot_156
   -2.516457,     21.96446,            0,            0,            0,   -0.8396712,    0.5430951
robot_112
   -10.05467,      15.0182,            0,            0,            0,    0.7847443,    0.6198197
robot_19
   -33.01525,     34.02225,            0,            0,            0,    0.9617506,    0.2739266
robot_141
    5.955573,    -11.53925,            0,            0,            0,   -0.6601597,    0.7511253
robot_35
   -22.19641,    -33.78669,            0,            0,            0,    0.1708474,    0.9852975
robot_184
    13.92463,     32.66913,            0,            0,            0,      0.88863,    0.4586249
robot_98
    13.91953,    -12.25196,            0,            0,            0,    0.5693233,    0.8221137
robot_100
   -10.40739,    -18.03621,            0,            0,            0,   -0.9024616,    0.4307702
robot_164
    21.09764,    -37.97798,            0,            0,            0,    0.3844177,    0.9231593
robot_59
   -17.27691,    -18.00211,            0,            0,            0,    0.8886507,    0.4585847
robot_144
    17.93516,     12.23951,            0,            0,            0,   -0.2936637,    0.9559088
robot_101
    33.92724,     6.779949,            0,            0,            0,    -0.466187,    0.8846862
robot_161
   -34.52374,    -13.99098,            0,            0,            0,    0.9708741,    0.2395903
robot_149
    9.495655,      34.0902,            0,            0,            0,   -0.2112649,    0.9774288
robot_86
    21.97913,     5.655498,            0,            0,            0,    0.7815717,    0.6238154
robot_191
   -30.00403,    -10.24114,            0,            0,            0,    0.9999521,  0.009786162
robot_126
   -6.098554,    -30.86973,            0,            0,            0,      0.72598,    0.6877158
robot_190
    16.11669,    -17.99771,            0,            0,            0,    0.2746242,    0.9615516
robot_131
    33.95992,    -19.39956,            0,            0,            0,    0.3806919,    0.9247019
robot_154
    29.95565,     32.80833,            0,            0,            0,   -0.7263077,    0.6873697
robot_9
   -30.06568,    -38.54932,            0,            0,            0,    -0.644126,    0.7649194
robot_27
   -5.189981,     29.97874,            0,            0,            0,    0.5698776,    0.8217296
robot_34
   -18.02035,    -26.00353,            0,            0,            0,    0.8930168,    0.4500234
robot_114
    13.91869,     7.015565,            0,            0,            0,   -0.3886471,    0.9213867
robot_51
   -10.07291,     34.88181,            0,            0,            0,    0.9948532,     0.101327
robot_108
   -17.98615,      13.8217,            0,            0,            0,    0.8380345,    0.5456172
robot_147
    29.94681,     7.410099,            0,            0,            0,   -0.8494339,     0.527695
robot_183
   -33.44106,      29.9734,            0,            0,            0,   -0.6511187,    0.7589759
robot_48
   -29.99555,     9.981584,            0,            0,            0,    0.8806398,    0.4737864
robot_60
    25.86854,    -6.272649,            0,            0,            0,    0.8432763,    0.5374804
robot_75
    -27.6112,     2.019959,            0,            0,            0,    0.3894905,    0.9210305
robot_152
   -33.05558,    -21.99099,            0,            0,            0,    0.9980506,   0.06241023
robot_26
    21.68582,     38.03789,            0,            0,            0,   -0.6624448,    0.7491107
robot_182
   -2.293644,    -10.08061,            0,            0,            0,   -0.1937818,    0.9810447
robot_172
    26.13826,      9.91024,            0,            0,            0,   -0.4220809,    0.9065582
robot_43
   -31.96804,     6.008785,            0,            0,            0,    0.6379188,    0.7701036
robot_170
   -30.08189,     23.64849,            0,            0,            0,   -0.5451475,    0.8383402
robot_177
   -6.102649,     1.872704,            0,            0,            0,   -0.7519752,    0.6591914
robot_80
    28.67515,    -10.00747,            0,            0,            0,   -0.9708397,    0.2397298
robot_16
    5.998925,    -2.029727,            0,            0,            0,   -0.2706792,    0.9626696
robot_13
   -2.197806,     6.146499,            0,            0,            0,      0.42417,    0.9055826
robot_178
    25.95882,     16.70642,            0,            0,            0,    0.6751274,    0.7377011
robot_88
   -20.67649,      21.9704,            0,            0,            0,    0.9256332,    0.3784219
robot_194
    18.16601,     18.11015,            0,            0,            0,   -0.9999036,   0.01388415
robot_29
   -17.63198,     17.98149,            0,            0,            0,   -0.3794236,    0.9252231
robot_92
   -10.01844,    -10.02058,            0,            0,            0,   -0.7484371,    0.6632058
robot_87
   -10.03608,     12.09665,            0,            0,            0,    -0.314545,    0.9492426
robot_68
    33.92795,    -32.55878,            0,            0,            0,   -0.2910434,    0.9567099
robot_22
   -18.05051,     3.965628,            0,            0,            0,     0.509595,    0.8604144
robot_38
    9.936525,     6.815163,            0,            0,            0,    0.9928691,    0.1192096
robot_2
   -22.35914,    -38.06641,            0,            0,            0,    0.3427431,    0.9394292
robot_110
   -13.88075,    -2.068759,            0,            0,            0,    0.8929785,    0.4500993
robot_14
   -5.288951,     6.025925,            0,            0,            0,    -0.133537,    0.9910438
robot_181
    5.924646,     1.414654,            0,            0,            0,   -0.9133422,    0.4071928
robot_61
    21.06856,    -9.970987,            0,            0,            0,    0.8767844,    0.4808837
robot_30
     5.93192,    -25.31309,            0,            0,            0,  -0.01694849,    0.9998564
robot_122
   -28.55558,    -26.02591,            0,            0,            0,  -0.09097066,    0.9958536
robot_132
   -14.08185,     10.78384,            0,            0,            0,   -0.7866113,    0.6174485
robot_45
    4.808609,    -33.99876,            0,            0,            0,   -0.1964831,    0.9805072
robot_21
   -32.50208,     37.99214,            0,            0,            0,     0.757773,    0.6525182
robot_39
   -18.08269,    -20.92652,            0,            0,            0,    0.2118337,    0.9773057
robot_134
   0.2711399,    -17.98786,            0,            0,            0,   -0.4098576,    0.9121495
robot_15
   -10.19707,     18.19636,            0,            0,            0,   -0.9906609,    0.1363489
robot_145
    37.86514,     30.15108,            0,            0,            0,   -0.3003684,    0.9538233
robot_140
   -10.18721,     29.99008,            0,            0,            0,    0.7735096,    0.6337846
robot_196
   -27.78297,    -37.98712,            0,            0,            0,   -0.1397986,      0.99018
robot_188
   -18.04186,    -13.25546,            0,            0,            0,   -0.5413336,    0.8408079
robot_4
    21.65238,     26.01041,            0,            0,            0,   -0.2888668,    0.9573693
robot_155
   -18.05271,     -6.27579,            0,            0,            0,   -0.6136045,    0.7896136
robot_135
    17.92203,    -5.091098,            0,            0,            0,    0.2595546,    0.9657284
robot_93
   -19.03191,     29.97366,            0,            0,            0,   -0.5103288,    0.8599793
robot_111
     38.1354,    -29.93129,            0,            0,            0,    0.6384188,    0.7696891
robot_0
   -10.00407,     26.35951,            0,            0,            0,   -0.5933564,    0.8049398
robot_49
    16.39557,     14.01563,            0,            0,            0,   -0.9934974,     0.113855
robot_113
   -14.03509,     17.78298,            0,            0,            0,    0.4806546,      0.87691
robot_94
   -38.12761,    -10.04114,            0,            0,            0,   -0.5468804,    0.8372108
robot_40
   -10.04867,     20.50591,            0,            0,            0,    0.8522181,    0.5231867
robot_103
    37.92065,      15.0295,            0,            0,            0,   -0.9343819,     0.356273
robot_6
   -27.92012,    -29.97955,            0,            0,            0,    0.9939524,     0.109812
robot_71
    6.466346,     13.97612,            0,            0,            0,    0.2086202,    0.9779967
robot_17
   -38.40768,    -25.94053,            0,            0,            0,   -0.7915776,    0.6110686
robot_120
    9.589262,    -10.00247,            0,            0,            0,   -0.9901273,    0.1401708
robot_189
   -14.04852,     4.544388,            0,            0,            0,   -0.1499753,    0.9886897
robot_148
    37.58308,     9.963506,            0,            0,            0,    0.3350493,    0.9422006
robot_186
   -2.059702,    -16.45981,            0,            0,            0,     0.845239,    0.5343885
robot_198
   -12.04175,     33.98311,            0,            0,            0,   0.07804345,      0.99695
robot_107
    17.94011,     25.81729,            0,            0,            0,   -0.8917763,    0.4524766
robot_18
    21.92389,    -35.48054,            0,            0,            0,    0.4840128,    0.8750609
robot_23
    25.93599,    -9.455385,            0,            0,            0,   -0.9997447,   0.02259294
robot_46
   -10.17574,    -25.76851,            0,            0,            0,   -0.9222249,    0.3866539
robot_109
    32.00488,    -2.032451,            0,            0,            0,   -0.7307123,    0.6826856
robot_10
    34.03359,    -13.79926,            0,            0,            0,  -0.09273819,    0.9956905
robot_157
   -6.042019,    -18.28767,            0,            0,            0,   -0.3345939,    0.9423624
robot_70
     16.1922,    -5.999868,            0,            0,            0,    -0.627901,    0.7782932
robot_55
    9.739056,    -29.95586,            0,            0,            0,   -0.4988105,    0.8667111
