tuw_multi_robot_msgs::RobotGoalsArray @1970-01-01T01:13:08.300000
frame_id: map
        4388,    300000000
robot_84
   -18.31542,    -17.99713,            0,            0,            0,    -0.930892,    0.3652945
robot_116
    25.70988,    -17.87053,            0,            0,            0,    0.9089931,    0.4168111
robot_74
     1.86431,    -29.88953,            0,            0,            0,   -0.7082059,     0.706006
robot_41
    5.813021,     6.187092,            0,            0,            0,    0.8224164,     0.568886
robot_125
     29.9271,     -9.78196,            0,            0,            0,    0.9988342,   0.04827359
robot_136
     37.9583,    -33.79104,            0,            0,            0,   -0.7535927,    0.6573417
robot_173
    34.13164,    -26.00946,            0,            0,            0,    0.5089472,    0.8607978
robot_67
    29.94435,    -19.55103,            0,            0,            0,   -0.0180067,    0.9998379
robot_197
   -34.09291,    -21.65748,            0,            0,            0,   -0.8528634,    0.5221341
robot_119
   -14.16577,     25.92484,            0,            0,            0,    0.5495918,    0.8354333
robot_82
    13.85965,     38.35019,            0,            0,            0,   -0.3060751,    0.9520074
robot_77
    -37.9891,    -17.89295,            0,            0,            0,  0.009903492,     0.999951
robot_5
     6.58569,     10.02361,            0,            0,            0,   -0.4504979,    0.8927775
robot_133
    21.93578,    -26.98156,            0,            0,            0,    0.1316796,    0.9912923
robot_99
    25.80479,     10.01271,            0,            0,            0,   -0.9977295,    0.0673491
robot_171
    33.99207,     26.14158,            0,            0,            0,    0.9814417,    0.1917605
robot_180
    21.91122,   -0.1146668,            0,            0,            0,   -0.4966094,    0.8679741
robot_56
    -18.2381,    -9.992153,            0,            0,            0,   -0.3101498,    0.9506877
robot_3
   -24.15295,    -13.98397,            0,            0,            0,    0.2149025,    0.9766355
robot_81
     3.67427,      5.97546,            0,            0,            0,   -0.7463699,    0.6655314
robot_167
    25.94659,     39.25479,            0,            0,            0,   -0.9999803,  0.006280819
robot_25
   -30.07299,     22.12986,            0,            0,            0,  -0.07552484,    0.9971439
robot_168
    13.85057,    -37.79668,            0,            0,            0,    0.5401629,    0.8415605
robot_96
   -10.08632,    -22.79562,            0,            0,            0,    0.8852778,    0.4650626
robot_166
   -9.825785,     22.08222,            0,            0,            0,    0.6706083,    0.7418116
robot_102
     25.0978,     33.97654,            0,            0,            0,    0.1302563,    0.9914804
robot_192
    -17.9761,     38.33246,            0,            0,            0,    -0.706624,    0.7075893
robot_179
   -26.04965,     16.66231,            0,            0,            0,    0.7308598,    0.6825276
robot_142
    6.176256,    -14.02696,            0,            0,            0,    0.9924504,    0.1226466
robot_1
      -34.33,     25.93694,            0,            0,            0,     0.965762,    0.2594295
robot_44
    33.91125,     11.17988,            0,            0,            0,   -0.9969612,   0.07789956
robot_163
     29.3796,     5.997537,            0,            0,            0,    0.1861769,    0.9825162
robot_79
   -20.69633,     29.97037,            0,            0,            0,   -0.7842274,    0.6204735
robot_8
    38.30231,     14.06421,            0,            0,            0,   -0.9457423,    0.3249176
robot_20
    21.66888,     37.95641,            0,            0,            0,    0.9208607,    0.3898918
robot_143
    21.86634,    -29.95758,            0,            0,            0,    0.2708437,    0.9626233
robot_138
    9.957566,     22.80369,            0,            0,            0,   -0.5000112,    0.8660189
robot_123
    9.947693,    -31.06452,            0,            0,            0,   -0.9600989,    0.2796605
robot_193
    13.68048,     21.90219,            0,            0,            0,    0.8931979,    0.4496637
robot_187
   -9.025778,    -13.96991,            0,            0,            0,   -0.5887273,    0.8083317
robot_176
    13.94546,    -20.15049,            0,            0,            0,   -0.6513646,    0.7587649
robot_66
   -18.05853,     18.75668,            0,            0,            0,     0.984078,    0.1777374
robot_63
   -11.11532,     25.96712,            0,            0,            0,   -0.9938431,    0.1107964
robot_31
   -17.77723,    -5.958682,            0,            0,            0,     0.172653,    0.9849827
robot_159
    20.63367,    -6.011439,            0,            0,            0,   0.05962384,    0.9982209
robot_160
   -33.58406,    -1.907735,            0,            0,            0,   -0.2207195,    0.9753373
robot_151
    17.93912,    -8.011799,            0,            0,            0,   -0.8217335,     0.569872
robot_150
    -25.7736,    -33.98205,            0,            0,            0,   -0.6877046,    0.7259907
robot_137
      9.9084,     38.35622,            0,            0,            0,    0.6963935,    0.7176602
robot_199
    9.915533,    -27.90174,            0,            0,            0,    0.8786368,    0.4774906
robot_54
    -22.2141,    -26.13232,            0,            0,            0,    0.2538515,    0.9672432
robot_117
    13.94746,    -14.98326,            0,            0,            0,    0.9957485,   0.09211412
robot_36
     9.78793,     34.10429,            0,            0,            0,   -0.3321048,    0.9432425
robot_33
   -6.077083,    -27.86765,            0,            0,            0,    0.6946891,    0.7193101
robot_146
    33.96078,    -38.29451,            0,            0,            0,    0.8371446,    0.5469816
robot_156
   -18.09913,     12.79046,            0,            0,            0,    -0.414853,    0.9098884
robot_112
    20.44956,    -2.025441,            0,            0,            0,   0.01505131,    0.9998867
robot_19
   -15.13211,    -5.969413,            0,            0,            0,    0.5509428,     0.834543
robot_141
    24.23803,     -9.98374,            0,            0,            0,   -0.7710821,    0.6367358
robot_35
   -34.16106,     29.80145,            0,            0,            0,    0.9999349,   0.01140759
robot_184
   -14.05159,     22.59518,            0,            0,            0,   -0.1990729,    0.9799847
robot_98
    29.96554,    -35.72581,            0,            0,            0,   -0.9894817,    0.1446583
robot_100
    26.02394,    -5.932608,            0,            0,            0,   -0.2054043,    0.9786772
robot_164
    17.94543,      26.8839,            0,            0,            0,    0.7109286,    0.7032642
robot_59
   -26.11361,    -21.89527,            0,            0,            0,   -0.6802553,    0.7329753
robot_144
   -33.60599,     14.05389,            0,            0,            0,    0.2722779,    0.9622187
robot_101
      7.5373,     30.03288,            0,            0,            0,    0.9752919,    0.2209201
robot_161
   -22.07511,     21.60775,            0,            0,            0,    0.3916707,    0.9201055
robot_149
    13.84108,    -25.80485,            0,            0,            0,   -0.5784721,    0.8157021
robot_86
   -38.05919,     6.118015,            0,            0,            0,  -0.06289657,    0.9980201
robot_191
    13.94586,     6.852308,            0,            0,            0,    0.3521048,    0.9359606
robot_126
   -10.06821,    -26.58348,            0,            0,            0,    0.9309225,    0.3652167
robot_190
    17.62708,    -13.96118,            0,            0,            0,  -0.02052307,    0.9997894
robot_131
   -24.25006,     29.97293,            0,            0,            0,   -0.8611901,    0.5082829
robot_154
     5.92472,     3.313523,            0,            0,            0,   -0.8702303,    0.4926452
robot_9
    25.96063,     23.07486,            0,            0,            0,    0.1152707,    0.9933341
robot_27
    17.91182,    -29.13801,            0,            0,            0,  -0.08135034,    0.9966856
robot_34
   -12.85367,     29.98185,            0,            0,            0,   -0.9069013,    0.4213431
robot_114
    32.12145,     18.00148,            0,            0,            0,    0.7529907,    0.6580311
robot_51
   -14.22613,     14.20084,            0,            0,            0,    0.6903738,    0.7234528
