tuw_multi_robot_msgs::RobotGoalsArray @1970-01-01T00:12:19.200000
frame_id: map
         739,    200000000
robot_84
    2.990905,      18.0256,            0,            0,            0,    0.4869123,    0.8734508
robot_116
    -21.7172,    -29.93848,            0,            0,            0,   -0.8951209,    0.4458234
robot_74
   -26.12857,     17.93708,            0,            0,            0,   -0.5719526,    0.8202867
robot_41
    13.89509,     -25.9799,            0,            0,            0,    0.9490358,    0.3151682
robot_125
   -6.505497,     9.938696,            0,            0,            0,   -0.5535549,    0.8328127
robot_136
   -22.96113,     25.99775,            0,            0,            0,    0.7365191,    0.6764168
robot_173
    37.91102,    -33.47785,            0,            0,            0,   -0.9517566,    0.3068539
robot_67
    -19.1105,    -13.98098,            0,            0,            0,    0.4149383,    0.9098495
robot_197
    10.16132,     21.86006,            0,            0,            0,    0.8433107,    0.5374263
robot_119
    13.72019,     -6.16006,            0,            0,            0,   -0.6853374,    0.7282257
robot_82
     37.9025,      13.2332,            0,            0,            0,    0.2987646,    0.9543269
robot_77
   -18.21262,      25.7881,            0,            0,            0,   -0.7806745,    0.6249379
robot_5
   -34.07801,     33.63961,            0,            0,            0,    0.5337729,    0.8456279
robot_133
    29.79129,    -33.77131,            0,            0,            0,     0.948901,     0.315574
robot_99
   -29.64374,     -37.9141,            0,            0,            0,    -0.410562,    0.9118327
robot_171
   -18.07475,    -4.962238,            0,            0,            0,    0.8341906,    0.5514763
robot_180
    10.11244,    -9.927186,            0,            0,            0,   -0.9993157,   0.03698858
robot_56
    25.95499,    -8.474719,            0,            0,            0,    0.7902091,    0.6128374
robot_3
    29.91014,     26.21014,            0,            0,            0,   -0.3010128,    0.9536201
robot_81
   -10.13468,    -6.037127,            0,            0,            0,   -0.1863843,    0.9824769
robot_167
   -18.05302,    -7.574082,            0,            0,            0,   -0.8241164,    0.5664205
robot_25
   -2.047449,    -12.46277,            0,            0,            0,   -0.4238214,    0.9057458
robot_168
   -9.925333,     18.05609,            0,            0,            0,   -0.9359036,    0.3522561
robot_96
   -34.03441,    -15.74902,            0,            0,            0,   -0.9987175,    0.0506293
robot_166
  -0.5810463,    -14.00665,            0,            0,            0,    -0.814322,    0.5804133
robot_102
    33.90833,     26.94311,            0,            0,            0,    0.8570729,    0.5151952
robot_192
    26.74811,    -26.02904,            0,            0,            0,    0.9348699,    0.3549904
robot_179
    21.96648,     -20.4959,            0,            0,            0,  -0.02052951,    0.9997892
robot_142
   -18.51358,     17.96992,            0,            0,            0,    0.8301616,    0.5575228
robot_1
   -38.06424,     24.05314,            0,            0,            0,    0.4326639,    0.9015553
robot_44
   -3.488207,    -6.008565,            0,            0,            0,   -0.1520452,    0.9883735
robot_163
     13.9311,    -22.63192,            0,            0,            0,    0.9705582,    0.2408667
robot_79
    11.44244,    -25.99741,            0,            0,            0,    0.3101293,    0.9506944
robot_8
    14.28114,    -30.07122,            0,            0,            0,   -0.7194872,    0.6945058
robot_20
   -14.04649,    -37.83234,            0,            0,            0,    0.9852233,    0.1712747
robot_143
   -34.03696,     4.747592,            0,            0,            0,    0.9116388,    0.4109924
robot_138
   -30.29896,     -14.0197,            0,            0,            0,   -0.2268435,    0.9739312
robot_123
    37.93135,    -8.335422,            0,            0,            0,    -0.420134,    0.9074621
robot_193
   -31.80878,     2.015881,            0,            0,            0,    0.9999929,  0.003780097
robot_187
    13.92285,     -9.93703,            0,            0,            0,   -0.8462741,    0.5327477
