tuw_multi_robot_msgs::RobotGoalsArray @1970-01-01T01:38:53.200000
frame_id: map
        5933,    200000000
robot_84
    29.91034,     15.39065,            0,            0,            0,   -0.6826911,    0.7307071
robot_116
    13.21023,    -29.97659,            0,            0,            0,   -0.9999994,  0.001060111
robot_74
   -17.57848,    -33.90775,            0,            0,            0,   0.03207908,    0.9994853
robot_41
   -5.612797,     22.00552,            0,            0,            0,    0.9940558,    0.1088722
robot_125
    17.92566,    -19.69344,            0,            0,            0,   -0.9733216,    0.2294451
robot_136
   -3.398759,     14.01386,            0,            0,            0,   0.04997928,    0.9987503
robot_173
    6.105363,     -9.86383,            0,            0,            0,    0.7275623,    0.6860416
robot_67
    1.927551,     7.313813,            0,            0,            0,   -0.9941266,    0.1082236
robot_197
   -2.085241,    -19.15318,            0,            0,            0,    0.9991843,   0.04038242
robot_119
   -14.00581,     13.87059,            0,            0,            0,   -0.4632753,    0.8862144
robot_82
    18.09255,     30.00206,            0,            0,            0,   -0.6426806,    0.7661343
robot_77
    37.93794,    -28.40256,            0,            0,            0,   -0.7369782,    0.6759165
robot_5
     37.9339,     8.892987,            0,            0,            0,   -0.7916616,    0.6109598
robot_133
      5.9347,     14.04725,            0,            0,            0,   -0.8804723,    0.4740976
robot_99
   -22.09893,    -17.53966,            0,            0,            0,  -0.03796462,    0.9992791
robot_171
    10.30109,     17.98823,            0,            0,            0,   -0.9568135,    0.2907024
robot_180
    1.501559,     33.91318,            0,            0,            0,   -0.3278406,    0.9447331
robot_56
    6.429391,    -17.94313,            0,            0,            0,    0.9999961,  0.002787688
robot_3
   -12.92092,    -18.03091,            0,            0,            0,    0.8868661,    0.4620265
robot_81
   -3.427931,     21.97928,            0,            0,            0,   -0.2742409,     0.961661
robot_167
     34.0153,     5.884488,            0,            0,            0,    0.6296478,    0.7768807
robot_25
    13.96088,     36.20297,            0,            0,            0,    0.9970626,   0.07659123
robot_168
    1.950881,    -10.83385,            0,            0,            0,    0.1001989,    0.9949674
robot_96
    22.17765,     13.91486,            0,            0,            0,   -0.9980462,   0.06247949
robot_166
    37.86495,    -17.68078,            0,            0,            0,   -0.9633087,    0.2683957
robot_102
    10.93279,     33.98383,            0,            0,            0,   0.06473668,    0.9979024
robot_192
    24.77882,    -17.98858,            0,            0,            0,   -0.1037686,    0.9946015
robot_179
    33.82684,     17.92089,            0,            0,            0,    0.9961606,   0.08754451
robot_142
    29.94017,     3.804346,            0,            0,            0,    0.1385659,    0.9903532
robot_1
   -27.40623,     33.97506,            0,            0,            0,    0.8743211,     0.485348
robot_44
    37.95243,    -22.36668,            0,            0,            0,   -0.9918504,     0.127408
robot_163
   -24.31517,    -22.00361,            0,            0,            0,    -0.999426,   0.03387587
robot_79
    25.82347,     9.872294,            0,            0,            0,   -0.2911495,    0.9566776
robot_8
    19.14436,      18.0232,            0,            0,            0,    0.7944454,    0.6073356
robot_20
   -22.06811,    -26.67757,            0,            0,            0,   -0.7431624,    0.6691111
robot_143
    17.18114,     1.994302,            0,            0,            0,   0.08585609,    0.9963075
robot_138
    -10.0367,     12.09918,            0,            0,            0,    0.4987226,    0.8667617
robot_123
   -26.51677,     25.92229,            0,            0,            0,    0.6900913,    0.7237223
robot_193
    18.00023,    -26.30556,            0,            0,            0,    0.2154803,    0.9765082
robot_187
   -34.04702,     28.84396,            0,            0,            0,   -0.4172363,     0.908798
robot_176
   -9.081502,     -1.97356,            0,            0,            0,   -0.7799059,    0.6258968
robot_66
    17.89891,     -33.6592,            0,            0,            0,   -0.8171493,    0.5764261
robot_63
    2.848828,     21.97156,            0,            0,            0,   -0.1247523,    0.9921879
robot_31
   -1.762671,    -30.08079,            0,            0,            0,    0.8137469,    0.5812195
robot_159
    25.81941,     1.892347,            0,            0,            0,   -0.6288021,    0.7775654
robot_160
      29.626,    -6.086264,            0,            0,            0,   -0.9826362,    0.1855429
robot_151
    22.49258,     2.016973,            0,            0,            0,    0.7842498,    0.6204453
robot_150
    32.29491,    -14.01399,            0,            0,            0,    0.4147702,    0.9099262
robot_137
   -9.947578,     17.96158,            0,            0,            0,    0.3240693,    0.9460333
robot_199
   -26.05627,      20.3448,            0,            0,            0,    0.9332461,    0.3592377
robot_54
    25.73759,    -2.112327,            0,            0,            0,     0.233659,    0.9723186
robot_117
   -20.33378,     5.969773,            0,            0,            0,    0.7485143,    0.6631186
robot_36
    37.92158,    -31.29467,            0,            0,            0,   -0.9996858,   0.02506467
robot_33
   -10.03487,     -36.6201,            0,            0,            0,     0.191861,    0.9814221
robot_146
    1.938899,    -22.58599,            0,            0,            0,    0.9781184,    0.2080489
robot_156
   -10.06194,    -33.30902,            0,            0,            0,    -0.865492,    0.5009228
robot_112
    9.542387,     22.05164,            0,            0,            0,    0.1257214,    0.9920656
robot_19
    13.95921,     21.82233,            0,            0,            0,   -0.6546628,    0.7559211
robot_141
    14.13039,    -34.12839,            0,            0,            0,    0.7759563,    0.6307867
robot_35
   -25.91818,     13.79165,            0,            0,            0,     0.282697,    0.9592093
robot_184
    3.442563,    -34.01401,            0,            0,            0,    0.8502121,    0.5264403
robot_98
    21.91024,    -14.16546,            0,            0,            0,   -0.2469694,    0.9690233
robot_100
   -32.99446,    -5.969849,            0,            0,            0,    0.9900624,    0.1406285
robot_164
   -34.05436,    -16.21536,            0,            0,            0,   -0.3445439,    0.9387702
robot_59
    13.93628,    -17.63166,            0,            0,            0,   -0.7944201,    0.6073687
robot_144
   -2.115667,     26.15931,            0,            0,            0,   -0.8282705,    0.5603285
robot_101
    24.95061,     21.99594,            0,            0,            0,    0.3757152,    0.9267352
robot_161
    8.832462,    -18.02959,            0,            0,            0,    0.9982875,   0.05849777
robot_149
    18.10082,    -6.059084,            0,            0,            0,    0.1803888,    0.9835954
robot_86
   -10.54733,    -13.90805,            0,            0,            0,   -0.2984597,    0.9544223
robot_191
    -22.0816,     32.55276,            0,            0,            0,   -0.9940863,    0.1085933
robot_126
    14.14793,     33.88089,            0,            0,            0,    0.1731001,    0.9849042
robot_190
   -21.69444,     21.98019,            0,            0,            0,    0.1807891,    0.9835219
robot_131
   -30.05699,      25.6009,            0,            0,            0,   -0.4013998,     0.915903
robot_154
   -18.08258,    -20.91532,            0,            0,            0,    0.3057439,    0.9521138
robot_9
   -36.06221,     29.98122,            0,            0,            0,    0.0695516,    0.9975784
robot_27
    22.32738,     26.04941,            0,            0,            0,   -0.1299341,    0.9915226
robot_34
   -6.108549,    -38.00574,            0,            0,            0,   -0.2111519,    0.9774533
robot_114
    21.94209,       22.935,            0,            0,            0,  -0.07406263,    0.9972536
robot_51
    37.69025,    -14.06575,            0,            0,            0,  -0.01955543,    0.9998088
robot_108
   -37.83771,    -9.965048,            0,            0,            0,    0.8984492,    0.4390775
robot_147
     36.3556,     9.989678,            0,            0,            0,    0.9957761,   0.09181526
robot_183
    21.92155,    -16.26291,            0,            0,            0,   -0.9987241,   0.05049864
robot_48
    30.66736,     17.97751,            0,            0,            0,    0.4996054,    0.8662531
robot_60
   -10.05718,    -9.243039,            0,            0,            0,   -0.4669744,    0.8842708
robot_75
   -26.21437,     10.06399,            0,            0,            0,   -0.3240089,     0.946054
robot_152
   -34.93686,    -30.02643,            0,            0,            0,    0.5110876,    0.8595286
robot_26
    33.90749,      34.7575,            0,            0,            0,   -0.1000215,    0.9949853
robot_182
    32.51091,    -1.974912,            0,            0,            0,    0.2066733,      0.97841
robot_172
    38.32722,     30.04041,            0,            0,            0,    0.9388551,    0.3443124
robot_43
   -12.35522,    -38.00255,            0,            0,            0,   -0.9984334,   0.05595218
robot_170
   -30.05194,    -13.19708,            0,            0,            0,   -0.8205717,    0.5715435
robot_177
   -29.90189,     37.94223,            0,            0,            0,   -0.7957704,    0.6055985
robot_80
    25.96247,     17.97397,            0,            0,            0,     0.792502,    0.6098693
robot_16
   -2.086221,    -25.00043,            0,            0,            0,   -0.9762129,    0.2168141
robot_13
   -38.07421,     12.29446,            0,            0,            0,  -0.09194596,     0.995764
robot_178
   -23.62302,    -10.01159,            0,            0,            0,    -0.191637,    0.9814659
robot_88
    2.109185,    -25.89569,            0,            0,            0,    0.9433604,    0.3317698
robot_194
    13.62526,    -37.93199,            0,            0,            0,   -0.7135737,    0.7005802
robot_29
     10.2612,    -22.07907,            0,            0,            0,   -0.6388488,    0.7693323
robot_92
    3.322583,    -6.001661,            0,            0,            0,   -0.9595387,    0.2815766
robot_87
   -29.94509,    -29.87172,            0,            0,            0,   -0.6088109,    0.7933154
robot_68
   -8.233634,     13.99614,            0,            0,            0,   -0.2169962,    0.9761724
robot_22
    34.32174,     13.96912,            0,            0,            0,    0.6473001,    0.7622352
robot_38
    21.49528,      18.0708,            0,            0,            0,    0.5621508,    0.8270348
robot_2
   -38.05904,     -20.7528,            0,            0,            0,    0.1453329,    0.9893828
robot_110
    21.93438,     31.05104,            0,            0,            0,    0.9629116,     0.269817
robot_14
    13.93144,    -26.89092,            0,            0,            0,   -0.7137802,    0.7003698
robot_181
     28.8102,    -1.980586,            0,            0,            0,   -0.9931217,    0.1170867
robot_61
   -26.05002,     1.153614,            0,            0,            0,    0.1559832,    0.9877597
robot_30
   -29.55625,     10.00404,            0,            0,            0,    0.5059753,     0.862548
robot_122
    3.773294,     14.01645,            0,            0,            0,    0.7791049,    0.6268936
robot_132
   -31.85956,     33.96704,            0,            0,            0,   -0.4444569,    0.8958002
robot_45
    18.02071,    -10.33554,            0,            0,            0,   -0.9789705,     0.204002
robot_21
   -18.09488,     30.16235,            0,            0,            0,    0.8801589,    0.4746791
robot_39
     1.63176,    -17.98709,            0,            0,            0,   -0.7754588,    0.6313982
robot_134
    29.52637,    -9.942395,            0,            0,            0,   -0.3014269,    0.9534893
robot_15
   -22.05722,      38.3845,            0,            0,            0,   -0.2413656,    0.9704342
robot_145
    27.92665,    -22.00372,            0,            0,            0,    0.9525155,      0.30449
robot_140
   -30.11586,      22.0221,            0,            0,            0,   -0.3961584,    0.9181822
robot_196
    2.422969,     30.08517,            0,            0,            0,   -0.5441689,    0.8389757
robot_188
    25.90862,     5.620303,            0,            0,            0,   -0.9936798,     0.112252
robot_4
    9.903884,    0.8100748,            0,            0,            0,   -0.4412535,    0.8973825
robot_155
    29.93491,    -16.53036,            0,            0,            0,   -0.7316318,       0.6817
robot_135
   -18.09142,     15.28716,            0,            0,            0,   -0.7710189,    0.6368123
robot_93
    17.83249,    -37.82401,            0,            0,            0,   -0.9028926,    0.4298662
robot_111
    29.94976,    0.5246586,            0,            0,            0,   -0.1133202,    0.9935585
robot_0
    13.88518,      38.1365,            0,            0,            0,  -0.04442277,    0.9990128
robot_49
   -34.03906,     39.30937,            0,            0,            0,   -0.3918533,    0.9200277
robot_113
   -17.65449,    -13.93918,            0,            0,            0,   0.08272859,    0.9965721
robot_94
   -14.67932,     38.02724,            0,            0,            0,    0.9945669,    0.1040992
robot_40
    7.044486,     17.99201,            0,            0,            0,   -0.3032833,    0.9529004
robot_103
   -31.12428,     14.02006,            0,            0,            0,   -0.9432343,     0.332128
robot_6
   -25.53558,    -29.99253,            0,            0,            0,    0.9051743,    0.4250405
robot_71
    21.00882,    -5.998268,            0,            0,            0,    0.9301814,    0.3671003
robot_17
    38.07464,     18.07775,            0,            0,            0,   -0.6486162,    0.7611156
robot_120
   -12.40175,     25.99327,            0,            0,            0,   0.09131046,    0.9958225
robot_189
    29.87374,     5.938627,            0,            0,            0,    0.8243673,    0.5660552
robot_148
   -34.05261,     0.266647,            0,            0,            0,   -0.7179235,     0.696122
robot_186
    21.82701,    -30.08223,            0,            0,            0,   -0.1077353,    0.9941796
robot_198
    -6.06678,     2.164364,            0,            0,            0,    0.5929236,    0.8052587
robot_107
     -33.647,    -2.015938,            0,            0,            0,   -0.6005379,    0.7995963
robot_18
   -15.38763,    -29.97453,            0,            0,            0,   -0.4497588,    0.8931501
robot_23
   -33.92514,      34.1407,            0,            0,            0,    0.2729057,    0.9620408
robot_46
   -8.527314,    -21.97634,            0,            0,            0,   -0.5990453,    0.8007151
robot_109
    33.87699,    -5.934869,            0,            0,            0,   -0.9696278,    0.2445853
robot_10
   -3.963093,     10.02773,            0,            0,            0,  -0.05485435,    0.9984944
robot_157
   -26.33457,      6.01415,            0,            0,            0,   -0.4623418,    0.8867018
robot_70
   -5.987889,    -17.99464,            0,            0,            0,     0.486535,    0.8736611
robot_55
    29.95226,     11.90334,            0,            0,            0,  -0.04843854,    0.9988262
