tuw_multi_robot_msgs::RobotGoalsArray @1970-01-01T01:11:55.600000
frame_id: map
        4315,    600000000
robot_84
   -34.09773,     10.57421,            0,            0,            0,   -0.9598042,    0.2806705
robot_116
    34.78119,    -21.98441,            0,            0,            0,    0.3467494,    0.9379578
robot_74
    26.70326,      29.9958,            0,            0,            0,    0.3789878,    0.9254017
robot_41
   -3.582497,     18.00243,            0,            0,            0,    0.7632248,     0.646133
robot_125
    26.03431,    -34.16602,            0,            0,            0,    0.5272664,       0.8497
robot_136
   -29.35403,      21.9692,            0,            0,            0,    0.8817355,    0.4717441
robot_173
    -34.0894,    -20.98644,            0,            0,            0,   -0.9967081,   0.08107397
robot_67
   -6.060677,     3.603865,            0,            0,            0,   -0.1841941,    0.9828899
robot_197
   -18.10421,     21.89436,            0,            0,            0,    0.9897905,    0.1425297
robot_119
       1.757,       22.071,            0,            0,            0,    0.6242233,     0.781246
robot_82
   -5.921184,    -5.943284,            0,            0,            0,    0.5027008,    0.8644605
robot_77
   -38.28812,     10.13332,            0,            0,            0,   0.04607714,    0.9989379
robot_5
    37.85103,     6.349992,            0,            0,            0,   -0.7387104,    0.6740229
robot_133
   -22.06953,     13.41258,            0,            0,            0,   -0.5483771,    0.8362311
robot_99
   -14.07787,    -22.50978,            0,            0,            0,    0.9978236,   0.06593925
robot_171
    5.924223,     -7.66466,            0,            0,            0,   -0.8960135,    0.4440268
robot_180
    -30.0598,    -11.29707,            0,            0,            0,   -0.9985218,   0.05435215
robot_56
   -22.07091,    -2.811548,            0,            0,            0,   -0.9350304,    0.3545677
robot_3
    33.50653,     34.01595,            0,            0,            0,     0.886449,    0.4628263
robot_81
   -6.056892,    -29.18273,            0,            0,            0,   -0.8483783,    0.5293904
robot_167
   -10.08424,    -8.489769,            0,            0,            0,   -0.4281064,    0.9037284
robot_25
   -26.13966,    -30.00427,            0,            0,            0,   -0.7638084,     0.645443
robot_168
   -38.03388,    -19.12199,            0,            0,            0,   -0.2846139,    0.9586422
robot_96
    28.85518,    -25.97065,            0,            0,            0,   0.01733931,    0.9998497
robot_166
    25.91498,     4.915989,            0,            0,            0,   -0.9210425,    0.3894621
robot_102
    20.53843,    -5.979233,            0,            0,            0,   -0.9788636,     0.204514
robot_192
   -10.33962,    -34.09077,            0,            0,            0,    -0.273047,    0.9620007
robot_179
    37.37034,     34.02241,            0,            0,            0,   -0.9606208,    0.2778628
robot_142
    17.91177,     28.11153,            0,            0,            0,    0.9473357,    0.3202422
robot_1
    13.98454,     21.92169,            0,            0,            0,   0.09489865,    0.9954869
robot_44
    5.933383,    -3.858874,            0,            0,            0,   -0.3867803,    0.9221719
robot_163
    13.55494,     29.97143,            0,            0,            0,   -0.9966367,   0.08194626
robot_79
   -14.04351,     6.560689,            0,            0,            0,   -0.9856424,    0.1688464
robot_8
    6.076508,     33.91805,            0,            0,            0,   -0.6223917,    0.7827059
robot_20
     37.0228,    -22.02395,            0,            0,            0,    0.2044651,    0.9788739
robot_143
    30.10788,     9.876974,            0,            0,            0,   -0.6217556,    0.7832113
robot_138
    -13.6758,    -2.061338,            0,            0,            0,   -0.7170069,    0.6970661
robot_123
   -34.26924,    -14.00767,            0,            0,            0,   -0.6697662,    0.7425721
robot_193
    2.109839,     14.00225,            0,            0,            0,    -0.433298,    0.9012507
robot_187
    10.07708,    -21.85485,            0,            0,            0,   -0.3717711,    0.9283244
robot_176
    34.35621,    -17.99847,            0,            0,            0,   -0.3154695,    0.9489357
robot_66
    23.34879,     14.01387,            0,            0,            0,   -0.6777893,    0.7352562
robot_63
    1.717867,     30.03551,            0,            0,            0,    0.1727028,     0.984974
robot_31
   -2.086962,     31.17387,            0,            0,            0,    0.9619254,    0.2733121
robot_159
    25.92552,     32.71447,            0,            0,            0,   -0.6498925,    0.7600262
robot_160
   -33.97318,     30.08164,            0,            0,            0,    -0.570943,    0.8209897
robot_151
    21.94353,     23.76587,            0,            0,            0,    0.6798162,    0.7333826
robot_150
   -16.09113,     38.01827,            0,            0,            0,   -0.8832303,    0.4689395
robot_137
    23.58972,     -22.0284,            0,            0,            0,  -0.07092727,    0.9974815
robot_199
   -10.81525,      10.0243,            0,            0,            0,    0.5220354,    0.8529238
robot_54
    29.90122,    -33.70541,            0,            0,            0,    0.7040652,    0.7101353
robot_117
    17.84842,    -22.16203,            0,            0,            0,   -0.1804197,    0.9835897
robot_36
     -34.647,    -26.01236,            0,            0,            0,    0.7223388,    0.6915393
robot_33
   -30.07497,    -26.85507,            0,            0,            0,   -0.9988319,   0.04831998
robot_146
    37.85768,     29.92997,            0,            0,            0,    -0.271407,    0.9624647
robot_156
    2.000085,    -34.00681,            0,            0,            0,   -0.2515321,     0.967849
robot_112
    33.94061,     22.67319,            0,            0,            0,    0.3580292,    0.9337104
robot_19
    32.49536,     26.02612,            0,            0,            0,    -0.189639,    0.9818539
robot_141
    -30.0338,    -30.56235,            0,            0,            0,     0.513774,    0.8579256
robot_35
   -38.12177,     21.93174,            0,            0,            0,   -0.5982349,    0.8013208
robot_184
   -5.810995,    -33.96572,            0,            0,            0,    0.8227902,    0.5683453
robot_98
    31.88208,    -9.976164,            0,            0,            0,   0.05745854,    0.9983479
robot_100
    29.92144,     18.16238,            0,            0,            0,    0.6336581,    0.7736132
robot_164
   -34.05753,     26.48109,            0,            0,            0,    0.6043073,    0.7967513
robot_59
   -10.00347,    -17.92062,            0,            0,            0,  -0.06104705,    0.9981349
robot_144
   -31.22336,    -14.01725,            0,            0,            0,   -0.8129791,    0.5822929
robot_101
   -14.70947,     30.01359,            0,            0,            0,   -0.3877695,    0.9217564
robot_161
    29.85029,    -17.88113,            0,            0,            0,    0.6562607,    0.7545342
robot_149
    -26.0366,    -14.94674,            0,            0,            0,   -0.8262511,    0.5633019
robot_86
    33.92206,    -34.66385,            0,            0,            0,    0.1799322,     0.983679
robot_191
    5.937597,     31.97219,            0,            0,            0,   -0.7982217,    0.6023638
robot_126
   -6.223356,      14.2278,            0,            0,            0,    0.9893413,    0.1456153
robot_190
    29.95097,     1.838827,            0,            0,            0,    0.4145455,    0.9100286
robot_131
    22.07031,     30.00084,            0,            0,            0,    0.7757814,    0.6310018
robot_154
    17.91303,    -32.14283,            0,            0,            0,    0.9213344,    0.3887711
robot_9
    21.83621,    -30.25902,            0,            0,            0,    0.4480886,    0.8939891
robot_27
    18.03997,     6.009404,            0,            0,            0,   -0.7115005,    0.7026856
robot_34
   -29.94367,    -6.169064,            0,            0,            0,    0.6475608,    0.7620138
robot_114
   -10.09691,    -12.90106,            0,            0,            0,    0.2207773,    0.9753242
robot_51
   -6.039972,     6.408231,            0,            0,            0,    0.1743813,    0.9846782
