tuw_multi_robot_msgs::RobotGoalsArray @1970-01-01T01:19:06
frame_id: map
        4746,            0
robot_84
    9.917068,     -22.3026,            0,            0,            0,    0.2769941,    0.9608716
robot_116
    13.93403,    -39.10497,            0,            0,            0,   -0.6226623,    0.7824907
robot_74
    -14.0818,     13.52792,            0,            0,            0,    0.4666304,    0.8844524
robot_41
    -34.0771,     7.234012,            0,            0,            0,   -0.9989087,   0.04670647
robot_125
    11.38124,    -10.00046,            0,            0,            0,     0.405633,     0.914036
robot_136
    13.93562,     1.569919,            0,            0,            0,     0.521224,    0.8534199
robot_173
    9.938372,     1.305336,            0,            0,            0,    0.3296665,    0.9440975
robot_67
     13.8488,    -13.69757,            0,            0,            0,   -0.9790249,    0.2037404
robot_197
   -25.38197,    -22.00594,            0,            0,            0,    0.8662662,    0.4995827
robot_119
   -2.096553,     30.17579,            0,            0,            0,   -0.9389645,    0.3440141
