tuw_multi_robot_msgs::RobotGoalsArray @1970-01-01T01:17:43.700000
frame_id: map
        4663,    700000000
robot_84
    33.95856,    -15.37578,            0,            0,            0,   -0.6667012,    0.7453251
robot_116
    17.93051,        33.15,            0,            0,            0,    0.2522536,    0.9676612
robot_74
    33.93275,     20.84185,            0,            0,            0,   -0.2314989,    0.9728352
robot_41
    33.40266,    -10.02324,            0,            0,            0,    0.6658557,    0.7460805
robot_125
    34.00368,     -25.6443,            0,            0,            0,    -0.436647,    0.8996329
robot_136
    33.76704,     34.19719,            0,            0,            0,   -0.1267072,    0.9919402
robot_173
    21.92624,    -16.52531,            0,            0,            0,     0.126026,    0.9920269
robot_67
   -9.836766,     9.955591,            0,            0,            0,   -0.8575536,    0.5143947
robot_197
    13.11219,     17.98329,            0,            0,            0,   -0.6155325,    0.7881115
robot_119
   -29.79305,    -37.95504,            0,            0,            0,   -0.9694202,    0.2454069
robot_82
   -22.49451,    -10.05911,            0,            0,            0,   -0.9537915,    0.3004692
robot_77
    33.94684,     37.80318,            0,            0,            0,    0.1610787,    0.9869416
robot_5
   -22.41775,     26.09115,            0,            0,            0,   -0.3317427,    0.9433699
robot_133
    5.973105,     38.18704,            0,            0,            0, -5.362689e-05,            1
robot_99
   -26.06372,     18.52691,            0,            0,            0,    0.4112568,    0.9115195
robot_171
    13.90083,     1.218097,            0,            0,            0,    0.2029227,    0.9791948
robot_180
   -39.79219,    -17.98208,            0,            0,            0,    0.5510854,    0.8344488
robot_56
    3.748628,    -10.02912,            0,            0,            0,  -0.01910412,    0.9998175
robot_3
   -21.86687,    -21.98765,            0,            0,            0,    0.4993741,    0.8663865
robot_81
    33.58299,    -30.03353,            0,            0,            0,   -0.7183194,    0.6957135
robot_167
    -9.66616,     25.92711,            0,            0,            0,   -0.9559419,    0.2935561
robot_25
   -6.068392,     7.155945,            0,            0,            0,   -0.5421833,    0.8402602
robot_168
   -22.03786,    -18.81408,            0,            0,            0,    0.8656919,    0.5005771
robot_96
    30.15815,     -9.87269,            0,            0,            0,   -0.6730708,    0.7395781
robot_166
    10.01177,     34.01821,            0,            0,            0,    0.7891124,    0.6142488
robot_102
    28.84578,     1.969098,            0,            0,            0,    0.2134804,    0.9769473
robot_192
   -26.09832,     3.289161,            0,            0,            0,   -0.6107985,    0.7917861
robot_179
      3.9946,    -22.01003,            0,            0,            0,    0.9529523,    0.3031202
robot_142
    8.109621,    -25.98417,            0,            0,            0,   -0.2351158,    0.9719674
robot_1
    29.71188,    -25.90426,            0,            0,            0,    0.9602096,    0.2792804
robot_44
   -2.201712,     9.901866,            0,            0,            0,   -0.9419733,    0.3356877
robot_163
   -18.19236,      1.92195,            0,            0,            0,   0.03775962,    0.9992869
robot_79
    6.330469,    -30.04873,            0,            0,            0,   -0.6392138,    0.7690291
robot_8
    13.89541,     33.82473,            0,            0,            0,    0.6414507,    0.7671643
robot_20
   -18.23295,     18.11308,            0,            0,            0,    0.5367958,    0.8437122
robot_143
   -9.914843,    -21.97241,            0,            0,            0,   -0.3123247,    0.9499754
robot_138
    38.06014,     14.05903,            0,            0,            0,      0.49906,    0.8665674
robot_123
    13.43526,     22.06863,            0,            0,            0,    0.4737099,     0.880681
robot_193
    37.87766,    -10.16348,            0,            0,            0,  -0.06376834,    0.9979647
robot_187
    18.12677,    -37.95499,            0,            0,            0,   -0.7962315,     0.604992
robot_176
    33.74185,    -17.86216,            0,            0,            0,   -0.5534585,    0.8328767
robot_66
   -9.984494,    -25.67625,            0,            0,            0,    0.2921722,    0.9563657
robot_63
   -2.501982,    -25.93802,            0,            0,            0,    0.2690849,    0.9631165
robot_31
   -14.03705,     -23.5266,            0,            0,            0,   -0.9970689,   0.07650915
robot_159
   -26.09764,    -10.46773,            0,            0,            0,    0.1748725,    0.9845911
robot_160
   -10.05048,     14.25379,            0,            0,            0,    0.3516741,    0.9361225
robot_151
    9.921284,     22.85763,            0,            0,            0,   -0.1391296,    0.9902742
robot_150
    26.79937,      37.9831,            0,            0,            0,   -0.9191824,     0.393832
robot_137
   -26.04415,     26.21709,            0,            0,            0,    0.7620652,    0.6475003
robot_199
    30.78669,     37.96849,            0,            0,            0,    0.9979468,   0.06404885
robot_54
    5.957312,     6.359405,            0,            0,            0,    0.4435642,    0.8962426
robot_117
   -2.072701,     -23.5007,            0,            0,            0,   -0.3378417,    0.9412029
robot_36
   -29.81445,     30.05683,            0,            0,            0,    0.9264149,    0.3765043
robot_33
    37.81342,      10.2066,            0,            0,            0,   -0.9906375,    0.1365188
robot_146
    2.102148,     22.02029,            0,            0,            0,     0.621537,    0.7833848
robot_156
   -11.51551,     21.99047,            0,            0,            0,   -0.9071417,    0.4208252
robot_112
    10.04786,      18.1789,            0,            0,            0,    0.9125519,     0.408961
robot_19
   -30.06851,     8.017615,            0,            0,            0,  -0.08945597,    0.9959908
robot_141
     5.87936,     18.07931,            0,            0,            0,   -0.3419211,    0.9397287
robot_35
   -5.951915,     26.00095,            0,            0,            0,   -0.4244318,    0.9054599
robot_184
   -30.11668,     5.978221,            0,            0,            0,    0.4268165,    0.9043382
robot_98
     10.0841,      37.8266,            0,            0,            0,   0.02824541,     0.999601
robot_100
     14.4201,    -14.04812,            0,            0,            0,     0.941955,    0.3357393
robot_164
    -36.9194,    -26.01791,            0,            0,            0,    0.8828326,    0.4696878
robot_59
   -30.27067,    -29.85096,            0,            0,            0,    0.5209692,    0.8535755
robot_144
   -18.07382,    -34.64969,            0,            0,            0,    0.8867829,    0.4621863
robot_101
   -21.68866,     22.04933,            0,            0,            0,    0.2516188,    0.9678264
robot_161
    9.947407,    -13.49827,            0,            0,            0,   -0.3929173,    0.9195738
robot_149
    37.66037,     34.00361,            0,            0,            0,   0.07743315,    0.9969975
robot_86
   -14.05121,     10.17895,            0,            0,            0,    0.7168474,    0.6972301
robot_191
   -26.23175,     21.89648,            0,            0,            0,     0.892559,    0.4509306
robot_126
   -15.74526,     18.02886,            0,            0,            0,    0.6813817,    0.7319282
robot_190
   -22.04076,    -2.277643,            0,            0,            0,    0.2820324,    0.9594049
robot_131
   -14.08311,    -35.08833,            0,            0,            0,  -0.05376781,    0.9985535
robot_154
    17.99374,    -17.97799,            0,            0,            0,    0.8679644,    0.4966264
robot_9
    2.084021,     18.23322,            0,            0,            0,  -0.09885005,    0.9951023
robot_27
   -5.979071,     10.22267,            0,            0,            0,   -0.5209881,    0.8535639
robot_34
    33.48893,    -5.915167,            0,            0,            0,    0.5124147,    0.8587381
robot_114
    25.95982,    -36.64266,            0,            0,            0,   -0.8360695,    0.5486235
robot_51
    26.86128,    -10.03246,            0,            0,            0,   -0.3993587,    0.9167948
robot_108
   -11.89869,     37.98057,            0,            0,            0,    0.8420193,    0.5394474
robot_147
    28.76651,     30.00473,            0,            0,            0,    0.1960729,    0.9805893
robot_183
   -18.15925,     38.28623,            0,            0,            0,   -0.7208648,    0.6930757
robot_48
    21.95169,     36.43862,            0,            0,            0,    0.7235069,    0.6903171
robot_60
   -18.15781,     30.31619,            0,            0,            0,    0.8308992,    0.5564229
robot_75
    30.79507,      10.0211,            0,            0,            0,   -0.9732198,    0.2298766
robot_152
   -6.081094,     4.213397,            0,            0,            0,    0.6887336,    0.7250145
robot_26
   -10.04299,     -1.31697,            0,            0,            0,   -0.5760574,    0.8174092
robot_182
   -38.08883,      9.14648,            0,            0,            0,   -0.9925274,    0.1220224
robot_172
   -10.44862,    -5.973483,            0,            0,            0,    0.6893949,    0.7243858
