tuw_multi_robot_msgs::RobotGoalsArray @1970-01-01T01:46:55.800000
frame_id: map
        6415,    800000000
robot_84
    -10.8191,    -18.00609,            0,            0,            0,    -0.529242,    0.8484709
robot_116
   -26.08491,     29.57179,            0,            0,            0,    0.1153914,    0.9933201
robot_74
    26.22136,    -38.08207,            0,            0,            0,   -0.8074134,    0.5899861
robot_41
   -34.04574,     -35.6618,            0,            0,            0,   -0.9944556,    0.1051571
robot_125
   -30.08222,     20.75763,            0,            0,            0,   -0.9807598,    0.1952186
robot_136
   -14.07734,    -18.91824,            0,            0,            0,   -0.5749153,    0.8182129
robot_173
     6.03553,     17.92417,            0,            0,            0, -0.008911633,    0.9999603
robot_67
   -14.36512,    -9.975933,            0,            0,            0,    0.4775344,     0.878613
robot_197
   -2.078711,     21.31992,            0,            0,            0,   -0.7851268,    0.6193351
robot_119
    25.47399,     26.09398,            0,            0,            0,   -0.5188868,     0.854843
robot_82
    10.03568,     21.96347,            0,            0,            0,   -0.3543264,    0.9351218
robot_77
    20.01624,      37.9837,            0,            0,            0,    0.8802336,    0.4745406
robot_5
    33.92417,     14.93368,            0,            0,            0,     0.382127,    0.9241098
robot_133
    13.84649,      -34.317,            0,            0,            0,    0.8031358,     0.595796
robot_99
    21.71471,    -21.87033,            0,            0,            0,   -0.5736661,    0.8190893
robot_171
    28.33526,    -9.970369,            0,            0,            0,    0.3706706,    0.9287644
robot_180
     -1.4673,     25.98513,            0,            0,            0,    0.6072209,     0.794533
robot_56
    29.86228,    -2.258286,            0,            0,            0,    -0.516173,    0.8564844
robot_3
   -6.068719,    -33.25257,            0,            0,            0,   -0.9725508,    0.2326907
robot_81
   -17.89558,    -22.15941,            0,            0,            0,    0.4647909,    0.8854205
