tuw_multi_robot_msgs::RobotGoalsArray @1970-01-01T01:16:26.400000
frame_id: map
        4586,    400000000
robot_84
   -18.17639,    -10.08867,            0,            0,            0,    0.4954276,    0.8686492
robot_116
    21.90408,     34.40287,            0,            0,            0,   -0.1302394,    0.9914826
robot_74
   -9.941621,      25.8139,            0,            0,            0,    -0.992922,    0.1187684
robot_41
    34.50167,     22.00846,            0,            0,            0,   -0.9472931,    0.3203683
robot_125
     13.8147,    -33.82844,            0,            0,            0,    0.2602626,    0.9655379
robot_136
   -30.20666,     10.14907,            0,            0,            0,     0.889938,    0.4560815
robot_173
    9.938341,     38.31871,            0,            0,            0,   -0.2261788,    0.9740858
robot_67
   -34.05775,      2.26855,            0,            0,            0,  -0.08498344,    0.9963824
robot_197
   -33.60401,     26.07169,            0,            0,            0,   -0.9921479,    0.1250705
robot_119
   -22.57945,    -2.022009,            0,            0,            0,    0.4150375,    0.9098043
robot_82
    -29.8922,    -14.04912,            0,            0,            0,   -0.3775258,    0.9259991
robot_77
   -37.67494,    -26.01996,            0,            0,            0,   -0.8361563,    0.5484912
robot_5
     6.05655,     5.974349,            0,            0,            0,    0.2584754,    0.9660178
robot_133
    12.29313,     -29.9842,            0,            0,            0,   -0.4855617,    0.8742024
robot_99
    30.33955,     14.05728,            0,            0,            0,   -0.4573575,    0.8892829
robot_171
   -26.07867,    -5.197728,            0,            0,            0,    0.9291915,    0.3695986
robot_180
   -2.078445,     14.94491,            0,            0,            0,   -0.3922102,    0.9198756
robot_56
    33.71227,    -22.02323,            0,            0,            0,   -0.7462001,    0.6657217
robot_3
   -7.695277,     9.980378,            0,            0,            0,   -0.2313904,     0.972861
robot_81
    3.088128,    -6.009138,            0,            0,            0,    0.6776975,    0.7353408
robot_167
    14.12409,     30.12474,            0,            0,            0,   -0.4726278,    0.8812621
robot_25
     26.5636,     29.98686,            0,            0,            0,    0.1091692,    0.9940232
robot_168
   -25.81204,    -10.08768,            0,            0,            0,   -0.5604371,     0.828197
robot_96
    1.261334,    -25.99034,            0,            0,            0,    0.9829906,    0.1836559
robot_166
   -5.272704,    -26.03001,            0,            0,            0,    0.3996475,    0.9166689
robot_102
    37.93393,     26.02372,            0,            0,            0,    -0.784621,    0.6199757
robot_192
    30.00609,     30.30579,            0,            0,            0,    -0.867514,    0.4974128
robot_179
   -18.04749,     2.151819,            0,            0,            0,   -0.6936642,    0.7202985
robot_142
   -26.46335,    -21.92823,            0,            0,            0,    0.9822715,    0.1874637
robot_1
   -32.66751,    -6.026221,            0,            0,            0,   -0.8144793,    0.5801925
robot_44
   -9.905782,     37.95588,            0,            0,            0,   -0.8839645,    0.4675541
robot_163
   -34.03652,    -29.39066,            0,            0,            0,    0.3749845,    0.9270311
robot_79
     -34.059,     12.75172,            0,            0,            0,    0.7028932,    0.7112954
robot_8
    29.95296,     11.94448,            0,            0,            0,   -0.7647328,    0.6443475
robot_20
    9.932066,    -19.04944,            0,            0,            0,   -0.9127274,     0.408569
robot_143
    13.91658,    -1.158738,            0,            0,            0,   -0.1071866,    0.9942389
robot_138
   -5.806125,     26.00609,            0,            0,            0,    0.6607493,    0.7506067
robot_123
    15.39828,     33.98587,            0,            0,            0,    0.7869474,    0.6170201
robot_193
    33.95929,    -36.32593,            0,            0,            0,    0.7906712,     0.612241
robot_187
    21.94224,     27.69873,            0,            0,            0,    0.5871288,    0.8094935
robot_176
   -28.49281,    -34.00826,            0,            0,            0,     0.987206,    0.1594501
robot_66
    6.008752,     26.15395,            0,            0,            0,    -0.985057,    0.1722287
robot_63
    16.06582,     6.019585,            0,            0,            0,   -0.9177406,    0.3971802
robot_31
    19.55974,    -5.980985,            0,            0,            0,    0.6141891,    0.7891588
robot_159
    37.96474,    -8.527072,            0,            0,            0,    0.8792658,    0.4763314
robot_160
   -13.60051,     29.93233,            0,            0,            0,    0.8592491,    0.5115573
robot_151
   -30.10366,      25.9165,            0,            0,            0,    0.5913384,    0.8064235
robot_150
    10.03106,    -33.99907,            0,            0,            0,   -0.5934209,    0.8048923
robot_137
    5.860465,    -22.19475,            0,            0,            0,    0.8023641,    0.5968348
robot_199
    13.90309,     -14.7224,            0,            0,            0,   -0.9805998,    0.1960203
robot_54
   -6.081695,     5.973578,            0,            0,            0,   -0.8371751,    0.5469349
robot_117
   -38.04146,    -32.64559,            0,            0,            0,   0.01078387,    0.9999419
robot_36
     14.1178,     17.89573,            0,            0,            0,    0.9313035,    0.3642443
robot_33
   -11.71467,     6.029505,            0,            0,            0,   -0.8320712,    0.5546689
robot_146
   -15.27809,     26.03321,            0,            0,            0,    0.1070704,    0.9942514
robot_156
   -25.77715,     2.022661,            0,            0,            0,    0.9857529,       0.1682
robot_112
    31.31167,    -33.97784,            0,            0,            0,   -0.5646442,    0.8253345
robot_19
   -22.00663,     30.11742,            0,            0,            0,   -0.6296319,    0.7768936
robot_141
    38.02707,      18.1207,            0,            0,            0,   -0.8842068,    0.4670955
robot_35
     29.8946,     21.85332,            0,            0,            0,   -0.8088187,     0.588058
robot_184
     37.7707,     6.013997,            0,            0,            0,    0.3897496,    0.9209208
robot_98
   -1.330006,     9.985932,            0,            0,            0,    0.9001088,    0.4356652
robot_100
   -16.11998,     -13.9898,            0,            0,            0,   -0.4368246,    0.8995467
robot_164
    34.34273,    -33.91184,            0,            0,            0,     0.641686,    0.7669675
robot_59
   -18.18387,    -21.92279,            0,            0,            0,    0.6119373,    0.7909063
robot_144
    21.83936,    -9.668359,            0,            0,            0,    0.9862984,     0.164971
robot_101
   -1.736391,    -30.08255,            0,            0,            0,    0.6889956,    0.7247655
robot_161
   -14.05265,     1.133872,            0,            0,            0,    0.3149319,    0.9491143
robot_149
    9.862896,    -25.84461,            0,            0,            0,    0.5232625,    0.8521716
robot_86
   -17.97622,    -26.25674,            0,            0,            0,   -0.4580186,    0.8889426
robot_191
   -13.73037,    -5.973854,            0,            0,            0,   -0.8966354,    0.4427696
robot_126
   -18.07588,    -24.26765,            0,            0,            0,    0.9433426,    0.3318203
robot_190
    13.91174,     13.22366,            0,            0,            0,   -0.3418204,    0.9397653
robot_131
    29.96275,    -20.85285,            0,            0,            0,     0.666767,    0.7452662
robot_154
    17.99846,    -14.11892,            0,            0,            0,   0.07693539,    0.9970361
robot_9
    12.78438,    -21.96698,            0,            0,            0,   -0.8742182,    0.4855333
robot_27
    33.95666,     6.643618,            0,            0,            0,    0.7835505,    0.6213281
robot_34
    31.41797,     -26.0154,            0,            0,            0,   -0.9363989,    0.3509375
robot_114
   -6.692884,     38.00637,            0,            0,            0,    0.9357512,    0.3526608
robot_51
     37.9005,    -12.97469,            0,            0,            0,   -0.9821425,    0.1881387
robot_108
    6.016826,    -33.74633,            0,            0,            0,   -0.9648451,    0.2628191
robot_147
   -38.67563,     22.01122,            0,            0,            0,     -0.46441,    0.8856203
robot_183
    38.82131,     34.00577,            0,            0,            0,   -0.8680365,    0.4965004
robot_48
    16.38328,    -21.99774,            0,            0,            0,   -0.6227371,    0.7824312
robot_60
   -38.12525,     13.96174,            0,            0,            0,    0.3065409,    0.9518575
robot_75
     5.93699,    -18.57808,            0,            0,            0,   -0.9673545,    0.2534271
robot_152
   -22.06695,     27.00914,            0,            0,            0,    0.9883014,    0.1525133
robot_26
   -22.09622,    -31.96348,            0,            0,            0,   -0.5671868,    0.8235892
robot_182
     3.09148,    -33.99746,            0,            0,            0,    0.3639113,    0.9314336
robot_172
     -34.082,    -11.76221,            0,            0,            0,    0.3886744,    0.9213752
