tuw_multi_robot_msgs::RobotGoalsArray @1970-01-01T01:22:04.300000
frame_id: map
        4924,    300000000
robot_84
   -22.29831,    -5.988592,            0,            0,            0,   -0.7474193,    0.6643526
robot_116
    29.46699,     25.93911,            0,            0,            0,    0.3675829,    0.9299907
robot_74
   -31.38597,     -6.00155,            0,            0,            0,    0.9341729,    0.3568206
robot_41
    18.26571,     37.97113,            0,            0,            0,   -0.8796243,     0.475669
robot_125
    12.98623,    -22.00263,            0,            0,            0,   -0.3436988,    0.9390799
robot_136
    1.913691,    -26.17515,            0,            0,            0,    0.3682437,    0.9297293
robot_173
   -1.663966,      17.9845,            0,            0,            0,    0.9414511,    0.3371495
robot_67
    17.96509,     9.238797,            0,            0,            0,   -0.9924893,    0.1223313
robot_197
    -33.9988,    -21.66045,            0,            0,            0,    0.9991135,   0.04209686
robot_119
    9.966177,    -4.613971,            0,            0,            0,    0.8007341,    0.5990199
