tuw_multi_robot_msgs::RobotGoalsArray @1970-01-01T01:23:07.400000
frame_id: map
        4987,    400000000
robot_84
    4.841857,    -13.98904,            0,            0,            0,   -0.9852024,    0.1713949
robot_116
    38.07828,     14.11287,            0,            0,            0,    0.9960318,   0.08899844
robot_74
   -32.03246,     14.00099,            0,            0,            0,   -0.8403308,     0.542074
robot_41
   -18.09969,    -6.826507,            0,            0,            0,   -0.2186834,    0.9757959
robot_125
    33.91771,    -11.79636,            0,            0,            0,     0.447378,    0.8943449
robot_136
   -19.58474,     17.98526,            0,            0,            0,    0.2638852,    0.9645541
robot_173
   -26.78262,      6.02499,            0,            0,            0,   -0.1953617,    0.9807313
robot_67
   -2.038596,    -24.61978,            0,            0,            0,    0.9937361,    0.1117522
robot_197
   -38.07859,     30.32786,            0,            0,            0,    0.7661846,    0.6426206
robot_119
    5.665192,     29.99931,            0,            0,            0,    0.9888806,    0.1487118
