tuw_multi_robot_msgs::RobotGoalsArray @1970-01-01T01:26:00
frame_id: map
        5160,            0
robot_84
   -28.45632,     9.982633,            0,            0,            0,     0.660727,    0.7506263
robot_116
    22.41018,     33.93625,            0,            0,            0,    0.6210769,    0.7837497
robot_74
    22.40296,    -37.99446,            0,            0,            0,     0.604925,    0.7962824
robot_41
   -9.986616,    -5.886736,            0,            0,            0,    0.3155296,    0.9489157
robot_125
   -10.01507,     5.757725,            0,            0,            0,    0.5520614,    0.8338035
robot_136
   -14.04913,     1.517348,            0,            0,            0,     0.936962,    0.3494313
robot_173
    29.89513,    -9.965142,            0,            0,            0,   -0.1362402,    0.9906758
robot_67
    13.95882,     13.69151,            0,            0,            0,    0.6840415,    0.7294431
robot_197
   -18.41579,    -38.09529,            0,            0,            0,   -0.5094306,    0.8605117
robot_119
   -16.90533,    -17.97682,            0,            0,            0,   -0.3252288,    0.9456354
robot_82
    5.940443,     -19.3238,            0,            0,            0,   -0.9739572,    0.2267321
robot_77
   -21.99312,    -5.815213,            0,            0,            0,    0.9715351,    0.2368958
robot_5
    1.925026,     24.52139,            0,            0,            0,    0.4016772,    0.9157813
robot_133
   -8.625038,     14.02678,            0,            0,            0,    0.8306229,    0.5568354
robot_99
   -22.14382,     34.08426,            0,            0,            0,   -0.6031408,    0.7976348
robot_171
    17.64678,    -13.91591,            0,            0,            0,    0.8809101,    0.4732836
robot_180
    11.02786,    -22.02471,            0,            0,            0,    0.7416781,     0.670756
robot_56
   -13.98274,     29.83276,            0,            0,            0,   -0.9999665,  0.008179837
robot_3
    17.83466,    -37.83594,            0,            0,            0,    -0.848577,    0.5290719
robot_81
   -29.92437,    -9.928795,            0,            0,            0,   0.01340135,    0.9999102
robot_167
    10.81659,     34.01089,            0,            0,            0,    0.2587343,    0.9659485
robot_25
    33.81339,    -10.01771,            0,            0,            0,   -0.9999374,   0.01119099
robot_168
    39.02706,     17.99755,            0,            0,            0,    0.8440042,    0.5363366
robot_96
   -27.26868,    -29.96816,            0,            0,            0,    0.2187867,    0.9757727
robot_166
    21.92385,    -11.98957,            0,            0,            0,   -0.9290169,    0.3700374
robot_102
    -34.0681,    -33.82202,            0,            0,            0,    0.8267112,    0.5626265
robot_192
   -30.43154,    -22.01681,            0,            0,            0,    0.9745483,    0.2241777
robot_179
   -20.09713,     6.014467,            0,            0,            0,   -0.5533914,    0.8329213
robot_142
   -15.58649,    -2.019058,            0,            0,            0,   -0.9943296,    0.1063423
robot_1
   -9.913434,     34.09578,            0,            0,            0,   -0.9768663,    0.2138508
robot_44
    25.91794,     20.37131,            0,            0,            0,    -0.875616,    0.4830079
robot_163
   -37.92533,    -13.85579,            0,            0,            0,    0.2954009,    0.9553734
robot_79
   -34.04409,     20.88556,            0,            0,            0,    0.9990995,   0.04242962
robot_8
    17.45654,    -29.99939,            0,            0,            0,  -0.09138934,    0.9958152
robot_20
   -17.92276,     17.81468,            0,            0,            0,    -0.384107,    0.9232886
robot_143
   -30.15944,     34.34975,            0,            0,            0,    0.7731241,    0.6342547
robot_138
   -34.15127,    -22.02857,            0,            0,            0,   -0.8759787,    0.4823497
robot_123
   -6.084909,    -10.82325,            0,            0,            0,    0.3325999,     0.943068
robot_193
    22.83048,    -2.031474,            0,            0,            0,     0.989653,    0.1434813
robot_187
   -36.21187,     13.98112,            0,            0,            0,    0.3758982,     0.926661
robot_176
   -10.04369,     16.51572,            0,            0,            0,     0.852079,    0.5234133
robot_66
    11.61201,     6.013165,            0,            0,            0,   -0.1680401,    0.9857802
robot_63
    5.900856,    -14.75874,            0,            0,            0,   -0.9981326,   0.06108379
robot_31
     38.4135,    -18.03927,            0,            0,            0,    0.2514325,    0.9678748
robot_159
   -2.196179,    -18.09583,            0,            0,            0,   -0.9068249,    0.4215076
robot_160
    21.12638,     9.967611,            0,            0,            0,   -0.9942555,    0.1070324
robot_151
    23.54627,    -33.98355,            0,            0,            0,   -0.5021333,    0.8647902
robot_150
    -36.6906,    -34.02343,            0,            0,            0,    0.9550165,    0.2965525
robot_137
    11.96116,     1.976868,            0,            0,            0,    0.0237218,    0.9997186
robot_199
    33.99812,    -13.63378,            0,            0,            0,    0.9861813,    0.1656696
robot_54
   -11.74225,      14.0132,            0,            0,            0,   -0.2828941,    0.9591511
robot_117
   -22.72919,    -34.01152,            0,            0,            0,   -0.7908864,     0.611963
robot_36
    13.92049,    -14.81952,            0,            0,            0,   -0.4914891,    0.8708837
robot_33
   -30.16669,     26.20828,            0,            0,            0,    0.8082478,    0.5888425
robot_146
    17.74388,    -5.894667,            0,            0,            0,   -0.7221575,    0.6917286
robot_156
    9.919021,    -1.533854,            0,            0,            0,    0.7598719,    0.6500728
robot_112
    35.93065,    -25.99611,            0,            0,            0,    0.8168008,    0.5769197
robot_19
   -22.04668,    -26.57565,            0,            0,            0,    0.7200271,    0.6939459
robot_141
    -32.6669,    -9.984327,            0,            0,            0,    0.8526449,    0.5224908
robot_35
   -14.07553,    -24.15274,            0,            0,            0,    0.9480678,    0.3180684
robot_184
   -22.04512,      -31.805,            0,            0,            0,    0.3152028,    0.9490243
robot_98
   -5.731713,    -13.92103,            0,            0,            0, -0.007333848,    0.9999731
robot_100
    25.90588,     3.062243,            0,            0,            0,   -0.1241423,    0.9922644
robot_164
    5.921683,    -12.09012,            0,            0,            0,    0.9055439,    0.4242525
robot_59
    27.75047,    -38.02806,            0,            0,            0,   -0.9808445,    0.1947922
robot_144
    29.95048,    -35.48728,            0,            0,            0,    0.9755742,      0.21967
robot_101
   -24.43215,     9.994683,            0,            0,            0,     -0.97791,    0.2090265
robot_161
    13.96617,    -36.37917,            0,            0,            0,   -0.4037159,    0.9148844
robot_149
    25.90792,     13.49622,            0,            0,            0,   -0.4065862,    0.9136124
robot_86
   -36.84245,    -25.98149,            0,            0,            0,    0.8693303,    0.4942315
robot_191
   -25.40731,     29.98353,            0,            0,            0,   -0.9773654,    0.2115582
robot_126
   -33.76784,     14.06663,            0,            0,            0,   -0.1911125,    0.9815681
robot_190
   -22.36776,     10.04113,            0,            0,            0,   -0.9006618,    0.4345209
robot_131
    17.94325,    -23.66768,            0,            0,            0,   -0.1136392,    0.9935221
robot_154
   -14.05059,     24.21384,            0,            0,            0,   -0.9250365,    0.3798783
robot_9
   -30.13487,     30.03123,            0,            0,            0,    0.7577227,    0.6525767
robot_27
    -23.8253,     -14.0005,            0,            0,            0,    0.8938758,    0.4483147
robot_34
   -25.46283,    -21.98521,            0,            0,            0,    0.9013551,    0.4330809
robot_114
    30.01274,    -26.29835,            0,            0,            0,    0.1158423,    0.9932676
robot_51
    33.24686,     18.01971,            0,            0,            0,  -0.01966556,    0.9998066
robot_108
    19.96304,     14.02771,            0,            0,            0,    -0.774476,    0.6326033
robot_147
   -29.18911,    -6.031847,            0,            0,            0,    0.5993541,     0.800484
robot_183
   -22.05552,    -39.34273,            0,            0,            0,   -0.5537226,    0.8327012
robot_48
    25.90502,     8.556522,            0,            0,            0,   -0.2978293,    0.9546192
robot_60
   -18.25266,    -1.847994,            0,            0,            0,    0.6334813,     0.773758
robot_75
   -30.06501,     24.13989,            0,            0,            0,   -0.4854797,    0.8742479
robot_152
    3.997995,     25.97645,            0,            0,            0,   -0.6568621,    0.7540107
robot_26
   -34.06755,     3.116811,            0,            0,            0,  -0.06741569,     0.997725
robot_182
   -1.489784,     34.02602,            0,            0,            0,     0.920776,    0.3900917
robot_172
   -14.09884,     5.713524,            0,            0,            0,   -0.9582123,     0.286058
robot_43
   -5.976216,    -18.28676,            0,            0,            0,   -0.4572834,     0.889321
robot_170
    -34.0555,     35.76637,            0,            0,            0,   -0.9193982,     0.393328
robot_177
   -26.16402,     1.999283,            0,            0,            0,    0.2472763,     0.968945
robot_80
  -0.5705686,     5.973297,            0,            0,            0,   -0.9115539,    0.4111807
robot_16
    33.86266,    -38.08856,            0,            0,            0,    -0.923096,    0.3845697
robot_13
   -31.78997,    -17.98382,            0,            0,            0,    0.7475133,    0.6642469
robot_178
   -26.26245,     14.11231,            0,            0,            0,   -0.8283848,    0.5601595
robot_88
   -18.11702,       1.8586,            0,            0,            0,    -0.561823,    0.8272575
robot_194
   -37.81905,     34.00359,            0,            0,            0,   -0.7965302,    0.6045987
robot_29
    9.526771,    -26.09695,            0,            0,            0,   -0.9673949,    0.2532728
robot_92
   -18.41332,    -13.92898,            0,            0,            0,    0.7362973,    0.6766582
robot_87
    32.67132,     10.02143,            0,            0,            0,    0.7569957,    0.6534199
robot_68
    17.90586,     24.90247,            0,            0,            0,    0.7911541,    0.6116169
robot_22
   -1.651119,      10.0791,            0,            0,            0,   -0.7716431,    0.6360558
robot_38
   -11.23844,    -37.99549,            0,            0,            0,    0.8766041,    0.4812123
robot_2
   -32.73603,    -25.96758,            0,            0,            0,    0.7182545,    0.6957805
robot_110
   -10.08027,     22.05277,            0,            0,            0,   0.01092608,    0.9999403
robot_14
    -21.8975,    -21.95404,            0,            0,            0,   -0.7718881,    0.6357585
robot_181
    29.98953,     18.32389,            0,            0,            0,   0.08407269,    0.9964596
robot_61
   -34.53885,    -29.90572,            0,            0,            0,   -0.9062787,    0.4226807
