tuw_multi_robot_msgs::RobotGoalsArray @1970-01-01T01:28:23.600000
frame_id: map
        5303,    600000000
robot_84
    31.60446,    -1.981737,            0,            0,            0,   -0.9535803,    0.3011389
robot_116
    30.01767,    -26.27871,            0,            0,            0,  -0.07835217,    0.9969257
robot_74
   -6.072995,      35.2781,            0,            0,            0,   -0.9957001,   0.09263517
robot_41
   -34.12736,     21.63597,            0,            0,            0,    0.2806331,    0.9598151
robot_125
   -22.26204,     21.93484,            0,            0,            0,  -0.06268894,    0.9980331
robot_136
    23.45817,     25.96754,            0,            0,            0,   -0.1892542,    0.9819281
robot_173
    5.922745,     28.12832,            0,            0,            0,    0.7088979,    0.7053111
robot_67
    -34.4645,    -18.04015,            0,            0,            0,    0.3858581,    0.9225582
robot_197
   -14.11499,     9.907042,            0,            0,            0,    0.3053111,    0.9522527
robot_119
     37.8633,    -17.92099,            0,            0,            0,   -0.5225728,    0.8525947
robot_82
    33.95421,   -0.8176188,            0,            0,            0,     0.996537,   0.08314995
robot_77
   -39.04174,    -5.972705,            0,            0,            0,    0.1145273,    0.9934201
robot_5
   -30.48474,    -18.04004,            0,            0,            0,    0.8779183,    0.4788104
robot_133
    -6.26528,     30.09679,            0,            0,            0,    0.4844699,    0.8748079
robot_99
    6.283268,      2.06205,            0,            0,            0,   -0.9710191,    0.2390021
robot_171
    9.562404,     1.943041,            0,            0,            0,    0.8626254,    0.5058433
robot_180
    1.899619,     30.07191,            0,            0,            0,    0.2442467,    0.9697131
robot_56
   -5.908681,    -33.77559,            0,            0,            0,   -0.3475839,    0.9376489
robot_3
    14.36932,    -25.95428,            0,            0,            0,    0.9062336,    0.4227773
robot_81
    27.62287,     2.021412,            0,            0,            0,    0.3764472,    0.9264381
robot_167
    18.18559,     -13.9385,            0,            0,            0,    -0.450247,    0.8929041
robot_25
    9.769637,     26.02433,            0,            0,            0,   -0.9988251,   0.04846052
robot_168
    -23.4092,    -29.99746,            0,            0,            0,   -0.7022628,    0.7119178
robot_96
   -34.49305,     17.91911,            0,            0,            0,  -0.04622622,     0.998931
robot_166
   -10.25836,      30.1411,            0,            0,            0,    0.5016783,    0.8650543
robot_102
     37.1845,    -6.031863,            0,            0,            0,   -0.9994331,   0.03366809
robot_192
    13.70558,      14.0622,            0,            0,            0,    0.5123344,     0.858786
robot_179
    36.12864,    -34.03053,            0,            0,            0,    0.9514778,    0.3077173
robot_142
   -12.20719,     5.994151,            0,            0,            0,   -0.9869965,    0.1607415
robot_1
    25.93984,     26.60139,            0,            0,            0,   -0.1374949,    0.9905025
robot_44
   -30.05338,    -1.274786,            0,            0,            0,   -0.6707363,    0.7416959
robot_163
   -4.522415,    -14.00991,            0,            0,            0,    0.7020866,    0.7120916
robot_79
   -2.042884,    -11.21963,            0,            0,            0,   -0.7060771,     0.708135
robot_8
    -6.08728,     15.10142,            0,            0,            0,   -0.9614179,     0.275092
robot_20
    33.90404,    -20.91458,            0,            0,            0,   -0.7063218,    0.7078909
robot_143
    19.61358,    -1.994762,            0,            0,            0,   -0.5223667,    0.8527209
robot_138
   -33.67091,     -9.98717,            0,            0,            0,    -0.996576,   0.08268207
robot_123
    30.41467,      9.99056,            0,            0,            0,   -0.9722935,    0.2337634
robot_193
  -0.6406212,    -25.96807,            0,            0,            0,    0.8960865,    0.4438794
robot_187
    2.514874,    -6.033096,            0,            0,            0,    0.5830986,    0.8124014
robot_176
   -14.08703,    -8.413508,            0,            0,            0,    0.7945427,    0.6072083
robot_66
    28.13643,    -17.97634,            0,            0,            0,    0.7841802,    0.6205332
robot_63
    21.88651,     34.13902,            0,            0,            0,   -0.3605527,    0.9327388
robot_31
    9.935366,    -16.74848,            0,            0,            0,    -0.384921,    0.9229495
robot_159
   -10.08921,    -12.87356,            0,            0,            0,  -0.06301344,    0.9980127
robot_160
    22.36228,    -33.95339,            0,            0,            0,   -0.9126097,    0.4088319
robot_151
    -14.6621,    -30.00045,            0,            0,            0,    0.9907113,    0.1359823
robot_150
   -3.612137,    -6.019867,            0,            0,            0,   -0.4489718,    0.8935459
robot_137
     6.00349,    -21.71928,            0,            0,            0,    0.2989711,    0.9542622
robot_199
    9.906518,     9.717475,            0,            0,            0,   -0.8014542,    0.5980561
robot_54
    15.22494,     25.99247,            0,            0,            0,     -0.33921,    0.9407107
robot_117
    21.92107,     38.17323,            0,            0,            0,    0.9300091,    0.3675365
robot_36
   -10.09467,    -38.48561,            0,            0,            0,   -0.9995534,   0.02988375
robot_33
     8.83308,     30.01518,            0,            0,            0,    0.1631921,    0.9865943
robot_146
    7.565534,    -14.01675,            0,            0,            0,   -0.5939603,    0.8044944
robot_156
    29.93375,    -9.785315,            0,            0,            0,     0.561864,    0.8272296
robot_112
   -16.55843,     37.97782,            0,            0,            0,   -0.8900545,    0.4558541
robot_19
   -18.08138,     39.24306,            0,            0,            0,    -0.576519,    0.8170838
robot_141
    23.48391,    -13.97848,            0,            0,            0,    0.6468119,    0.7626496
robot_35
     18.0645,     29.79441,            0,            0,            0,   -0.9856383,      0.16887
robot_184
    21.73257,    -38.13032,            0,            0,            0,     0.190955,    0.9815988
robot_98
   -33.93362,    -37.87788,            0,            0,            0,     0.891748,    0.4525323
robot_100
   -39.05195,     26.02606,            0,            0,            0,   -0.6842542,    0.7292435
robot_164
    30.73425,    -18.01019,            0,            0,            0,   -0.1816427,    0.9833646
robot_59
    35.15893,    -10.03087,            0,            0,            0,     0.164019,    0.9864572
robot_144
    17.95173,    -23.76846,            0,            0,            0,  -0.08126946,    0.9966922
robot_101
    16.65266,     9.989721,            0,            0,            0,   -0.2269712,    0.9739015
robot_161
   -26.05813,     34.11201,            0,            0,            0,  -0.09942321,    0.9950452
robot_149
    2.100467,    -26.01309,            0,            0,            0,   -0.9968473,   0.07934389
robot_86
   -29.02552,     33.98311,            0,            0,            0,   -0.9758947,    0.2182419
robot_191
   -17.85218,     18.14985,            0,            0,            0,   -0.9973213,   0.07314462
robot_126
     13.9054,    -16.04017,            0,            0,            0,   -0.4162757,    0.9092384
robot_190
    23.49063,     18.01795,            0,            0,            0,  -0.04372569,    0.9990436
robot_131
    26.40774,     10.00944,            0,            0,            0,    0.4827164,    0.8757768
robot_154
   -38.09725,    -18.73302,            0,            0,            0,    0.9943777,    0.1058911
robot_9
   -6.020987,    -29.63922,            0,            0,            0,   -0.5084134,    0.8611131
robot_27
      -34.12,     33.99588,            0,            0,            0,    0.8737152,    0.4864378
robot_34
   -22.04888,      15.1672,            0,            0,            0,   0.06318011,    0.9980021
robot_114
    13.88098,     10.16855,            0,            0,            0,    0.8704746,    0.4922134
robot_51
    18.45261,     14.03311,            0,            0,            0,   -0.5398844,    0.8417391
robot_108
   -26.04284,    -33.98317,            0,            0,            0,   -0.3812666,    0.9244651
robot_147
    33.81757,     18.10729,            0,            0,            0,   -0.5934601,    0.8048634
robot_183
    7.962189,    -22.00041,            0,            0,            0,   -0.8664041,    0.4993435
robot_48
    21.95317,    -6.703127,            0,            0,            0,  -0.05047196,    0.9987255
robot_60
     14.1718,     37.94383,            0,            0,            0,    0.7124286,    0.7017446
robot_75
    12.18898,    -34.01626,            0,            0,            0,   -0.4685399,    0.8834423
robot_152
    22.20479,    -30.02003,            0,            0,            0,    0.9540716,    0.2995787
robot_26
    17.82461,    -9.826666,            0,            0,            0,    0.1486087,    0.9888961
robot_182
   -26.04973,     4.963879,            0,            0,            0,    0.8149286,    0.5795613
robot_172
     13.9069,    -12.81674,            0,            0,            0,    0.8144803,    0.5801913
robot_43
    31.02006,     13.97281,            0,            0,            0,   -0.7874877,    0.6163304
robot_170
   -22.96192,    -34.00445,            0,            0,            0,    0.9887469,    0.1495982
robot_177
    13.93021,    0.3176896,            0,            0,            0,   -0.3953107,    0.9185475
robot_80
    10.01577,     34.05223,            0,            0,            0,   -0.5464056,    0.8375207
robot_16
    18.00211,     6.266123,            0,            0,            0,    0.2094975,    0.9778092
robot_13
    11.81456,    -2.029697,            0,            0,            0,   -0.2329798,    0.9724816
robot_178
     25.9245,      7.55491,            0,            0,            0,   -0.9885846,    0.1506669
robot_88
    26.99893,     33.96876,            0,            0,            0,    0.2078865,     0.978153
robot_194
    13.93539,     16.34134,            0,            0,            0,   -0.1049865,    0.9944736
robot_29
    30.29784,     30.04754,            0,            0,            0,   -0.3183954,     0.947958
robot_92
   -28.62447,     13.98359,            0,            0,            0,   -0.1525979,    0.9882884
robot_87
   -6.037994,    -10.09208,            0,            0,            0,    0.9893622,     0.145473
robot_68
   -26.03996,    -12.74655,            0,            0,            0,   -0.8761523,    0.4820343
robot_22
    37.80963,      26.0394,            0,            0,            0,   -0.9278211,    0.3730254
robot_38
    29.59799,    -34.01431,            0,            0,            0,   0.00986643,    0.9999513
robot_2
    38.20348,    -21.99859,            0,            0,            0,    0.9466216,     0.322347
robot_110
    -6.56625,     -14.0312,            0,            0,            0,  0.007556442,    0.9999714
robot_14
   -10.04256,      33.9981,            0,            0,            0,    0.2363573,    0.9716662
robot_181
   -38.05173,     19.28314,            0,            0,            0,    0.4583525,    0.8887705
robot_61
   -2.465774,    -30.09597,            0,            0,            0,    0.2781289,    0.9605438
robot_30
    15.75361,     13.98622,            0,            0,            0,     0.992548,    0.1218542
robot_122
   -18.61516,    -25.99721,            0,            0,            0,     0.698438,    0.7156706
robot_132
   -26.09869,    -23.43156,            0,            0,            0,    0.4621592,     0.886797
robot_45
   -14.08568,    -1.418911,            0,            0,            0,    0.1184621,    0.9929586
robot_21
   -24.32685,    -21.99731,            0,            0,            0,   -0.9232575,    0.3841817
robot_39
   -34.04661,    0.4943279,            0,            0,            0,   -0.9985528,   0.05378007
robot_134
    39.27165,     6.016806,            0,            0,            0,  -0.02893957,    0.9995812
robot_15
   -34.08376,     27.21862,            0,            0,            0,    0.8089249,     0.587912
robot_145
    2.006395,     9.645799,            0,            0,            0,    0.4350504,    0.9004061
robot_140
    9.963823,    -20.84396,            0,            0,            0,   -0.4338273,    0.9009961
