tuw_multi_robot_msgs::RobotGoalsArray @1970-01-01T01:15:47.500000
frame_id: map
        4547,    500000000
robot_84
   -22.08649,    -13.31664,            0,            0,            0,    0.9896242,      0.14368
robot_116
    17.73377,     2.089992,            0,            0,            0,    0.4299431,     0.902856
robot_74
    37.92484,     26.40317,            0,            0,            0,   -0.9447998,    0.3276482
robot_41
   -31.81536,    -9.989192,            0,            0,            0,     0.851776,    0.5239061
robot_125
    13.94395,    -14.10069,            0,            0,            0,   -0.3399273,    0.9404517
robot_136
    21.94557,      33.5731,            0,            0,            0,    -0.986825,    0.1617914
robot_173
   -11.86458,    -26.00983,            0,            0,            0,   -0.2924925,    0.9562678
robot_67
     -10.043,    -1.151966,            0,            0,            0,   -0.9032025,    0.4292147
robot_197
   -25.49522,     17.98911,            0,            0,            0,   -0.9976294,   0.06881565
robot_119
    37.90076,    -20.63512,            0,            0,            0,   -0.6832048,    0.7302268
robot_82
   -10.08777,     11.51137,            0,            0,            0,    0.9619127,    0.2733567
robot_77
   -18.07742,     33.37936,            0,            0,            0,    0.8071739,    0.5903137
robot_5
   -5.419253,    -10.00589,            0,            0,            0,    0.9404252,    0.3400006
robot_133
    34.71308,     13.97777,            0,            0,            0,    0.1349386,     0.990854
robot_99
    18.07419,     33.77523,            0,            0,            0,    0.1418892,    0.9898825
robot_171
   -33.96351,    -13.90737,            0,            0,            0,    0.2729828,    0.9620189
robot_180
     6.65515,     17.98847,            0,            0,            0,    0.9301667,    0.3671375
robot_56
   -2.086355,    -23.60077,            0,            0,            0,    0.1685665,    0.9856903
robot_3
   -19.53876,    -33.97993,            0,            0,            0,    0.9730693,    0.2305128
robot_81
   -38.49607,    -33.92681,            0,            0,            0,    0.8048389,    0.5934933
robot_167
    17.93554,    -26.48339,            0,            0,            0,   -0.9452469,    0.3263562
robot_25
    33.93669,     7.276884,            0,            0,            0,    0.9919209,    0.1268582
robot_168
    26.33689,     5.949667,            0,            0,            0,   -0.4084287,    0.9127902
robot_96
   -34.09545,     10.72151,            0,            0,            0,    0.2866125,    0.9580466
robot_166
   -30.07686,    -6.126901,            0,            0,            0,   -0.2330421,    0.9724667
robot_102
    1.948625,     24.10014,            0,            0,            0,    0.1167347,    0.9931631
robot_192
   -14.09333,    -39.42189,            0,            0,            0,     0.457957,    0.8889743
robot_179
   -2.086142,     11.44484,            0,            0,            0,    0.9762262,    0.2167542
robot_142
    19.16458,     26.02609,            0,            0,            0,    0.9519145,    0.3063637
robot_1
    5.977675,     1.648941,            0,            0,            0,    0.8748407,    0.4844108
robot_44
   -13.66924,    -2.067681,            0,            0,            0,   -0.8997587,    0.4363878
robot_163
   -23.35405,     26.02062,            0,            0,            0,    0.6019068,    0.7985663
robot_79
    25.97589,    -29.90058,            0,            0,            0,    0.6552673,    0.7553971
robot_8
   -6.084982,     16.07241,            0,            0,            0,    0.6842598,    0.7292383
robot_20
    30.07608,    -9.980158,            0,            0,            0,   -0.9926198,    0.1212677
robot_143
    21.94813,    -25.93202,            0,            0,            0,    -0.244906,    0.9695468
robot_138
    37.91259,    -28.75597,            0,            0,            0,   -0.8067292,    0.5909213
robot_123
   -22.08198,     20.48393,            0,            0,            0,    0.8239112,    0.5667189
robot_193
    36.06719,    -34.03105,            0,            0,            0,    0.9455197,    0.3255648
robot_187
   -6.077463,    -21.15716,            0,            0,            0,    0.5113298,    0.8593845
robot_176
   -17.66987,     25.98006,            0,            0,            0,   -0.8444104,    0.5356968
robot_66
   -22.08848,     31.13681,            0,            0,            0,   -0.9827959,    0.1846948
robot_63
   -14.46428,     18.02915,            0,            0,            0,    0.9936459,    0.1125517
robot_31
    2.067561,    -14.16629,            0,            0,            0,    0.9707441,    0.2401165
robot_159
   -26.08657,    0.6957016,            0,            0,            0,   -0.6959226,    0.7181168
robot_160
    13.95585,    -32.57335,            0,            0,            0,    0.4763767,    0.8792413
robot_151
    19.38137,    -33.98255,            0,            0,            0,    0.3736202,    0.9275818
robot_150
   -5.740671,    -25.99211,            0,            0,            0,    0.9893187,    0.1457688
robot_137
    37.90681,    -11.27206,            0,            0,            0,     0.847181,    0.5313045
robot_199
    6.168927,      -18.046,            0,            0,            0,   -0.1370046,    0.9905704
robot_54
   -1.037373,    -9.986143,            0,            0,            0,     0.354485,    0.9350617
robot_117
    37.40823,     29.97434,            0,            0,            0,    0.4442824,    0.8958868
robot_36
    9.891442,     5.874443,            0,            0,            0,    0.4890185,    0.8722734
robot_33
    5.964218,     20.44728,            0,            0,            0,    0.7983393,    0.6022078
robot_146
   -30.06886,     27.35684,            0,            0,            0,    0.5367808,    0.8437218
robot_156
    29.90271,     37.88517,            0,            0,            0,   -0.9896594,    0.1434372
robot_112
    26.00648,      29.7552,            0,            0,            0,   -0.3255275,    0.9455326
robot_19
    22.79434,    -13.97168,            0,            0,            0,    0.1048401,    0.9944891
robot_141
    1.212101,    -6.012296,            0,            0,            0,    0.0957867,    0.9954019
robot_35
   -15.46297,     2.005771,            0,            0,            0,    0.9892273,    0.1463875
robot_184
   -9.986318,     30.25293,            0,            0,            0,   0.02134395,    0.9997722
robot_98
    15.42162,     38.02821,            0,            0,            0,    0.6487713,    0.7609834
robot_100
   -10.06959,     17.43724,            0,            0,            0,   -0.9864876,    0.1638357
robot_164
     37.9355,    -18.37878,            0,            0,            0,     0.842675,    0.5384225
robot_59
     29.9355,    -13.14795,            0,            0,            0,    0.8400627,    0.5424894
robot_144
   -38.08777,     15.19522,            0,            0,            0,   -0.3864406,    0.9223143
robot_101
   -18.28491,     30.06171,            0,            0,            0,    0.9983801,   0.05689534
robot_161
    21.85478,    -5.740202,            0,            0,            0,    0.9879683,    0.1546565
robot_149
    29.99541,     5.661054,            0,            0,            0,   -0.7076564,    0.7065567
robot_86
    33.56278,    -21.94741,            0,            0,            0,    0.7087931,    0.7054164
robot_191
   -34.05813,    -23.33978,            0,            0,            0,   0.08726528,    0.9961851
robot_126
   -2.488348,    -18.09916,            0,            0,            0,    0.8653884,    0.5011018
robot_190
     22.3821,     13.97782,            0,            0,            0,   -0.9998392,   0.01793149
robot_131
     26.3344,    -2.081894,            0,            0,            0,    -0.969745,    0.2441202
robot_154
   -34.05581,    -16.13814,            0,            0,            0,   -0.9271279,    0.3747452
robot_9
   -22.06455,    -36.60016,            0,            0,            0,    0.9718831,    0.2354638
robot_27
    5.953212,    -27.49802,            0,            0,            0,    0.6518361,    0.7583599
robot_34
   -34.06478,     21.98866,            0,            0,            0,    0.9250541,    0.3798354
robot_114
    -34.0739,     -27.3405,            0,            0,            0,    -0.184137,    0.9829006
robot_51
   -18.07568,    -27.85876,            0,            0,            0,    0.7733423,    0.6339887
robot_108
   -33.44215,    -2.017694,            0,            0,            0,    0.9995776,   0.02906308
robot_147
    23.34147,     22.02132,            0,            0,            0,    0.6177544,    0.7863711
robot_183
    29.81821,    -17.80214,            0,            0,            0,    0.9999963,   0.00270211
robot_48
    5.593091,     33.92381,            0,            0,            0,     0.890453,    0.4550751
robot_60
   -38.02231,    -14.28478,            0,            0,            0,    0.1101975,    0.9939097
robot_75
    13.90408,     18.78757,            0,            0,            0,    0.3152216,    0.9490181
robot_152
   -21.57067,     6.090059,            0,            0,            0,    0.5520643,    0.8338016
robot_26
    -31.9106,    -37.99085,            0,            0,            0,   -0.3310225,    0.9436229
robot_182
    29.93626,    -5.229431,            0,            0,            0,   -0.0542624,    0.9985267
robot_172
   -8.085927,    -10.00066,            0,            0,            0,    0.8320889,    0.5546422
