tuw_multi_robot_msgs::RobotGoalsArray @1970-01-01T01:22:16.100000
frame_id: map
        4936,    100000000
robot_84
   -6.147838,    -6.054102,            0,            0,            0,    0.6379997,    0.7700366
robot_116
   -38.43004,    -26.08237,            0,            0,            0,   -0.9434347,    0.3315584
robot_74
    33.94241,     8.217493,            0,            0,            0,   -0.9989405,   0.04602075
robot_41
    -33.6868,     17.93927,            0,            0,            0,    0.4242343,    0.9055525
robot_125
      -30.18,      6.20624,            0,            0,            0,    0.2026762,    0.9792458
robot_136
    36.38238,     30.02794,            0,            0,            0,   -0.3568623,     0.934157
robot_173
     17.5881,    -37.97042,            0,            0,            0,    0.7407591,    0.6717708
robot_67
    5.934851,     6.458666,            0,            0,            0,   -0.9974637,   0.07117688
robot_197
   -17.04609,     37.97866,            0,            0,            0,    0.9583143,    0.2857162
robot_119
    9.947393,    -17.48218,            0,            0,            0,   0.01186567,    0.9999296
