tuw_multi_robot_msgs::RobotGoalsArray @1970-01-01T01:31:02.700000
frame_id: map
        5462,    700000000
robot_84
    3.459982,     -29.9709,            0,            0,            0,    0.3718402,    0.9282968
robot_116
    29.92942,    -10.96155,            0,            0,            0,    0.6065066,    0.7950784
robot_74
   -26.07424,    -18.01388,            0,            0,            0,    0.4537681,    0.8911198
robot_41
   -17.51043,     37.96817,            0,            0,            0,   -0.8003468,    0.5995373
robot_125
    29.80019,     26.09514,            0,            0,            0,    0.7429408,    0.6693571
robot_136
    17.75171,     34.00741,            0,            0,            0,     0.984075,     0.177754
robot_173
    17.93321,    -34.95692,            0,            0,            0,    0.4741507,    0.8804437
robot_67
    21.43553,     9.931793,            0,            0,            0,  -0.05961042,    0.9982217
robot_197
    13.92561,     30.92644,            0,            0,            0,   -0.9940499,    0.1089252
robot_119
    7.011093,     -22.0091,            0,            0,            0,    0.5249572,    0.8511286
robot_82
    17.69424,     2.040621,            0,            0,            0,   -0.8647286,    0.5022395
robot_77
     -26.296,    -10.05458,            0,            0,            0,    0.8504896,    0.5259918
robot_5
    25.90744,    -34.80603,            0,            0,            0,    0.2525052,    0.9675955
robot_133
   -11.95494,    -21.97674,            0,            0,            0,    0.9443912,    0.3288239
robot_99
   -14.27268,     14.00108,            0,            0,            0,   -0.9946356,    0.1034411
robot_171
   -22.02153,     38.06778,            0,            0,            0,   -0.9322901,    0.3617115
robot_180
     17.6036,     9.967447,            0,            0,            0,    0.7587575,    0.6513732
robot_56
    31.62596,     33.99115,            0,            0,            0,    0.7799623,    0.6258265
robot_3
   -9.637518,    -5.931713,            0,            0,            0,   -0.9992855,   0.03779421
robot_81
    -6.44195,     1.959983,            0,            0,            0,    0.8079572,    0.5892412
robot_167
    9.961257,     -10.2555,            0,            0,            0,    0.9245436,    0.3810763
robot_25
   -7.756688,    -21.99556,            0,            0,            0,  -0.06710006,    0.9977463
robot_168
    34.68445,    -26.00546,            0,            0,            0,    -0.033222,     0.999448
robot_96
    5.924279,      12.2291,            0,            0,            0,    0.9336542,    0.3581757
robot_166
    34.26072,    -6.082306,            0,            0,            0,  -0.06000586,     0.998198
robot_102
    17.95894,     38.43672,            0,            0,            0,     0.994355,    0.1061044
robot_192
   -22.74696,    -18.02582,            0,            0,            0,    0.3000886,    0.9539113
robot_179
    37.65304,     17.90386,            0,            0,            0,    0.3105889,    0.9505443
robot_142
    26.05358,     6.210254,            0,            0,            0,    0.9933395,    0.1152245
robot_1
    1.918646,    -19.00185,            0,            0,            0,    0.8171353,     0.576446
robot_44
    37.98031,    -22.30448,            0,            0,            0,   -0.9406694,    0.3393244
robot_163
   -2.096514,     16.61801,            0,            0,            0,   -0.3425756,    0.9394903
robot_79
    33.54856,    -13.95953,            0,            0,            0,   -0.4423691,    0.8968331
robot_8
    9.927052,     38.90736,            0,            0,            0,     0.401825,    0.9157165
robot_20
   -12.68553,     2.000655,            0,            0,            0,   -0.9803083,    0.1974732
robot_143
   -18.22673,    -37.90377,            0,            0,            0,   -0.9555374,    0.2948698
robot_138
    1.937231,    -10.99783,            0,            0,            0,     0.680533,    0.7327174
robot_123
    -30.8222,    -14.03183,            0,            0,            0,   -0.9529641,    0.3030833
robot_193
   -3.003915,     13.97569,            0,            0,            0,     0.806042,    0.5918583
robot_187
    18.10053,    -17.99787,            0,            0,            0,   -0.6523119,    0.7579507
robot_176
    9.912517,    -1.975358,            0,            0,            0,    0.4917944,    0.8707113
robot_66
      37.924,    -18.76723,            0,            0,            0,    0.9970329,   0.07697714
robot_63
     11.0873,     34.02517,            0,            0,            0,   -0.9665195,    0.2565933
robot_31
    1.991991,    -26.29876,            0,            0,            0,    0.9375402,    0.3478769
robot_159
    9.936641,     3.996388,            0,            0,            0,    0.7535201,    0.6574249
robot_160
     22.0452,    -5.898975,            0,            0,            0,   -0.9092712,    0.4162042
robot_151
   -38.05455,    -12.86926,            0,            0,            0,   -0.9964807,   0.08382198
robot_150
    30.42743,     -37.9086,            0,            0,            0,   -0.8802323,     0.474543
robot_137
     38.0195,     25.77933,            0,            0,            0,    -0.817212,    0.5763372
robot_199
   -6.083201,      37.7675,            0,            0,            0,   -0.5419803,    0.8403912
robot_54
   -30.16471,     6.220993,            0,            0,            0,   -0.9570045,     0.290073
robot_117
    5.967301,     5.877494,            0,            0,            0,    0.2456594,    0.9693562
robot_36
    9.750777,    -25.97152,            0,            0,            0,    0.2000128,    0.9797933
robot_33
    21.95764,    -13.20017,            0,            0,            0,   -0.9999909,  0.004272339
robot_146
    10.00816,     26.08737,            0,            0,            0,    0.9627982,    0.2702216
robot_156
   -17.96713,     22.04133,            0,            0,            0,    0.1741626,    0.9847169
robot_112
   -11.80169,    -9.992758,            0,            0,            0,      0.97388,    0.2270634
robot_19
   -13.89298,    -10.11055,            0,            0,            0,    0.3391067,    0.9407479
robot_141
    9.779031,     6.149689,            0,            0,            0,   -0.9647543,    0.2631522
robot_35
   -22.31443,    -22.07693,            0,            0,            0,    0.8399186,    0.5427124
robot_184
   -12.83082,      38.0061,            0,            0,            0,   -0.3600814,    0.9329209
robot_98
    3.736232,     25.97575,            0,            0,            0,     0.896243,    0.4435634
robot_100
   -17.99452,    -9.677274,            0,            0,            0,   -0.5860045,    0.8103078
robot_164
   -34.30287,     26.08496,            0,            0,            0,    -0.967252,    0.2538179
robot_59
    -38.0804,    -21.04191,            0,            0,            0,    0.5259445,    0.8505189
robot_144
    6.326326,    -37.99659,            0,            0,            0,   -0.6157212,    0.7879641
robot_101
   -31.35474,    -18.00393,            0,            0,            0,   -0.6638771,    0.7478417
robot_161
   -14.04707,    -6.989939,            0,            0,            0,    0.2206866,    0.9753448
robot_149
   -10.16337,     33.89422,            0,            0,            0,    0.2611863,    0.9652884
robot_86
   -10.07171,     8.070158,            0,            0,            0,    0.9042918,     0.426915
robot_191
   -25.57874,    -22.06117,            0,            0,            0,   -0.9719267,    0.2352837
robot_126
    26.01942,    -10.04194,            0,            0,            0,    0.7786177,    0.6274986
robot_190
   -14.00483,    -30.05751,            0,            0,            0,    0.9161448,    0.4008475
robot_131
    25.93583,    -38.71228,            0,            0,            0,   -0.3566599,    0.9342343
robot_154
    37.77893,     10.02941,            0,            0,            0,   -0.9960512,   0.08878112
robot_9
   -21.74206,     -9.99478,            0,            0,            0,    0.9948656,    0.1012054
robot_27
   -38.03717,     31.21835,            0,            0,            0,   -0.9131827,    0.4075503
robot_34
   -2.723379,    -25.97089,            0,            0,            0,   -0.6675401,    0.7445739
robot_114
    8.924524,    -38.01811,            0,            0,            0,     0.135652,    0.9907566
robot_51
    6.388478,     21.99313,            0,            0,            0,     0.929083,    0.3698713
robot_108
    7.414577,     26.02212,            0,            0,            0,   -0.8887235,    0.4584435
robot_147
    37.94829,    -16.38306,            0,            0,            0,   -0.9267617,    0.3756499
robot_183
     14.0877,    -34.06309,            0,            0,            0,    0.8235666,    0.5672196
robot_48
    38.95702,    -10.03126,            0,            0,            0,    0.8809833,    0.4731473
robot_60
    4.257092,    -9.996856,            0,            0,            0,   -0.7206335,    0.6933162
robot_75
    13.92485,     11.44007,            0,            0,            0,    0.9941069,    0.1084043
robot_152
    -14.1071,    -1.810078,            0,            0,            0,    0.2028547,    0.9792088
robot_26
    29.91045,      14.0955,            0,            0,            0,   -0.9962066,   0.08702017
robot_182
   -6.317597,    -17.92048,            0,            0,            0,   -0.6434982,    0.7654476
robot_172
   -37.28141,    -18.00964,            0,            0,            0,    0.6226473,    0.7825026
robot_43
    13.70292,    -38.08878,            0,            0,            0,    0.2205739,    0.9753703
robot_170
   -14.12932,     34.36279,            0,            0,            0,   -0.5611774,    0.8276955
robot_177
    29.96268,    -21.75373,            0,            0,            0,   -0.9617219,    0.2740272
robot_80
    36.34684,      30.0297,            0,            0,            0,     0.129034,    0.9916402
robot_16
   -26.05806,     14.68605,            0,            0,            0,    0.0343186,    0.9994109
robot_13
   -26.95609,     1.983071,            0,            0,            0,    0.2060688,    0.9785375
robot_178
    25.91837,     14.50803,            0,            0,            0,   -0.6466086,    0.7628219
robot_88
   -26.09456,    -35.70823,            0,            0,            0,    0.7729764,    0.6344348
robot_194
    1.883744,    -14.08597,            0,            0,            0,   -0.3326435,    0.9430526
robot_29
     33.9478,      3.21609,            0,            0,            0,    0.8488159,    0.5286886
robot_92
   -24.74351,    -14.02347,            0,            0,            0,    0.9955698,   0.09402528
robot_87
    14.14583,     25.92284,            0,            0,            0,    0.6614525,     0.749987
robot_68
    9.903849,    -6.855737,            0,            0,            0,   -0.8893426,    0.4572415
robot_22
    29.85603,    -18.17102,            0,            0,            0,   -0.2469841,    0.9690195
robot_38
   -14.08467,     26.58226,            0,            0,            0,    0.6226112,    0.7825314
robot_2
    30.37121,     10.01753,            0,            0,            0,   -0.7201594,    0.6938086
robot_110
   -14.70448,    -34.03121,            0,            0,            0,   -0.9163788,    0.4003123
robot_14
    13.91344,    -13.31911,            0,            0,            0,   -0.9573142,    0.2890492
robot_181
   -6.406399,      17.9082,            0,            0,            0,    0.9758031,    0.2186512
robot_61
   -7.701067,    -29.98331,            0,            0,            0,   -0.5021263,    0.8647943
robot_30
    34.84061,     22.00247,            0,            0,            0,   -0.9983902,   0.05671801
robot_122
      29.989,    -1.794621,            0,            0,            0,   -0.8999093,     0.436077
robot_132
    22.08434,    -30.12705,            0,            0,            0,    0.4031174,    0.9151483
robot_45
   -12.32888,     18.02528,            0,            0,            0,   -0.8696398,    0.4936868
robot_21
   -33.08925,     10.01009,            0,            0,            0,    0.5701648,    0.8215303
robot_39
   -5.993621,     10.02668,            0,            0,            0,    -0.928991,    0.3701022
robot_134
   -14.95938,    -37.97292,            0,            0,            0,  -0.04718463,    0.9988862
robot_15
   -6.035796,    -24.67679,            0,            0,            0,   -0.2697045,    0.9629431
robot_145
    26.61192,     33.98505,            0,            0,            0,   -0.8345879,    0.5508748
robot_140
   -7.148621,      26.0326,            0,            0,            0,    0.8509615,     0.525228
robot_196
     -18.601,     25.99682,            0,            0,            0,    0.9815917,    0.1909915
robot_188
   -14.23034,    -13.79744,            0,            0,            0,     0.999119,   0.04196687
robot_4
    13.91286,     8.141056,            0,            0,            0,   -0.9114661,    0.4113751
robot_155
   -38.52517,      33.9928,            0,            0,            0,   -0.5697006,    0.8218523
robot_135
   -30.06537,     32.68351,            0,            0,            0,   -0.1626323,    0.9866867
robot_93
     10.0932,     22.13037,            0,            0,            0,     -0.74901,    0.6625587
robot_111
    33.96537,     6.850518,            0,            0,            0,   -0.9248623,    0.3803022
robot_0
   -29.95283,     22.17386,            0,            0,            0,    0.3123786,    0.9499577
robot_49
   -22.95234,      22.0203,            0,            0,            0,   -0.9991943,   0.04013445
robot_113
   -10.04941,     30.65329,            0,            0,            0,  -0.06715682,    0.9977424
