tuw_multi_robot_msgs::RobotGoalsArray @1970-01-01T00:13:15.900000
frame_id: map
         795,    900000000
robot_84
   -30.00588,     10.23105,            0,            0,            0,   -0.3146664,    0.9492023
robot_116
   -6.058067,     35.45528,            0,            0,            0,    0.9406918,    0.3392625
robot_74
    19.73432,     17.98411,            0,            0,            0,    0.1529992,    0.9882263
robot_41
   -6.198663,    -33.89859,            0,            0,            0,     0.993749,    0.1116377
robot_125
    17.93053,    0.7736332,            0,            0,            0,   -0.5102093,    0.8600503
robot_136
    23.42962,     1.997145,            0,            0,            0,    0.2620788,    0.9650465
robot_173
    5.875989,    -10.21727,            0,            0,            0,   -0.3675308,    0.9300113
robot_67
    37.52333,     -33.9975,            0,            0,            0,    0.9987861,   0.04925707
robot_197
   -25.78112,      30.0889,            0,            0,            0,   -0.9593642,    0.2821706
robot_119
   -35.07988,    -22.00268,            0,            0,            0,    -0.998349,   0.05743912
robot_82
   -7.178514,    -1.992744,            0,            0,            0,    0.9392809,    0.3431492
robot_77
   -6.081823,      5.20488,            0,            0,            0,   -0.5687201,    0.8225311
robot_5
   -2.063927,    -19.24994,            0,            0,            0,   -0.9981082,   0.06148236
robot_133
     29.9241,      34.3515,            0,            0,            0,   -0.6626443,    0.7489343
robot_99
    -14.0335,    -22.40385,            0,            0,            0,   -0.3447947,    0.9386781
robot_171
    17.96351,    -35.41779,            0,            0,            0,   -0.9244786,     0.381234
robot_180
    21.91873,     -35.8385,            0,            0,            0,   -0.9963766,   0.08505156
robot_56
   -22.04023,     6.041518,            0,            0,            0,    0.2284463,    0.9735565
robot_3
   -30.14178,    -34.12673,            0,            0,            0,    0.5503474,    0.8349357
robot_81
    -26.0515,     36.31372,            0,            0,            0,   -0.6427755,    0.7660546
robot_167
    37.93473,    -23.83502,            0,            0,            0,     0.596616,    0.8025269
robot_25
    17.46035,    -5.956308,            0,            0,            0,    0.9273442,    0.3742095
robot_168
   -12.04548,      14.0289,            0,            0,            0,   -0.5198774,    0.8542409
robot_96
   -14.08569,    -26.55864,            0,            0,            0,   -0.6049606,    0.7962554
robot_166
   -6.070406,     38.52346,            0,            0,            0,   -0.9861955,    0.1655853
robot_102
   -18.05888,    -14.61745,            0,            0,            0,    0.1684824,    0.9857047
robot_192
    -14.0815,     6.783475,            0,            0,            0,   -0.8914037,    0.4532102
robot_179
   -34.08536,    -15.83928,            0,            0,            0,    0.4625753,      0.88658
robot_142
   -34.12051,     30.22382,            0,            0,            0,    0.7669848,    0.6416653
robot_1
    5.520334,    -13.90363,            0,            0,            0,    0.9290511,    0.3699514
robot_44
   -21.95752,    -10.15755,            0,            0,            0,    0.4707841,    0.8822484
robot_163
    1.957113,    -8.547895,            0,            0,            0,    0.5840624,    0.8117088
robot_79
    33.91479,     16.54186,            0,            0,            0,   -0.5341494,    0.8453901
robot_8
   -10.32418,     29.91881,            0,            0,            0,      0.67906,    0.7340828
robot_20
    25.93361,     7.757696,            0,            0,            0,    0.5470466,    0.8371021
robot_143
   -38.07079,     12.92533,            0,            0,            0,   -0.1796803,    0.9837251
robot_138
   -18.52593,     30.09883,            0,            0,            0,   -0.4258387,    0.9047991
robot_123
    9.942448,     -36.6111,            0,            0,            0,    0.8978067,    0.4403898
robot_193
     13.9333,    -29.16338,            0,            0,            0,    0.9904472,    0.1378922
robot_187
     39.2408,     13.98033,            0,            0,            0,    0.9107447,    0.4129698
