tuw_multi_robot_msgs::RobotGoalsArray @1970-01-01T00:50:16.100000
frame_id: map
        3016,    100000000
robot_84
    9.955705,     39.14511,            0,            0,            0,      0.90371,    0.4281452
robot_116
    37.80003,     10.02568,            0,            0,            0,    0.9785189,    0.2061569
robot_74
    12.80145,     1.993806,            0,            0,            0,   -0.2249906,    0.9743609
robot_41
    34.87111,      6.01058,            0,            0,            0,  -0.06931457,    0.9975949
robot_125
    31.28682,     34.00662,            0,            0,            0,   -0.9999414,   0.01082681
robot_136
    30.08778,     17.92252,            0,            0,            0,   0.06517244,     0.997874
robot_173
    7.410875,     9.988468,            0,            0,            0,    0.9999502,  0.009980693
robot_67
   -20.28208,     33.98204,            0,            0,            0,    0.3134213,    0.9496142
robot_197
     1.83445,     -13.9905,            0,            0,            0,    0.7996002,    0.6005326
robot_119
   -22.05244,    -14.02154,            0,            0,            0,   -0.8861315,    0.4634338
robot_82
    32.64694,     1.974739,            0,            0,            0,    0.5652607,    0.8249123
robot_77
   -16.13124,     1.967116,            0,            0,            0,    0.9960312,   0.08900466
robot_5
    14.05105,     34.19087,            0,            0,            0,   -0.9770328,     0.213089
robot_133
    25.76745,     10.21948,            0,            0,            0,    0.9774088,    0.2113575
robot_99
   -3.776933,    -9.973796,            0,            0,            0,   -0.9922291,    0.1244241
robot_171
     21.9307,     -36.3327,            0,            0,            0,   -0.2391537,    0.9709817
robot_180
   -10.09294,     19.63197,            0,            0,            0,   -0.2277522,    0.9737191
robot_56
    3.179413,    -21.97987,            0,            0,            0,   -0.9964362,   0.08434968
robot_3
   -32.22264,    -17.98961,            0,            0,            0,    0.1189125,    0.9929047
robot_81
   -2.155815,    -13.71631,            0,            0,            0,    0.2418751,    0.9703074
robot_167
    1.955305,    -6.147889,            0,            0,            0,    -0.992948,    0.1185509
robot_25
   -34.10824,    -34.27799,            0,            0,            0,   -0.9044202,    0.4266429
robot_168
   -29.68728,     1.907864,            0,            0,            0,    -0.960081,     0.279722
robot_96
   -9.933091,    -17.89317,            0,            0,            0, -0.004267654,    0.9999909
robot_166
    9.489919,    -34.04334,            0,            0,            0,   0.09956502,    0.9950311
robot_102
   -21.99289,     -5.95146,            0,            0,            0,    0.6062707,    0.7952584
robot_192
    25.93029,     37.28336,            0,            0,            0,   -0.1778938,    0.9840497
robot_179
   -22.07475,     19.39972,            0,            0,            0,     0.810192,    0.5861646
robot_142
   -14.07135,      9.75306,            0,            0,            0,   -0.6759928,    0.7369082
robot_1
    -1.93836,     29.96426,            0,            0,            0,    0.1026498,    0.9947176
robot_44
    29.74752,    -5.993809,            0,            0,            0,    0.6068454,    0.7948199
robot_163
    16.98193,    -2.024726,            0,            0,            0,   -0.9968762,   0.07897968
robot_79
   -18.13365,    -6.165054,            0,            0,            0,   -0.3189487,     0.947772
robot_8
    29.95034,    0.0540148,            0,            0,            0,   -0.1483642,    0.9889328
robot_20
   -14.06491,    -33.65504,            0,            0,            0,    0.4693658,    0.8830038
robot_143
    7.969309,     -9.97848,            0,            0,            0,   -0.7426083,     0.669726
robot_138
    25.93157,   -0.4687288,            0,            0,            0,   -0.9239973,    0.3823991
robot_123
    29.53661,     13.91948,            0,            0,            0,   -0.1149146,    0.9933754
robot_193
    17.88893,     -22.2917,            0,            0,            0,   -0.9659376,    0.2587751
robot_187
    34.77098,     33.98551,            0,            0,            0,   -0.7330761,    0.6801466
robot_176
    32.78627,    -1.987106,            0,            0,            0,   -0.6883935,    0.7253374
robot_66
   -39.39881,    -5.972315,            0,            0,            0,   -0.4678937,    0.8837848
robot_63
    20.59852,    -13.99276,            0,            0,            0,   -0.9984246,   0.05611051
robot_31
    -30.0849,    -36.32358,            0,            0,            0,    0.4406391,    0.8976843
robot_159
    5.806989,    -29.99713,            0,            0,            0,   -0.7858355,    0.6184356
robot_160
    37.90511,    -7.189345,            0,            0,            0,   -0.9954554,   0.09522875
robot_151
   -6.060616,    -31.52892,            0,            0,            0,     0.571105,     0.820877
robot_150
    28.75072,    -17.97259,            0,            0,            0,   -0.6937585,    0.7202077
robot_137
   -37.24607,     14.02983,            0,            0,            0,   -0.9988065,   0.04884318
robot_199
    6.015345,    -13.65073,            0,            0,            0,    -0.999302,   0.03735641
robot_54
    6.118418,     29.88611,            0,            0,            0,    -0.625858,     0.779937
robot_117
    1.051847,    -34.00664,            0,            0,            0,   -0.9816149,    0.1908723
robot_36
   -18.05384,     37.05453,            0,            0,            0,    0.9095513,    0.4155917
robot_33
    25.83761,    -34.27696,            0,            0,            0,  -0.02647227,    0.9996495
robot_146
   -30.00865,    -34.03463,            0,            0,            0,   -0.7044594,    0.7097443
robot_156
    17.77643,    -29.77336,            0,            0,            0,   -0.1553469,      0.98786
robot_112
    29.75506,    -21.98682,            0,            0,            0,   -0.1604906,    0.9870374
robot_19
   -17.41543,     -22.0227,            0,            0,            0,   -0.9880865,    0.1538996
robot_141
    25.82987,     22.12691,            0,            0,            0,    0.6277968,    0.7783773
robot_35
   -34.07636,     1.395725,            0,            0,            0,    0.5548733,    0.8319348
