tuw_multi_robot_msgs::RobotGoalsArray @1970-01-01T01:13:46.500000
frame_id: map
        4426,    500000000
robot_84
   -12.85912,    -34.01566,            0,            0,            0,   -0.9967538,   0.08051017
robot_116
    13.73674,    -13.91146,            0,            0,            0,   -0.9923394,    0.1235413
robot_74
   -22.07256,     35.38986,            0,            0,            0,    0.1147854,    0.9933903
robot_41
    1.903772,     29.34919,            0,            0,            0,    0.6219985,    0.7830184
robot_125
    18.05296,     34.12577,            0,            0,            0,    0.5767325,     0.816933
robot_136
   -7.956833,    -13.97013,            0,            0,            0,    0.4944214,    0.8692224
robot_173
   -30.02751,    -26.05884,            0,            0,            0,  -0.07151198,    0.9974397
robot_67
   -22.04826,     17.28232,            0,            0,            0,    0.6057863,    0.7956274
robot_197
   -31.48398,    -29.96673,            0,            0,            0,   0.08199841,    0.9966325
robot_119
   -38.24223,    -18.09634,            0,            0,            0,   -0.1790783,    0.9838348
robot_82
    10.80986,    -14.03099,            0,            0,            0,    0.7700895,    0.6379358
robot_77
   -1.693532,    -10.06085,            0,            0,            0,   -0.7913304,    0.6113887
robot_5
   -6.063922,    -10.28486,            0,            0,            0,   -0.9766586,    0.2147974
robot_133
    14.01841,     25.64247,            0,            0,            0,   -0.6649561,    0.7468824
robot_99
   -6.078924,     30.44504,            0,            0,            0,   -0.8739975,    0.4859303
robot_171
    37.57853,     34.00563,            0,            0,            0,   -0.8996227,     0.436668
robot_180
     29.9391,     21.12404,            0,            0,            0,   -0.4872948,    0.8732375
robot_56
    -34.0831,     22.10682,            0,            0,            0,    0.6744089,    0.7383581
robot_3
   -11.71108,     33.97292,            0,            0,            0,    0.2357775,    0.9718071
robot_81
   -38.40398,     29.94925,            0,            0,            0,    0.4819444,    0.8762018
robot_167
   -16.82313,    -21.98856,            0,            0,            0,    0.3027845,     0.953059
robot_25
    25.95084,    -4.528126,            0,            0,            0,    0.7719596,    0.6356716
robot_168
   -22.05012,    -4.403562,            0,            0,            0,    0.9718935,     0.235421
robot_96
   -19.25908,    -37.99585,            0,            0,            0,    -0.905183,     0.425022
robot_166
    21.94081,    -36.71904,            0,            0,            0,    0.6914436,    0.7224305
robot_102
   -10.05564,     3.655332,            0,            0,            0,   -0.7674468,    0.6411127
robot_192
   -38.05641,     26.12934,            0,            0,            0,   -0.7209291,    0.6930089
robot_179
    -24.8551,    -22.00219,            0,            0,            0,    0.9482963,    0.3173865
robot_142
    5.994029,     37.64809,            0,            0,            0,    0.9790322,    0.2037054
robot_1
   -34.06649,     29.60665,            0,            0,            0,   -0.5602293,    0.8283376
robot_44
   -11.39304,    -22.01351,            0,            0,            0,    0.8409294,    0.5411449
robot_163
   -20.85488,    -6.003525,            0,            0,            0,    0.4059741,    0.9138846
robot_79
    19.82401,     30.01965,            0,            0,            0,    0.5197252,    0.8543335
robot_8
     17.8289,    -9.785335,            0,            0,            0,    0.8598413,    0.5105613
robot_20
   -10.03492,     35.09431,            0,            0,            0,    -0.192247,    0.9813466
robot_143
    13.89849,     9.853845,            0,            0,            0,   -0.9838339,    0.1790833
robot_138
    18.35353,     5.964989,            0,            0,            0,   -0.4377868,    0.8990788
robot_123
   -33.19035,    -33.98706,            0,            0,            0,   -0.9402958,    0.3403584
robot_193
    21.96481,    -1.300499,            0,            0,            0,    0.9266606,    0.3758992
robot_187
   -36.96675,    -21.97977,            0,            0,            0,    0.7354739,     0.677553
robot_176
   -35.97703,    -30.02352,            0,            0,            0,  -0.04686062,    0.9989014
robot_66
   -17.13325,    -10.03145,            0,            0,            0,   -0.9360645,    0.3518284
robot_63
     29.7542,     1.961444,            0,            0,            0,   -0.9993922,   0.03485925
robot_31
    -14.0837,    -6.467752,            0,            0,            0,    0.9379464,    0.3467802
robot_159
    21.92799,      32.7787,            0,            0,            0,   -0.6047768,     0.796395
robot_160
    13.56734,     22.03893,            0,            0,            0,   -0.4971312,    0.8676754
robot_151
    2.122302,    -17.85981,            0,            0,            0,   -0.9237164,    0.3830769
robot_150
  -0.8314558,    -13.98624,            0,            0,            0,   -0.1523112,    0.9883326
robot_137
   -18.06473,     13.54032,            0,            0,            0,   -0.5216859,    0.8531376
robot_199
   -28.99654,     9.997653,            0,            0,            0,   -0.7206222,    0.6933279
robot_54
    -26.0876,     31.56439,            0,            0,            0,    0.3630872,    0.9317552
robot_117
    21.47404,     13.96496,            0,            0,            0,   -0.5582516,    0.8296717
robot_36
    13.93564,      6.43806,            0,            0,            0,   -0.9632275,    0.2686873
robot_33
    5.735782,    -18.16216,            0,            0,            0,    0.5845083,    0.8113877
robot_146
    6.141518,     10.04763,            0,            0,            0,   -0.6909131,    0.7229379
robot_156
    5.836383,     34.13407,            0,            0,            0,    0.5857429,    0.8104969
robot_112
    37.90868,    -8.715216,            0,            0,            0,   -0.9981441,   0.06089562
robot_19
   -6.033431,     14.15902,            0,            0,            0,     0.562527,    0.8267789
robot_141
    23.62757,     25.99039,            0,            0,            0,     0.958703,    0.2844091
robot_35
    13.91393,    -22.60575,            0,            0,            0,    0.7450379,    0.6670222
robot_184
   -30.09671,    -36.21283,            0,            0,            0,    0.9356988,    0.3527999
robot_98
    25.94909,     19.34526,            0,            0,            0,   -0.2924985,     0.956266
robot_100
    37.44121,    -22.01582,            0,            0,            0,    0.9716256,    0.2365243
robot_164
   -10.11794,    -25.77516,            0,            0,            0,   -0.8581944,    0.5133248
robot_59
   -20.28318,    -33.97834,            0,            0,            0,   -0.1307444,    0.9914161
robot_144
    27.56561,    -5.990646,            0,            0,            0,    -0.081017,    0.9967127
robot_101
    17.94598,     14.34903,            0,            0,            0,   -0.8050106,    0.5932604
robot_161
     17.6745,      17.9959,            0,            0,            0,   -0.6207427,    0.7840143
robot_149
   -34.45354,     14.07494,            0,            0,            0,    0.1417058,    0.9899088
robot_86
    -29.9801,     6.278646,            0,            0,            0,    0.3306382,    0.9437576
robot_191
   -10.02688,      14.3461,            0,            0,            0,   0.05385823,    0.9985486
robot_126
    -2.40948,      14.0853,            0,            0,            0,    -0.383015,    0.9237421
robot_190
    10.00668,    -25.65144,            0,            0,            0,    0.6054016,    0.7959201
robot_131
   -18.18011,     29.90639,            0,            0,            0,  -0.08920533,    0.9960133
robot_154
    14.13349,    -18.08428,            0,            0,            0,    0.6818232,     0.731517
robot_9
   -30.78651,     30.03255,            0,            0,            0,    0.1822729,     0.983248
robot_27
   -37.17635,     33.96951,            0,            0,            0,   -0.2784949,    0.9604377
robot_34
   -17.61657,     26.05416,            0,            0,            0,    0.1148976,    0.9933773
robot_114
    11.01226,     13.98202,            0,            0,            0,   -0.4255308,     0.904944
robot_51
    36.12321,    -5.985802,            0,            0,            0,    0.6490134,     0.760777
