tuw_multi_robot_msgs::RobotGoalsArray @1970-01-01T00:55:02.600000
frame_id: map
        3302,    600000000
robot_84
   -18.08764,     20.82127,            0,            0,            0,    0.9411918,    0.3378727
robot_116
    9.203844,     17.98555,            0,            0,            0,   0.09991263,    0.9949962
robot_74
     26.0411,    -1.880857,            0,            0,            0,   -0.9458756,    0.3245293
robot_41
    29.97569,     18.11987,            0,            0,            0,    0.4927773,    0.8701555
robot_125
   -38.12692,     14.34542,            0,            0,            0,    0.7032014,    0.7109907
robot_136
    26.38373,    -29.90325,            0,            0,            0,    0.8843354,    0.4668521
robot_173
   -2.091205,    -31.60588,            0,            0,            0,    -0.972878,    0.2313189
robot_67
    34.41438,     25.99054,            0,            0,            0,    0.8899302,    0.4560967
robot_197
    21.84701,    -1.744883,            0,            0,            0,   -0.1742235,    0.9847061
robot_119
   -30.03792,     34.90261,            0,            0,            0,   -0.1024972,    0.9947333
robot_82
    1.994405,     18.04848,            0,            0,            0,    0.5181333,    0.8552999
robot_77
   -5.991389,     30.12908,            0,            0,            0,   -0.6847989,    0.7287321
robot_5
   -9.276381,     2.005364,            0,            0,            0,   -0.4685095,    0.8834585
robot_133
   -10.08982,     6.848061,            0,            0,            0, -0.0007963356,    0.9999997
robot_99
    36.88082,     9.978409,            0,            0,            0,    0.2846413,    0.9586341
robot_171
    25.91271,     18.40345,            0,            0,            0,   -0.8123624,    0.5831529
robot_180
    25.93178,    -25.38815,            0,            0,            0,    -0.575412,    0.8178637
robot_56
    10.04358,    -14.02369,            0,            0,            0,    0.9473089,    0.3203214
robot_3
    25.92312,    -22.56595,            0,            0,            0,    0.7081258,    0.7060862
robot_81
   -26.05687,     6.572449,            0,            0,            0,   -0.5632653,    0.8262761
robot_167
    24.55556,    -18.00069,            0,            0,            0,  -0.02252074,    0.9997464
robot_25
   -21.86539,     22.10789,            0,            0,            0,    0.3706779,    0.9287615
robot_168
    37.90329,      18.3592,            0,            0,            0,    0.7408063,    0.6717187
robot_96
   -21.93777,    -5.869362,            0,            0,            0,    0.3128789,     0.949793
robot_166
    5.387385,    -5.995848,            0,            0,            0,     0.614623,     0.788821
robot_102
    3.155738,     5.999474,            0,            0,            0,   -0.6929709,    0.7209655
robot_192
    21.77196,    -33.77608,            0,            0,            0,    0.5067282,    0.8621059
robot_179
   -14.03417,   -0.4024184,            0,            0,            0,     0.124316,    0.9922427
robot_142
   -34.07366,     34.44919,            0,            0,            0,    0.6613598,    0.7500688
robot_1
   -13.49215,    -9.986506,            0,            0,            0,   -0.1430129,    0.9897208
robot_44
   -17.85754,     30.16514,            0,            0,            0,    -0.661226,    0.7501868
robot_163
   -26.03404,     -22.3143,            0,            0,            0,   -0.6699434,    0.7424122
robot_79
    32.44986,    -1.981127,            0,            0,            0,   -0.9958677,   0.09081615
robot_8
    13.71453,    -30.05473,            0,            0,            0,    0.9999165,   0.01291986
robot_20
    -21.1685,     38.01128,            0,            0,            0,   -0.9727852,    0.2317087
robot_143
   -26.07897,    -36.17689,            0,            0,            0,     0.939744,    0.3418791
robot_138
    30.25449,    -9.920937,            0,            0,            0,    0.4422251,    0.8969041
robot_123
    13.90064,     27.62595,            0,            0,            0,   -0.1812162,    0.9834433
robot_193
    25.95554,     8.258912,            0,            0,            0,   -0.2702236,    0.9627976
robot_187
     33.9326,     34.14037,            0,            0,            0,    0.5157639,    0.8567308
robot_176
     25.8562,     30.34119,            0,            0,            0,     -0.78637,    0.6177558
robot_66
    6.594938,     34.02162,            0,            0,            0,   -0.9171136,    0.3986259
robot_63
    14.02231,     -26.3187,            0,            0,            0,   -0.3194872,    0.9475906
robot_31
   -26.05396,     29.65157,            0,            0,            0,    0.9421153,     0.335289
robot_159
    9.291443,      6.00702,            0,            0,            0,    0.8412278,    0.5406808
robot_160
    -26.0256,    -34.23672,            0,            0,            0,    0.4319328,    0.9019058
robot_151
    37.79607,    -21.88978,            0,            0,            0,    -0.182934,    0.9831252
robot_150
    26.30032,     13.94277,            0,            0,            0,    -0.404074,    0.9147263
robot_137
    5.942444,    -11.29334,            0,            0,            0,   -0.9975361,   0.07015573
robot_199
     19.6263,     -6.02301,            0,            0,            0,    0.7051149,    0.7090931
robot_54
    6.279578,    -37.94755,            0,            0,            0,   -0.8802995,    0.4744184
robot_117
    19.85985,    -29.98736,            0,            0,            0,  -0.02152096,    0.9997684
robot_36
    39.18562,    -14.02349,            0,            0,            0,    0.8270792,    0.5620854
robot_33
    -26.0691,    -29.14468,            0,            0,            0,    0.4043662,    0.9145972
robot_146
   -6.275557,    -10.12795,            0,            0,            0,     0.468935,    0.8832327
robot_156
   -6.533757,    -1.968192,            0,            0,            0,    0.2917945,     0.956481
robot_112
   -38.20271,    -9.862587,            0,            0,            0,    0.9570743,    0.2898426
robot_19
    16.32136,    -29.98036,            0,            0,            0,    0.6668043,    0.7452329
robot_141
   -25.96646,     17.84968,            0,            0,            0,    0.8713451,    0.4906706
robot_35
    14.82833,    -2.022305,            0,            0,            0,   -0.9274536,    0.3739382
robot_184
    18.01835,     34.33337,            0,            0,            0,   -0.3460966,    0.9381989
robot_98
   -20.25202,     33.98173,            0,            0,            0,      0.97628,    0.2165119
robot_100
    -20.5523,    -13.98849,            0,            0,            0,   -0.2153571,    0.9765354
robot_164
     18.0522,     26.23256,            0,            0,            0,   -0.4256761,    0.9048756
robot_59
    28.14239,    -26.03279,            0,            0,            0,    0.7371143,     0.675768
robot_144
    -6.00856,     -13.9782,            0,            0,            0,    0.5107608,    0.8597229
robot_101
   -35.08123,     9.991149,            0,            0,            0,   -0.2450912,       0.9695
robot_161
   -25.98787,      9.89433,            0,            0,            0,     0.459866,    0.8879883
robot_149
    32.34135,     9.977104,            0,            0,            0,    0.9198145,    0.3923535
robot_86
    38.73114,     6.021298,            0,            0,            0,   -0.9990996,   0.04242567
