tuw_multi_robot_msgs::RobotGoalsArray @1970-01-01T01:38:08.500000
frame_id: map
        5888,    500000000
robot_84
   -14.07607,     23.48509,            0,            0,            0,    0.9432424,     0.332105
robot_116
   -2.070072,    -8.915066,            0,            0,            0,    0.9559596,    0.2934982
robot_74
   -17.96583,    -30.02943,            0,            0,            0,   -0.8263559,    0.5631483
robot_41
    10.95952,    -26.02252,            0,            0,            0,   -0.8661557,    0.4997743
robot_125
    21.93643,     4.260206,            0,            0,            0,    0.1364425,     0.990648
robot_136
    1.911821,     33.02739,            0,            0,            0,   -0.6940738,    0.7199039
robot_173
   -6.553487,     30.09142,            0,            0,            0,   -0.9298731,    0.3678804
robot_67
     22.0261,     -18.1953,            0,            0,            0,    0.9311371,    0.3646692
robot_197
    1.965838,    -21.03017,            0,            0,            0,   -0.4007904,    0.9161698
robot_119
   -14.04234,    -13.99812,            0,            0,            0,    0.8250093,    0.5651192
robot_82
    18.71126,     13.97636,            0,            0,            0,   -0.8767263,    0.4809896
robot_77
   -30.00225,     21.98987,            0,            0,            0,   -0.1329485,     0.991123
robot_5
   -30.06924,    -25.81185,            0,            0,            0,    0.6841105,    0.7293784
robot_133
     14.0068,     18.18094,            0,            0,            0,   -0.4004377,     0.916324
robot_99
   -6.051591,    -15.74273,            0,            0,            0,    0.3010689,    0.9536024
robot_171
     22.0213,    -1.954973,            0,            0,            0,    0.9640041,    0.2658875
robot_180
   -6.077314,     21.33125,            0,            0,            0,    0.5959894,    0.8029923
robot_56
  -0.3974238,     22.00866,            0,            0,            0,    0.5753326,    0.8179196
robot_3
   -34.13287,     29.74266,            0,            0,            0,    0.3843567,    0.9231847
robot_81
   -23.28003,     -18.0142,            0,            0,            0,   -0.6724794,    0.7401159
robot_167
     15.0737,     26.00237,            0,            0,            0,   -0.5953949,    0.8034332
robot_25
    17.95938,     6.876767,            0,            0,            0,    0.2815809,    0.9595375
robot_168
   -6.171356,     25.81262,            0,            0,            0,    0.8815067,    0.4721715
robot_96
   -18.08685,     7.628215,            0,            0,            0,    0.9999316,   0.01169563
robot_166
   -22.50733,      17.9501,            0,            0,            0,   -0.7283091,    0.6852488
robot_102
    13.75111,     13.94227,            0,            0,            0,    0.7029424,    0.7112468
robot_192
   -22.37721,    -33.96732,            0,            0,            0,    0.2678801,    0.9634523
robot_179
    27.91122,      21.9933,            0,            0,            0,   -0.9797437,    0.2002556
robot_142
    9.967904,    -37.96532,            0,            0,            0,   -0.9694603,    0.2452485
robot_1
     2.22484,     18.04565,            0,            0,            0,   -0.5118859,    0.8590535
robot_44
   -34.09145,    -11.85156,            0,            0,            0,    -0.465989,    0.8847905
robot_163
   -22.11683,     -38.2069,            0,            0,            0,   -0.9220481,    0.3870754
robot_79
   -1.498158,      17.9793,            0,            0,            0,    0.3255501,    0.9455248
robot_8
   -30.04344,    -17.59549,            0,            0,            0,    0.7443422,    0.6677984
robot_20
   -17.96895,    -17.93881,            0,            0,            0,    0.7340736,    0.6790699
robot_143
   -17.86389,    -2.052479,            0,            0,            0,      0.71974,    0.6942437
robot_138
    31.41244,     2.022083,            0,            0,            0,   -0.8586361,    0.5125856
robot_123
    21.99193,    -9.817499,            0,            0,            0,    0.5569774,    0.8305277
robot_193
   -18.07845,        33.98,            0,            0,            0,    0.8219851,    0.5695089
robot_187
    33.97847,    -34.13725,            0,            0,            0,    0.4300623,    0.9027992
robot_176
    23.59504,    -13.98733,            0,            0,            0,   -0.9948421,    0.1014354
robot_66
   -13.79262,     33.95998,            0,            0,            0,    0.9652015,    0.2615072
robot_63
    37.10275,    -9.977565,            0,            0,            0,   -0.7348722,    0.6782056
robot_31
   -34.07188,     36.94072,            0,            0,            0,   -0.5783675,    0.8157763
robot_159
    -21.5149,      29.9767,            0,            0,            0,    0.9979142,   0.06455472
robot_160
    13.85385,    -10.15183,            0,            0,            0,   -0.8127248,    0.5826478
robot_151
    20.69806,     29.98684,            0,            0,            0,    0.3719643,     0.928247
robot_150
    16.68939,    -9.979535,            0,            0,            0,    0.9749568,    0.2223944
robot_137
    13.73692,     33.91702,            0,            0,            0,   -0.7781484,    0.6280805
robot_199
    3.078417,     14.01943,            0,            0,            0,   -0.9139216,    0.4058908
robot_54
    6.100388,     26.13624,            0,            0,            0,    0.1145361,    0.9934191
robot_117
   -2.045565,    -28.60428,            0,            0,            0,    0.9071117,    0.4208899
robot_36
   -1.291746,     -6.01461,            0,            0,            0,   -0.8340616,    0.5516713
robot_33
    1.619277,     -18.0818,            0,            0,            0,   -0.0382879,    0.9992667
robot_146
    17.91431,    -5.739487,            0,            0,            0,   -0.7196897,    0.6942959
robot_156
    24.05283,    -6.006301,            0,            0,            0,   -0.8774485,    0.4796708
robot_112
      33.615,     26.00824,            0,            0,            0,    0.1527038,     0.988272
robot_19
   -21.86871,       25.892,            0,            0,            0,   0.03166743,    0.9994985
robot_141
    29.34358,    -34.02485,            0,            0,            0,    0.2166486,    0.9762497
robot_35
    29.60302,     29.90407,            0,            0,            0,    0.9738891,    0.2270242
robot_184
    33.93234,     -6.89917,            0,            0,            0,   -0.9419111,    0.3358624
robot_98
   -2.045882,    -15.06434,            0,            0,            0,   -0.5739218,    0.8189101
robot_100
     37.9054,      26.1884,            0,            0,            0,    0.7210931,    0.6928381
robot_164
    25.90175,    -2.833584,            0,            0,            0,   -0.7146593,    0.6994728
robot_59
   -34.09073,     39.05885,            0,            0,            0,   -0.8825214,    0.4702722
robot_144
   -34.49148,    -33.94639,            0,            0,            0,    0.2981625,    0.9545151
robot_101
    -13.5437,     2.010396,            0,            0,            0,    0.9567774,    0.2908212
robot_161
   -6.239961,     -18.1138,            0,            0,            0,  -0.04024859,    0.9991897
robot_149
   -26.03979,     15.19174,            0,            0,            0,   -0.8448532,    0.5349982
robot_86
    17.87555,     38.00585,            0,            0,            0,   -0.2125723,    0.9771453
robot_191
   -26.49908,    -21.98151,            0,            0,            0,    0.6150699,    0.7884726
robot_126
   -22.67933,    -2.017708,            0,            0,            0,    0.1084383,    0.9941032
robot_190
   -5.943465,    -21.76658,            0,            0,            0,    0.3806365,    0.9247248
robot_131
    19.94011,     38.02165,            0,            0,            0,   -0.8251498,     0.564914
robot_154
   -13.90613,    -2.202042,            0,            0,            0,   -0.8002697,    0.5996402
robot_9
   -30.03652,     25.56376,            0,            0,            0,   -0.1836913,     0.982984
robot_27
    13.99604,    -38.29064,            0,            0,            0,     0.947496,    0.3197676
robot_34
    28.36754,    -1.976875,            0,            0,            0,   0.01309438,    0.9999143
robot_114
   -22.07915,    -10.36721,            0,            0,            0,    -0.887493,    0.4608212
robot_51
      -14.02,    -33.66538,            0,            0,            0,    0.4557947,    0.8900849
robot_108
   -6.562706,    -2.058216,            0,            0,            0,   -0.5590373,    0.8291425
robot_147
   -7.193375,    -25.99595,            0,            0,            0,    0.5585656,    0.8294604
robot_183
   -16.04086,    -6.031119,            0,            0,            0,    0.9177334,    0.3971969
robot_48
     -13.629,     18.07942,            0,            0,            0,    0.3547201,    0.9349725
robot_60
    2.106408,      26.0834,            0,            0,            0,   -0.3232415,    0.9463165
robot_75
    1.556802,    -6.031268,            0,            0,            0,    0.4568181,    0.8895601
robot_152
     1.80774,     21.92338,            0,            0,            0,   -0.9933701,    0.1149598
robot_26
    -26.4047,    -26.07303,            0,            0,            0,  -0.02734937,    0.9996259
robot_182
   -6.093546,    -13.60315,            0,            0,            0,    -0.997449,    0.0713832
robot_172
     16.2653,    -37.99159,            0,            0,            0,   -0.8174777,    0.5759602
robot_43
    12.60487,    -17.99769,            0,            0,            0,   -0.9225329,    0.3859185
robot_170
    -36.6013,     30.02917,            0,            0,            0,   0.06214693,     0.998067
robot_177
   -10.04165,    -24.36643,            0,            0,            0,    0.8967644,    0.4425083
robot_80
    19.71574,     21.99404,            0,            0,            0,   -0.8740125,    0.4859034
robot_16
     1.95004,    -30.84813,            0,            0,            0,   -0.5231783,    0.8522232
robot_13
    13.95868,     5.696042,            0,            0,            0,   -0.3036123,    0.9527957
robot_178
    5.914413,    -35.09679,            0,            0,            0,   -0.8710519,    0.4911909
robot_88
   -6.090597,     10.12228,            0,            0,            0,    0.3627228,    0.9318971
robot_194
   -31.61851,    -5.991234,            0,            0,            0,    -0.444663,    0.8956979
robot_29
    29.76883,     38.20832,            0,            0,            0,    0.1512384,    0.9884973
robot_92
    25.89093,    -13.83629,            0,            0,            0,   -0.6520704,    0.7581584
robot_87
    27.24529,    -25.96893,            0,            0,            0,    0.3627242,    0.9318965
robot_68
   -23.75277,    -22.01757,            0,            0,            0,   -0.8445593,     0.535462
robot_22
   -23.16732,     9.989598,            0,            0,            0,    0.4254059,    0.9050027
robot_38
    37.92756,     -28.8872,            0,            0,            0,    0.9725312,    0.2327724
robot_2
    5.921976,     28.03532,            0,            0,            0,   -0.9999531,   0.00968359
robot_110
   -22.29034,    -29.99008,            0,            0,            0,    0.9520494,    0.3059442
robot_14
   -34.05532,     1.458101,            0,            0,            0,    0.7978668,    0.6028337
robot_181
   -10.15981,     34.05462,            0,            0,            0,   -0.9822219,    0.1877237
robot_61
    34.58199,    -29.97711,            0,            0,            0,     0.979969,    0.1991503
robot_30
    6.222352,     6.097629,            0,            0,            0,    0.7240458,    0.6897519
robot_122
    29.91117,    -37.86585,            0,            0,            0,   -0.7881397,    0.6154964
robot_132
    -1.75135,     5.975145,            0,            0,            0,    -0.846127,    0.5329813
robot_45
   -34.08237,     19.91966,            0,            0,            0,    0.6494276,    0.7604234
robot_21
   -10.02178,     -2.20766,            0,            0,            0,    0.9207939,    0.3900494
robot_39
   -28.89963,     30.00093,            0,            0,            0,   0.03365204,    0.9994336
robot_134
     37.8238,    -13.87354,            0,            0,            0,    -0.669756,    0.7425813
robot_15
   -33.75747,     33.97219,            0,            0,            0,    0.1209541,    0.9926581
robot_145
    11.61501,    -14.01559,            0,            0,            0,   -0.6560634,    0.7547058
robot_140
    7.372575,    -30.02958,            0,            0,            0,   -0.9215382,    0.3882876
robot_196
   -30.15967,    -9.789377,            0,            0,            0,    0.8843482,    0.4668278
robot_188
   -37.49384,     13.98464,            0,            0,            0,  -0.07288257,    0.9973405
robot_4
   -25.86169,    -13.91143,            0,            0,            0,   -0.6260317,    0.7797976
robot_155
   -2.081296,    -18.42897,            0,            0,            0,  -0.01877361,    0.9998238
robot_135
   -30.04231,     38.45995,            0,            0,            0,    0.5014894,    0.8651638
robot_93
    33.93056,     13.89214,            0,            0,            0,    0.9964539,   0.08414098
robot_111
   -39.46461,    -29.96787,            0,            0,            0,    -0.856733,    0.5157602
robot_0
   -10.21496,     -6.20464,            0,            0,            0,  -0.05476233,    0.9984994
robot_49
   -34.03951,    -14.46868,            0,            0,            0,     0.583353,    0.8122188
robot_113
   -18.54293,     9.941308,            0,            0,            0,    -0.259974,    0.9656156
robot_94
   -36.72924,    -9.980248,            0,            0,            0,    0.8379293,    0.5457788
robot_40
   -33.06143,    -25.98603,            0,            0,            0,    -0.643679,    0.7652956
robot_103
    29.95799,     21.51836,            0,            0,            0,    0.2609112,    0.9653628
robot_6
    22.34931,    -25.95882,            0,            0,            0,    0.7295855,    0.6838896
robot_71
    1.903978,     -27.3573,            0,            0,            0,    0.7681847,    0.6402282
robot_17
   -26.19982,     25.79461,            0,            0,            0,    0.4662898,     0.884632
robot_120
   -38.07251,     7.866555,            0,            0,            0,   -0.9853864,    0.1703342
robot_189
   -34.06228,     7.750848,            0,            0,            0,    0.9899519,    0.1414044
robot_148
   -26.02088,    -10.09244,            0,            0,            0,   -0.5281159,    0.8491723
robot_186
   -38.06246,    -14.69637,            0,            0,            0,    0.9835687,    0.1805344
robot_198
    5.685643,    -21.90555,            0,            0,            0,    0.9740866,    0.2261752
robot_107
    31.93833,     13.97683,            0,            0,            0,   -0.1905937,     0.981669
robot_18
    9.966202,    -23.97803,            0,            0,            0,   -0.7983264,     0.602225
robot_23
   -14.14531,    -26.22169,            0,            0,            0,    0.5215086,     0.853246
robot_46
    17.16287,     1.983129,            0,            0,            0,   -0.7883342,    0.6152472
robot_109
   -2.971965,     29.99653,            0,            0,            0,    0.8153489,      0.57897
robot_10
   -33.53888,    -30.01474,            0,            0,            0,    0.8590113,    0.5119566
robot_157
    33.84683,     29.93953,            0,            0,            0,   -0.9691553,    0.2464507
robot_70
    22.49306,     13.99917,            0,            0,            0,   0.07638669,    0.9970783
robot_55
    38.35427,     21.93334,            0,            0,            0,    0.9803752,     0.197141
