tuw_multi_robot_msgs::RobotGoalsArray @1970-01-01T00:12:54.700000
frame_id: map
           0,            0
robot_84
   -27.14717,    -26.02796,            0,            0,            0,   -0.6060515,    0.7954254
robot_116
   -10.18712,    -26.08729,            0,            0,            0,    0.9930424,    0.1177576
robot_74
    25.89782,     26.11296,            0,            0,            0,    0.8170779,    0.5765273
robot_41
    19.49552,     18.02521,            0,            0,            0,   -0.9812352,    0.1928144
robot_125
    17.55326,     34.06652,            0,            0,            0,   -0.9031565,    0.4293116
robot_136
   -34.08108,    -37.37273,            0,            0,            0,    0.6721038,    0.7404569
robot_173
   -4.871655,     10.00842,            0,            0,            0,    0.7578554,    0.6524226
robot_67
   -30.05939,     29.06909,            0,            0,            0,    0.9848124,    0.1736221
robot_197
   -26.40053,     18.01482,            0,            0,            0,    0.8218158,    0.5697533
robot_119
    24.52237,    -14.02942,            0,            0,            0,    0.7990636,    0.6012465
robot_82
    18.17366,    -10.01211,            0,            0,            0,   -0.9972832,   0.07366277
robot_77
   -34.15867,     10.20621,            0,            0,            0,   -0.1300685,     0.991505
robot_5
   -10.08148,     23.72977,            0,            0,            0,    -0.994153,    0.1079804
robot_133
    33.94027,     34.95321,            0,            0,            0,    0.8256145,    0.5642347
robot_99
    12.68846,     18.01249,            0,            0,            0,   -0.9995013,   0.03157654
robot_171
   -24.11159,      29.9813,            0,            0,            0,    0.8468821,    0.5317807
robot_180
   -10.06609,    -9.859826,            0,            0,            0,    -0.880171,    0.4746567
robot_56
    17.93268,    0.8555284,            0,            0,            0,    0.1692311,    0.9855764
robot_3
     -16.745,     9.995185,            0,            0,            0,    0.4354487,    0.9002135
robot_81
   -2.045704,    -31.72239,            0,            0,            0,    0.1753118,     0.984513
robot_167
    24.37681,     37.96747,            0,            0,            0,  -0.05252054,    0.9986198
robot_25
   -26.04859,    -29.56389,            0,            0,            0,   -0.6685504,    0.7436669
robot_168
   -33.88771,    -6.037865,            0,            0,            0,    0.8572314,    0.5149314
robot_96
   -6.655255,     5.997642,            0,            0,            0,   -0.9561651,    0.2928282
robot_166
   -22.97581,    -9.988315,            0,            0,            0,    0.6048339,    0.7963517
robot_102
    21.95646,     24.80995,            0,            0,            0,    0.5410385,    0.8409978
robot_192
    29.91697,    -24.40234,            0,            0,            0,   -0.1271587,    0.9918824
robot_179
   -3.760432,    -30.00129,            0,            0,            0,    0.4303596,    0.9026575
robot_142
    19.76339,     1.994649,            0,            0,            0,   -0.5177959,    0.8555042
robot_1
    5.492317,    -9.961857,            0,            0,            0,    0.3308267,    0.9436915
robot_44
    13.90624,     1.781452,            0,            0,            0,    0.5525342,    0.8334902
robot_163
    39.33079,    -14.00312,            0,            0,            0,    0.9964955,     0.083646
robot_79
    -26.0534,    -13.22573,            0,            0,            0,    0.4747836,    0.8801026
robot_8
    13.82046,     9.781847,            0,            0,            0,    0.8581408,    0.5134143
robot_20
    13.53393,     30.09807,            0,            0,            0,    0.2671458,    0.9636561
robot_143
   -14.44242,    -13.99096,            0,            0,            0,   -0.8764418,    0.4815077
robot_138
    17.93426,    -31.47133,            0,            0,            0,    0.3719474,    0.9282538
robot_123
    9.963427,     4.550166,            0,            0,            0,   -0.5486649,    0.8360424
robot_193
    38.05752,      21.8011,            0,            0,            0,    0.5568652,    0.8306029
robot_187
   -34.14383,    -14.07873,            0,            0,            0,    0.2736913,    0.9618176
