tuw_multi_robot_msgs::RobotGoalsArray @1970-01-01T01:22:45.400000
frame_id: map
        4965,    400000000
robot_84
    39.07914,    -5.969359,            0,            0,            0,  -0.09885792,    0.9951016
robot_116
   -34.07702,     7.181315,            0,            0,            0,   -0.9807682,    0.1951763
robot_74
    38.06074,    -22.04573,            0,            0,            0,   -0.9899081,    0.1417111
robot_41
   -18.07809,     28.91095,            0,            0,            0,   -0.5893432,    0.8078828
robot_125
    6.023121,     1.892522,            0,            0,            0,     -0.31075,    0.9504917
robot_136
    1.911094,    -19.65206,            0,            0,            0,    0.8374486,    0.5465161
robot_173
   -38.10774,     10.24241,            0,            0,            0,    0.9154536,    0.4024236
robot_67
   -7.097761,    -21.97175,            0,            0,            0,    0.8534219,    0.5212208
robot_197
   -9.667089,     1.941655,            0,            0,            0,   -0.2675488,    0.9635443
robot_119
   -25.13099,    -37.98094,            0,            0,            0,   -0.1751934,     0.984534
