tuw_multi_robot_msgs::RobotGoalsArray @1970-01-01T01:37:42.300000
frame_id: map
        5862,    300000000
robot_84
   -34.09836,    -33.69454,            0,            0,            0,    0.8234869,    0.5673352
robot_116
   -12.26486,    -30.02255,            0,            0,            0,   -0.9714717,    0.2371555
robot_74
    33.93954,    -18.68957,            0,            0,            0,    0.5255701,    0.8507503
robot_41
    11.57675,    -26.03153,            0,            0,            0,   -0.5862013,    0.8101654
robot_125
      21.704,     -5.86936,            0,            0,            0,   -0.9936052,      0.11291
robot_136
   -30.12392,      14.3607,            0,            0,            0,    0.9998734,   0.01591031
robot_173
    33.96199,     14.81503,            0,            0,            0,   -0.8796452,    0.4756304
robot_67
   -22.09421,     27.20776,            0,            0,            0,    0.7956957,    0.6056966
robot_197
    29.99262,     21.71925,            0,            0,            0,    0.9833854,      0.18153
robot_119
   -29.93742,    -34.00225,            0,            0,            0,    0.9969319,   0.07827372
robot_82
   -9.994873,     37.67754,            0,            0,            0,   -0.3547687,    0.9349541
robot_77
    33.84558,     18.24934,            0,            0,            0,    0.7457576,    0.6662174
robot_5
   -26.16698,    -1.872483,            0,            0,            0,   -0.2213391,    0.9751969
robot_133
    18.01605,     17.97039,            0,            0,            0,   -0.6948801,    0.7191256
robot_99
    9.977105,     37.70175,            0,            0,            0,    0.9985405,   0.05400879
robot_171
   -14.28669,     -18.1588,            0,            0,            0,   -0.3915219,    0.9201688
robot_180
    17.94727,     36.95482,            0,            0,            0,   -0.6491809,    0.7606341
robot_56
   -38.01226,    -26.01703,            0,            0,            0,    0.2771981,    0.9608128
robot_3
    37.68766,    -30.04662,            0,            0,            0,   -0.9734639,    0.2288408
robot_81
   -6.052941,    -13.45514,            0,            0,            0,    0.8858669,    0.4639395
robot_167
    35.29341,     21.98927,            0,            0,            0,   -0.1943337,    0.9809355
robot_25
    29.91995,     11.95464,            0,            0,            0,   -0.9428504,    0.3332162
robot_168
    2.023848,       6.2628,            0,            0,            0,   -0.9887071,    0.1498606
robot_96
    25.96668,    -8.832296,            0,            0,            0,   -0.5054379,     0.862863
robot_166
     5.93397,    -17.23705,            0,            0,            0,   -0.8718774,    0.4897243
robot_102
   -34.32881,    -22.08011,            0,            0,            0,    0.9576812,     0.287831
robot_192
   -33.84738,    -6.092512,            0,            0,            0,    0.9701572,    0.2424768
robot_179
   -18.09676,    -19.77171,            0,            0,            0,    0.9999864,  0.005212529
robot_142
    13.94894,    0.2079598,            0,            0,            0,   -0.9312674,    0.3643364
robot_1
    13.92541,     -35.4142,            0,            0,            0,    0.8008701,    0.5988381
robot_44
    29.51854,     18.06468,            0,            0,            0,   -0.9406146,    0.3394763
robot_163
    37.93285,     26.67677,            0,            0,            0,   -0.8607098,    0.5090959
robot_79
   -33.61201,    -17.97915,            0,            0,            0,    0.9890268,    0.1477364
robot_8
   -2.115531,     13.77732,            0,            0,            0,     -0.44329,    0.8963783
robot_20
     33.9614,    -12.34577,            0,            0,            0,   -0.9987877,   0.04922539
robot_143
    -20.3712,    -1.994829,            0,            0,            0,   -0.9953948,   0.09586065
robot_138
   -30.05418,    -39.06114,            0,            0,            0,   -0.1703883,     0.985377
robot_123
   -2.031947,    -29.90134,            0,            0,            0,    0.5049426,    0.8631529
robot_193
   -30.45619,     2.081482,            0,            0,            0,   -0.9803035,     0.197497
robot_187
   -22.03403,     15.82217,            0,            0,            0,    0.2817005,    0.9595024
robot_176
     6.03831,    -37.80111,            0,            0,            0,   -0.9468135,    0.3217828
robot_66
   -20.49972,     25.97513,            0,            0,            0,   -0.6383344,    0.7697592
robot_63
   -17.12533,     5.973996,            0,            0,            0,    0.3960264,    0.9182391
robot_31
   -2.037058,     10.67013,            0,            0,            0,   -0.9868959,    0.1613583
robot_159
   -34.04933,      11.2931,            0,            0,            0,   -0.5502995,    0.8349674
robot_160
   -2.089835,     33.74924,            0,            0,            0,     0.120953,    0.9926582
robot_151
   -22.63112,    -34.02531,            0,            0,            0,    -0.925307,    0.3792189
robot_150
    -26.1986,     5.809017,            0,            0,            0,   -0.6786067,    0.7345018
robot_137
   -15.86626,    -21.97927,            0,            0,            0,   -0.4376313,    0.8991545
robot_199
    5.927439,     37.40296,            0,            0,            0,    0.6393113,     0.768948
robot_54
   -30.07653,    -22.04894,            0,            0,            0,   -0.8002063,    0.5997248
robot_117
   -21.72361,     34.01695,            0,            0,            0,   -0.5652523,    0.8249181
robot_36
     30.3437,      2.02145,            0,            0,            0,    0.2983054,    0.9544705
robot_33
   -18.16914,     29.98102,            0,            0,            0,   -0.8771388,     0.480237
robot_146
    14.03145,    -21.90498,            0,            0,            0,     0.746225,    0.6656938
robot_156
    -10.5148,    -18.08798,            0,            0,            0,   -0.9901706,    0.1398647
robot_112
    21.95823,     25.98905,            0,            0,            0,  -0.05002006,    0.9987482
robot_19
    5.874725,    -13.95661,            0,            0,            0,    0.1351523,    0.9908248
robot_141
    13.73761,    -10.05552,            0,            0,            0,   -0.8678891,    0.4967579
robot_35
    10.43323,     18.08625,            0,            0,            0,    0.8909985,    0.4540062
robot_184
   -17.85651,    -25.83343,            0,            0,            0,    0.7605218,    0.6493123
robot_98
    30.16537,     38.05695,            0,            0,            0,    0.4163005,    0.9092271
robot_100
    -9.62106,     29.98777,            0,            0,            0,    -0.435681,    0.9001012
robot_164
   -22.30617,    -14.04071,            0,            0,            0,   -0.5411083,    0.8409529
robot_59
   -31.62619,     -30.0176,            0,            0,            0,   -0.7878053,    0.6159243
robot_144
    13.92798,     37.94444,            0,            0,            0,    0.7944324,    0.6073526
robot_101
    9.458219,     -9.95464,            0,            0,            0,    0.1108973,    0.9938319
robot_161
    17.60944,    -22.01809,            0,            0,            0,   -0.7965966,    0.6045113
robot_149
   -30.01233,     22.21903,            0,            0,            0,   -0.9856322,    0.1689056
robot_86
   -33.66357,    -37.92095,            0,            0,            0,    0.1657437,    0.9861689
robot_191
     37.5423,    -25.93784,            0,            0,            0,      0.97554,    0.2198222
robot_126
    17.91285,    -12.94161,            0,            0,            0,   -0.3802804,    0.9248713
robot_190
    38.02714,    -6.302474,            0,            0,            0,   -0.7847482,    0.6198147
robot_131
   -19.43476,    -29.99899,            0,            0,            0,   -0.1383862,    0.9903783
robot_154
   -38.16977,    -22.20548,            0,            0,            0,   -0.2081535,    0.9780962
robot_9
     5.86973,     22.09181,            0,            0,            0,   -0.7778964,    0.6283926
robot_27
    26.61556,    -21.98606,            0,            0,            0,    0.9565209,    0.2916639
robot_34
   -18.72907,    -33.98168,            0,            0,            0,    0.8049694,    0.5933163
robot_114
   -19.98888,    -37.98481,            0,            0,            0,     0.986805,    0.1619133
robot_51
    17.97468,    -25.83807,            0,            0,            0,   -0.7046707,    0.7095345
robot_108
    -26.3355,    -21.98077,            0,            0,            0,    0.6686351,    0.7435907
robot_147
   -30.06757,     36.35624,            0,            0,            0,     0.638245,    0.7698333
robot_183
   -27.53975,     -38.0258,            0,            0,            0,    0.9428694,    0.3331625
robot_48
    34.39653,    -9.939663,            0,            0,            0,   -0.5650346,    0.8250672
robot_60
     29.9331,    -33.93912,            0,            0,            0,  -0.06572579,    0.9978377
robot_75
    -11.3002,    -6.018956,            0,            0,            0,    -0.836955,    0.5472718
robot_152
    26.18885,    -33.92136,            0,            0,            0,   -0.8323008,    0.5543242
robot_26
    29.93186,     -23.9935,            0,            0,            0,   -0.4597828,    0.8880314
robot_182
   -18.41919,     25.97452,            0,            0,            0,     -0.20731,    0.9782753
robot_172
    15.14038,     33.97566,            0,            0,            0,    -0.210106,    0.9776786
robot_43
    20.77094,     21.97862,            0,            0,            0,    -0.940429,    0.3399902
robot_170
   -26.06586,    -33.44443,            0,            0,            0,      0.53114,    0.8472841
robot_177
    17.94369,     1.740997,            0,            0,            0,   -0.8700335,    0.4929926
robot_80
    25.80405,     18.21739,            0,            0,            0,    0.7332743,     0.679933
robot_16
    2.298146,    -33.94942,            0,            0,            0,   -0.9395383,    0.3424438
robot_13
    22.29363,     18.07835,            0,            0,            0,    0.3379727,    0.9411559
robot_178
   -36.68399,    -5.968764,            0,            0,            0,   -0.8057373,     0.592273
robot_88
   -11.14423,    -2.032256,            0,            0,            0,    0.9910674,    0.1333623
robot_194
    17.95357,     -15.2551,            0,            0,            0,    0.9966811,   0.08140453
robot_29
    4.925697,    -26.03018,            0,            0,            0,   -0.4386198,    0.8986727
robot_92
    25.85641,     14.23894,            0,            0,            0,    0.4201358,    0.9074613
robot_87
   -10.05706,    -22.91249,            0,            0,            0,   -0.9888796,    0.1487181
robot_68
    25.84575,     -30.1927,            0,            0,            0,   -0.4338557,    0.9009824
robot_22
   -37.81331,     13.90825,            0,            0,            0,    0.7421531,    0.6702304
robot_38
   -30.05074,      10.9344,            0,            0,            0,    0.7005441,    0.7136091
robot_2
   -10.03468,    -12.56289,            0,            0,            0,   -0.8605818,    0.5093122
robot_110
    9.921933,     14.15717,            0,            0,            0,    0.8597131,    0.5107772
robot_14
   -10.34428,    -25.90481,            0,            0,            0,     0.897621,    0.4407681
robot_181
    21.96467,       31.869,            0,            0,            0,    -0.613406,    0.7897677
robot_61
    9.932049,    -3.637249,            0,            0,            0,    0.9123745,    0.4093566
robot_30
    -14.0361,     -14.1396,            0,            0,            0,     0.115418,     0.993317
robot_122
    29.90816,    -37.79965,            0,            0,            0,    0.9998246,   0.01873034
robot_132
   -13.99325,     17.98932,            0,            0,            0,    0.3211191,    0.9470388
robot_45
   -34.01761,     37.97243,            0,            0,            0,   -0.9957325,   0.09228606
robot_21
   -2.154826,    -14.08881,            0,            0,            0,    0.3521003,    0.9359623
robot_39
   -6.259905,     13.90992,            0,            0,            0,    0.5364584,    0.8439268
robot_134
   -10.09165,     20.47597,            0,            0,            0,    0.6379662,    0.7700644
robot_15
    14.02988,    -30.31889,            0,            0,            0,    0.9999999, 0.0004460935
robot_145
     22.0968,     38.13604,            0,            0,            0,    0.7381049,     0.674686
robot_140
    25.05337,    -14.01904,            0,            0,            0,    0.5900508,    0.8073661
robot_196
   -34.09598,     -29.3635,            0,            0,            0,   -0.4557331,    0.8901165
robot_188
   -10.52051,     1.920698,            0,            0,            0,    0.8366535,    0.5477325
robot_4
     25.9283,     29.74764,            0,            0,            0,  -0.02853372,    0.9995928
robot_155
   -1.588682,     30.04116,            0,            0,            0,    0.9889652,    0.1481482
robot_135
    7.769586,    -21.99293,            0,            0,            0,   -0.5307005,    0.8475594
robot_93
    29.96425,    -16.57228,            0,            0,            0,    0.6165852,    0.7872882
robot_111
    17.93589,      24.8038,            0,            0,            0,   0.05034911,    0.9987317
robot_0
   -18.03703,     13.53203,            0,            0,            0,    0.8616965,     0.507424
robot_49
    -2.14417,     26.17767,            0,            0,            0,    0.4000386,    0.9164983
robot_113
    1.059339,     13.99187,            0,            0,            0,    0.9621191,    0.2726296
robot_94
    9.891568,     10.16769,            0,            0,            0,    0.5739531,    0.8188882
robot_40
    13.91533,     14.86963,            0,            0,            0,    0.2687268,    0.9632164
robot_103
   -26.01677,     21.99611,            0,            0,            0,    0.7720062,    0.6356151
robot_6
   -28.68003,     38.00655,            0,            0,            0,    0.7414525,    0.6710053
robot_71
   -37.64681,    -33.96114,            0,            0,            0,   -0.9883213,    0.1523847
robot_17
   -30.08217,    -5.105483,            0,            0,            0,    0.1911464,    0.9815615
robot_120
   -22.09779,    -16.54216,            0,            0,            0,     0.899812,    0.4362779
robot_189
    33.95103,     7.828011,            0,            0,            0,    0.9899448,     0.141454
robot_148
    1.924793,    -17.87878,            0,            0,            0,    0.8173366,    0.5761605
robot_186
   -2.080259,     7.551777,            0,            0,            0,   -0.3002088,    0.9538735
robot_198
    5.940953,    -20.31736,            0,            0,            0,   -0.3303763,    0.9438493
robot_107
   -22.09786,     -38.5146,            0,            0,            0,   -0.7872051,    0.6166913
robot_18
    17.99515,    -30.11732,            0,            0,            0,   -0.9976545,   0.06845128
robot_23
     5.89112,     13.96384,            0,            0,            0,    -0.966364,    0.2571783
robot_46
   -24.27671,    -6.008382,            0,            0,            0,    -0.963789,     0.266666
robot_109
   -13.83414,    -1.937213,            0,            0,            0,   -0.3845854,    0.9230894
robot_10
    2.893996,    -21.97597,            0,            0,            0,    0.1617368,    0.9868339
robot_157
     5.95489,    -10.03427,            0,            0,            0,    0.1560644,    0.9877469
robot_70
    26.03816,    -17.80823,            0,            0,            0,    0.8228463,     0.568264
robot_55
   0.8703423,     17.99727,            0,            0,            0,   -0.3404993,    0.9402448
