tuw_multi_robot_msgs::RobotGoalsArray @1970-01-01T00:01:06.900000
frame_id: map
           0,            0
robot_84
   -14.06609,    -12.70067,            0,            0,            0,    0.4076607,    0.9131335
robot_116
   -6.082774,     23.20819,            0,            0,            0,   0.09590493,    0.9953905
robot_74
    13.95276,     17.10624,            0,            0,            0,   -0.9622874,    0.2720347
robot_41
   -2.048022,     30.26264,            0,            0,            0,    0.9025908,    0.4304996
robot_125
    22.09238,     -22.0666,            0,            0,            0,    0.8157382,    0.5784213
robot_136
    17.87825,     30.14121,            0,            0,            0,    0.8929823,    0.4500918
robot_173
     33.8568,    -18.26005,            0,            0,            0,   -0.4581067,    0.8888972
robot_67
    25.96006,     34.85819,            0,            0,            0,   -0.3609407,    0.9325888
robot_197
    13.75169,    -6.005382,            0,            0,            0,    0.9996872,   0.02501098
robot_119
    12.86097,     26.02538,            0,            0,            0,   -0.1988953,    0.9800207
robot_82
    9.918365,     17.17164,            0,            0,            0,   -0.9296945,    0.3683316
robot_77
   -22.26196,    -25.96569,            0,            0,            0,    0.9002975,    0.4352751
robot_5
    -27.9318,     13.99202,            0,            0,            0,  -0.06993029,    0.9975519
robot_133
   -21.49202,    -37.99204,            0,            0,            0,    0.5265532,    0.8501422
robot_99
    25.91863,    -25.30131,            0,            0,            0,   -0.7826028,    0.6225214
robot_171
   -10.11316,    -26.03335,            0,            0,            0,    0.9613188,     0.275438
robot_180
   -18.23291,    -33.87995,            0,            0,            0,    0.4494763,    0.8932923
robot_56
   -3.857203,    -29.97821,            0,            0,            0,    0.4396989,    0.8981453
robot_3
   -26.05666,    -13.52016,            0,            0,            0,    0.8001044,    0.5998608
robot_81
    13.64103,     22.08852,            0,            0,            0,   -0.9081139,    0.4187233
robot_167
    6.338026,    -1.921808,            0,            0,            0,  0.009641681,    0.9999535
robot_25
     21.6848,    -33.98182,            0,            0,            0,   -0.4895571,    0.8719712
robot_168
    1.919107,      25.1703,            0,            0,            0,   -0.7029329,    0.7112562
robot_96
   -14.48834,     2.009444,            0,            0,            0,   -0.8588041,    0.5123041
robot_166
    1.541241,    -26.05922,            0,            0,            0,    0.6382384,    0.7698388
