tuw_multi_robot_msgs::RobotGoalsArray @1970-01-01T01:20:30.800000
frame_id: map
        4830,    800000000
robot_84
   -25.40225,      34.0304,            0,            0,            0,    0.9080249,    0.4189162
robot_116
   -30.29894,    -10.08086,            0,            0,            0,    0.7529184,    0.6581139
robot_74
    -22.0963,     -36.8111,            0,            0,            0,    0.9464582,    0.3228264
robot_41
    22.14327,    -21.92794,            0,            0,            0,   -0.9940067,    0.1093195
robot_125
    28.12794,     -6.02543,            0,            0,            0,   -0.6677715,    0.7443663
robot_136
   -22.16391,     22.35506,            0,            0,            0,    0.3370626,    0.9414822
robot_173
     25.5506,    -17.92613,            0,            0,            0,    0.1693187,    0.9855614
robot_67
   -10.05522,    -20.01508,            0,            0,            0,    -0.796848,    0.6041798
robot_197
   -34.08419,     36.63785,            0,            0,            0,   -0.6845384,    0.7289768
robot_119
   -26.08319,    -3.170145,            0,            0,            0,   -0.9023922,    0.4309156
robot_82
    21.94746,     23.65892,            0,            0,            0,   -0.8329406,    0.5533624
robot_77
   -30.09909,     6.096437,            0,            0,            0,  -0.06720589,    0.9977391
robot_5
    34.84122,     29.99111,            0,            0,            0,   -0.1480692,     0.988977
robot_133
   -34.04031,    -15.78704,            0,            0,            0,    0.6916422,    0.7222403
robot_99
   -34.05468,    -37.01536,            0,            0,            0,   -0.6986299,    0.7154833
robot_171
    34.04797,     34.16288,            0,            0,            0,   -0.9426191,    0.3338701
robot_180
   -6.512449,    -34.09444,            0,            0,            0,      0.44952,    0.8932702
robot_56
   -9.991056,     38.16126,            0,            0,            0,    0.9795095,    0.2013982
robot_3
    37.52185,    -10.03273,            0,            0,            0,   -0.6852652,    0.7282937
robot_81
   -18.05256,    -30.46022,            0,            0,            0,     0.150444,    0.9886185
robot_167
   -18.00394,     14.26177,            0,            0,            0,   -0.3678515,    0.9298845
robot_25
   -12.04996,     -6.01591,            0,            0,            0,    0.9763404,    0.2162392
robot_168
    18.01545,    -13.88439,            0,            0,            0,   -0.2334978,    0.9723573
robot_96
    25.90832,     -35.1557,            0,            0,            0,    0.3258723,    0.9454138
robot_166
    39.24344,    -22.01143,            0,            0,            0,    0.2916966,    0.9565109
robot_102
    9.905656,    -1.870379,            0,            0,            0,    0.1629089,    0.9866411
robot_192
     20.1152,    -18.01871,            0,            0,            0,   -0.9984757,   0.05519261
robot_179
   -35.17686,    -21.96714,            0,            0,            0,    0.8613665,     0.507984
robot_142
    -17.6458,     37.97385,            0,            0,            0,   -0.8294477,    0.5585844
robot_1
    21.96866,    -34.06213,            0,            0,            0,    0.7619362,     0.647652
robot_44
    6.030735,     17.76895,            0,            0,            0,   -0.9995087,   0.03134368
robot_163
    1.513925,     9.957998,            0,            0,            0,    0.9752744,    0.2209975
robot_79
    13.92241,    -23.19456,            0,            0,            0,    0.7100992,    0.7041017
robot_8
    31.99436,    -29.99138,            0,            0,            0,   -0.7063885,    0.7078244
robot_20
    25.17572,     29.99749,            0,            0,            0,   -0.5706471,    0.8211954
robot_143
    13.55189,     22.05721,            0,            0,            0,     0.516712,    0.8561593
robot_138
    9.928885,    -29.39234,            0,            0,            0,    0.9983557,    0.0573236
robot_123
   -26.05176,     18.41411,            0,            0,            0,   -0.9766991,    0.2146131
robot_193
   -30.06504,     4.042273,            0,            0,            0,    0.9873746,    0.1584028
robot_187
    33.90471,     38.67942,            0,            0,            0,   -0.8126503,    0.5827516
robot_176
    9.490159,      9.95987,            0,            0,            0,    0.5647483,    0.8252632
robot_66
   -2.042475,     24.00505,            0,            0,            0,     0.997011,    0.0772598
robot_63
    21.85713,     34.31174,            0,            0,            0,     0.909296,      0.41615
robot_31
   -37.62198,     17.98508,            0,            0,            0,   -0.8243831,    0.5660323
robot_159
   -13.97337,    -29.81919,            0,            0,            0,   -0.3877934,    0.9217463
robot_160
    21.91584,    -4.626877,            0,            0,            0,   -0.2845134,    0.9586721
robot_151
    12.60569,     9.993245,            0,            0,            0,    0.9999646,  0.008408657
robot_150
    -9.85696,    -17.87321,            0,            0,            0,   -0.5582037,     0.829704
robot_137
    33.92095,    -31.84934,            0,            0,            0,  -0.03476081,    0.9993957
robot_199
   -34.07358,    -12.79153,            0,            0,            0,   -0.9332715,    0.3591717
robot_54
    16.09693,    -9.970583,            0,            0,            0,   -0.9662713,    0.2575261
robot_117
   -22.06168,    -7.739917,            0,            0,            0,    0.9930725,    0.1175032
robot_36
    29.63263,    -17.90985,            0,            0,            0,   -0.8022032,    0.5970511
robot_33
    29.91441,     31.67505,            0,            0,            0,   -0.4711464,     0.882055
robot_146
   -32.42666,    -1.975234,            0,            0,            0,    0.8893206,    0.4572843
robot_156
    17.96179,     3.600145,            0,            0,            0,   -0.9914162,    0.1307438
robot_112
   -3.670325,    -5.970416,            0,            0,            0,    0.9292844,    0.3693649
robot_19
    -11.6494,    -2.020423,            0,            0,            0,  -0.04302013,    0.9990742
robot_141
   -22.04794,     3.463848,            0,            0,            0,    -0.972454,    0.2330947
robot_35
   -20.15382,    -14.03008,            0,            0,            0,   -0.8153107,    0.5790238
robot_184
    32.35868,     26.02456,            0,            0,            0,    0.9257015,    0.3782549
robot_98
    16.44874,     5.978807,            0,            0,            0,    0.4333274,    0.9012366
robot_100
    31.29816,     13.98148,            0,            0,            0,   -0.6874668,    0.7262158
robot_164
   -33.73701,     25.93722,            0,            0,            0,   -0.7225072,    0.6913634
robot_59
   -6.452437,     22.08402,            0,            0,            0,   -0.8860785,    0.4635353
robot_144
    5.835783,     -13.8775,            0,            0,            0,    0.7048294,    0.7093768
robot_101
   -29.86992,     22.05661,            0,            0,            0,    0.9099201,    0.4147837
robot_161
    29.86255,    -30.21398,            0,            0,            0,   -0.8548102,    0.5189407
robot_149
     -35.515,    -26.02277,            0,            0,            0,   0.01023407,    0.9999476
robot_86
   -37.41761,    -14.00752,            0,            0,            0,   -0.8727306,    0.4882022
robot_191
   -24.30865,    -33.97391,            0,            0,            0,    0.4576862,    0.8891138
robot_126
    33.90543,    -11.09563,            0,            0,            0,   -0.5365646,    0.8438592
robot_190
   -38.16751,     13.89697,            0,            0,            0,    0.9951567,   0.09830159
robot_131
    -18.0996,      19.8741,            0,            0,            0,   -0.8433326,     0.537392
robot_154
    22.06913,    -38.12907,            0,            0,            0,    -0.292071,    0.9563966
robot_9
   -38.04575,    -12.03467,            0,            0,            0,   -0.3436326,    0.9391042
robot_27
   -6.062214,     28.62083,            0,            0,            0,   -0.6162423,    0.7875566
robot_34
   -14.08664,    -22.41817,            0,            0,            0,    0.8506988,    0.5256534
robot_114
   -4.935575,    -9.977184,            0,            0,            0,    0.1952991,    0.9807437
robot_51
   -33.97143,    -6.088498,            0,            0,            0,    0.9412069,    0.3378307
robot_108
   -14.61726,     21.99752,            0,            0,            0,   -0.9992786,   0.03797813
robot_147
    13.71613,     37.92219,            0,            0,            0,    -0.889134,    0.4576469
robot_183
   -30.14405,    -25.83683,            0,            0,            0,    0.3573324,    0.9339773
robot_48
    9.527359,     38.09005,            0,            0,            0,   -0.9987625,   0.04973432
robot_60
   -22.05983,     11.12123,            0,            0,            0,   -0.8436823,    0.5368428
robot_75
   -18.40788,     26.03371,            0,            0,            0,    0.4860434,    0.8739347
robot_152
    26.00993,     1.781954,            0,            0,            0,    0.7204508,    0.6935061
robot_26
    25.84492,     13.95062,            0,            0,            0,   -0.8790067,    0.4768095
robot_182
    9.935422,     24.89318,            0,            0,            0,   -0.2129721,    0.9770583
robot_172
    13.16012,    -13.96779,            0,            0,            0,   -0.6775419,    0.7354842
robot_43
     -6.0869,     1.291281,            0,            0,            0,    0.2972976,    0.9547849
robot_170
    2.157961,    -34.01436,            0,            0,            0,    0.1075231,    0.9942026
robot_177
   -30.04848,    -4.291033,            0,            0,            0,   -0.7836947,    0.6211462
robot_80
     21.9211,    -11.62952,            0,            0,            0,    0.4925932,    0.8702597
robot_16
    17.82008,    -25.87215,            0,            0,            0,    0.7521889,    0.6589476
robot_13
    4.720543,    -9.971945,            0,            0,            0,    0.5854839,    0.8106841
robot_178
    8.530583,     18.01009,            0,            0,            0,    -0.258762,    0.9659411
robot_88
    5.921113,      9.18984,            0,            0,            0,   -0.9930216,    0.1179322
robot_194
   -38.52984,    -9.966389,            0,            0,            0,    0.9984118,   0.05633665
robot_29
    29.93378,     21.78622,            0,            0,            0,   -0.7823948,    0.6227828
