tuw_multi_robot_msgs::RobotGoalsArray @1970-01-01T01:35:52.300000
frame_id: map
        5752,    300000000
robot_84
   -29.76752,    -9.993404,            0,            0,            0,    0.9349428,    0.3547984
robot_116
     9.70707,    -1.850181,            0,            0,            0,   -0.2844054,    0.9587041
robot_74
   -7.037913,    -29.98334,            0,            0,            0,    0.5048494,    0.8632074
robot_41
    -14.0353,    -20.57709,            0,            0,            0,    0.9989878,   0.04498127
robot_125
   -30.57268,    -5.969121,            0,            0,            0,   -0.8866843,    0.4623754
robot_136
   -34.29071,     30.15251,            0,            0,            0,    0.2370728,    0.9714919
robot_173
    6.350623,    -22.04897,            0,            0,            0,    0.4979356,     0.867214
robot_67
   -33.95352,     1.829887,            0,            0,            0,  -0.07171732,     0.997425
robot_197
   -10.08046,    -16.65139,            0,            0,            0,    -0.463481,    0.8861069
robot_119
    9.922998,     -16.9548,            0,            0,            0,   -0.9330731,    0.3596868
robot_82
    10.35172,     21.92213,            0,            0,            0,    0.5847154,    0.8112385
robot_77
   -34.03428,     20.19532,            0,            0,            0,    0.8482474,    0.5296001
robot_5
   -31.29379,    -26.00163,            0,            0,            0,    0.1633215,    0.9865729
robot_133
    27.60998,    -14.02928,            0,            0,            0,    0.5054865,    0.8628345
robot_99
    18.77014,     26.01098,            0,            0,            0,   0.05521736,    0.9984744
robot_171
     6.03931,    -37.77852,            0,            0,            0,   -0.6937474,    0.7202184
robot_180
    13.60932,    -21.96019,            0,            0,            0,   -0.7139123,    0.7002352
robot_56
   -21.98647,     14.00735,            0,            0,            0,   -0.9676677,    0.2522284
robot_3
   -17.77583,     -37.9875,            0,            0,            0,    0.9462076,    0.3235602
robot_81
    13.94645,    -36.03794,            0,            0,            0,    0.9620398,    0.2729093
robot_167
   -10.21975,     1.941998,            0,            0,            0,   -0.7625216,    0.6469627
robot_25
    17.96279,    -6.216597,            0,            0,            0,   -0.8494641,    0.5276463
robot_168
   -25.60907,     -18.0838,            0,            0,            0,   -0.9823579,    0.1870106
robot_96
    1.707174,    -14.15512,            0,            0,            0,   0.04317786,    0.9990674
robot_166
   -6.070483,      -33.425,            0,            0,            0,   -0.9965167,   0.08339334
robot_102
   -18.12121,    -21.91182,            0,            0,            0,    0.9603513,    0.2787926
robot_192
   -25.91534,     -29.9704,            0,            0,            0,    0.8611172,    0.5084064
robot_179
    22.03787,     14.21468,            0,            0,            0,   -0.9997028,   0.02437978
robot_142
     34.2004,     33.90992,            0,            0,            0,    0.2038506,     0.979002
robot_1
   -5.996381,    -5.734911,            0,            0,            0,   -0.7526124,    0.6584638
robot_44
    17.91706,    -15.88358,            0,            0,            0,    0.2681524,    0.9633765
robot_163
    -5.85338,     17.91631,            0,            0,            0,    0.9705684,    0.2408256
robot_79
    33.91862,     22.14195,            0,            0,            0,    0.4530241,    0.8914983
robot_8
   -5.588186,     14.06489,            0,            0,            0,   -0.2108645,    0.9775153
robot_20
   -22.04447,     16.27012,            0,            0,            0,     0.274779,    0.9615074
robot_143
   -1.990221,     18.25762,            0,            0,            0,   0.08655681,    0.9962469
robot_138
    22.32754,     18.05123,            0,            0,            0,   -0.4449959,    0.8955326
robot_123
    18.24509,     13.93914,            0,            0,            0,    0.2726441,     0.962115
robot_193
    25.91772,     30.90224,            0,            0,            0,   -0.4087621,     0.912641
robot_187
    -29.0302,    -22.00993,            0,            0,            0,   -0.7255431,    0.6881767
robot_176
   -38.85837,     33.98165,            0,            0,            0,    0.5260057,     0.850481
robot_66
   -14.62632,    -18.00069,            0,            0,            0,  -0.07713271,    0.9970208
robot_63
    38.21786,     30.07466,            0,            0,            0,   -0.8557686,    0.5173587
robot_31
    5.322797,     10.01888,            0,            0,            0,   -0.9946943,    0.1028748
robot_159
    25.90975,    -19.42738,            0,            0,            0,     0.982036,    0.1886936
robot_160
   -6.052012,     8.385184,            0,            0,            0,   -0.9911755,    0.1325559
robot_151
    14.06704,     38.21759,            0,            0,            0,    0.9986905,   0.05115941
robot_150
   -26.27571,     17.89996,            0,            0,            0,     -0.16181,    0.9868219
robot_137
   -18.04054,    -8.054617,            0,            0,            0,   0.05123566,    0.9986866
robot_199
    13.99661,    -38.17616,            0,            0,            0,   -0.9951723,   0.09814278
robot_54
   -35.03163,    -10.01813,            0,            0,            0,    0.9999632,  0.008576622
robot_117
    29.06937,     33.97781,            0,            0,            0,    0.9968157,   0.07974015
robot_36
   -18.09819,    -34.67203,            0,            0,            0,    -0.815407,    0.5788882
robot_33
    30.23917,    -1.943163,            0,            0,            0,   -0.7995252,    0.6006325
robot_146
    6.186077,    -34.09632,            0,            0,            0,    0.9032454,    0.4291243
robot_156
   -33.76882,    -34.09996,            0,            0,            0,    -0.697662,     0.716427
robot_112
    37.85211,    -9.893399,            0,            0,            0,   -0.3056355,    0.9521486
robot_19
   -10.16278,    -26.12241,            0,            0,            0,   -0.9787993,    0.2048219
robot_141
   -23.43606,    -18.01181,            0,            0,            0,    0.9160206,    0.4011312
robot_35
    22.02297,     6.290872,            0,            0,            0,    0.7156835,    0.6984247
robot_184
   -26.06784,     -13.1835,            0,            0,            0,     0.457451,    0.8892348
robot_98
     17.9707,    -21.73765,            0,            0,            0,   -0.4197179,    0.9076546
robot_100
   -31.66952,     34.00375,            0,            0,            0,   -0.7273568,    0.6862595
robot_164
   -27.72741,    -6.014112,            0,            0,            0,   -0.8796924,    0.4755431
robot_59
   -30.08811,     24.99674,            0,            0,            0,    0.6555415,    0.7551591
robot_144
   -14.06334,    -36.73584,            0,            0,            0,    0.6223168,    0.7827654
robot_101
    29.73154,     17.96045,            0,            0,            0,    0.7855042,    0.6188563
robot_161
    26.26517,     9.927065,            0,            0,            0,    0.7656196,    0.6432936
robot_149
   -18.13977,    -18.17209,            0,            0,            0,   -0.8441115,    0.5361676
robot_86
    -20.1349,      29.9685,            0,            0,            0,     0.932303,    0.3616783
robot_191
   -30.39414,     10.00993,            0,            0,            0,   -0.1406999,    0.9900523
robot_126
   -2.095313,     25.15982,            0,            0,            0,      0.12829,    0.9917367
robot_190
    9.874299,     9.947413,            0,            0,            0,   -0.9937487,    0.1116398
robot_131
    36.54844,    -18.02266,            0,            0,            0,   0.02120777,    0.9997751
robot_154
   -12.60273,     2.022045,            0,            0,            0,    0.9997833,   0.02081473
robot_9
   -6.079946,    -18.73739,            0,            0,            0,    -0.744093,    0.6680761
robot_27
   -29.27329,     13.98687,            0,            0,            0,   -0.2720848,    0.9622733
robot_34
   -15.70517,    -1.967202,            0,            0,            0,   -0.9473948,    0.3200672
robot_114
   -14.23323,     22.05009,            0,            0,            0,  -0.08428855,    0.9964414
robot_51
    21.86589,     26.03513,            0,            0,            0,  -0.07838685,     0.996923
robot_108
    26.10981,    -30.02594,            0,            0,            0,    0.7507012,    0.6606419
robot_147
    1.983502,     17.89549,            0,            0,            0,   -0.9990957,   0.04251917
robot_183
   -9.682753,    -29.92674,            0,            0,            0,   -0.5700433,    0.8216146
robot_48
   -29.91394,    -29.85748,            0,            0,            0,    0.8660062,    0.5000332
robot_60
    17.78226,     6.109658,            0,            0,            0,   0.00276272,    0.9999962
robot_75
   -22.04274,    -23.76509,            0,            0,            0,    0.7580426,     0.652205
robot_152
   -19.26277,     -1.97984,            0,            0,            0,     0.132578,    0.9911726
robot_26
   -8.420035,     37.99449,            0,            0,            0,   -0.1033974,    0.9946401
robot_182
    5.907018,    -29.12096,            0,            0,            0,   -0.3625798,    0.9319527
robot_172
    37.18447,     22.01973,            0,            0,            0,   -0.7345527,    0.6785516
robot_43
    32.38085,     6.024647,            0,            0,            0,   -0.1909271,    0.9816042
robot_170
   0.1918821,     9.971302,            0,            0,            0,    0.5794028,    0.8150414
robot_177
    13.98403,     30.22708,            0,            0,            0,    0.9659405,    0.2587641
robot_80
    1.743321,    -22.13646,            0,            0,            0,    0.3224312,    0.9465929
robot_16
   -14.07215,     4.321087,            0,            0,            0,  -0.06798585,    0.9976863
robot_13
    10.14676,     -21.8366,            0,            0,            0,   -0.6306956,    0.7760304
robot_178
   -9.865397,    -2.161322,            0,            0,            0,   -0.3939983,    0.9191112
robot_88
   -26.66061,      10.0331,            0,            0,            0,     0.579635,    0.8148762
robot_194
   -38.16109,    -22.28323,            0,            0,            0,   -0.6466371,    0.7627977
robot_29
   -30.50653,    -38.08708,            0,            0,            0,    0.9993083,   0.03718727
robot_92
   -18.04569,      26.9763,            0,            0,            0,    0.8863964,    0.4629271
robot_87
   -9.089207,     34.02825,            0,            0,            0,    0.8054442,    0.5926717
robot_68
    19.81801,     10.01102,            0,            0,            0,   -0.5353925,    0.8446034
robot_22
   -38.12475,    -18.06325,            0,            0,            0,   0.08534156,    0.9963518
robot_38
    1.897876,    -29.76595,            0,            0,            0,   -0.9991887,   0.04027369
robot_2
   -2.424149,     29.99631,            0,            0,            0,   -0.6268247,    0.7791603
robot_110
    13.87492,     6.110784,            0,            0,            0,   -0.6775557,    0.7354715
robot_14
   -30.03952,     18.73725,            0,            0,            0,   -0.6072783,    0.7944892
robot_181
    2.938776,    -34.00182,            0,            0,            0,    0.9962362,   0.08667972
robot_61
    -30.0438,   -0.7856453,            0,            0,            0,   -0.4490856,    0.8934888
robot_30
   -2.507269,    -13.95355,            0,            0,            0,    0.9121962,    0.4097538
robot_122
    37.94764,    -24.98543,            0,            0,            0,   -0.7685265,     0.639818
robot_132
    29.74358,     21.88239,            0,            0,            0,    0.9089231,    0.4169639
robot_45
    5.987154,     6.041917,            0,            0,            0,     0.940171,    0.3407029
robot_21
    18.05418,      34.2309,            0,            0,            0,    0.4136869,    0.9104192
robot_39
    25.92928,     22.54703,            0,            0,            0,    0.6136184,    0.7896027
robot_134
   -38.73878,    -9.985708,            0,            0,            0,     0.064311,    0.9979299
robot_15
   -6.087101,     1.151534,            0,            0,            0,     0.995016,   0.09971564
robot_145
   -38.10602,     5.998355,            0,            0,            0,   -0.7745841,     0.632471
robot_140
    17.93852,    -3.540145,            0,            0,            0,   -0.7872028,    0.6166943
robot_196
    13.95692,     14.42562,            0,            0,            0,   -0.7746287,    0.6324163
robot_188
      21.909,    -10.86381,            0,            0,            0,    0.8398016,    0.5428934
robot_4
   -22.03736,    -11.63184,            0,            0,            0,    0.8454665,    0.5340284
robot_155
    30.15161,    -22.00827,            0,            0,            0,   -0.8185617,    0.5744186
robot_135
    17.96195,    -12.98178,            0,            0,            0,    0.5386827,    0.8425087
robot_93
   -1.639656,    -5.967165,            0,            0,            0,    0.1884793,    0.9820772
robot_111
   -30.30662,    -13.97845,            0,            0,            0,    0.8412816,    0.5405971
robot_0
   -33.02065,    -1.971219,            0,            0,            0,    0.6941181,    0.7198611
robot_49
   -10.15648,      22.1792,            0,            0,            0,    0.7034927,    0.7107025
robot_113
    21.93658,     1.855408,            0,            0,            0,    0.9603582,    0.2787689
robot_94
   -26.11359,    -26.12201,            0,            0,            0,   -0.8215851,    0.5700859
robot_40
    21.84971,    -34.15594,            0,            0,            0,    0.8226779,    0.5685078
robot_103
   -34.51609,     17.92148,            0,            0,            0,    0.8099767,     0.586462
robot_6
    17.93889,    -25.98269,            0,            0,            0,    -0.908818,    0.4171928
robot_71
   -9.867753,     30.08206,            0,            0,            0,   -0.7786841,    0.6274162
robot_17
    21.87437,    -25.73191,            0,            0,            0,     0.900743,    0.4343524
robot_120
    25.83323,    -26.14551,            0,            0,            0,   0.02501727,     0.999687
robot_189
    7.867079,     17.98399,            0,            0,            0,   -0.5535729,    0.8328007
robot_148
    23.84611,     -22.0037,            0,            0,            0,    0.7610904,    0.6486458
robot_186
    17.60969,     17.99733,            0,            0,            0,    0.1388756,    0.9903098
