tuw_multi_robot_msgs::RobotGoalsArray @1970-01-01T01:42:35.800000
frame_id: map
        6155,    800000000
robot_84
   -22.16596,     26.12693,            0,            0,            0,   -0.9916076,    0.1292838
robot_116
   -34.08504,    -22.12768,            0,            0,            0,    0.6271389,    0.7789074
robot_74
    13.81434,    -14.04743,            0,            0,            0,     0.794688,     0.607018
robot_41
   -25.99693,      14.0827,            0,            0,            0,    0.9925967,    0.1214569
robot_125
   -6.335288,     38.03722,            0,            0,            0,   -0.6280195,    0.7781976
robot_136
   -10.04781,    -9.151361,            0,            0,            0,    0.9796191,    0.2008643
robot_173
   -4.458363,     34.01597,            0,            0,            0,   -0.9372057,    0.3487772
robot_67
   -26.30084,     22.04313,            0,            0,            0,   -0.3585735,    0.9335015
robot_197
   -24.92295,    -26.02642,            0,            0,            0,    0.9101114,    0.4143636
robot_119
   -5.777827,    -30.09322,            0,            0,            0,   -0.6977961,    0.7162965
robot_82
    37.93438,     23.50718,            0,            0,            0,    0.3178117,    0.9481538
robot_77
   -34.05586,    -17.52402,            0,            0,            0,    0.6964982,    0.7175585
robot_5
   -17.49614,     14.01152,            0,            0,            0,    0.1233648,    0.9923614
robot_133
    9.938265,     17.72037,            0,            0,            0,   -0.8789918,    0.4768369
robot_99
    33.93876,     34.32552,            0,            0,            0,    0.9937033,    0.1120439
robot_171
    30.14011,     10.09392,            0,            0,            0,   -0.7556583,     0.654966
robot_180
    17.96559,      38.6485,            0,            0,            0,  -0.02354332,    0.9997228
robot_56
   -6.038796,    -1.776421,            0,            0,            0,   -0.2434008,    0.9699258
robot_3
   -34.08608,     24.59515,            0,            0,            0,   -0.3067137,    0.9518018
robot_81
    21.96352,     -35.9857,            0,            0,            0,    -0.264259,    0.9644517
