tuw_multi_robot_msgs::RobotGoalsArray @1970-01-01T01:38:07.300000
frame_id: map
        5887,    300000000
robot_84
    28.22072,     30.00487,            0,            0,            0,      0.93936,    0.3429327
robot_116
    21.90657,    -29.27036,            0,            0,            0,    0.1385906,    0.9903498
robot_74
    9.650038,     18.04967,            0,            0,            0,   -0.7015489,    0.7126214
robot_41
    13.93607,     10.31319,            0,            0,            0,   -0.6448154,    0.7643384
robot_125
   -33.91017,    -34.14685,            0,            0,            0,   -0.9466612,    0.3222305
robot_136
    10.05713,    -25.98739,            0,            0,            0,    0.9545207,    0.2981447
robot_173
    21.94556,     8.073474,            0,            0,            0,  -0.09348381,    0.9956208
robot_67
    13.95656,    -31.83197,            0,            0,            0,   0.08133604,    0.9966867
robot_197
    6.253374,     2.009703,            0,            0,            0,   -0.2952849,    0.9554092
robot_119
    -8.42494,     38.01178,            0,            0,            0,    0.9548905,    0.2969582
robot_82
    33.96496,     38.76245,            0,            0,            0,    0.7152958,    0.6988218
robot_77
   -18.05114,    -37.31327,            0,            0,            0,    0.9939824,    0.1095403
robot_5
    15.24597,     22.02757,            0,            0,            0,   -0.5270191,    0.8498534
robot_133
   -26.12294,    -30.31662,            0,            0,            0,   -0.1095071,     0.993986
robot_99
   -15.76778,    -2.020538,            0,            0,            0,   -0.9002794,    0.4353126
robot_171
    33.90563,    -25.68501,            0,            0,            0,    0.8624766,    0.5060969
robot_180
    5.880212,     9.881828,            0,            0,            0,    -0.986094,    0.1661886
robot_56
    21.93527,     36.60548,            0,            0,            0,    0.1539003,    0.9880864
robot_3
    21.96346,     28.92494,            0,            0,            0,    0.2533681,    0.9673699
robot_81
   -26.03901,     29.19298,            0,            0,            0,   -0.8737049,    0.4864562
robot_167
   -30.07918,     10.70444,            0,            0,            0,   -0.5129454,    0.8584212
robot_25
   -17.84386,     9.980119,            0,            0,            0,   0.02383401,    0.9997159
robot_168
    32.76579,     26.03011,            0,            0,            0,    0.3783684,    0.9256551
robot_96
   -38.09801,     27.89125,            0,            0,            0,   -0.8234866,    0.5673358
robot_166
   -31.12129,     5.967358,            0,            0,            0,    0.9255038,    0.3787383
robot_102
   -14.09636,    -16.31543,            0,            0,            0,   -0.9818139,     0.189846
robot_192
   -30.05771,    -22.75998,            0,            0,            0,    0.4647901,    0.8854209
robot_179
    29.90806,     21.29374,            0,            0,            0,    0.4269725,    0.9042646
robot_142
    24.21242,     14.01592,            0,            0,            0,    0.9824705,    0.1864181
robot_1
   -10.08485,     5.667075,            0,            0,            0,    0.4963691,    0.8681116
robot_44
    -5.66292,     10.00514,            0,            0,            0,    0.2967977,    0.9549404
robot_163
   -34.08164,    -12.42382,            0,            0,            0,    -0.800222,    0.5997039
robot_79
   -38.06591,     22.33267,            0,            0,            0,     0.297109,    0.9548436
robot_8
    35.89958,     13.98228,            0,            0,            0,    0.9998513,   0.01724494
robot_20
   -30.11697,    -1.653995,            0,            0,            0,   -0.5387567,    0.8424614
robot_143
    25.93781,    -23.76391,            0,            0,            0,    0.4158299,    0.9094424
robot_138
    13.25771,    -26.00958,            0,            0,            0,    -0.997052,   0.07672827
robot_123
   -10.06877,    -24.30922,            0,            0,            0,   0.01210391,    0.9999267
robot_193
    14.11714,     30.10276,            0,            0,            0,     0.866363,    0.4994148
robot_187
   -21.74425,     38.01698,            0,            0,            0,   -0.9691795,    0.2463556
robot_176
   -10.12811,     10.22142,            0,            0,            0,   -0.5556604,    0.8314094
robot_66
   -21.98801,     9.908409,            0,            0,            0,  -0.09309871,    0.9956569
robot_63
    2.006775,     21.93258,            0,            0,            0,    0.9312989,     0.364256
robot_31
   -30.05048,    -37.53059,            0,            0,            0,    0.7049832,     0.709224
robot_159
   -24.16867,    -26.01077,            0,            0,            0,   -0.7631421,    0.6462307
robot_160
    9.941074,      29.1663,            0,            0,            0,   -0.9498038,    0.3128463
robot_151
   -26.07532,    -23.15121,            0,            0,            0,   -0.9309381,    0.3651769
robot_150
    9.670484,     9.983538,            0,            0,            0,    0.2616049,     0.965175
robot_137
     5.89264,     26.01082,            0,            0,            0,   -0.3848926,    0.9229614
robot_199
   -18.07623,     6.936766,            0,            0,            0,   -0.6995633,    0.7145706
robot_54
    33.94326,    -0.369451,            0,            0,            0,   -0.8446347,    0.5353431
robot_117
    33.99259,    -33.81694,            0,            0,            0,    0.2832662,    0.9590413
robot_36
    18.26857,    -10.08733,            0,            0,            0,    0.8990219,    0.4379038
robot_33
    33.92237,    -19.62607,            0,            0,            0,    0.9936711,    0.1123287
robot_146
    29.94564,    -13.74596,            0,            0,            0,    0.9960991,   0.08824123
robot_156
    34.16609,     33.83537,            0,            0,            0,   -0.8447659,     0.535136
robot_112
   -17.80415,     17.98758,            0,            0,            0,    0.8017519,     0.597657
robot_19
   -10.11319,     29.68168,            0,            0,            0,    0.3549539,    0.9348838
robot_141
    5.891091,    -10.31069,            0,            0,            0,   -0.1511128,    0.9885165
robot_35
     30.3177,     30.00464,            0,            0,            0,   -0.7873778,    0.6164708
robot_184
    16.76194,     17.97121,            0,            0,            0,    0.8753919,    0.4834139
robot_98
   -30.09801,    -29.83362,            0,            0,            0,   -0.9986369,   0.05219524
robot_100
    9.902889,      7.90117,            0,            0,            0,    0.2036864,    0.9790362
robot_164
   -33.85879,      25.9111,            0,            0,            0,   -0.6167525,    0.7871572
robot_59
    7.080263,    -38.00754,            0,            0,            0,    0.6547327,    0.7558605
robot_144
    29.95822,    -33.01537,            0,            0,            0,    0.9032545,    0.4291053
robot_101
  0.04966751,    -5.992882,            0,            0,            0,   -0.9263453,    0.3766755
robot_161
    25.84226,    -37.77086,            0,            0,            0,    0.9273968,    0.3740791
robot_149
    38.02805,    -29.94679,            0,            0,            0,    0.9367745,    0.3499336
robot_86
    2.232007,    -26.00948,            0,            0,            0,    0.5910382,    0.8066435
robot_191
    39.32385,     25.99772,            0,            0,            0,   -0.9705037,    0.2410863
robot_126
    33.90715,    -39.23962,            0,            0,            0,   -0.7443527,    0.6677867
robot_190
     -22.262,     6.041004,            0,            0,            0,    0.7191518,     0.694853
robot_131
    13.56749,     -10.0314,            0,            0,            0,     0.572584,    0.8198461
robot_154
   -18.03301,     13.90849,            0,            0,            0,    0.5434851,    0.8394188
robot_9
   -37.54361,    -22.02791,            0,            0,            0,   -0.9994453,    0.0333042
robot_27
    26.09065,    -26.23151,            0,            0,            0,    0.3445703,    0.9387605
robot_34
    32.32065,    -9.993635,            0,            0,            0,   -0.5614179,    0.8275325
robot_114
   -38.54024,    -29.98647,            0,            0,            0,   -0.8273386,    0.5617035
robot_51
   -38.03647,    -7.920547,            0,            0,            0,    0.8960967,    0.4438589
robot_108
   -31.92481,    -22.02208,            0,            0,            0,   -0.8055039,    0.5925905
robot_147
    33.90062,     17.33845,            0,            0,            0,   -0.6261368,    0.7797132
robot_183
    17.48691,     1.941438,            0,            0,            0,   -0.8803761,    0.4742763
robot_48
    1.920225,    -19.92157,            0,            0,            0,   -0.3699125,    0.9290666
robot_60
   -32.56454,     14.01838,            0,            0,            0,   -0.1139732,    0.9934838
robot_75
   -37.82591,    -13.97959,            0,            0,            0,   -0.5978107,    0.8016373
robot_152
    9.972043,    -13.92459,            0,            0,            0,    0.7481445,    0.6635358
robot_26
   -13.99155,     18.14184,            0,            0,            0,    0.3459014,    0.9382709
robot_182
   -11.21346,     18.00718,            0,            0,            0,    0.9933926,    0.1147652
robot_172
   -30.06625,     14.38993,            0,            0,            0,    0.9311116,    0.3647344
robot_43
   -28.27925,    -9.999681,            0,            0,            0,    0.9357513,    0.3526607
robot_170
    21.96458,     17.30171,            0,            0,            0,   -0.3057428,    0.9521141
robot_177
     8.61888,    -2.004116,            0,            0,            0,   -0.7480766,    0.6636124
robot_80
   -5.909433,     30.00754,            0,            0,            0,  -0.05438536,      0.99852
robot_16
    21.93688,     32.94208,            0,            0,            0,   -0.8066586,    0.5910177
robot_13
   -22.12182,    -22.12668,            0,            0,            0,   -0.9387799,    0.3445174
robot_178
   -26.04144,     18.99419,            0,            0,            0,    0.2114114,    0.9773972
robot_88
   -17.98621,    -25.77415,            0,            0,            0,   -0.9972084,   0.07466835
robot_194
     15.5883,     6.011926,            0,            0,            0,    0.2421706,    0.9702337
robot_29
  -0.5067525,     34.01272,            0,            0,            0,  -0.09569289,    0.9954109
robot_92
    32.20149,    -21.98786,            0,            0,            0,   -0.2810619,    0.9596896
robot_87
    -6.03701,    -8.133022,            0,            0,            0,    0.9556549,    0.2944889
robot_68
    29.90858,    -29.81875,            0,            0,            0,   -0.6115581,    0.7911995
robot_22
     25.3529,     -33.9958,            0,            0,            0,     0.133423,    0.9910592
robot_38
    26.00329,    -9.913006,            0,            0,            0,   -0.9823534,    0.1870344
robot_2
   -10.89714,      38.0168,            0,            0,            0,    0.9299891,    0.3675871
robot_110
   -14.74147,    -5.991284,            0,            0,            0,    0.0431392,    0.9990691
robot_14
    5.903534,    -3.240074,            0,            0,            0,    0.9703143,    0.2418473
robot_181
   -30.16192,     2.275645,            0,            0,            0,   -0.9994893,   0.03195599
robot_61
  -0.8102172,      30.0228,            0,            0,            0,  -0.04381469,    0.9990397
robot_30
     -6.0847,    -2.139088,            0,            0,            0,    -0.611254,    0.7914345
robot_122
    5.943916,   -0.1515382,            0,            0,            0,   -0.9925658,    0.1217095
robot_132
    13.48331,     17.98739,            0,            0,            0,    0.2125348,    0.9771535
robot_45
   -29.64827,    -25.91583,            0,            0,            0,   -0.7521771,     0.658961
robot_21
   -10.02674,     22.00246,            0,            0,            0,    0.7725261,     0.634983
robot_39
    16.69765,      -1.9887,            0,            0,            0,   -0.9962237,   0.08682407
robot_134
   -6.057224,     12.41302,            0,            0,            0,    0.9099987,    0.4146111
robot_15
   -38.04849,     -25.1891,            0,            0,            0,    0.2477296,    0.9688292
robot_145
   -2.086721,     11.60205,            0,            0,            0,    0.9897748,    0.1426392
robot_140
   -1.901886,    -29.80303,            0,            0,            0,   -0.9933144,    0.1154408
robot_196
   -18.06793,    -30.20763,            0,            0,            0,   0.01317904,    0.9999132
robot_188
    37.63784,     10.08444,            0,            0,            0,    0.8324546,    0.5540933
robot_4
   -29.99198,    -18.15763,            0,            0,            0,   -0.7201381,    0.6938307
robot_155
   -9.950974,     2.085283,            0,            0,            0,   -0.7375458,    0.6752971
robot_135
    21.92163,    -20.73517,            0,            0,            0,   -0.9392402,    0.3432605
robot_93
    1.954686,    -7.315277,            0,            0,            0,   -0.1621101,    0.9867727
robot_111
    33.96018,     24.02408,            0,            0,            0,   -0.7954968,    0.6059577
robot_0
   -18.17324,    -17.82723,            0,            0,            0,   -0.3694088,     0.929267
robot_49
   -2.075875,    -24.89528,            0,            0,            0,   -0.9877316,    0.1561611
robot_113
    17.21942,     14.02413,            0,            0,            0,    0.9912544,    0.1319646
robot_94
   -34.06092,     3.955177,            0,            0,            0,    0.9902432,    0.1393499
robot_40
   -25.88441,    -18.08382,            0,            0,            0,    0.9746776,    0.2236149
robot_103
    4.769467,     30.01342,            0,            0,            0,    0.5075977,    0.8615942
robot_6
    -2.54398,     21.96501,            0,            0,            0,    0.4613583,    0.8872139
robot_71
      1.8627,     17.67882,            0,            0,            0,   -0.5566161,    0.8307698
robot_17
   -34.11655,     22.36087,            0,            0,            0,  -0.01720734,    0.9998519
robot_120
   -29.65002,     26.00015,            0,            0,            0,    0.7257568,    0.6879514
robot_189
    5.915925,    -20.63851,            0,            0,            0,   -0.7163282,    0.6977635
robot_148
    13.78503,    -5.817412,            0,            0,            0,    0.9057833,    0.4237412
robot_186
   -21.84475,     22.14567,            0,            0,            0,   -0.9991893,   0.04025737
robot_198
    9.964903,    -39.37718,            0,            0,            0,   -0.4746933,    0.8801513
robot_107
    1.910185,     12.17609,            0,            0,            0,    0.8185006,    0.5745057
robot_18
    28.52517,    -22.02385,            0,            0,            0,    0.8601949,    0.5099654
robot_23
    14.11271,     2.165412,            0,            0,            0,      0.37004,    0.9290158
robot_46
    25.88222,    -14.12869,            0,            0,            0,   0.06623402,    0.9978041
robot_109
   -18.07002,    -5.938032,            0,            0,            0,    0.9969002,   0.07867645
robot_10
   -34.04555,    -25.26795,            0,            0,            0,    0.2421076,    0.9702494
robot_157
     33.5076,     9.965494,            0,            0,            0,   -0.9122672,    0.4095956
robot_70
   -2.386553,    -18.03169,            0,            0,            0,   -0.9089095,    0.4169935
robot_55
     22.0643,     13.85222,            0,            0,            0,    0.9998633,   0.01653178
