tuw_multi_robot_msgs::RobotGoalsArray @1970-01-01T01:38:17.200000
frame_id: map
        5897,    200000000
robot_84
    9.908767,    -10.74541,            0,            0,            0,   -0.8578589,    0.5138854
robot_116
    25.87188,     -6.29012,            0,            0,            0,   -0.8315124,    0.5555061
robot_74
    21.82001,      30.1991,            0,            0,            0,    0.5861073,    0.8102335
robot_41
    -33.9623,    -26.16112,            0,            0,            0,   -0.9750746,    0.2218773
robot_125
    26.12757,     -14.1218,            0,            0,            0,    0.9022534,    0.4312063
robot_136
   -30.05484,    -8.899669,            0,            0,            0,    0.2183609,    0.9758681
robot_173
    22.04655,    -26.19007,            0,            0,            0,    0.9992423,   0.03891991
robot_67
    17.77625,    -34.05737,            0,            0,            0,    -0.802032,    0.5972811
robot_197
    -5.87633,    -34.15051,            0,            0,            0,   -0.9926332,    0.1211586
robot_119
   -13.66871,    -5.983363,            0,            0,            0,    0.9500185,    0.3121936
robot_82
   -22.05282,     37.80236,            0,            0,            0,   -0.6772586,     0.735745
robot_77
    25.84736,      34.1086,            0,            0,            0,    0.9772787,    0.2119584
robot_5
   -2.064029,     -12.4248,            0,            0,            0,    0.9144261,    0.4047529
robot_133
   -14.05668,      -35.093,            0,            0,            0,   -0.3624284,    0.9320116
robot_99
   -6.117819,      33.7809,            0,            0,            0,   -0.6826045,     0.730788
robot_171
    34.09699,    -5.912626,            0,            0,            0,   -0.7446784,    0.6674234
robot_180
     6.42919,    -37.95996,            0,            0,            0,   -0.9203259,    0.3911524
robot_56
    7.124176,     38.02711,            0,            0,            0,   -0.9619363,    0.2732739
robot_3
    13.70615,     6.037554,            0,            0,            0,   -0.4918076,    0.8707039
robot_81
   -18.07724,    -22.89873,            0,            0,            0,    0.1853398,    0.9826745
robot_167
   -6.065335,    -21.70554,            0,            0,            0,    0.1236271,    0.9923287
robot_25
   -6.031498,     6.315293,            0,            0,            0,    0.8095064,    0.5871111
robot_168
   -1.510247,     18.01799,            0,            0,            0,    0.7467017,    0.6651591
robot_96
   -6.067152,     24.78981,            0,            0,            0,   -0.8618315,    0.5071947
robot_166
   -21.76607,     34.07419,            0,            0,            0,    0.9977561,   0.06695373
robot_102
   -34.09449,    -28.84329,            0,            0,            0,    -0.891319,    0.4533768
robot_192
   -26.16098,    -34.27292,            0,            0,            0,   -0.7765026,    0.6301141
robot_179
   -21.89108,    -13.85776,            0,            0,            0,    0.9436454,    0.3309581
robot_142
   -34.00468,    -37.82464,            0,            0,            0,    0.2945006,    0.9556513
robot_1
     2.00126,    -21.77434,            0,            0,            0,   -0.4492837,    0.8933892
robot_44
     33.6841,    -13.92003,            0,            0,            0,   -0.6068136,    0.7948442
robot_163
    4.053925,     22.01564,            0,            0,            0,   -0.3948827,    0.9187315
robot_79
     27.4954,    -9.987014,            0,            0,            0,    0.7910409,    0.6117632
robot_8
    25.98291,     38.08065,            0,            0,            0,    0.9053924,    0.4245759
robot_20
   -35.33487,     14.00311,            0,            0,            0,  -0.06085452,    0.9981466
robot_143
   -18.04059,    -30.80074,            0,            0,            0,    0.8653102,    0.5012367
robot_138
   -37.17084,    -21.98666,            0,            0,            0,   -0.7712528,     0.636529
robot_123
   -22.05832,    -18.58666,            0,            0,            0,   0.01107819,    0.9999386
robot_193
     12.1088,    -18.01595,            0,            0,            0,     0.775664,    0.6311461
robot_187
    17.96923,     6.247226,            0,            0,            0,   -0.9693387,    0.2457284
robot_176
    31.06441,    -14.00887,            0,            0,            0,    0.9048107,     0.425814
robot_66
    39.00486,    -9.994802,            0,            0,            0,   0.06528853,    0.9978664
robot_63
    6.070494,    -9.843249,            0,            0,            0,    0.4513256,    0.8923593
robot_31
   -10.05651,     12.05594,            0,            0,            0,    0.3819093,    0.9241998
robot_159
   -38.11663,    -17.93025,            0,            0,            0,   -0.2286816,    0.9735013
robot_160
    9.958448,    -27.66612,            0,            0,            0,    0.9896062,    0.1438039
robot_151
   -30.80169,    -26.00404,            0,            0,            0,    0.1505389,    0.9886041
robot_150
   -25.10567,     -10.0095,            0,            0,            0,   -0.8746314,    0.4847885
robot_137
    16.68552,    -29.97221,            0,            0,            0,   -0.2123998,    0.9771828
robot_199
   -22.04357,   -0.8627613,            0,            0,            0,    0.6214124,    0.7834837
robot_54
    9.322662,     22.01822,            0,            0,            0,   -0.8492526,    0.5279867
robot_117
   -10.05449,     14.42182,            0,            0,            0,   -0.9326644,    0.3607453
robot_36
    22.16797,    -13.97312,            0,            0,            0,   -0.1298132,    0.9915385
robot_33
   -9.722637,    -29.92509,            0,            0,            0,   0.03779148,    0.9992856
robot_146
    7.055422,    -34.02328,            0,            0,            0,    0.4030973,    0.9151571
robot_156
     6.53108,     6.005594,            0,            0,            0,   -0.8526653,    0.5224575
robot_112
    9.799047,    -33.92746,            0,            0,            0,    0.9684368,    0.2492593
robot_19
   -30.71879,    -33.97343,            0,            0,            0,   -0.6275954,    0.7785397
robot_141
   -25.99072,     30.27816,            0,            0,            0,   -0.5372472,    0.8434248
robot_35
   -19.25003,     21.97806,            0,            0,            0,   -0.1334678,    0.9910532
robot_184
    -26.3771,     5.950712,            0,            0,            0,    0.7702986,    0.6376833
robot_98
    21.89197,     6.132063,            0,            0,            0,    0.9467769,    0.3218906
robot_100
    22.05125,     38.01659,            0,            0,            0,   -0.8455337,     0.533922
robot_164
   -21.60288,    -25.96154,            0,            0,            0,   -0.3534329,    0.9354599
robot_59
   -38.23362,    -9.950298,            0,            0,            0,    -0.167716,    0.9858353
robot_144
   -22.63593,    -30.01013,            0,            0,            0,    0.5239102,    0.8517735
robot_101
    -10.3358,    -26.02098,            0,            0,            0,    0.9943459,    0.1061894
robot_161
   -6.494963,    -25.95706,            0,            0,            0,    0.1993135,    0.9799358
robot_149
   -17.90823,     9.836326,            0,            0,            0,    0.1163612,     0.993207
robot_86
    22.13939,     33.86744,            0,            0,            0,     0.803591,    0.5951819
robot_191
   -18.96194,     29.97532,            0,            0,            0,    0.8900156,      0.45593
robot_126
   -14.14354,     33.72176,            0,            0,            0,    0.4899127,    0.8717715
robot_190
   -30.96209,     22.00938,            0,            0,            0,   -0.8885517,    0.4587766
robot_131
   -13.10275,     26.00988,            0,            0,            0,   -0.8379514,    0.5457449
robot_154
    33.92815,    0.5853928,            0,            0,            0,    0.5236172,    0.8519536
robot_9
    25.92412,    -20.77191,            0,            0,            0,    0.9897244,    0.1429882
robot_27
   -28.34797,    -21.99447,            0,            0,            0,    0.9877654,    0.1559469
robot_34
   -10.02188,     34.25495,            0,            0,            0,    0.8211301,    0.5707411
robot_114
   -26.17398,       2.0669,            0,            0,            0,    -0.298046,    0.9545515
robot_51
   -1.876274,     33.90293,            0,            0,            0,   -0.8924678,    0.4511111
robot_108
   -21.97701,     5.747936,            0,            0,            0,    0.8129714,    0.5823036
robot_147
    28.21061,    -34.01355,            0,            0,            0,     0.999447,   0.03325314
robot_183
    8.235264,    -6.024993,            0,            0,            0,   -0.9792694,    0.2025624
robot_48
    33.89317,    -2.187133,            0,            0,            0,    -0.553073,    0.8331328
robot_60
   -18.04006,    -19.54912,            0,            0,            0,    0.6710339,    0.7414267
robot_75
    4.299064,    -33.97803,            0,            0,            0,    0.8142016,    0.5805823
robot_152
    17.90443,     10.94063,            0,            0,            0,    0.9261285,    0.3772082
robot_26
    -18.1377,    -14.30282,            0,            0,            0,    0.9568848,    0.2904678
robot_182
    1.162205,    -10.00217,            0,            0,            0,    0.7963165,    0.6048802
robot_172
    17.87088,    -9.788059,            0,            0,            0,   -0.5211823,    0.8534454
robot_43
    28.49685,     38.00234,            0,            0,            0,   -0.9989918,   0.04489402
robot_170
    21.95058,     17.61776,            0,            0,            0,    0.5880017,    0.8088597
robot_177
    -22.0501,     27.88182,            0,            0,            0,    0.9351765,     0.354182
robot_80
   -22.07001,     15.03206,            0,            0,            0,   -0.6258616,    0.7799341
robot_16
   -26.07006,    -38.56707,            0,            0,            0,    0.7580228,    0.6522281
robot_13
   -13.83231,    -25.98013,            0,            0,            0,    0.9999797,     0.006373
robot_178
    37.16058,    -34.02573,            0,            0,            0,     -0.68483,    0.7287029
robot_88
    27.10243,    -1.992743,            0,            0,            0,    -0.397214,     0.917726
robot_194
   -14.46443,    -13.99183,            0,            0,            0,    0.6640206,    0.7477142
robot_29
   -26.03515,     33.31729,            0,            0,            0,    0.9643418,    0.2646599
robot_92
      37.959,     10.97364,            0,            0,            0,   -0.7648188,    0.6442454
robot_87
   -30.04067,    -15.19333,            0,            0,            0,    0.7615334,    0.6481257
robot_68
   -9.915539,     25.99174,            0,            0,            0,    -0.621174,    0.7836727
robot_22
    29.92503,     33.32161,            0,            0,            0,    0.8175131,      0.57591
robot_38
    29.90743,      19.5216,            0,            0,            0,    0.9898622,    0.1420307
robot_2
   -32.16788,    -13.97346,            0,            0,            0,    -0.613621,    0.7896007
robot_110
    21.94515,     11.69338,            0,            0,            0,   0.06670407,    0.9977728
robot_14
    13.75536,     14.11217,            0,            0,            0,   -0.3870388,    0.9220634
robot_181
   -6.062251,    -31.47573,            0,            0,            0,    0.7674084,    0.6411586
robot_61
   -34.04551,     18.43921,            0,            0,            0,    0.2057118,    0.9786126
robot_30
    29.75353,     25.90691,            0,            0,            0,   -0.4525286,    0.8917499
robot_122
   -36.32351,     25.97615,            0,            0,            0,   -0.7353924,    0.6776415
robot_132
   -14.04123,     17.83735,            0,            0,            0,    -0.271479,    0.9624444
robot_45
     13.8402,    -5.636816,            0,            0,            0,    -0.507874,    0.8614314
robot_21
   -30.51976,     25.99468,            0,            0,            0,   -0.1879319,    0.9821821
robot_39
    9.932969,      17.6477,            0,            0,            0,    0.5012889,      0.86528
robot_134
    33.71899,    -17.83472,            0,            0,            0,   0.08994269,    0.9959469
robot_15
    29.92938,    -28.30467,            0,            0,            0,    0.9952009,   0.09785297
robot_145
   -3.401664,    -25.99403,            0,            0,            0,   -0.2790194,    0.9602855
robot_140
    17.92167,     32.26646,            0,            0,            0,    0.1782597,    0.9839835
robot_196
   -22.09539,     2.583728,            0,            0,            0,   -0.6567727,    0.7540886
robot_188
   -34.97232,     34.03271,            0,            0,            0,    0.9084462,    0.4180017
robot_4
    1.455587,    -13.91002,            0,            0,            0,    0.2726809,    0.9621045
robot_155
    21.53998,     26.08246,            0,            0,            0,    0.6256377,    0.7801138
robot_135
    13.99005,      -21.885,            0,            0,            0,   -0.9435402,     0.331258
robot_93
   -1.850833,     -6.02586,            0,            0,            0,   -0.9928278,    0.1195528
robot_111
    1.012817,    -33.99316,            0,            0,            0,    0.7868327,    0.6171664
robot_0
    30.02165,      1.72652,            0,            0,            0,   -0.4481721,    0.8939473
robot_49
    22.34376,     14.02343,            0,            0,            0,   -0.2386973,     0.971094
robot_113
    28.52162,     17.97739,            0,            0,            0,   -0.5170482,    0.8559563
robot_94
    21.95271,    -37.42417,            0,            0,            0,    0.5426396,    0.8399656
robot_40
    16.81973,     14.02632,            0,            0,            0,  0.002065576,    0.9999979
robot_103
   -30.00835,     9.827445,            0,            0,            0,    0.3803258,    0.9248526
robot_6
   -30.44586,    -30.06542,            0,            0,            0,    0.2764418,    0.9610307
robot_71
   -16.58053,     18.02888,            0,            0,            0,   -0.8500909,    0.5266359
robot_17
   -34.59491,     10.00007,            0,            0,            0,    0.2997878,    0.9540059
robot_120
   -34.07076,     23.10933,            0,            0,            0,   -0.8798024,    0.4753396
robot_189
    34.06573,     -22.0748,            0,            0,            0,   -0.1464625,    0.9892162
robot_148
    21.92313,    -32.50054,            0,            0,            0,    0.8471191,    0.5314031
robot_186
   -14.03916,    -21.52302,            0,            0,            0,   -0.7391029,    0.6735925
robot_198
   -33.94296,     37.77684,            0,            0,            0,   -0.8443132,      0.53585
robot_107
   -13.58355,     9.907451,            0,            0,            0,     0.995675,   0.09290435
robot_18
    33.93054,     15.80231,            0,            0,            0,   -0.6835807,     0.729875
robot_23
    25.95884,     26.09782,            0,            0,            0,    0.4774072,    0.8786822
robot_46
    13.90781,     10.81886,            0,            0,            0,    0.9967847,   0.08012672
robot_109
    -22.0608,    -35.75351,            0,            0,            0,  -0.06879446,    0.9976309
robot_10
    25.91963,     18.76414,            0,            0,            0,   -0.9985938,   0.05301409
robot_157
    17.92542,    -18.43456,            0,            0,            0,   -0.2360822,    0.9717331
robot_70
   -29.91266,     -37.8661,            0,            0,            0,    -0.998401,   0.05652866
robot_55
   -21.41609,     29.98733,            0,            0,            0,   -0.9582221,    0.2860252
