tuw_multi_robot_msgs::RobotGoalsArray @1970-01-01T01:35:17.900000
frame_id: map
        5717,    900000000
robot_84
   -30.03524,     29.44992,            0,            0,            0,   -0.8356213,     0.549306
robot_116
    37.92548,     13.98304,            0,            0,            0,   0.07361391,    0.9972868
robot_74
   -34.06603,    -29.57954,            0,            0,            0,    0.9067643,    0.4216379
robot_41
   -21.68837,     1.947026,            0,            0,            0,    0.8017016,    0.5977245
robot_125
    5.933703,     1.875049,            0,            0,            0,   -0.9012752,     0.433247
robot_136
   -34.03566,     34.46919,            0,            0,            0,   -0.4564944,    0.8897263
robot_173
   -29.80751,    -33.96956,            0,            0,            0,    0.4068636,    0.9134889
robot_67
   -38.11605,     21.79662,            0,            0,            0,    0.9659584,    0.2586975
robot_197
   -10.05661,     6.258919,            0,            0,            0,     0.900919,    0.4339873
robot_119
    16.72111,     17.98232,            0,            0,            0,    -0.875871,    0.4825453
robot_82
   -9.479952,     26.01192,            0,            0,            0,    0.9746574,    0.2237028
robot_77
    9.922226,    -2.142713,            0,            0,            0,   -0.3870922,     0.922041
robot_5
    13.15565,     37.99753,            0,            0,            0,   -0.3491069,    0.9370829
robot_133
    34.04813,     5.860213,            0,            0,            0,   -0.9409132,    0.3386477
robot_99
   -30.03407,     35.74181,            0,            0,            0,   -0.6485396,    0.7611809
robot_171
   -28.58858,    -26.00195,            0,            0,            0,    0.5086393,    0.8609797
robot_180
    33.36182,    -17.96991,            0,            0,            0,    0.9981304,   0.06111974
robot_56
    14.07892,     25.79992,            0,            0,            0,   -0.4120435,    0.9111642
robot_3
   -10.05225,     13.68986,            0,            0,            0,    0.1232844,    0.9923714
robot_81
   -11.11408,     2.002226,            0,            0,            0,    0.3336128,    0.9427102
robot_167
   -37.98466,     13.79975,            0,            0,            0,    0.3135897,    0.9495586
robot_25
     30.1634,     17.87946,            0,            0,            0,   -0.4614119,    0.8871861
robot_168
    1.689838,    -10.08152,            0,            0,            0,   -0.9823671,    0.1869624
robot_96
   -20.39431,       9.9922,            0,            0,            0,   -0.7289318,    0.6845863
robot_166
   -22.03324,     5.752391,            0,            0,            0,   -0.7880044,    0.6156696
robot_102
   -5.470595,      25.9803,            0,            0,            0,   -0.9793326,    0.2022564
robot_192
   -18.00016,     6.352573,            0,            0,            0,   -0.5307393,    0.8475351
robot_179
    29.91162,    -23.23723,            0,            0,            0,   -0.9787994,    0.2048212
robot_142
   -38.05665,    -32.17687,            0,            0,            0,    -0.829934,    0.5578616
robot_1
   -13.83722,    -21.96409,            0,            0,            0,   -0.4713969,    0.8819212
robot_44
     17.9287,     9.871152,            0,            0,            0,   -0.7621737,    0.6473725
robot_163
    21.93581,    -1.230161,            0,            0,            0,    0.8782082,    0.4782785
robot_79
   -22.03677,     31.42607,            0,            0,            0,    0.9902849,    0.1390534
robot_8
    7.134837,    -5.999469,            0,            0,            0,    0.2443261,    0.9696931
robot_20
    30.20119,     22.04889,            0,            0,            0,    0.4899381,    0.8717572
robot_143
    5.955502,    -24.11445,            0,            0,            0,    0.9789919,    0.2038992
robot_138
   -22.08903,    -32.29347,            0,            0,            0,   -0.1051789,    0.9944533
robot_123
    6.060722,    -22.22082,            0,            0,            0,     0.654779,    0.7558204
robot_193
    29.94635,    -28.51998,            0,            0,            0,   -0.5576006,    0.8301094
robot_187
    35.30007,      22.0301,            0,            0,            0,    0.7735506,    0.6337346
robot_176
   -33.03605,     21.98871,            0,            0,            0,   -0.5157349,    0.8567482
robot_66
   -30.04198,     -5.79585,            0,            0,            0,   -0.9648474,    0.2628106
robot_63
     26.1347,     -5.90937,            0,            0,            0,    0.8196823,    0.5728185
robot_31
    18.12596,     -6.14709,            0,            0,            0,   -0.2933209,    0.9560141
robot_159
   -14.08812,     18.57079,            0,            0,            0,     0.905375,    0.4246129
robot_160
   -34.62993,    -10.02084,            0,            0,            0,    0.1065702,    0.9943052
robot_151
   -18.12061,     25.90734,            0,            0,            0,   -0.9977913,   0.06642749
robot_150
   -18.40748,    -14.00237,            0,            0,            0,    -0.110294,     0.993899
robot_137
   -13.67897,     6.094461,            0,            0,            0,    0.4335024,    0.9011524
robot_199
    9.857096,    -21.82734,            0,            0,            0,   -0.4986501,    0.8668034
robot_54
   -34.16634,    -18.28721,            0,            0,            0,    0.7129314,    0.7012338
robot_117
    28.14453,    -14.00421,            0,            0,            0,    0.7971666,    0.6037594
robot_36
    13.58302,    -30.09489,            0,            0,            0,    0.9931174,    0.1171235
robot_33
   -10.29343,    -14.15865,            0,            0,            0,   0.07614362,    0.9970969
robot_146
    37.91871,     11.30397,            0,            0,            0,    0.9589945,    0.2834246
robot_156
   -30.09034,       26.861,            0,            0,            0,   -0.2578488,    0.9661853
robot_112
   -25.17606,    -38.01241,            0,            0,            0,   -0.8807276,    0.4736231
robot_19
    33.91098,     27.09298,            0,            0,            0,  -0.06675655,    0.9977693
robot_141
    3.069925,    -30.01418,            0,            0,            0,    0.9177769,    0.3970963
robot_35
   -26.09892,    -9.261066,            0,            0,            0,    0.4325365,    0.9016164
robot_184
    25.94355,     33.09509,            0,            0,            0,    0.6190993,    0.7853127
robot_98
    19.74009,     13.98988,            0,            0,            0,   -0.9117933,    0.4106495
robot_100
     2.56736,     22.03197,            0,            0,            0,     0.617578,    0.7865097
robot_164
    5.988275,     10.32707,            0,            0,            0,     0.902776,    0.4301111
robot_59
   -14.01013,     30.08309,            0,            0,            0,    0.6720509,     0.740505
robot_144
    29.90886,    -20.42436,            0,            0,            0,   -0.7813989,    0.6240318
robot_101
    5.949416,     36.35982,            0,            0,            0,   -0.7911331,     0.611644
robot_161
   -22.04377,    -12.26674,            0,            0,            0,   -0.7724306,    0.6350992
robot_149
    17.93205,     3.893241,            0,            0,            0,   -0.8472292,    0.5312276
robot_86
     -24.363,    -21.99806,            0,            0,            0,    0.9438253,    0.3304449
robot_191
    5.857889,    -14.17856,            0,            0,            0,    0.0150465,    0.9998868
robot_126
    33.98761,    -10.27485,            0,            0,            0,    0.4136015,     0.910458
robot_190
    17.93215,      37.2237,            0,            0,            0,    0.1230016,    0.9924065
robot_131
    37.92433,    -17.59204,            0,            0,            0,   -0.5066989,    0.8621231
robot_154
    16.86762,     22.02986,            0,            0,            0,    0.2182062,    0.9759027
robot_9
    21.96152,     3.314105,            0,            0,            0,   -0.3183842,    0.9479617
robot_27
   -18.01683,     38.27957,            0,            0,            0,    0.4169896,    0.9089113
robot_34
    1.108059,     26.02858,            0,            0,            0,   -0.6362665,    0.7714694
robot_114
    23.31942,    -17.99626,            0,            0,            0,    0.1895543,    0.9818702
robot_51
    29.91824,    -9.649022,            0,            0,            0,    0.2265414,    0.9740015
robot_108
    9.943175,     37.73203,            0,            0,            0,    0.9898039,     0.142437
robot_147
    31.61158,    -6.026473,            0,            0,            0,   -0.8312757,    0.5558604
robot_183
   -18.04816,     1.439927,            0,            0,            0,   -0.7682785,    0.6401157
robot_48
    1.880245,    -33.89978,            0,            0,            0,  -0.05546528,    0.9984606
robot_60
    29.91886,     36.27179,            0,            0,            0,    0.4728112,    0.8811638
robot_75
    14.49179,    -1.979596,            0,            0,            0,    0.3568095,    0.9341772
robot_152
    21.97777,     29.70038,            0,            0,            0,    0.9994862,   0.03205236
robot_26
    25.95382,    -1.007347,            0,            0,            0,   -0.9238973,    0.3826405
robot_182
    22.12203,     14.14195,            0,            0,            0,   -0.9991518,   0.04117882
robot_172
    11.89812,    -2.019819,            0,            0,            0,   -0.6886733,    0.7250718
robot_43
    32.96397,     21.97289,            0,            0,            0,    -0.799606,     0.600525
robot_170
   -14.09899,     36.64752,            0,            0,            0,   -0.8224468,    0.5688421
robot_177
    9.828131,     29.99853,            0,            0,            0,    0.9175188,    0.3976924
robot_80
   -26.04486,     3.281359,            0,            0,            0,    0.9472425,    0.3205178
robot_16
    21.66215,    -22.05473,            0,            0,            0,   -0.7364054,    0.6765406
robot_13
   -18.18194,    -38.07068,            0,            0,            0,   -0.1454405,     0.989367
robot_178
    33.90091,     38.16712,            0,            0,            0,   -0.3700116,    0.9290271
robot_88
   -15.65026,    -10.01391,            0,            0,            0,    0.9999415,   0.01081402
robot_194
   -6.547957,    -37.97845,            0,            0,            0,    0.8675407,    0.4973661
robot_29
    25.94187,    -14.80791,            0,            0,            0,    0.7462225,    0.6656966
robot_92
    15.65464,    -22.02765,            0,            0,            0,    0.9454918,    0.3256459
robot_87
    13.93851,     31.06693,            0,            0,            0,    0.9201834,    0.3914875
robot_68
    37.93147,    -29.07215,            0,            0,            0,   -0.1838531,    0.9829537
robot_22
    17.52337,    -38.09377,            0,            0,            0,    0.1482987,    0.9889426
robot_38
   -25.84099,    -33.90663,            0,            0,            0,    0.6556717,    0.7550461
robot_2
   -34.09472,     25.91353,            0,            0,            0,    0.8514963,    0.5243606
robot_110
   -25.33904,     -1.97217,            0,            0,            0,    0.9495669,    0.3135645
robot_14
     26.3931,     6.095345,            0,            0,            0,   -0.9733159,    0.2294693
robot_181
    39.06568,    -34.01298,            0,            0,            0,  -0.01446131,    0.9998954
robot_61
   -25.67208,    -26.08761,            0,            0,            0,   -0.8181313,    0.5750315
robot_30
   -10.45494,    -1.960615,            0,            0,            0,   -0.5291111,    0.8485526
robot_122
   -14.67038,    -25.98622,            0,            0,            0,    0.8279365,    0.5608219
robot_132
   -30.03486,     20.22707,            0,            0,            0,    0.6429797,    0.7658832
robot_45
   -22.06088,     37.38887,            0,            0,            0,   -0.4113612,    0.9114724
robot_21
    33.98748,      34.0796,            0,            0,            0,   -0.6639658,     0.747763
robot_39
    9.905184,    -15.71518,            0,            0,            0,    0.9587715,    0.2841783
robot_134
   -30.05615,     11.95941,            0,            0,            0,   -0.3769643,    0.9262278
robot_15
     25.8235,    -22.10926,            0,            0,            0,    0.9704125,    0.2414531
robot_145
    -17.9205,    -29.94414,            0,            0,            0,   -0.1743644,    0.9846812
robot_140
    -24.0471,    -18.01936,            0,            0,            0,   -0.2157857,    0.9764407
robot_196
   -10.09719,    -20.71226,            0,            0,            0,   -0.6004932,    0.7996299
robot_188
     17.9623,    -13.61888,            0,            0,            0,    0.5142883,    0.8576173
robot_4
     5.95114,    -7.887424,            0,            0,            0,    0.9991993,   0.04001001
robot_155
   -17.68303,      14.0153,            0,            0,            0,   -0.4640705,    0.8857983
robot_135
   -39.58693,     26.01564,            0,            0,            0,   -0.9747425,    0.2233319
robot_93
    1.900318,    -18.71048,            0,            0,            0,   -0.1071296,    0.9942451
robot_111
    37.94437,     -14.2584,            0,            0,            0,   -0.7570209,    0.6533906
robot_0
    9.946449,      2.99989,            0,            0,            0,    0.9796056,    0.2009302
robot_49
   -22.08029,     33.98208,            0,            0,            0,    0.9404414,    0.3399559
robot_113
     26.0046,    -25.91078,            0,            0,            0,    0.9764951,    0.2155398
robot_94
    21.91366,     10.24274,            0,            0,            0,    -0.993333,    0.1152804
robot_40
   -6.039141,    -27.89158,            0,            0,            0,    -0.517848,    0.8554727
robot_103
   -38.01078,     33.74566,            0,            0,            0,    0.7560274,    0.6545399
robot_6
    26.01312,      9.77665,            0,            0,            0,   -0.2286979,    0.9734974
robot_71
   -2.034432,     25.06433,            0,            0,            0,    0.8245758,    0.5657515
robot_17
    -22.0626,    -23.18267,            0,            0,            0,   -0.9651571,     0.261671
robot_120
    21.75943,     17.98044,            0,            0,            0,    0.5573899,    0.8302509
robot_189
   -34.52944,    -21.93178,            0,            0,            0,    -0.993168,    0.1166929
robot_148
   -2.122985,     21.79183,            0,            0,            0,    0.9888892,    0.1486544
robot_186
    25.96501,     25.54968,            0,            0,            0,   0.03481049,    0.9993939
