tuw_multi_robot_msgs::RobotGoalsArray @1970-01-01T01:12:55
frame_id: map
        4375,            0
robot_84
    37.91729,    -17.66195,            0,            0,            0,    0.6047735,    0.7963975
robot_116
    6.048766,    -25.95543,            0,            0,            0,   -0.8573741,    0.5146938
robot_74
   -30.08502,     38.66247,            0,            0,            0,    0.7859711,    0.6182632
robot_41
    29.93776,     30.78089,            0,            0,            0,   -0.2205608,    0.9753732
robot_125
   -30.05407,    -9.386184,            0,            0,            0,   -0.7036422,    0.7105545
robot_136
   -26.18727,     1.894408,            0,            0,            0,   -0.1570913,    0.9875841
robot_173
    1.941082,     10.41001,            0,            0,            0,    0.4699921,    0.8826706
robot_67
    31.98436,    -26.02615,            0,            0,            0,   -0.5190047,    0.8547714
robot_197
   -23.13857,    -29.98005,            0,            0,            0,   -0.2513674,    0.9678917
robot_119
    33.90058,    -36.51263,            0,            0,            0,   -0.2341123,    0.9722096
robot_82
    30.07592,     1.784525,            0,            0,            0,   -0.3533875,     0.935477
robot_77
    13.63883,    -5.953473,            0,            0,            0,    0.9947979,    0.1018686
robot_5
    15.57361,     34.02565,            0,            0,            0,    -0.185308,    0.9826805
robot_133
    33.90595,    -24.35025,            0,            0,            0,    0.9744801,     0.224474
robot_99
    10.41715,    -13.91406,            0,            0,            0,    0.5804006,    0.8143311
robot_171
    10.25171,    -9.988837,            0,            0,            0,   -0.8272773,    0.5617938
robot_180
     17.1305,    -1.995163,            0,            0,            0,   0.09429501,    0.9955443
robot_56
    35.45398,     14.02092,            0,            0,            0,   -0.4028057,    0.9152855
robot_3
   -34.13069,     -9.97136,            0,            0,            0,   -0.8893637,    0.4572003
robot_81
   -38.22865,    -21.76737,            0,            0,            0,   -0.8748314,    0.4844275
robot_167
     19.9542,    -2.027987,            0,            0,            0,   -0.8802624,    0.4744872
robot_25
   -6.039032,     28.55359,            0,            0,            0,    0.8426003,    0.5385394
robot_168
   -26.04034,     37.65175,            0,            0,            0,    0.5360175,    0.8442069
robot_96
    25.90975,    -20.21584,            0,            0,            0,    0.9172683,    0.3982699
robot_166
   -30.22511,    -17.93344,            0,            0,            0,    0.8541498,     0.520027
robot_102
    17.38826,    -13.97191,            0,            0,            0,   -0.2877782,    0.9576971
robot_192
   -14.06202,    -35.46619,            0,            0,            0,     0.984931,    0.1729475
robot_179
   -2.396391,     30.08512,            0,            0,            0,    0.5559577,    0.8312106
robot_142
   -7.466914,    -14.01712,            0,            0,            0,   -0.1211854,    0.9926299
robot_1
    29.91296,    -26.16766,            0,            0,            0,    0.9745677,    0.2240935
robot_44
    33.96466,     -14.1371,            0,            0,            0,    0.9999993,  0.001142232
robot_163
   -2.084268,     18.66642,            0,            0,            0,    0.4508202,    0.8926148
robot_79
   -26.08591,    -37.59389,            0,            0,            0,    0.6105209,    0.7920001
robot_8
   -22.74142,     34.01348,            0,            0,            0,   -0.0405755,    0.9991765
robot_20
   -30.12236,    -38.11201,            0,            0,            0,   -0.9479211,    0.3185052
robot_143
    3.281446,     -22.0118,            0,            0,            0,    0.6535333,    0.7568978
robot_138
      -14.16,     5.727359,            0,            0,            0,   -0.6300071,    0.7765894
robot_123
   -10.04882,    -4.163437,            0,            0,            0,    0.9878681,    0.1552954
robot_193
   -21.71449,    -6.079282,            0,            0,            0,    0.8940255,     0.448016
robot_187
   -17.78905,     30.06781,            0,            0,            0,    0.9700018,    0.2430976
robot_176
   -23.29778,     30.02198,            0,            0,            0,    0.9154403,    0.4024537
robot_66
    27.96958,     6.001226,            0,            0,            0,    0.5396462,    0.8418919
robot_63
    13.91582,    -33.23248,            0,            0,            0,    0.5587955,    0.8293055
robot_31
    21.94879,     6.077719,            0,            0,            0,   -0.6344173,    0.7729908
robot_159
    10.31483,    -34.05505,            0,            0,            0,    0.9286123,    0.3710516
robot_160
    3.499328,    -6.011878,            0,            0,            0,     0.961771,    0.2738551
robot_151
    36.26732,     10.01169,            0,            0,            0,    0.5484811,    0.8361629
robot_150
    13.93765,    -8.633555,            0,            0,            0,    0.5429366,    0.8397737
robot_137
    13.64808,     6.021212,            0,            0,            0,   -0.1629556,    0.9866334
robot_199
    4.853601,    -9.999522,            0,            0,            0,   0.04924683,    0.9987866
robot_54
   -27.10117,     10.02364,            0,            0,            0,    0.8873965,    0.4610069
robot_117
   -26.69696,    -6.022296,            0,            0,            0,    0.9774695,    0.2110768
robot_36
   -17.92842,     17.93415,            0,            0,            0,  0.001107639,    0.9999994
robot_33
    21.94207,     -12.1811,            0,            0,            0,    0.2997227,    0.9540264
robot_146
   -13.89748,    -30.01703,            0,            0,            0,   -0.3149462,    0.9491095
robot_156
    10.36957,    -5.984094,            0,            0,            0,   -0.5536944,    0.8327199
robot_112
   -1.041891,     34.02169,            0,            0,            0,    0.9086661,    0.4175235
robot_19
   -30.09509,     26.61448,            0,            0,            0,   -0.9183294,    0.3958171
robot_141
    21.93759,     2.519988,            0,            0,            0,    0.0545365,    0.9985118
robot_35
    17.85298,     29.93852,            0,            0,            0,    0.9606772,    0.2776676
robot_184
   -21.58261,    -10.07399,            0,            0,            0,    0.9845088,    0.1753353
robot_98
   -34.08496,    -7.488665,            0,            0,            0,    0.7281514,    0.6854163
robot_100
   -30.04236,      -6.7534,            0,            0,            0,    0.9619551,    0.2732075
robot_164
    5.912811,     28.79869,            0,            0,            0,   0.06781546,    0.9976979
robot_59
   -14.07062,    -14.82648,            0,            0,            0,   -0.9514223,     0.307889
robot_144
    1.918773,    -9.717202,            0,            0,            0,    0.1090736,    0.9940337
robot_101
   -10.07027,    -20.58138,            0,            0,            0,    0.1138267,    0.9935006
robot_161
    30.07278,     -29.9021,            0,            0,            0,   -0.7207482,    0.6931969
robot_149
   -7.293249,     10.01216,            0,            0,            0,  -0.03156979,    0.9995016
robot_86
    25.97348,     26.30641,            0,            0,            0,    0.3923681,    0.9198083
robot_191
    37.96682,    -10.02519,            0,            0,            0,    0.8283826,    0.5601628
robot_126
    1.905801,    -14.51666,            0,            0,            0,    0.8631086,    0.5050184
robot_190
   -1.116405,     -10.0011,            0,            0,            0,    0.9562439,    0.2925705
robot_131
    21.07728,    -33.97321,            0,            0,            0,    0.5550063,    0.8318462
robot_154
    9.945311,     6.066743,            0,            0,            0,    0.7659026,    0.6429566
robot_9
   -10.05166,    -10.81164,            0,            0,            0,    0.1872578,    0.9823108
robot_27
     17.9429,    -8.838957,            0,            0,            0,   -0.8201967,    0.5720816
robot_34
  -0.2623858,    -13.99933,            0,            0,            0,   -0.7042193,    0.7099825
robot_114
   -10.20686,     26.11039,            0,            0,            0,   -0.9671546,     0.254189
robot_51
    21.71195,      21.9938,            0,            0,            0,    0.6768456,     0.736125
