tuw_multi_robot_msgs::RobotGoalsArray @1970-01-01T01:39:13.300000
frame_id: map
        5953,    300000000
robot_84
    33.93475,     10.95734,            0,            0,            0,   -0.9178528,    0.3969209
robot_116
    33.94351,     20.84952,            0,            0,            0,    0.8100651,    0.5863399
robot_74
    7.811696,    -14.01603,            0,            0,            0,   -0.9956761,   0.09289291
robot_41
    29.91087,     -19.2004,            0,            0,            0,    0.1372749,     0.990533
robot_125
   -13.70982,     25.97503,            0,            0,            0,   -0.4991648,    0.8665071
robot_136
    38.67647,     -22.0332,            0,            0,            0,   -0.4199078,    0.9075668
robot_173
     30.0089,     33.98807,            0,            0,            0,    0.8760384,    0.4822413
robot_67
    17.91667,     17.11049,            0,            0,            0,    0.5237506,    0.8518717
robot_197
   -9.693886,     5.973463,            0,            0,            0,  -0.07088369,    0.9974846
robot_119
   -18.20023,     22.21783,            0,            0,            0,    0.8683274,    0.4959914
robot_82
    13.33912,     18.00196,            0,            0,            0,     0.986916,    0.1612355
robot_77
   -18.05151,    -29.89721,            0,            0,            0,   -0.3531501,    0.9355667
robot_5
    1.540155,    -5.993735,            0,            0,            0,   -0.5527059,    0.8333764
robot_133
    20.50685,      10.0329,            0,            0,            0,     0.514791,    0.8573157
robot_99
    21.76714,     -29.9389,            0,            0,            0,    0.9649506,    0.2624315
robot_171
   -26.29336,     26.03973,            0,            0,            0,    0.6203923,    0.7842916
robot_180
    33.91683,    -14.57578,            0,            0,            0,    0.9826597,    0.1854181
robot_56
   -34.08784,     27.52261,            0,            0,            0,    0.8699763,    0.4930936
robot_3
   -22.21955,    -6.166897,            0,            0,            0,    0.9714965,    0.2370539
robot_81
   -29.47208,     38.01914,            0,            0,            0,    0.9592857,    0.2824376
robot_167
   -26.08299,     10.95473,            0,            0,            0,  -0.04736131,    0.9988778
robot_25
    9.964786,    -23.75791,            0,            0,            0,   -0.5191984,    0.8546537
robot_168
    5.038861,     29.97369,            0,            0,            0,    -0.545675,    0.8379969
robot_96
   -4.243122,      -25.994,            0,            0,            0,     0.645895,    0.7634263
robot_166
   -10.12523,     26.07884,            0,            0,            0,   -0.3138843,    0.9494612
robot_102
    33.94095,     13.08246,            0,            0,            0,   -0.5278569,    0.8493333
robot_192
   -21.57147,     13.90218,            0,            0,            0,    0.4419048,    0.8970619
robot_179
    22.98024,     18.01412,            0,            0,            0,    0.8947781,    0.4465111
robot_142
    17.95029,    -38.22008,            0,            0,            0,   0.07099013,     0.997477
robot_1
    20.94518,     6.033063,            0,            0,            0,  -0.05345537,    0.9985702
robot_44
   -6.056744,    -1.810434,            0,            0,            0,    0.7058109,    0.7084002
robot_163
    34.07246,      33.8653,            0,            0,            0,    0.9147318,    0.4040615
robot_79
   -26.05507,      13.0993,            0,            0,            0,     0.505268,    0.8629625
robot_8
   -38.82032,    -10.01409,            0,            0,            0,    0.9375223,    0.3479252
robot_20
    30.09453,     -1.97334,            0,            0,            0,    0.7223219,     0.691557
robot_143
    38.05929,      25.8275,            0,            0,            0,    -0.399091,    0.9169113
robot_138
   -25.85688,    -14.12698,            0,            0,            0,   -0.9666768,    0.2559998
robot_123
    26.96999,    -2.003517,            0,            0,            0,    0.9880512,    0.1541261
robot_193
   -34.06937,     30.97097,            0,            0,            0,    0.9911965,    0.1323988
robot_187
   -14.25657,     6.050082,            0,            0,            0,    0.2146487,    0.9766913
robot_176
   -6.064704,     20.01839,            0,            0,            0,   0.05019265,    0.9987396
robot_66
    9.937637,    -16.96386,            0,            0,            0,   -0.9963001,   0.08594301
robot_63
   -14.03428,    -7.042662,            0,            0,            0,   -0.8631358,    0.5049719
robot_31
    26.18062,    -10.02133,            0,            0,            0,   0.07548315,    0.9971471
robot_159
   -10.14472,     29.93347,            0,            0,            0,    0.9439734,    0.3300215
robot_160
    21.68791,     33.98807,            0,            0,            0,   -0.4424317,    0.8968022
robot_151
    33.87573,     37.68369,            0,            0,            0,   -0.3420504,    0.9396816
robot_150
    9.078865,    -1.994365,            0,            0,            0,   -0.9915845,     0.129461
robot_137
   -24.34531,    -22.02136,            0,            0,            0,    0.6138609,    0.7894142
robot_199
   -18.09864,     17.33548,            0,            0,            0,     0.443387,    0.8963303
robot_54
    5.919172,    -1.306829,            0,            0,            0,    0.1872997,    0.9823028
robot_117
   -2.090048,     19.96082,            0,            0,            0,     0.843697,    0.5368197
robot_36
    9.934528,     32.09992,            0,            0,            0,    0.3521275,    0.9359521
robot_33
    1.921637,     25.04298,            0,            0,            0,    0.4319953,    0.9018759
robot_146
   -28.12329,    -33.99844,            0,            0,            0,    0.6916182,    0.7222633
robot_156
    33.98804,     17.83777,            0,            0,            0,    0.1314176,    0.9913271
robot_112
   -9.640989,    -5.957729,            0,            0,            0,    0.9487796,    0.3159386
robot_19
    33.85287,    -6.263333,            0,            0,            0,  -0.09761772,     0.995224
robot_141
    -28.3683,     22.01663,            0,            0,            0,   -0.9970959,    0.0761558
robot_35
    1.644086,     10.05438,            0,            0,            0,    0.9550029,    0.2965965
robot_184
   -38.04273,     20.90132,            0,            0,            0,   0.06979324,    0.9975615
robot_98
    29.95684,    -16.60153,            0,            0,            0,  -0.07371636,    0.9972792
robot_100
   -23.54674,    -26.02886,            0,            0,            0,     -0.82281,    0.5683166
robot_164
   -38.08412,     33.57225,            0,            0,            0,   -0.3065939,    0.9518404
robot_59
    13.93881,    -12.08558,            0,            0,            0,    0.5243072,    0.8515292
robot_144
   -2.349893,      13.9251,            0,            0,            0,    0.9872788,    0.1589989
robot_101
   -2.011072,    -26.20305,            0,            0,            0,   -0.9995723,   0.02924517
robot_161
    10.01295,     17.84013,            0,            0,            0,     0.665837,    0.7460972
robot_149
    13.89138,     -38.2696,            0,            0,            0,   -0.1922985,    0.9813365
robot_86
   -37.60383,    -6.078264,            0,            0,            0,   -0.5280304,    0.8492254
robot_191
    5.956757,    -18.30669,            0,            0,            0,   -0.8291484,    0.5590286
robot_126
   -30.03516,     4.483424,            0,            0,            0,    0.3858415,    0.9225651
robot_190
   -6.108791,     9.938473,            0,            0,            0,    0.9283798,    0.3716329
robot_131
    -14.0085,     38.12263,            0,            0,            0,   -0.6068031,    0.7948522
robot_154
    27.87175,    -14.02481,            0,            0,            0,    0.2168048,     0.976215
robot_9
     25.3474,    -33.98061,            0,            0,            0,   -0.4249362,    0.9052233
robot_27
    13.91324,     37.57547,            0,            0,            0,     0.997647,   0.06855987
robot_34
    24.87508,     6.024066,            0,            0,            0,   -0.5238095,    0.8518354
robot_114
    29.78735,     -21.9818,            0,            0,            0,     0.923444,    0.3837332
robot_51
   -21.55018,    -18.02928,            0,            0,            0,   -0.8703869,    0.4923684
robot_108
   -26.19189,     38.06961,            0,            0,            0,   -0.6773348,    0.7356749
robot_147
    35.31004,    -10.02482,            0,            0,            0,   -0.5025802,    0.8645306
robot_183
    9.940894,     9.743638,            0,            0,            0,   -0.9128152,     0.408373
robot_48
    13.95054,    -16.23244,            0,            0,            0,    0.9380538,    0.3464897
robot_60
   -3.724501,    -9.972766,            0,            0,            0,   -0.8925828,    0.4508836
robot_75
    21.93586,     13.02644,            0,            0,            0,    0.5547606,      0.83201
robot_152
    14.38053,    -2.031453,            0,            0,            0,    0.7557011,    0.6549167
robot_26
    14.53021,     13.97002,            0,            0,            0,    0.4928751,    0.8701001
robot_182
   -20.58134,    -13.97465,            0,            0,            0,    0.1433562,    0.9896712
robot_172
    28.82047,     9.999914,            0,            0,            0,   -0.2621569,    0.9650253
robot_43
    17.95652,     22.97113,            0,            0,            0,    0.8625379,    0.5059925
robot_170
   -39.23198,    -14.01685,            0,            0,            0,    0.9925849,    0.1215531
robot_177
   -1.268034,     18.02065,            0,            0,            0,    0.6775396,    0.7354863
robot_80
   -9.655878,    -13.96221,            0,            0,            0,   -0.5603826,    0.8282339
robot_16
   -1.617608,     21.92404,            0,            0,            0,   -0.2284193,    0.9735628
robot_13
    25.92779,     23.59351,            0,            0,            0,    0.5483819,     0.836228
robot_178
    29.93891,     -24.4169,            0,            0,            0,   -0.5642286,    0.8256186
robot_88
    13.97921,     34.31498,            0,            0,            0,    0.9052475,    0.4248846
robot_194
    5.965786,    -34.47764,            0,            0,            0,    0.9079448,    0.4190899
robot_29
    5.170196,    -26.01626,            0,            0,            0,   -0.8507599,    0.5255545
robot_92
    34.37769,     30.09322,            0,            0,            0,   -0.9912515,    0.1319865
robot_87
   -18.03393,     28.82009,            0,            0,            0,    0.4362788,    0.8998116
robot_68
    17.90402,    -7.330738,            0,            0,            0,   -0.8422761,    0.5390463
robot_22
   -2.061008,     26.92213,            0,            0,            0,    0.1207116,    0.9926876
robot_38
    22.39459,    -17.94292,            0,            0,            0,    0.8691947,    0.4944699
robot_2
     13.8708,     10.13637,            0,            0,            0,    0.9542272,    0.2990827
robot_110
   -3.198881,    -21.98893,            0,            0,            0,    -0.617208,    0.7868001
robot_14
    37.56623,      30.0121,            0,            0,            0,    0.3643069,     0.931279
robot_181
   -10.05649,    -20.61417,            0,            0,            0,   -0.4988845,    0.8666685
robot_61
    13.95167,    -20.30619,            0,            0,            0,    0.9131915,    0.4075308
robot_30
    15.78528,      25.9913,            0,            0,            0,   -0.9354411,    0.3534825
robot_122
    35.32587,    -33.98204,            0,            0,            0,    0.7976351,    0.6031403
robot_132
   -18.04201,     -16.6442,            0,            0,            0,   0.07107518,     0.997471
robot_45
    29.93492,    -30.56481,            0,            0,            0,   -0.6585726,    0.7525172
robot_21
    5.893026,     9.656334,            0,            0,            0,   -0.8239344,    0.5666851
robot_39
    29.96427,     21.70597,            0,            0,            0,    0.9977702,   0.06674239
robot_134
    25.44614,    -26.03644,            0,            0,            0,   -0.9969882,   0.07755328
robot_15
   -10.06772,   -0.6001496,            0,            0,            0,    0.3736533,    0.9275684
robot_145
   -30.99222,    -25.97944,            0,            0,            0,    0.3013897,     0.953501
robot_140
    2.011686,    -14.19481,            0,            0,            0,   -0.8727379,     0.488189
robot_196
   -14.50748,    -17.98316,            0,            0,            0,    0.6693235,    0.7429711
robot_188
   -10.05706,    -34.28577,            0,            0,            0,    0.5547627,    0.8320086
robot_4
    33.94457,     8.364674,            0,            0,            0,   -0.9964393,     0.084313
robot_155
    29.04033,     30.01343,            0,            0,            0,   -0.3848476,    0.9229802
robot_135
    1.909893,    -19.44811,            0,            0,            0,   -0.9732203,    0.2298746
robot_93
   -29.75653,     25.94136,            0,            0,            0,    -0.773682,    0.6335742
robot_111
   -13.80553,    -9.998027,            0,            0,            0,    0.9876325,    0.1567866
robot_0
   -33.36562,    -33.97076,            0,            0,            0,   -0.7416671,    0.6707681
robot_49
    2.416835,     5.982644,            0,            0,            0,    -0.988914,    0.1484896
robot_113
    1.920686,    -27.35174,            0,            0,            0,   -0.1802482,    0.9836212
robot_94
    33.94925,    -21.88746,            0,            0,            0,    0.9798831,    0.1995724
robot_40
     5.71418,     34.15533,            0,            0,            0,   -0.9963013,    0.0859285
robot_103
    5.939327,    -12.81817,            0,            0,            0,    0.9480625,     0.318084
robot_6
   -10.04507,    -31.10603,            0,            0,            0,    0.4513137,    0.8923654
robot_71
   -18.09488,    -34.74249,            0,            0,            0,    0.9877884,    0.1558013
robot_17
   -26.03401,     15.09373,            0,            0,            0,    0.9691291,    0.2465536
robot_120
    11.88484,    -2.012821,            0,            0,            0,    0.9431324,    0.3324174
robot_189
    36.36803,     22.02519,            0,            0,            0,   -0.4987594,    0.8667405
robot_148
    25.90935,    -12.95726,            0,            0,            0,   -0.4169903,    0.9089109
robot_186
   -18.12642,    -37.74404,            0,            0,            0,  -0.06943991,    0.9975861
robot_198
    19.45404,    -9.982639,            0,            0,            0,    0.9842472,     0.176798
robot_107
   -18.66131,     2.022528,            0,            0,            0,   -0.7383926,    0.6743711
robot_18
    17.91011,    -21.66276,            0,            0,            0,   -0.9907853,    0.1354415
robot_23
   -14.05083,    -0.816397,            0,            0,            0,   -0.5708335,    0.8210658
robot_46
   -32.28226,     18.00406,            0,            0,            0,    0.9683192,    0.2497157
robot_109
    1.901588,     18.20104,            0,            0,            0,    0.8991347,    0.4376719
robot_10
   -38.07874,    -18.47555,            0,            0,            0,   -0.7745845,    0.6324704
robot_157
    18.23626,     38.08326,            0,            0,            0,    0.4751667,    0.8798958
robot_70
    25.91059,    -23.44816,            0,            0,            0,    0.9520851,    0.3058331
robot_55
    22.02157,     -25.6466,            0,            0,            0,   -0.7133965,    0.7007606
