tuw_multi_robot_msgs::RobotGoalsArray @1970-01-01T01:13:42.800000
frame_id: map
        4422,    800000000
robot_84
    13.82936,     22.17564,            0,            0,            0,   -0.5357815,    0.8443567
robot_116
   -22.94852,     17.98318,            0,            0,            0,   -0.9794527,    0.2016739
robot_74
    24.54866,     5.984305,            0,            0,            0,   -0.3119327,    0.9501042
robot_41
   -6.177931,     6.142198,            0,            0,            0,   -0.9763797,    0.2160619
robot_125
   -26.28359,     14.01509,            0,            0,            0,     0.329557,    0.9441357
robot_136
    -29.6816,    -37.99585,            0,            0,            0,     0.924378,    0.3814778
robot_173
     3.63993,    -13.97205,            0,            0,            0,   -0.5048858,    0.8631862
robot_67
   -38.07898,     -32.2933,            0,            0,            0,   -0.3788425,    0.9254611
robot_197
    32.46621,    -17.99539,            0,            0,            0,     0.594646,    0.8039877
robot_119
   -33.98561,    -10.09538,            0,            0,            0,    0.8424329,    0.5388013
robot_82
   -30.08103,    -32.90332,            0,            0,            0,   -0.5999074,    0.8000695
robot_77
    30.41382,    -5.902525,            0,            0,            0,    0.9804594,    0.1967217
robot_5
    28.77592,     -22.0201,            0,            0,            0,   -0.5143722,     0.857567
robot_133
   -34.03632,    -36.18138,            0,            0,            0,    0.8100861,    0.5863109
robot_99
    15.56584,    -5.983793,            0,            0,            0,   -0.6240692,     0.781369
robot_171
    18.00888,    -38.00596,            0,            0,            0,   -0.9999151,   0.01302856
robot_180
   -9.950242,    -14.04562,            0,            0,            0,    0.1149711,    0.9933688
robot_56
    29.91422,     -12.2251,            0,            0,            0,    0.6480204,     0.761623
robot_3
   -17.73024,    -34.03416,            0,            0,            0,    0.9691439,    0.2464958
robot_81
     12.5589,     33.97149,            0,            0,            0,    0.8652638,    0.5013168
robot_167
    20.74656,     1.973423,            0,            0,            0,    0.8288263,    0.5595061
robot_25
    5.936231,     21.42163,            0,            0,            0,    0.2012223,    0.9795456
robot_168
    3.986947,      33.9767,            0,            0,            0,   -0.8029045,    0.5961077
robot_96
    -28.8499,    -1.999491,            0,            0,            0,   -0.9992035,   0.03990504
robot_166
   -34.08448,    -23.12372,            0,            0,            0,    0.4998513,    0.8661112
robot_102
    9.918398,     27.21722,            0,            0,            0,   -0.5413842,    0.8407754
robot_192
   -26.01497,    -2.268167,            0,            0,            0,    0.8949316,    0.4462034
robot_179
   -28.23804,    -5.997098,            0,            0,            0,    0.4570235,    0.8894546
robot_142
    24.76096,     38.01808,            0,            0,            0,   -0.5855103,     0.810665
robot_1
   -26.08441,    -11.35515,            0,            0,            0,    0.3061821,     0.951973
robot_44
    30.24091,     34.01808,            0,            0,            0,   -0.9635177,    0.2676445
robot_163
    5.938196,     28.12656,            0,            0,            0,   -0.5684862,    0.8226928
robot_79
    5.937919,     6.100916,            0,            0,            0,   -0.9349903,    0.3546733
robot_8
   -30.06145,     13.17052,            0,            0,            0,   -0.1281742,    0.9917517
robot_20
    17.57621,    -18.02095,            0,            0,            0,   -0.9128725,    0.4082447
robot_143
   -33.55296,    -13.97241,            0,            0,            0,     0.999986,  0.005283141
robot_138
    39.02106,     5.974183,            0,            0,            0,   -0.3618104,    0.9322517
robot_123
   -27.09642,     6.029892,            0,            0,            0,    0.9714164,    0.2373817
robot_193
    25.90948,    -3.906398,            0,            0,            0,   -0.8160105,    0.5780371
robot_187
   -26.03788,    -7.979279,            0,            0,            0,   -0.8020561,    0.5972488
robot_176
   -17.14976,     33.97278,            0,            0,            0,    0.7911114,    0.6116721
robot_66
   -14.44987,    -1.939464,            0,            0,            0,    0.2420714,    0.9702584
robot_63
    25.84292,       13.648,            0,            0,            0,    0.1511777,    0.9885066
robot_31
   -9.366236,     38.02833,            0,            0,            0,   -0.5833422,    0.8122265
robot_159
   -22.04281,    -19.90438,            0,            0,            0,   0.07345912,    0.9972982
robot_160
    5.925649,   -0.8948281,            0,            0,            0,    -0.388789,    0.9213268
robot_151
    17.97654,     21.95109,            0,            0,            0,   -0.4220941,     0.906552
robot_150
     21.9424,    -24.02471,            0,            0,            0,    0.9852039,    0.1713861
robot_137
    17.72696,     34.08376,            0,            0,            0,   -0.9988413,     0.048126
robot_199
    10.00167,    -1.900241,            0,            0,            0,   -0.8719182,    0.4896516
robot_54
    35.76103,    -29.96977,            0,            0,            0,     0.998642,   0.05209729
robot_117
    25.96237,    -11.75285,            0,            0,            0,    0.6876828,    0.7260113
robot_36
   -10.06084,    -21.87884,            0,            0,            0,   -0.2789768,    0.9602978
robot_33
    37.95315,    -17.28576,            0,            0,            0,    0.9998847,   0.01518824
robot_146
    17.95178,    -29.13617,            0,            0,            0,   -0.1199575,     0.992779
robot_156
    13.31405,     14.02024,            0,            0,            0,  -0.02708175,    0.9996332
robot_112
   -22.08759,   0.08003627,            0,            0,            0,    0.5198479,    0.8542588
robot_19
    9.230821,    -9.978229,            0,            0,            0,   -0.2250456,    0.9743482
robot_141
    14.42003,    -22.05506,            0,            0,            0,    0.7268803,    0.6867641
robot_35
     38.1225,    -21.83747,            0,            0,            0,   -0.0781075,    0.9969449
robot_184
   -34.06708,     18.64343,            0,            0,            0,    0.2841521,    0.9587792
robot_98
   -2.168786,     -33.7788,            0,            0,            0,    0.9960859,   0.08839038
robot_100
    2.016656,    -10.06093,            0,            0,            0,   -0.7359411,    0.6770455
robot_164
    5.913963,      8.46592,            0,            0,            0,    0.9157329,    0.4017876
robot_59
    29.12301,      37.9907,            0,            0,            0,    0.9909587,    0.1341671
robot_144
   -26.37554,     21.98066,            0,            0,            0,     0.635389,    0.7721922
robot_101
    5.990304,    -33.74262,            0,            0,            0,   -0.5027983,    0.8644038
robot_161
    1.173191,     6.024023,            0,            0,            0,   -0.1173325,    0.9930927
robot_149
    25.56056,    -13.90656,            0,            0,            0,      0.45728,    0.8893228
robot_86
    25.26762,    -5.973491,            0,            0,            0,    0.5115882,    0.8592308
robot_191
   -10.06876,     9.788838,            0,            0,            0,    0.5936257,    0.8047413
robot_126
    14.38464,    -26.07209,            0,            0,            0,  -0.02596499,    0.9996629
robot_190
   -30.10474,     18.03535,            0,            0,            0,    0.5223813,     0.852712
robot_131
    22.07314,     14.07416,            0,            0,            0,    0.9980732,   0.06204706
robot_154
   -21.81004,    -26.01636,            0,            0,            0,   -0.6905091,    0.7233237
robot_9
   -36.60218,     30.01175,            0,            0,            0,   -0.4083782,    0.9128128
robot_27
    14.03644,     10.06688,            0,            0,            0,   -0.7909517,    0.6118785
robot_34
    17.91864,     25.96149,            0,            0,            0,  -0.05859415,    0.9982819
robot_114
    -37.2486,     -13.9672,            0,            0,            0,    0.9968347,   0.07950152
robot_51
    37.80648,    -34.00359,            0,            0,            0,    0.1379259,    0.9904426
