tuw_multi_robot_msgs::RobotGoalsArray @1970-01-01T01:35:54.800000
frame_id: map
        5754,    800000000
robot_84
   -14.07926,    -30.29313,            0,            0,            0,   -0.4742514,    0.8803895
robot_116
    28.51182,      14.0295,            0,            0,            0,    0.9458661,    0.3245571
robot_74
   -36.95507,    -21.98875,            0,            0,            0,  -0.05614598,    0.9984226
robot_41
   -24.69438,     1.999214,            0,            0,            0,    0.8521449,     0.523306
robot_125
   -2.285896,     21.96361,            0,            0,            0,   -0.8842483,     0.467017
robot_136
   -10.03431,     20.79591,            0,            0,            0,    0.4841269,    0.8749978
robot_173
    -15.7365,     29.99194,            0,            0,            0,    0.5744731,    0.8185234
robot_67
    3.761781,    -5.998616,            0,            0,            0,    0.1550812,    0.9879017
robot_197
   -18.08305,     6.726639,            0,            0,            0,    0.2921751,    0.9563649
robot_119
   -5.878629,    -18.13577,            0,            0,            0,   -0.5996975,    0.8002268
robot_82
    33.74085,     5.868003,            0,            0,            0,    0.9030024,    0.4296356
robot_77
   -10.56453,     18.08467,            0,            0,            0,    0.6059406,    0.7955099
robot_5
    33.97418,     26.00696,            0,            0,            0,     0.794784,    0.6068924
robot_133
   -3.517575,    -26.02536,            0,            0,            0,    0.2528984,    0.9674928
robot_99
   -24.76401,    -26.01703,            0,            0,            0,   -0.9976969,   0.06783032
robot_171
    18.24195,    -6.083946,            0,            0,            0,    -0.330775,    0.9437096
robot_180
    14.40786,    -22.06778,            0,            0,            0,    0.9941809,    0.1077237
robot_56
   -30.09847,     2.527548,            0,            0,            0,    0.9998509,   0.01727059
robot_3
    1.784399,    -14.05783,            0,            0,            0,   -0.2721905,    0.9622434
robot_81
   -31.54324,     6.021778,            0,            0,            0,    0.5813808,    0.8136316
robot_167
    13.98567,     13.93439,            0,            0,            0,    0.9996213,   0.02751782
robot_25
   -21.91223,    -22.22446,            0,            0,            0,   -0.5333492,    0.8458952
robot_168
    12.20855,     -17.9967,            0,            0,            0,   -0.8347276,     0.550663
robot_96
    8.035491,     5.991224,            0,            0,            0,    0.4202804,    0.9073943
robot_166
    29.93266,     23.87258,            0,            0,            0,   -0.5519344,    0.8338875
robot_102
   -26.14899,     14.16194,            0,            0,            0,   -0.8649356,    0.5018829
robot_192
    37.84766,    -10.13656,            0,            0,            0,    -0.989034,    0.1476881
robot_179
    13.90678,      6.37336,            0,            0,            0,     0.332715,    0.9430274
robot_142
    33.92579,    -1.455701,            0,            0,            0,    0.7535656,    0.6573727
robot_1
    10.93998,    -22.02173,            0,            0,            0,    0.9983534,   0.05736284
robot_44
   -11.20501,    -37.99907,            0,            0,            0,     0.949542,      0.31364
robot_163
    21.94687,     12.05915,            0,            0,            0,    0.9361266,    0.3516633
robot_79
   -22.07853,    -17.50333,            0,            0,            0,    0.5478648,    0.8365669
robot_8
   -14.14783,    -18.01703,            0,            0,            0,    0.8739296,    0.4860525
robot_20
    21.03836,     29.98762,            0,            0,            0,   -0.8742344,     0.485504
robot_143
   -14.12491,    -26.17172,            0,            0,            0,    0.7451667,    0.6668783
robot_138
    34.28019,     17.91787,            0,            0,            0,    0.2889432,    0.9573462
robot_123
    34.12133,     22.02143,            0,            0,            0,  -0.03480838,     0.999394
robot_193
   -14.04115,     37.70755,            0,            0,            0,    0.8954468,    0.4451684
robot_187
    29.92797,     -39.2679,            0,            0,            0,    0.4983708,     0.866964
robot_176
    32.92855,    -17.98001,            0,            0,            0,   -0.1059169,     0.994375
robot_66
    9.972056,    -33.99192,            0,            0,            0,   -0.2206499,    0.9753531
robot_63
    21.80978,     38.15402,            0,            0,            0,   -0.8903049,    0.4553649
robot_31
    21.96602,    -37.30679,            0,            0,            0,   -0.8863836,    0.4629514
robot_159
    -6.23978,    -34.11259,            0,            0,            0,    0.5346494,     0.845074
robot_160
   -22.11813,     9.933963,            0,            0,            0,    0.8310386,    0.5562148
robot_151
    25.95045,     8.666788,            0,            0,            0,    0.9832977,    0.1820047
robot_150
    29.95246,    -8.009249,            0,            0,            0,  -0.09114746,    0.9958374
robot_137
   -21.30728,     17.99348,            0,            0,            0,      0.98471,    0.1742017
robot_199
   -22.05099,     -7.99911,            0,            0,            0,    0.9304905,     0.366316
robot_54
   -13.69923,     29.94716,            0,            0,            0,    0.2535058,    0.9673339
robot_117
    26.02421,     14.28101,            0,            0,            0,    0.9211645,    0.3891735
robot_36
   -30.16848,     10.07505,            0,            0,            0,   -0.3419499,    0.9397182
robot_33
    13.69441,     18.09254,            0,            0,            0,    0.8151548,    0.5792431
robot_146
    29.95058,    -24.11966,            0,            0,            0,    0.7760902,    0.6306219
robot_156
    29.37441,    -6.003571,            0,            0,            0,   -0.9905225,    0.1373507
robot_112
    9.716407,    -10.03901,            0,            0,            0,   -0.8361432,    0.5485112
robot_19
    -22.0632,    -12.48714,            0,            0,            0,   -0.9795731,    0.2010886
robot_141
   -26.06325,     30.57955,            0,            0,            0,    0.3649665,    0.9310207
robot_35
     12.0502,    -5.984148,            0,            0,            0,    0.4437349,    0.8961581
robot_184
   -7.597259,     21.96712,            0,            0,            0,   -0.9812085,    0.1929505
robot_98
    25.82466,    -2.149394,            0,            0,            0,    0.7840748,    0.6206663
robot_100
    21.94165,    -10.23277,            0,            0,            0,    0.9140332,    0.4056394
robot_164
   -20.89851,    -2.008707,            0,            0,            0,    0.8044968,     0.593957
robot_59
   -30.01029,     37.66008,            0,            0,            0,    0.8567749,    0.5156906
robot_144
    2.063276,     26.06013,            0,            0,            0,   -0.9830143,     0.183529
robot_101
    13.92428,    -10.15343,            0,            0,            0,   -0.4659423,    0.8848151
robot_161
    17.84309,     37.82155,            0,            0,            0,    0.7584572,    0.6517229
robot_149
   -22.09889,    -37.76585,            0,            0,            0,    0.9360859,    0.3517714
robot_86
    17.84034,    -21.85406,            0,            0,            0,    0.5813239,    0.8136722
robot_191
    21.84007,    -33.91112,            0,            0,            0,    -0.466965,    0.8842758
robot_126
   -33.97978,    -1.758827,            0,            0,            0,   0.06038273,    0.9981753
robot_190
   -34.82951,     30.01024,            0,            0,            0,     0.994218,    0.1073803
robot_131
    17.83423,    -26.14023,            0,            0,            0,   -0.2503653,    0.9681514
robot_154
   -38.06888,     24.42432,            0,            0,            0,    -0.981352,    0.1922193
robot_9
   -16.83831,     37.96911,            0,            0,            0,    0.9666681,    0.2560329
robot_27
   -26.91545,    -6.026981,            0,            0,            0,    0.9010968,    0.4336179
robot_34
    21.91531,     26.29582,            0,            0,            0,   -0.6089845,    0.7931821
robot_114
    13.68041,     33.95943,            0,            0,            0,   -0.9820926,    0.1883987
robot_51
   -10.03543,     33.58344,            0,            0,            0,   -0.3619543,    0.9321958
robot_108
   -38.07497,    -33.08501,            0,            0,            0,    0.4380503,    0.8989504
robot_147
   -6.039192,     24.82077,            0,            0,            0,    0.2274601,    0.9737874
robot_183
    17.95065,     26.05131,            0,            0,            0,    0.9587415,    0.2842793
robot_48
     37.6286,    -14.04059,            0,            0,            0,   -0.9435715,    0.3311688
robot_60
   -18.23253,    -10.14355,            0,            0,            0,    0.8715337,    0.4903357
robot_75
    -2.25902,     26.15527,            0,            0,            0,   -0.9817442,    0.1902062
robot_152
    17.95441,       34.495,            0,            0,            0,    0.2324125,    0.9726173
robot_26
    17.45939,    -13.92298,            0,            0,            0,   -0.9631927,    0.2688117
robot_182
    25.96173,     21.42173,            0,            0,            0,   -0.6877871,    0.7259125
robot_172
   -29.83572,    -5.858778,            0,            0,            0,   -0.8652458,     0.501348
robot_43
     21.8881,     18.06499,            0,            0,            0,   -0.4736944,    0.8806893
robot_170
   -30.07546,     25.13713,            0,            0,            0,    0.4134294,    0.9105362
robot_177
   -5.091759,     21.98457,            0,            0,            0,    0.3425954,     0.939483
robot_80
    4.640213,    -33.98643,            0,            0,            0,   -0.7889381,    0.6144727
robot_16
   -2.248679,    -22.15148,            0,            0,            0,    0.6176821,    0.7864279
robot_13
     18.4029,     30.00398,            0,            0,            0,   -0.9651427,    0.2617242
robot_178
   -8.641917,    -14.02278,            0,            0,            0,    0.1818884,    0.9833192
robot_88
   -22.08476,     2.775644,            0,            0,            0,    0.1826212,    0.9831834
robot_194
   -18.04699,    -20.23655,            0,            0,            0,    0.6040087,    0.7969777
robot_29
   -36.76467,    -26.01425,            0,            0,            0,   -0.9993379,   0.03638297
robot_92
    -10.1987,    -30.16091,            0,            0,            0,   -0.7090402,     0.705168
robot_87
    9.951144,     35.44775,            0,            0,            0,     0.493504,    0.8697435
robot_68
   -13.91712,    -14.02652,            0,            0,            0,    0.4640024,     0.885834
robot_22
    21.94311,    -6.248243,            0,            0,            0,    0.7856389,    0.6186854
robot_38
    22.93815,    -26.02138,            0,            0,            0,   -0.9923688,    0.1233052
robot_2
   -14.09208,     25.82083,            0,            0,            0,    0.2135009,    0.9769429
robot_110
   -15.48829,    -6.010835,            0,            0,            0,   -0.5445067,    0.8387565
robot_14
    3.528314,    -21.96818,            0,            0,            0,    0.5327691,    0.8462607
robot_181
   -24.41876,    -34.01194,            0,            0,            0,    0.3388289,     0.940848
robot_61
    6.599353,    -10.01224,            0,            0,            0,    0.8881559,    0.4595423
robot_30
    -8.60364,     2.012855,            0,            0,            0,   -0.8887215,    0.4584474
robot_122
    13.90718,    -32.31351,            0,            0,            0,    -0.356858,    0.9341586
robot_132
    11.55991,     10.00335,            0,            0,            0,    0.6914028,    0.7224695
robot_45
   -38.03441,    -6.537251,            0,            0,            0,    0.2911464,    0.9566785
robot_21
    9.957556,    -24.00553,            0,            0,            0,    0.3832506,    0.9236444
robot_39
    8.698159,     18.00385,            0,            0,            0,   -0.7940946,    0.6077942
robot_134
   -18.03401,     35.46977,            0,            0,            0,   -0.1697255,    0.9854914
robot_15
   -22.38666,      30.0346,            0,            0,            0,   -0.9224351,    0.3861521
robot_145
     1.61455,     6.038567,            0,            0,            0,   -0.7326948,    0.6805574
robot_140
   -6.191433,     -14.1653,            0,            0,            0,    0.8751076,    0.4839285
robot_196
   -26.38384,    -37.92978,            0,            0,            0,   -0.8313973,    0.5556785
robot_188
   -18.50508,     29.95393,            0,            0,            0,    0.9187931,    0.3947395
robot_4
    38.13858,     14.14148,            0,            0,            0,    0.9865247,    0.1636127
robot_155
   -15.01925,    -21.97779,            0,            0,            0,   -0.8504039,    0.5261305
robot_135
   -18.09502,     12.12018,            0,            0,            0,   -0.6209198,    0.7838741
robot_93
    8.581977,     2.014571,            0,            0,            0,   -0.8519278,    0.5236592
robot_111
    17.80652,     14.22104,            0,            0,            0,   0.02567431,    0.9996704
robot_0
    30.00274,     17.75628,            0,            0,            0,   -0.8661045,     0.499863
robot_49
    5.908389,     27.59539,            0,            0,            0,    0.9994555,    0.0329964
robot_113
   -18.09599,      20.0365,            0,            0,            0,   -0.5543874,    0.8322587
robot_94
     16.9679,     6.022687,            0,            0,            0,   -0.9411337,    0.3380346
robot_40
    2.429487,    -17.94818,            0,            0,            0,    0.3892492,    0.9211325
robot_103
     29.9137,     34.59747,            0,            0,            0,    0.6702845,    0.7421042
robot_6
    25.71357,    -13.89425,            0,            0,            0,   -0.9536704,    0.3008533
robot_71
   -2.039824,     8.312257,            0,            0,            0,    0.2591143,    0.9658467
robot_17
   -10.85461,     2.031349,            0,            0,            0,    0.2833994,     0.959002
robot_120
    29.91714,    -21.29414,            0,            0,            0,    0.5260454,    0.8504565
robot_189
     33.6972,     2.007408,            0,            0,            0,    0.5602933,    0.8282943
robot_148
   -6.083185,     34.63751,            0,            0,            0,   -0.9056936,     0.423933
robot_186
   -2.079975,     -8.91656,            0,            0,            0,    0.9295638,    0.3686614
