tuw_multi_robot_msgs::RobotGoalsArray @1970-01-01T01:32:24.600000
frame_id: map
        5544,    600000000
robot_84
   -6.712876,     6.030952,            0,            0,            0,    0.7717831,    0.6358859
robot_116
   -26.09877,    -26.22279,            0,            0,            0,    0.3353247,    0.9421026
robot_74
   -26.08737,    -3.129469,            0,            0,            0,   -0.2887239,    0.9574124
robot_41
    37.50899,    -9.919131,            0,            0,            0,   -0.1696925,    0.9854971
robot_125
   -14.55732,     1.901843,            0,            0,            0,   -0.8372711,     0.546788
robot_136
   -31.68085,     10.01154,            0,            0,            0,    0.8190286,    0.5737528
robot_173
     27.4936,     29.96962,            0,            0,            0,    0.7259002,    0.6878001
robot_67
   0.3371242,    -17.96943,            0,            0,            0,   -0.3912051,    0.9203035
robot_197
     18.4491,    -25.97323,            0,            0,            0,   0.08825695,    0.9960977
robot_119
    33.52866,    -21.90899,            0,            0,            0,   0.09142745,    0.9958117
robot_82
    9.914351,    -28.91607,            0,            0,            0,    0.9965474,   0.08302528
robot_77
    17.93833,    -34.63392,            0,            0,            0,   -0.2087394,    0.9779713
robot_5
   -12.90297,    -21.99965,            0,            0,            0,   -0.4687665,    0.8833221
robot_133
   -30.03329,    -8.828881,            0,            0,            0,     0.804535,    0.5939052
robot_99
   -36.48533,     5.982708,            0,            0,            0,   -0.7938951,    0.6080547
robot_171
   -26.04043,    -32.83665,            0,            0,            0,   -0.9134395,    0.4069746
robot_180
   -22.27748,    -22.01234,            0,            0,            0,    0.1002859,    0.9949587
robot_56
     6.13721,     2.066415,            0,            0,            0,    0.9999101,   0.01341195
robot_3
   -34.04486,     7.254129,            0,            0,            0,    0.5398361,    0.8417702
robot_81
   -13.32622,    -29.99379,            0,            0,            0,   -0.7228589,    0.6909957
robot_167
   -11.27247,     34.00167,            0,            0,            0,    0.9817095,    0.1903849
robot_25
   -34.82422,    -25.98686,            0,            0,            0, -0.002654606,    0.9999965
robot_168
   -10.08563,      27.8237,            0,            0,            0,    0.2643647,    0.9644228
robot_96
    15.30291,     29.98432,            0,            0,            0,   -0.9999172,   0.01287179
robot_166
    10.17711,     17.93616,            0,            0,            0,    0.6142554,    0.7891073
robot_102
    2.296787,     6.069692,            0,            0,            0,   -0.9623428,    0.2718386
robot_192
    -9.97135,    -5.650631,            0,            0,            0,     0.556993,    0.8305172
robot_179
    -39.5991,     29.97005,            0,            0,            0,   -0.4625605,    0.8865877
robot_142
    25.91831,     35.03996,            0,            0,            0,   -0.9821047,    0.1883358
robot_1
   -38.41903,    -14.09755,            0,            0,            0,     -0.95433,    0.2987546
robot_44
   -14.10393,     33.93828,            0,            0,            0,    0.8336025,    0.5523648
robot_163
    -14.2321,    -37.77428,            0,            0,            0,    0.7889811,    0.6144175
robot_79
    29.68708,     30.05176,            0,            0,            0,   -0.8752977,    0.4835846
robot_8
    33.96129,    -36.02722,            0,            0,            0,     0.461349,    0.8872187
robot_20
    10.00085,    -21.90869,            0,            0,            0,   -0.9996595,   0.02609241
robot_143
   -8.773865,    -29.97895,            0,            0,            0,     0.946524,    0.3226335
robot_138
   -30.34338,    -5.964953,            0,            0,            0,   -0.5480725,    0.8364308
robot_123
    25.92538,     8.443607,            0,            0,            0,   -0.2312364,    0.9728976
robot_193
   0.9636447,     10.01615,            0,            0,            0,    0.3887341,      0.92135
robot_187
    -10.0838,    -17.24911,            0,            0,            0,   -0.9752259,    0.2212112
robot_176
    25.66311,     26.01261,            0,            0,            0,    0.4575217,    0.8891985
robot_66
   -16.07505,    -30.03182,            0,            0,            0,   -0.1807285,     0.983533
robot_63
   -26.06193,     14.11706,            0,            0,            0,   -0.1910604,    0.9815783
robot_31
   -6.059983,    -1.508571,            0,            0,            0,    0.9120873,    0.4099961
robot_159
     17.9068,    -30.27039,            0,            0,            0,  -0.06330794,     0.997994
robot_160
    6.237152,     9.932953,            0,            0,            0,   -0.6733327,    0.7393396
robot_151
    29.89008,     25.79048,            0,            0,            0,  -0.01506102,    0.9998866
robot_150
    22.99341,    -25.99673,            0,            0,            0,   -0.8809488,    0.4732116
robot_137
   -18.22433,    -30.00468,            0,            0,            0,    0.5990223,    0.8007324
robot_199
   -18.08323,     11.52005,            0,            0,            0,    0.9831889,    0.1825915
robot_54
    25.92914,    -29.11494,            0,            0,            0,    0.9814289,    0.1918261
robot_117
    30.05688,    -17.91715,            0,            0,            0,    0.6973052,    0.7167743
robot_36
    7.421128,    -9.991546,            0,            0,            0,    0.2719902,       0.9623
robot_33
    17.47657,     26.04741,            0,            0,            0,   -0.9958232,   0.09130223
robot_146
   -38.58381,     21.99891,            0,            0,            0,   -0.8380664,    0.5455682
robot_156
    14.00714,    -33.85016,            0,            0,            0,     -0.62156,    0.7833665
robot_112
    37.95357,     8.442378,            0,            0,            0,     0.827673,    0.5612107
robot_19
   -38.04284,      15.5062,            0,            0,            0,    0.9422456,    0.3349227
robot_141
    33.80462,     33.84748,            0,            0,            0,    0.9319531,    0.3625788
robot_35
   -6.127572,    -29.65157,            0,            0,            0,   -0.9045148,    0.4264423
robot_184
   -39.37976,    -17.97453,            0,            0,            0,   -0.4490687,    0.8934972
robot_98
   -10.12364,     21.82778,            0,            0,            0,   -0.9672871,    0.2536842
robot_100
   -6.061173,     -26.4064,            0,            0,            0,   -0.4830176,    0.8756107
robot_164
   -38.09073,    -6.646275,            0,            0,            0,    0.9870669,    0.1603086
robot_59
     1.91821,    -15.74987,            0,            0,            0,   -0.8144206,    0.5802751
robot_144
   -14.16525,      9.95727,            0,            0,            0,    0.9267429,    0.3756961
robot_101
    31.51933,     17.99906,            0,            0,            0,   -0.8644868,    0.5026554
robot_161
    30.08588,    -37.90369,            0,            0,            0,    0.9917555,    0.1281445
robot_149
   -11.49093,     14.01414,            0,            0,            0,   -0.1988361,    0.9800328
robot_86
   -6.088151,    -9.344732,            0,            0,            0,    0.1582168,    0.9874044
robot_191
   -30.03531,    -20.45756,            0,            0,            0,   -0.4033928,    0.9150269
robot_126
   -30.08449,    -35.32322,            0,            0,            0,  -0.02298502,    0.9997358
robot_190
   -20.18251,    -9.995326,            0,            0,            0,   -0.9466178,     0.322358
robot_131
    21.96139,    -18.97366,            0,            0,            0,    0.5485542,     0.836115
robot_154
   -14.05343,     23.96394,            0,            0,            0,    0.2194778,    0.9756175
robot_9
   -16.20924,    -10.02791,            0,            0,            0,   -0.2228242,    0.9748586
robot_27
   -26.37246,     22.08776,            0,            0,            0,   -0.7441519,    0.6680104
robot_34
   -10.05901,     36.80579,            0,            0,            0,   -0.9655195,    0.2603308
robot_114
    13.90766,     12.34577,            0,            0,            0,    0.9881629,    0.1534085
robot_51
   -34.03758,    -19.96763,            0,            0,            0,  -0.07993594,       0.9968
robot_108
   -28.65686,    -2.010786,            0,            0,            0,    0.6394552,    0.7688283
robot_147
   -22.30989,    -1.962356,            0,            0,            0,   -0.6946579,    0.7193403
robot_183
    13.61084,    -29.96136,            0,            0,            0,   -0.6134945,     0.789699
robot_48
   -19.44668,     5.986555,            0,            0,            0,  -0.05755632,    0.9983423
robot_60
    2.251762,    -26.05303,            0,            0,            0,   -0.8624963,    0.5060633
robot_75
   -32.34006,     18.00777,            0,            0,            0,    0.3299716,    0.9439909
robot_152
    17.98491,    -5.693449,            0,            0,            0,   -0.9910923,    0.1331771
robot_26
   -10.09722,    -27.19216,            0,            0,            0,    0.9994502,   0.03315451
robot_182
   -35.24757,     14.01375,            0,            0,            0,    -0.781809,     0.623518
robot_172
   -26.07154,     6.383035,            0,            0,            0,   -0.5137412,    0.8579452
robot_43
   -11.77838,     25.97777,            0,            0,            0,   -0.8626342,    0.5058282
robot_170
    -34.0169,     22.01456,            0,            0,            0,   -0.8462934,    0.5327171
robot_177
   -22.18932,     38.19268,            0,            0,            0,   0.04625245,    0.9989298
robot_80
    2.619478,     17.98128,            0,            0,            0,     0.999941,   0.01086531
robot_16
   -35.43122,    -34.01858,            0,            0,            0,   -0.5440282,    0.8390669
robot_13
    33.00977,     22.02294,            0,            0,            0,    0.7215418,    0.6923709
robot_178
    2.359644,     -30.0198,            0,            0,            0,    0.9675994,    0.2524904
robot_88
   -14.19535,    -33.88137,            0,            0,            0,    -0.870564,    0.4920551
robot_194
   -22.44535,      14.0596,            0,            0,            0,   -0.7946211,    0.6071057
robot_29
    33.94035,     0.721059,            0,            0,            0,    0.8313798,    0.5557046
robot_92
    21.96159,     38.79168,            0,            0,            0,    0.6743641,     0.738399
robot_87
    20.22363,      9.98675,            0,            0,            0,  -0.06031765,    0.9981792
robot_68
   -32.99811,     30.00903,            0,            0,            0,   -0.8079549,    0.5892443
robot_22
    20.27834,     2.030537,            0,            0,            0,    0.8913781,    0.4532605
robot_38
    34.35979,    -33.98275,            0,            0,            0,    0.9509345,    0.3093922
robot_2
   -26.05443,     28.12255,            0,            0,            0,    0.9778068,    0.2095085
robot_110
   -13.91344,    -17.86958,            0,            0,            0,    0.1630848,    0.9866121
robot_14
     29.9461,    -3.699213,            0,            0,            0,   -0.3995724,    0.9167016
robot_181
    9.937079,     -2.61938,            0,            0,            0,    0.7091272,    0.7050805
robot_61
    5.939873,     37.83108,            0,            0,            0,    0.1520553,     0.988372
robot_30
   -2.088954,     26.25332,            0,            0,            0,    0.8020083,    0.5973128
robot_122
   -23.76442,    -9.968421,            0,            0,            0,    0.3129436,    0.9497717
robot_132
   -30.06593,      26.9656,            0,            0,            0,   -0.8607064,    0.5091016
robot_45
    37.94509,     19.96455,            0,            0,            0,    0.3311429,    0.9435806
robot_21
    9.941824,     3.267072,            0,            0,            0,   -0.7450497,     0.667009
robot_39
    1.035383,    -10.02953,            0,            0,            0,    0.9882467,    0.1528676
robot_134
    33.61151,    -17.95707,            0,            0,            0,   -0.7190699,    0.6949377
robot_15
    38.57899,    -29.99641,            0,            0,            0,   -0.5704027,    0.8213652
robot_145
   -21.90719,     1.922057,            0,            0,            0,    0.8641435,    0.5032455
robot_140
   -12.83423,     17.98146,            0,            0,            0,    0.8872586,    0.4612723
robot_196
    17.91045,     -38.4296,            0,            0,            0,    0.4555526,    0.8902088
robot_188
   -21.75443,    -37.95535,            0,            0,            0,     0.224361,    0.9745061
robot_4
     6.02097,    -30.04144,            0,            0,            0,   -0.8726848,    0.4882839
robot_155
    1.955567,     21.00039,            0,            0,            0,    0.9307269,     0.365715
robot_135
    6.327434,       33.924,            0,            0,            0,   -0.5277547,    0.8493968
robot_93
   -38.51954,     -26.0285,            0,            0,            0,    0.0988256,    0.9951048
robot_111
    9.993351,    -17.99243,            0,            0,            0,    0.9237475,     0.383002
robot_0
   -29.61677,     9.982136,            0,            0,            0,   -0.9998129,   0.01934284
robot_49
   -39.72621,     34.01476,            0,            0,            0,   0.05589487,    0.9984367
robot_113
   -5.926745,     29.77056,            0,            0,            0,    0.7196663,    0.6943201
