tuw_multi_robot_msgs::RobotGoalsArray @1970-01-01T01:36:16.800000
frame_id: map
        5776,    800000000
robot_84
   -22.04742,    -39.08868,            0,            0,            0,   -0.8129758,    0.5822975
robot_116
    17.75096,    -18.15381,            0,            0,            0,   -0.8979485,    0.4401005
robot_74
    29.81882,    -14.08574,            0,            0,            0,   -0.9426719,    0.3337211
robot_41
    -29.4165,    -14.03196,            0,            0,            0,    0.9765051,    0.2154943
robot_125
    21.66702,     2.010248,            0,            0,            0,      0.96135,    0.2753291
robot_136
    29.72467,    -18.05441,            0,            0,            0,    0.6463164,    0.7630695
robot_173
   -29.98567,    -1.895428,            0,            0,            0,   -0.5392819,    0.8421253
robot_67
    -30.1179,    -29.77807,            0,            0,            0,   -0.4139584,    0.9102958
robot_197
   -10.04774,    -13.70537,            0,            0,            0,   -0.3486217,    0.9372635
robot_119
    29.90102,    -2.887605,            0,            0,            0,   -0.9955528,   0.09420547
robot_82
    13.92117,    -22.23335,            0,            0,            0,   -0.5003155,    0.8658432
robot_77
    37.60578,      30.0324,            0,            0,            0,    0.5009237,    0.8654914
robot_5
   -30.12421,    -25.69716,            0,            0,            0,    0.5717202,    0.8204487
robot_133
    15.26661,    -1.968051,            0,            0,            0,    0.8528244,    0.5221978
robot_99
     22.7127,     6.006175,            0,            0,            0,    0.9256109,    0.3784764
robot_171
    5.262288,    -14.02975,            0,            0,            0,   -0.9563789,     0.292129
robot_180
   -26.08898,     6.690504,            0,            0,            0,   -0.2591009,    0.9658503
robot_56
   -11.93114,    -25.99526,            0,            0,            0,   -0.7061036,    0.7081086
robot_3
   -34.07159,    -25.89254,            0,            0,            0,   -0.8948414,    0.4463842
robot_81
    32.38232,     34.02004,            0,            0,            0,   -0.9206591,    0.3903676
robot_167
    1.996583,    -18.03096,            0,            0,            0,   -0.3945706,    0.9188656
robot_25
    9.880207,    -5.869146,            0,            0,            0,    0.9994757,   0.03237697
robot_168
    5.907562,     16.58952,            0,            0,            0,    0.2043054,    0.9789072
robot_96
   -26.40375,     13.97563,            0,            0,            0,   -0.2435488,    0.9698886
robot_166
   -7.385525,     38.00514,            0,            0,            0,   0.06444759,    0.9979211
robot_102
   -14.06356,    -37.39498,            0,            0,            0,    0.9997456,   0.02255407
robot_192
   -26.26219,      -5.9058,            0,            0,            0,    0.1728483,    0.9849485
robot_179
    9.963481,     36.55955,            0,            0,            0,    0.8878094,    0.4602114
robot_142
   -34.08922,     21.37674,            0,            0,            0,   -0.9134744,    0.4068962
robot_1
    6.117518,    -5.921989,            0,            0,            0,   -0.9362915,     0.351224
robot_44
   -30.18465,     -18.0373,            0,            0,            0,    0.5725344,    0.8198807
robot_163
   -38.08135,     13.59725,            0,            0,            0,   -0.1845261,    0.9828276
robot_79
   -6.094698,    -19.96287,            0,            0,            0,  -0.08204361,    0.9966287
robot_8
   -11.21356,     30.00963,            0,            0,            0,   -0.8207719,    0.5712561
robot_20
    -6.16518,    -5.741182,            0,            0,            0,   -0.6685736,    0.7436459
robot_143
    21.97468,    -21.78388,            0,            0,            0,    0.7173414,    0.6967218
robot_138
    5.837183,    -34.16333,            0,            0,            0,  -0.06624588,    0.9978033
robot_123
    30.19792,    -5.901095,            0,            0,            0,    0.7311244,    0.6822442
robot_193
   -2.060365,     12.64155,            0,            0,            0,    0.3758794,    0.9266686
robot_187
    -20.5797,       21.997,            0,            0,            0,   -0.6244917,    0.7810315
robot_176
     33.6981,      6.04748,            0,            0,            0,    0.2342268,     0.972182
robot_66
    11.58977,    -10.02812,            0,            0,            0,    0.6946209,     0.719376
robot_63
    8.230374,     18.00137,            0,            0,            0,    0.9812512,    0.1927332
robot_31
    21.67357,     37.94824,            0,            0,            0,     0.386166,    0.9224293
robot_159
    10.25165,     14.07192,            0,            0,            0,    0.4302952,    0.9026882
robot_160
   -4.479379,     13.99145,            0,            0,            0,    0.7049766,    0.7092305
robot_151
    16.11659,    -30.00232,            0,            0,            0,     0.971693,    0.2362472
robot_150
    13.93312,    -9.797974,            0,            0,            0,   -0.8620524,    0.5068192
robot_137
   -27.14795,     2.025463,            0,            0,            0,   -0.5293749,     0.848388
robot_199
    20.20969,    -1.978023,            0,            0,            0,    0.6122933,    0.7906307
robot_54
   -10.05754,    -10.25413,            0,            0,            0,    0.6792645,    0.7338936
robot_117
   -16.64072,      1.97328,            0,            0,            0,    0.3532217,    0.9355396
robot_36
    13.83315,     21.89772,            0,            0,            0,   -0.4268449,    0.9043248
robot_33
    13.95479,    -29.96497,            0,            0,            0,   -0.3286992,    0.9444347
robot_146
    16.53021,     10.00944,            0,            0,            0,    0.6376555,    0.7703217
robot_156
   -38.93892,    -30.01398,            0,            0,            0,   -0.9769139,    0.2136332
robot_112
   -10.96574,     17.98661,            0,            0,            0,   -0.7262026,    0.6874807
robot_19
    8.427474,    -1.977331,            0,            0,            0,    0.9766099,    0.2150189
robot_141
    29.91985,     38.26955,            0,            0,            0,    0.1063166,    0.9943323
robot_35
    18.81132,    -14.01179,            0,            0,            0,   -0.9974224,   0.07175413
robot_184
    25.93556,     11.38873,            0,            0,            0,    0.7844832,      0.62015
robot_98
   -30.48396,    -21.93814,            0,            0,            0,    0.1457661,    0.9893191
robot_100
   -15.81744,     17.99375,            0,            0,            0,    -0.961497,    0.2748156
robot_164
   -28.12726,      22.0059,            0,            0,            0,    0.5928532,    0.8053105
robot_59
   -23.63233,    -29.99395,            0,            0,            0,    0.9930056,    0.1180672
robot_144
    18.06044,     -21.7836,            0,            0,            0,   -0.7327571,    0.6804903
robot_101
    -25.9407,    -25.81299,            0,            0,            0,    0.5939605,    0.8044942
robot_161
    35.14506,    -17.96757,            0,            0,            0,   -0.9713165,    0.2377903
robot_149
    1.488848,    -29.94531,            0,            0,            0,    0.9147116,    0.4041072
robot_86
   -9.998016,    -38.17961,            0,            0,            0,    0.8834978,    0.4684353
robot_191
    17.90727,    -10.59604,            0,            0,            0,    -0.858833,    0.5122557
robot_126
   -17.03989,     -30.0065,            0,            0,            0,   -0.9933557,    0.1150843
robot_190
    25.92854,     23.50743,            0,            0,            0,    0.6054352,    0.7958946
robot_131
   -34.05712,     17.15823,            0,            0,            0,   -0.4210117,    0.9070552
robot_154
    18.13437,    -6.086239,            0,            0,            0,    0.9992981,   0.03746145
robot_9
    13.92027,     32.90789,            0,            0,            0,   -0.5076984,    0.8615349
robot_27
    7.368587,     9.993877,            0,            0,            0,   -0.6297015,    0.7768372
robot_34
     -2.0408,     19.53326,            0,            0,            0,    -0.792989,    0.6092359
robot_114
   -15.10708,    -22.03278,            0,            0,            0,    0.7142321,     0.699909
robot_51
    37.92165,     10.03318,            0,            0,            0,  -0.03651565,    0.9993331
robot_108
   -6.151095,     -38.3509,            0,            0,            0,   -0.2702392,    0.9627932
robot_147
    29.98154,    -9.832818,            0,            0,            0,   -0.9953058,   0.09678007
robot_183
   -14.56407,     25.99297,            0,            0,            0,    0.3736651,    0.9275637
robot_48
    18.41826,     13.98985,            0,            0,            0,    0.8312128,    0.5559544
robot_60
   -13.47096,     22.00073,            0,            0,            0,   -0.9973085,   0.07331901
robot_75
   -13.94195,     9.848601,            0,            0,            0,    0.1775331,    0.9841148
robot_152
    33.93802,     -26.7018,            0,            0,            0,   -0.9334966,    0.3585864
robot_26
    9.908362,     34.06142,            0,            0,            0,    0.6683098,    0.7438831
robot_182
     34.1745,     30.04817,            0,            0,            0,    0.2268954,    0.9739191
robot_172
   -6.065983,     22.53851,            0,            0,            0,    0.9996034,   0.02816197
robot_43
    17.91576,    -25.10825,            0,            0,            0,    0.1739888,    0.9847476
robot_170
   -29.52396,    -38.00845,            0,            0,            0,    0.4035953,    0.9149376
robot_177
    25.37138,    -21.98572,            0,            0,            0,    0.4699932,      0.88267
robot_80
   -22.03586,    -19.85742,            0,            0,            0,   0.03049535,    0.9995349
robot_16
   -13.17557,    -2.004279,            0,            0,            0,   -0.1120003,    0.9937082
robot_13
    9.917654,     29.82864,            0,            0,            0,    0.6461254,    0.7632312
robot_178
    29.96456,     5.490364,            0,            0,            0,   -0.3231212,    0.9463576
robot_88
    5.907657,      1.17975,            0,            0,            0,    0.1292753,    0.9916087
robot_194
    13.95317,     -37.8595,            0,            0,            0,    0.8501642,    0.5265177
robot_29
   -9.751521,    -6.005149,            0,            0,            0,   -0.5675199,    0.8233597
robot_92
   -18.13754,    -26.17689,            0,            0,            0,    0.8610638,    0.5084969
robot_87
    37.32842,    -9.990964,            0,            0,            0,    0.9384862,    0.3453167
robot_68
    37.86397,     22.19766,            0,            0,            0,    0.6844679,     0.729043
robot_22
   -35.00024,    -9.971241,            0,            0,            0,   0.09228731,    0.9957324
robot_38
    17.90923,    -32.45536,            0,            0,            0,    0.9861013,    0.1661451
robot_2
    29.93026,     12.17916,            0,            0,            0,    -0.999981,  0.006161395
robot_110
    15.36216,      1.97077,            0,            0,            0,     -0.99401,    0.1092896
robot_14
   -18.16429,     -5.88626,            0,            0,            0,    0.4148633,    0.9098838
robot_181
   -11.98542,    -9.978449,            0,            0,            0,    0.9846948,    0.1742875
robot_61
    10.36478,     9.944255,            0,            0,            0,   -0.2296562,    0.9732718
robot_30
   -12.58677,    -5.971695,            0,            0,            0,     0.201843,    0.9794179
robot_122
   -21.66307,     17.92866,            0,            0,            0,   -0.8093884,    0.5872738
robot_132
   -6.096337,    -31.81616,            0,            0,            0,   -0.0307079,    0.9995284
robot_45
    9.945703,     38.75661,            0,            0,            0,    0.9993108,   0.03711938
robot_21
    2.762402,     21.97444,            0,            0,            0,    0.9703231,    0.2418122
robot_39
    -34.0491,    -32.04336,            0,            0,            0,    0.4858256,    0.8740558
robot_134
   -30.05612,     25.91883,            0,            0,            0,    0.7497926,     0.661673
robot_15
    37.64317,     14.07686,            0,            0,            0,   0.04288041,    0.9990802
robot_145
    11.68539,     26.02642,            0,            0,            0,   -0.1061869,    0.9943462
robot_140
   -38.03409,     16.32364,            0,            0,            0,    0.7157884,    0.6983172
robot_196
    25.59629,    -33.94031,            0,            0,            0,    0.9166114,    0.3997793
robot_188
   -26.05461,      -33.566,            0,            0,            0,   -0.2563032,    0.9665964
robot_4
    29.84379,      1.76655,            0,            0,            0,    0.9230679,     0.384637
robot_155
   -22.23253,     1.923004,            0,            0,            0,    0.4709526,    0.8821585
robot_135
    10.18696,     17.95016,            0,            0,            0,    0.9974125,   0.07189053
robot_93
   -38.58557,    -34.01217,            0,            0,            0,  -0.01531905,    0.9998827
robot_111
    21.90175,    -8.188027,            0,            0,            0,    0.7755361,    0.6313033
robot_0
    21.92142,     20.51661,            0,            0,            0,   -0.2221759,    0.9750066
robot_49
   -22.45646,    -5.985422,            0,            0,            0,    0.9328598,    0.3602397
robot_113
   -7.281793,    -2.015546,            0,            0,            0,    -0.479156,    0.8777298
robot_94
    38.13927,     -14.0414,            0,            0,            0,    0.9272705,     0.374392
robot_40
   -38.08079,    -13.93813,            0,            0,            0,   -0.4735151,    0.8807857
robot_103
    13.91405,      7.63332,            0,            0,            0,   -0.8297626,    0.5581165
robot_6
   -30.08357,    -33.12951,            0,            0,            0,   -0.3238413,    0.9461114
robot_71
   -2.086202,     24.52811,            0,            0,            0,    0.6096335,    0.7926834
robot_17
   -36.87419,     21.99772,            0,            0,            0,   -0.7876976,    0.6160621
robot_120
    9.849593,    -22.28104,            0,            0,            0,   -0.5593817,    0.8289102
robot_189
    29.93854,     16.96632,            0,            0,            0,   0.08290006,    0.9965579
robot_148
    33.65844,    -34.01964,            0,            0,            0,    0.6125841,    0.7904054
robot_186
   -38.26371,     25.92491,            0,            0,            0,    0.4111204,     0.911581
