tuw_multi_robot_msgs::RobotGoalsArray @1970-01-01T01:13:26.700000
frame_id: map
        4406,    700000000
robot_84
   -2.426037,    -9.972064,            0,            0,            0,   -0.9816043,    0.1909269
robot_116
    9.936978,     5.079886,            0,            0,            0,    0.9098452,    0.4149479
robot_74
   -38.54772,    -13.98808,            0,            0,            0,    0.9831568,     0.182764
robot_41
   -26.04517,     35.91221,            0,            0,            0,    0.6178638,    0.7862851
robot_125
   -6.073023,     25.76699,            0,            0,            0,   -0.7974595,    0.6033725
robot_136
   -21.42262,    -1.984278,            0,            0,            0,   -0.8540932,    0.5201199
robot_173
   -29.94983,    -1.955686,            0,            0,            0,    0.9962181,   0.08688822
robot_67
    33.90505,    -28.13944,            0,            0,            0,   -0.7860724,    0.6181345
robot_197
    28.20244,     -5.97536,            0,            0,            0,    0.3694941,    0.9292331
robot_119
    -2.05756,     8.544651,            0,            0,            0,   -0.3364218,    0.9417114
robot_82
   -26.08902,    -38.26281,            0,            0,            0,   -0.4751126,     0.879925
robot_77
    10.15598,     -34.0759,            0,            0,            0,   -0.5284093,    0.8489897
robot_5
   -30.06759,     29.64726,            0,            0,            0,    0.4680856,    0.8836831
robot_133
   -5.591246,     18.05259,            0,            0,            0,  -0.02642223,    0.9996509
robot_99
   -33.93561,     25.78342,            0,            0,            0,   -0.2652371,    0.9641832
robot_171
    38.25933,      -13.967,            0,            0,            0,    0.3658055,    0.9306913
robot_180
   -14.08251,   -0.7326597,            0,            0,            0,   -0.7829169,    0.6221263
robot_56
   -2.965467,     30.00431,            0,            0,            0,    0.1891833,    0.9819418
robot_3
    9.899859,     21.72295,            0,            0,            0,   -0.2260741,    0.9741101
robot_81
   -38.29448,      26.0359,            0,            0,            0,    0.5779058,    0.8161035
robot_167
    21.76544,     13.95092,            0,            0,            0,   -0.5793505,    0.8150786
robot_25
    14.05951,     38.04687,            0,            0,            0,    0.9455949,    0.3253463
robot_168
     -6.1253,     5.889583,            0,            0,            0,   -0.9610001,     0.276548
robot_96
    24.06522,     34.00044,            0,            0,            0,    0.4628334,    0.8864453
robot_166
   -9.980556,    -25.78146,            0,            0,            0,   -0.6908263,    0.7230208
robot_102
    1.762073,    -13.98543,            0,            0,            0,   -0.6310261,    0.7757616
robot_192
   -1.976682,    -26.18612,            0,            0,            0,      0.99799,   0.06337173
robot_179
     33.9015,    -8.709831,            0,            0,            0,    0.9216605,    0.3879974
robot_142
    20.90474,    -26.03249,            0,            0,            0,   0.05225822,    0.9986336
robot_1
    30.01131,    -33.86627,            0,            0,            0,   0.01602644,    0.9998716
robot_44
    6.235126,     22.05427,            0,            0,            0,   -0.6938753,    0.7200952
robot_163
    11.85496,     6.029401,            0,            0,            0,    0.5495753,    0.8354442
robot_79
   -9.983501,     38.32295,            0,            0,            0,    0.8884248,    0.4590222
robot_8
   -30.26055,     17.96718,            0,            0,            0,    0.7962967,    0.6049062
robot_20
   -18.08254,     31.34949,            0,            0,            0,    0.3251917,    0.9456481
robot_143
    26.30378,    -10.08387,            0,            0,            0,    0.2839352,    0.9588435
robot_138
   -11.77229,     1.987541,            0,            0,            0,   -0.9648353,    0.2628552
robot_123
   -34.04063,    -11.51486,            0,            0,            0,    0.6509936,    0.7590832
robot_193
    11.54767,     17.99505,            0,            0,            0,    0.9147463,    0.4040287
robot_187
     17.9322,     24.44047,            0,            0,            0,   -0.3136312,    0.9495449
robot_176
    20.58795,     25.99544,            0,            0,            0,   -0.7121282,    0.7020495
robot_66
   -30.03737,      38.1539,            0,            0,            0,    0.9469317,    0.3214348
robot_63
    29.94399,     34.11424,            0,            0,            0,    0.6894591,    0.7243247
robot_31
   -38.17291,     22.17012,            0,            0,            0,   -0.5688762,    0.8224232
robot_159
   -8.429596,    -18.02298,            0,            0,            0,    0.8601235,    0.5100859
robot_160
    6.557791,    -38.00545,            0,            0,            0,    0.6113973,    0.7913238
robot_151
   -8.378127,     34.00674,            0,            0,            0,   -0.6683031,    0.7438891
robot_150
    -17.4458,     10.01357,            0,            0,            0,   -0.4185384,    0.9081991
robot_137
   -26.08379,    -7.457541,            0,            0,            0,   -0.2947412,    0.9555771
robot_199
    24.71701,     25.98221,            0,            0,            0,   -0.5363851,    0.8439734
robot_54
    -10.0368,     14.40322,            0,            0,            0,   -0.8752932,    0.4835927
robot_117
   -6.167494,      30.1982,            0,            0,            0,   -0.4753616,    0.8797905
robot_36
    9.957907,    -18.68233,            0,            0,            0,    -0.752261,    0.6588653
robot_33
    6.060228,     17.93632,            0,            0,            0,   -0.8082952,    0.5887775
robot_146
    18.40233,    -17.92826,            0,            0,            0,   -0.9869714,     0.160896
robot_156
    17.84264,     13.77907,            0,            0,            0,   -0.9829645,    0.1837957
robot_112
    31.38625,     13.99353,            0,            0,            0,    0.9685287,     0.248902
robot_19
   -34.31622,     22.02507,            0,            0,            0,   -0.6657842,    0.7461443
robot_141
     38.4655,     9.993885,            0,            0,            0,    0.9073289,    0.4204215
robot_35
   -34.04105,     28.69512,            0,            0,            0,   0.04900226,    0.9987987
robot_184
   -17.96308,    -37.91371,            0,            0,            0,    0.3874673,    0.9218834
robot_98
    16.24181,    -26.01877,            0,            0,            0,    0.4777361,    0.8785034
robot_100
     37.9995,      33.9346,            0,            0,            0,    -0.701393,    0.7127748
robot_164
    32.65366,     34.01983,            0,            0,            0,    0.9457821,    0.3248017
robot_59
    32.56049,    -1.978113,            0,            0,            0,    0.9755548,    0.2197564
robot_144
    -25.4573,      25.9764,            0,            0,            0,   -0.7320345,    0.6812676
robot_101
   -18.70571,    -14.02697,            0,            0,            0,   -0.6317773,      0.77515
robot_161
   -6.007826,    -34.22488,            0,            0,            0,    -0.379392,     0.925236
robot_149
    1.987243,     -9.93705,            0,            0,            0,    0.3050701,    0.9523299
robot_86
     13.9269,    -25.03067,            0,            0,            0,    0.7437239,    0.6684869
robot_191
    10.35436,    -29.98278,            0,            0,            0,   -0.9561846,    0.2927643
robot_126
   -9.994315,     25.98603,            0,            0,            0,   0.08879646,    0.9960498
robot_190
    -2.07314,     12.20443,            0,            0,            0,   -0.2601675,    0.9655635
robot_131
     6.00996,    -26.21522,            0,            0,            0,    0.3614873,     0.932377
robot_154
    17.94737,     36.67042,            0,            0,            0,   -0.8799687,    0.4750316
robot_9
   -18.03744,    -29.50445,            0,            0,            0,  0.007966951,    0.9999683
robot_27
   -2.029253,      25.8924,            0,            0,            0,    0.3853502,    0.9227704
robot_34
    -5.96131,    -25.96446,            0,            0,            0,   -0.9813345,    0.1923085
robot_114
    33.91992,    -39.26637,            0,            0,            0,    0.9981307,    0.0611152
robot_51
   -5.437055,    -5.986392,            0,            0,            0,   -0.9578494,    0.2872707
