tuw_multi_robot_msgs::RobotGoalsArray @1970-01-01T00:15:27.800000
frame_id: map
           0,            0
robot_84
    -31.0278,    -5.973346,            0,            0,            0,   -0.9974746,   0.07102382
robot_116
    -2.08401,    -11.48167,            0,            0,            0,    0.6500612,    0.7598819
robot_74
    23.74882,     22.02172,            0,            0,            0,    0.5834095,    0.8121781
robot_41
     5.93043,     16.43967,            0,            0,            0,   0.09027388,     0.995917
robot_125
   -10.42151,    -1.935266,            0,            0,            0,    0.9374597,    0.3480938
robot_136
    34.38517,     33.94404,            0,            0,            0,   -0.6535407,    0.7568914
robot_173
   -29.85727,     2.144736,            0,            0,            0,    0.9996229,   0.02745924
robot_67
   -5.960566,     14.03962,            0,            0,            0,     0.484504,     0.874789
robot_197
    14.03783,    -14.15769,            0,            0,            0,    0.1905773,    0.9816722
robot_119
   -36.73129,     18.01301,            0,            0,            0,   -0.7721937,    0.6353872
robot_82
    5.763455,     -9.89092,            0,            0,            0,    0.8711601,     0.490999
robot_77
   -21.96758,     30.36019,            0,            0,            0,   -0.9999851,   0.00546267
robot_5
    34.07108,    -14.07462,            0,            0,            0,    0.9901496,    0.1400134
robot_133
    25.59014,    -25.97294,            0,            0,            0,   -0.5415504,    0.8406683
robot_99
   -6.344467,     33.94882,            0,            0,            0,   -0.6889716,    0.7247883
robot_171
   -34.03648,    -25.14235,            0,            0,            0,   0.02427057,    0.9997054
robot_180
    37.90749,     -17.8984,            0,            0,            0,    0.5508385,    0.8346119
robot_56
    21.94316,    -33.93579,            0,            0,            0,   -0.3470571,     0.937844
robot_3
   -26.08472,    -10.44116,            0,            0,            0,    0.8201313,    0.5721754
robot_81
   -2.093419,    -16.27489,            0,            0,            0,   -0.1880933,    0.9821512
robot_167
   -10.33467,     37.97664,            0,            0,            0,     0.400677,    0.9162194
robot_25
    -14.1973,    -30.05421,            0,            0,            0,    -0.277245,    0.9607992
robot_168
     30.0111,    -33.66342,            0,            0,            0,   -0.9905928,    0.1368424
robot_96
    29.87396,    -38.30625,            0,            0,            0,    0.3939654,    0.9191253
robot_166
   -2.094167,     15.30139,            0,            0,            0,   0.05612661,    0.9984237
robot_102
    9.933444,     -3.72339,            0,            0,            0,   -0.9408193,    0.3389086
robot_192
   -25.51357,    -29.99887,            0,            0,            0,    0.6564565,    0.7543639
robot_179
    26.09474,      29.8786,            0,            0,            0,    0.9980229,    0.0628518
robot_142
   -5.922544,     21.86404,            0,            0,            0,    0.9819349,    0.1892191
robot_1
    3.396401,     13.98522,            0,            0,            0,   -0.6186895,    0.7856356
robot_44
    5.922012,    -2.699405,            0,            0,            0,   -0.3413518,    0.9399356
robot_163
    1.910736,    -8.448824,            0,            0,            0,   -0.4301161,    0.9027736
robot_79
    -25.9657,     6.067904,            0,            0,            0,    0.9306556,    0.3658963
robot_8
    25.48494,    -18.01383,            0,            0,            0,    0.5069338,     0.861985
robot_20
   -5.772045,    -33.98863,            0,            0,            0,   -0.1176133,    0.9930595
robot_143
    9.540759,     38.02475,            0,            0,            0,   -0.6166361,    0.7872484
robot_138
    1.909089,     -12.2685,            0,            0,            0,   -0.9613845,    0.2752089
robot_123
   -11.24591,     1.989424,            0,            0,            0,   -0.9883088,    0.1524653
robot_193
   -38.06071,     20.85197,            0,            0,            0,   -0.8523662,    0.5229453
robot_187
   -33.62873,     -6.07029,            0,            0,            0,   0.01238148,    0.9999233
