tuw_multi_robot_msgs::RobotGoalsArray @1970-01-01T01:41:52.200000
frame_id: map
        6112,    200000000
robot_84
   -6.079434,     30.97836,            0,            0,            0,   -0.7139132,    0.7002342
robot_116
    -30.0719,     21.50147,            0,            0,            0,    -0.347052,    0.9378459
robot_74
    6.323968,    -1.938649,            0,            0,            0,   -0.3521292,    0.9359514
robot_41
   -30.05322,     10.49576,            0,            0,            0,   -0.4966214,    0.8679673
robot_125
   -18.52453,    -1.971159,            0,            0,            0,    0.9606333,    0.2778194
robot_136
   -32.57286,    -13.97658,            0,            0,            0,    0.3247054,    0.9458152
robot_173
   -10.34017,     9.922969,            0,            0,            0,    0.4758817,    0.8795093
robot_67
    13.91623,    -2.728863,            0,            0,            0,   -0.9157755,    0.4016905
robot_197
   -22.33024,    -9.914957,            0,            0,            0,    0.6907546,    0.7230892
robot_119
   -18.07064,     20.70606,            0,            0,            0,    0.9484004,    0.3170753
robot_82
   -22.22477,    -33.98508,            0,            0,            0,    0.5984176,    0.8011844
robot_77
   -10.82814,    -5.986959,            0,            0,            0,    0.4750567,    0.8799552
robot_5
   -38.05177,    -28.28974,            0,            0,            0,    -0.420203,    0.9074301
robot_133
   -2.062952,    -24.11369,            0,            0,            0,   -0.9557683,    0.2941205
robot_99
   -1.084019,    -17.99391,            0,            0,            0,   -0.8385414,    0.5448379
robot_171
     9.88219,      22.2308,            0,            0,            0,   -0.7578466,    0.6524328
robot_180
   -6.067713,    -33.98297,            0,            0,            0,    0.4939946,     0.869465
robot_56
    28.51845,    -22.00216,            0,            0,            0,   -0.0578823,    0.9983234
robot_3
   -1.787259,    -29.99593,            0,            0,            0,    0.8605005,    0.5094496
robot_81
   -14.08408,     5.375227,            0,            0,            0,    0.4034329,    0.9150092
robot_167
    29.96672,    -11.43239,            0,            0,            0,    0.9555519,     0.294823
robot_25
   -34.03805,     37.61797,            0,            0,            0,    0.9351452,    0.3542646
robot_168
    18.35803,      30.0245,            0,            0,            0,    0.5470458,    0.8371027
robot_96
   -18.61113,    -30.01358,            0,            0,            0,   -0.7509639,    0.6603433
robot_166
   -38.07387,     18.39733,            0,            0,            0,   -0.4817885,    0.8762875
robot_102
   -30.18918,     -14.1685,            0,            0,            0,    0.9978256,   0.06590956
robot_192
   -30.02864,     -9.89728,            0,            0,            0,   -0.5040934,    0.8636491
robot_179
   -34.05051,     16.94525,            0,            0,            0,   -0.4198374,    0.9075993
robot_142
   -22.08627,      29.8113,            0,            0,            0,   -0.9508859,    0.3095416
robot_1
   -33.97445,    -1.881482,            0,            0,            0,    0.9999277,   0.01202761
robot_44
    14.00233,    -14.02122,            0,            0,            0,    0.8286746,    0.5597307
robot_163
    33.96892,    -18.01298,            0,            0,            0,   -0.8856778,    0.4643004
robot_79
     18.1869,     1.940085,            0,            0,            0,   -0.9262715,     0.376857
robot_8
       29.92,    -24.73642,            0,            0,            0,   -0.6991135,    0.7150107
robot_20
    2.127907,     26.14452,            0,            0,            0,    0.9409427,    0.3385659
robot_143
    29.87197,     -2.34512,            0,            0,            0,   -0.9837887,    0.1793314
robot_138
    17.27603,    -1.986922,            0,            0,            0,   -0.7398412,    0.6727816
robot_123
   -6.294391,    -10.03561,            0,            0,            0,  -0.09371514,    0.9955991
robot_193
    17.75931,    -22.02687,            0,            0,            0,   -0.8923749,    0.4512949
robot_187
    21.96473,    -22.51793,            0,            0,            0,    0.4445229,    0.8957675
robot_176
    17.93782,     33.91611,            0,            0,            0,    0.7876004,    0.6161863
robot_66
   -26.53851,    -29.99618,            0,            0,            0,    -0.542461,     0.840081
robot_63
   -34.08195,    -7.771378,            0,            0,            0,   -0.1033854,    0.9946414
robot_31
   -26.46273,     34.07153,            0,            0,            0,   0.09157714,     0.995798
robot_159
   -30.06433,     1.462088,            0,            0,            0,    0.9580034,    0.2867569
robot_160
   -30.08388,    -31.94101,            0,            0,            0,   -0.6143611,     0.789025
robot_151
     21.9792,     10.13871,            0,            0,            0,   -0.7930642,     0.609138
robot_150
    -36.2951,    -18.01877,            0,            0,            0,    0.9993692,   0.03551464
robot_137
   -8.299161,    -34.01743,            0,            0,            0,    0.8271983,    0.5619102
robot_199
   -6.214202,    -26.03844,            0,            0,            0,   -0.7963762,    0.6048016
robot_54
    -14.1885,    -38.10506,            0,            0,            0,    0.4186992,     0.908125
robot_117
   -22.07764,    -7.779868,            0,            0,            0,   -0.2885571,    0.9574627
robot_36
   -26.04187,     8.455885,            0,            0,            0,   -0.2424441,    0.9701654
robot_33
   -18.08117,     -14.9014,            0,            0,            0,    -0.190726,    0.9816433
robot_146
   -18.16116,     25.64697,            0,            0,            0,    0.2310607,    0.9729393
robot_156
    -25.2054,    -5.988823,            0,            0,            0,  -0.09597784,    0.9953835
robot_112
   -37.91262,    -13.97275,            0,            0,            0,    0.7263615,    0.6873129
robot_19
   -10.05744,     38.37845,            0,            0,            0,   -0.2080946,    0.9781087
robot_141
     37.8687,      10.3129,            0,            0,            0,   -0.2346832,    0.9720719
robot_35
     17.6712,      38.0732,            0,            0,            0,  -0.03946406,     0.999221
robot_184
    20.44119,     33.98079,            0,            0,            0,   -0.4839579,    0.8750913
robot_98
    37.69805,    -10.09565,            0,            0,            0,     0.814003,    0.5808606
robot_100
   -23.35016,     33.97939,            0,            0,            0,   -0.9814788,     0.191571
robot_164
    -38.0613,     25.41358,            0,            0,            0,    0.6179956,    0.7861815
robot_59
    14.22068,    -10.02216,            0,            0,            0,    0.3329114,    0.9429581
robot_144
   -22.07604,    -18.50713,            0,            0,            0,    0.9873893,    0.1583112
robot_101
    33.91236,     20.67412,            0,            0,            0,    0.3141083,    0.9493872
robot_161
    9.934933,      9.74666,            0,            0,            0,   -0.9831958,    0.1825541
robot_149
   -7.972245,     14.03294,            0,            0,            0,   -0.8311466,    0.5560534
robot_86
    22.51968,     37.96959,            0,            0,            0,    0.8318699,    0.5549707
robot_191
    29.94159,    -30.80242,            0,            0,            0,    0.8640673,    0.5033763
robot_126
   -16.01221,     30.01977,            0,            0,            0,     0.660607,    0.7507319
robot_190
    33.81532,      17.8956,            0,            0,            0,   -0.5919892,    0.8059459
robot_131
    17.79648,    -37.78928,            0,            0,            0,    0.5765358,    0.8170719
robot_154
   -39.72418,     33.98771,            0,            0,            0,    0.5549119,    0.8319091
robot_9
   -6.039544,     19.02779,            0,            0,            0,    0.7750808,    0.6318622
robot_27
   -6.379453,     1.924195,            0,            0,            0,    0.3812686,    0.9244643
robot_34
   -6.071364,    -36.51301,            0,            0,            0,   -0.9603286,    0.2788709
robot_114
    1.460667,    -17.91335,            0,            0,            0,    0.8523839,    0.5229165
robot_51
    37.85262,     30.20023,            0,            0,            0,   -0.7924308,    0.6099618
robot_108
   -2.040538,     20.95879,            0,            0,            0,    0.2244109,    0.9744946
robot_147
    5.950272,     28.20863,            0,            0,            0,    0.3311419,     0.943581
robot_183
   -2.539891,     -33.9435,            0,            0,            0,     0.205986,    0.9785549
robot_48
    1.950332,     16.69099,            0,            0,            0,   -0.4386778,    0.8986444
robot_60
   -26.08168,      -35.714,            0,            0,            0,   -0.9815216,    0.1913514
robot_75
    34.18769,    -22.08495,            0,            0,            0,  0.003385873,    0.9999943
robot_152
    14.12881,    -21.94016,            0,            0,            0,   -0.2693135,    0.9630526
robot_26
    26.85442,     38.03202,            0,            0,            0,   -0.9797414,    0.2002667
robot_182
     19.4059,     25.98055,            0,            0,            0,   -0.2115903,    0.9773585
robot_172
    10.23331,     1.908562,            0,            0,            0,    0.7679754,    0.6404793
robot_43
   -9.970093,       22.165,            0,            0,            0,   -0.9645455,    0.2639165
robot_170
     37.8544,     14.31284,            0,            0,            0,   -0.3183671,    0.9479675
robot_177
    1.920412,    -12.94618,            0,            0,            0,    0.5370041,    0.8435797
robot_80
   -30.17166,     -25.8373,            0,            0,            0,    0.9142565,    0.4051359
robot_16
    33.90306,    -36.90522,            0,            0,            0,    0.7937568,    0.6082352
robot_13
     5.95035,    -16.19598,            0,            0,            0,    0.9988993,   0.04690651
robot_178
   -6.826963,     9.986836,            0,            0,            0,    0.7667965,    0.6418903
robot_88
   -22.02897,     17.90838,            0,            0,            0,   -0.6024935,    0.7981238
robot_194
   -1.956922,     18.14614,            0,            0,            0,   0.07741627,    0.9969989
robot_29
    33.26535,     6.008696,            0,            0,            0,    0.6148279,    0.7886613
robot_92
    24.34443,     26.01824,            0,            0,            0,    0.6443735,    0.7647109
robot_87
   -38.20477,     9.830347,            0,            0,            0,    0.6515759,    0.7585834
robot_68
   -14.09626,     -17.2403,            0,            0,            0,   -0.6425247,     0.766265
robot_22
    9.955925,    -27.17768,            0,            0,            0,   -0.9530146,    0.3029245
robot_38
   -18.03331,    -8.009911,            0,            0,            0,    -0.333212,    0.9428519
robot_2
   -37.94933,    -9.883396,            0,            0,            0,    0.9474104,    0.3200212
robot_110
   -32.44452,    -10.02308,            0,            0,            0,   -0.9828427,    0.1844456
robot_14
    21.94542,     12.06943,            0,            0,            0,    0.1494661,    0.9887669
robot_181
   -10.08782,    -1.508265,            0,            0,            0,    0.3334819,    0.9427565
robot_61
    22.06467,    -38.15708,            0,            0,            0,   -0.1821199,    0.9832763
robot_30
    38.36994,     21.99296,            0,            0,            0,    -0.130543,    0.9914426
robot_122
   -30.09582,     8.248095,            0,            0,            0,    0.4199543,    0.9075453
robot_132
   -8.806483,    -26.02431,            0,            0,            0,   -0.7165826,    0.6975023
robot_45
   -9.661214,    -37.96825,            0,            0,            0,   -0.1261982,    0.9920051
robot_21
   -19.06211,    -9.996098,            0,            0,            0,   -0.9945513,    0.1042488
robot_39
   -8.874718,     2.003079,            0,            0,            0,    0.9788163,    0.2047403
robot_134
    1.902173,     20.94752,            0,            0,            0,    0.7231502,    0.6906908
robot_15
    9.642387,    -2.089491,            0,            0,            0,   -0.6552133,     0.755444
robot_145
    5.903013,    -6.263357,            0,            0,            0,    0.7790269,    0.6269905
robot_140
   -33.84425,     13.98975,            0,            0,            0,    0.6644473,    0.7473351
robot_196
     37.9312,     24.41541,            0,            0,            0,   -0.4622556,    0.8867467
robot_188
    13.91793,     21.67955,            0,            0,            0,     0.794943,    0.6066841
robot_4
   -5.982268,    -6.273712,            0,            0,            0,    0.9718549,    0.2355803
robot_155
    27.58405,    -37.99794,            0,            0,            0,    0.4007803,    0.9161742
robot_135
   -14.04986,     8.625052,            0,            0,            0,   -0.8497751,    0.5271455
robot_93
    5.851697,    -9.972674,            0,            0,            0,    0.5329342,    0.8461567
robot_111
    21.99772,     14.28131,            0,            0,            0,   -0.2233027,    0.9747491
robot_0
   -37.32033,     33.97647,            0,            0,            0,   -0.9913123,    0.1315293
robot_49
   -12.50182,     21.99996,            0,            0,            0,   -0.9895503,     0.144188
robot_113
    13.57241,     38.04092,            0,            0,            0,   -0.6865491,    0.7270834
robot_94
    20.09003,     13.96928,            0,            0,            0,    -0.958575,    0.2848402
robot_40
    15.49256,     18.01386,            0,            0,            0,   -0.9675526,    0.2526697
robot_103
   -30.45211,     14.04854,            0,            0,            0,  0.005762832,    0.9999834
robot_6
   -2.085165,    -20.22034,            0,            0,            0,   -0.1762928,    0.9843378
robot_71
    14.03391,     29.92797,            0,            0,            0,   -0.9880541,    0.1541072
robot_17
   -9.786633,     25.93928,            0,            0,            0,    0.1588609,     0.987301
robot_120
    5.983431,    -30.21729,            0,            0,            0,   -0.9998074,   0.01962537
robot_189
   -6.220594,     34.06715,            0,            0,            0,    0.4876376,    0.8730462
robot_148
    37.88872,    -13.91192,            0,            0,            0,   -0.9567652,    0.2908616
robot_186
   -22.04895,     15.19147,            0,            0,            0,   -0.4966311,    0.8679617
robot_198
  0.07477269,    -13.98266,            0,            0,            0,    0.6382622,    0.7698191
robot_107
    21.91561,    -26.07228,            0,            0,            0,   -0.1883228,    0.9821072
robot_18
    4.904791,    -17.99556,            0,            0,            0,    0.8232539,    0.5676733
robot_23
   -15.67763,    -5.983563,            0,            0,            0,   -0.9199571,     0.392019
robot_46
   -26.35676,    -37.94125,            0,            0,            0,   -0.9221932,    0.3867295
robot_109
   -38.11864,     6.133106,            0,            0,            0,   -0.9872589,    0.1591221
robot_10
    -38.0358,     31.73604,            0,            0,            0,   -0.1567444,    0.9876392
robot_157
    37.54282,     -29.9096,            0,            0,            0,    0.5370595,    0.8435444
robot_70
   -38.03491,    -19.22467,            0,            0,            0,    0.8711029,    0.4911005
robot_55
    31.96855,     14.01437,            0,            0,            0,   -0.9142649,    0.4051169
robot_73
   -28.47023,     38.01095,            0,            0,            0,   -0.9519671,    0.3062002
robot_69
    22.34229,    -2.059917,            0,            0,            0,    0.9704356,      0.24136
robot_65
   -14.89706,     26.01786,            0,            0,            0,   -0.9599447,    0.2801894
robot_124
    25.94834,     2.132333,            0,            0,            0,   -0.7530642,    0.6579471
robot_115
    17.67633,    -10.00093,            0,            0,            0,     0.607614,    0.7942325
robot_130
   -37.39719,    -21.99194,            0,            0,            0,    0.9758743,    0.2183333
robot_85
   -19.67886,    -33.99404,            0,            0,            0,    0.9146077,    0.4043423
robot_91
    15.99141,     33.99021,            0,            0,            0,    0.9336765,    0.3581177
robot_47
    -10.3417,    -22.08008,            0,            0,            0,   0.02892027,    0.9995817
robot_52
   -14.44559,     14.08105,            0,            0,            0,   -0.8772204,    0.4800879
robot_195
   -18.08438,      1.67796,            0,            0,            0,    0.8303926,    0.5571787
robot_72
    1.091431,    -5.984429,            0,            0,            0,   -0.8084276,    0.5885957
robot_158
    33.95746,    -5.802036,            0,            0,            0,    0.3910629,     0.920364
robot_153
   -25.78699,     25.98998,            0,            0,            0,    0.4956775,    0.8685067
robot_105
    18.32201,     21.92085,            0,            0,            0,   -0.5203626,    0.8539454
robot_162
    5.865278,     34.19176,            0,            0,            0,   -0.8322199,    0.5544457
robot_97
    37.85742,    -33.75856,            0,            0,            0,    0.9708482,    0.2396951
robot_90
    24.59938,    -18.00908,            0,            0,            0,   -0.8655333,    0.5008514
robot_165
   -10.53424,     33.98677,            0,            0,            0,   -0.1090278,    0.9940387
robot_42
    21.90074,     17.79992,            0,            0,            0,    -0.738357,    0.6744101
robot_7
    21.87907,       5.9777,            0,            0,            0,   -0.1788208,    0.9838817
robot_28
   -22.14415,    -29.74223,            0,            0,            0,   -0.9893259,    0.1457198
robot_118
   -8.529239,     18.00473,            0,            0,            0,   -0.3273099,     0.944917
robot_139
   -22.06123,    -26.22091,            0,            0,            0,   -0.9667248,    0.2558186
robot_129
    5.924787,    -3.922293,            0,            0,            0,    0.3379696,     0.941157
robot_57
   -18.06521,     7.173643,            0,            0,            0,    0.8071391,    0.5903613
robot_24
   -24.81508,     -14.0091,            0,            0,            0,   -0.3620105,     0.932174
robot_106
   -29.99493,    -1.939148,            0,            0,            0,   -0.6296954,    0.7768421
robot_185
    1.907943,    -9.716015,            0,            0,            0,    0.6816822,    0.7316484
robot_174
   -6.366433,     37.91351,            0,            0,            0,   -0.8488929,    0.5285649
robot_58
    21.50074,    -34.01573,            0,            0,            0,    0.5481291,    0.8363937
robot_12
   -26.08706,    -16.35145,            0,            0,            0,    0.5087188,    0.8609327
robot_95
    30.33041,    -34.05583,            0,            0,            0,    0.9429674,    0.3328852
robot_78
    7.204522,     18.00862,            0,            0,            0,   -0.9305999,    0.3660381
robot_62
   -30.10443,    -38.19226,            0,            0,            0,   -0.6769751,    0.7360059
robot_121
   -2.295991,     34.01198,            0,            0,            0,   -0.9506236,    0.3103461
robot_83
     11.5448,     18.02722,            0,            0,            0,    0.5892855,    0.8079249
robot_127
    29.90073,     2.118092,            0,            0,            0,    0.4116354,    0.9113486
robot_128
   -16.99196,     34.02743,            0,            0,            0,    0.5868143,    0.8097215
robot_32
   -34.06073,    -18.08439,            0,            0,            0,    0.7372487,    0.6756215
robot_89
   -26.07506,    -1.740983,            0,            0,            0,    -0.996861,   0.07917136
robot_11
    6.176746,    -33.91221,            0,            0,            0,    0.8366263,    0.5477741
robot_37
   -18.05228,    -38.59867,            0,            0,            0,    0.9011169,    0.4335761
robot_175
    13.94088,     5.578331,            0,            0,            0,    -0.999256,   0.03856737
robot_50
   -18.08665,     29.98275,            0,            0,            0,    0.8538617,    0.5204999
robot_64
    -12.5914,     30.02338,            0,            0,            0,   -0.2068852,    0.9783652
robot_76
    26.87537,    -14.01315,            0,            0,            0,   -0.8886917,    0.4585052
robot_104
    25.57875,     -6.09468,            0,            0,            0,    0.4707903,    0.8822451
robot_169
   -22.08542,     5.478899,            0,            0,            0,    -0.178888,    0.9838694
robot_53
    18.12072,     10.03072,            0,            0,            0,   -0.9991813,   0.04045703
