tuw_multi_robot_msgs::RobotGoalsArray @1970-01-01T00:46:20
frame_id: map
        2780,            0
robot_84
   -13.00821,     -37.9735,            0,            0,            0,   -0.2936328,    0.9559183
robot_116
    5.927077,     2.728629,            0,            0,            0,   -0.7040746,     0.710126
robot_74
    13.91664,    -12.80948,            0,            0,            0,     -0.58935,    0.8078778
robot_41
   -30.16136,     14.02833,            0,            0,            0,    0.7842404,    0.6204571
robot_125
   -27.51365,     26.01401,            0,            0,            0,   -0.5457869,     0.837924
robot_136
    9.805985,    -30.14767,            0,            0,            0,    0.4986191,    0.8668212
robot_173
    16.20924,     21.99518,            0,            0,            0,   -0.8329758,    0.5533095
robot_67
   -1.028252,    -34.00961,            0,            0,            0,   -0.9770009,    0.2132352
robot_197
   -1.074149,    -30.03034,            0,            0,            0,   -0.3411574,    0.9400062
robot_119
     33.9092,      7.42842,            0,            0,            0,    0.8938526,     0.448361
robot_82
   -6.294344,     1.840379,            0,            0,            0,   -0.7293046,    0.6841892
robot_77
    33.94478,    -29.80006,            0,            0,            0,   -0.9003848,    0.4350945
robot_5
   -6.088708,    -7.921568,            0,            0,            0,   -0.2232061,    0.9747713
robot_133
    13.95694,    -32.44548,            0,            0,            0,    0.9153151,    0.4027384
robot_99
   -9.936228,     14.07739,            0,            0,            0,   -0.9010305,    0.4337557
robot_171
    -22.0841,    -37.79671,            0,            0,            0,   0.00785213,    0.9999692
robot_180
    21.94045,    -4.127845,            0,            0,            0,   -0.6765818,    0.7363675
robot_56
    -25.9961,    -9.855401,            0,            0,            0,   -0.8746683,     0.484722
robot_3
    9.943817,     34.50807,            0,            0,            0,   -0.9871918,    0.1595379
robot_81
    13.91548,     10.12273,            0,            0,            0,    0.5140849,    0.8577393
robot_167
    17.92345,     7.181585,            0,            0,            0,   -0.3340317,    0.9425618
robot_25
   -31.06515,     37.97762,            0,            0,            0,   -0.3358378,    0.9419198
robot_168
   -9.970871,    -33.90871,            0,            0,            0,    0.1941637,    0.9809691
robot_96
    21.04448,     10.02206,            0,            0,            0,   -0.9893597,      0.14549
robot_166
    6.075716,    -10.02667,            0,            0,            0,   -0.9999999, 0.0004193027
robot_102
    34.76182,     33.99014,            0,            0,            0,    0.4078761,    0.9130373
robot_192
   -26.22435,    -6.137166,            0,            0,            0,   -0.8268318,    0.5624493
robot_179
    25.94548,    -19.97347,            0,            0,            0,   -0.3031839,    0.9529321
robot_142
    37.90543,    -15.22307,            0,            0,            0,   -0.9959103,    0.0903478
robot_1
    38.26458,     30.05179,            0,            0,            0,   -0.8953081,    0.4454474
robot_44
   -11.75228,    -13.99006,            0,            0,            0,  -0.09469421,    0.9955064
robot_163
    33.92497,     27.34554,            0,            0,            0,   -0.9706563,    0.2404711
robot_79
    -34.0033,     -38.3469,            0,            0,            0,    0.4978371,    0.8672706
robot_8
   -22.03986,     -31.8094,            0,            0,            0,   -0.4381282,    0.8989125
robot_20
   -20.23103,    -5.991756,            0,            0,            0,   -0.2399688,    0.9707806
robot_143
    10.30462,    -25.94336,            0,            0,            0,    0.9329587,    0.3599835
robot_138
   -38.07728,    -23.88381,            0,            0,            0,     0.934964,    0.3547426
robot_123
    12.51254,     6.017784,            0,            0,            0,    0.9547218,    0.2975002
robot_193
   -19.63411,     2.004998,            0,            0,            0,    0.2942978,    0.9557138
robot_187
    21.95331,     15.10269,            0,            0,            0,   -0.1341034,    0.9909673
robot_176
    15.76622,      -18.032,            0,            0,            0,   -0.6381048,    0.7699495
robot_66
    4.463277,     26.02198,            0,            0,            0,    0.7549184,    0.6558187
robot_63
     -6.0921,     11.25784,            0,            0,            0,   -0.1181861,    0.9929915
robot_31
   -14.04627,     8.431393,            0,            0,            0,   -0.5795671,    0.8149245
robot_159
    33.87681,     38.07433,            0,            0,            0,   -0.3593576,    0.9331999
robot_160
   -6.088993,    -35.57748,            0,            0,            0,    0.9451766,    0.3265596
robot_151
      33.926,      11.5039,            0,            0,            0,    0.4017859,    0.9157336
robot_150
    6.080226,     34.00324,            0,            0,            0,     -0.92176,    0.3877608
robot_137
   -12.07792,     38.02907,            0,            0,            0,     0.204529,    0.9788605
robot_199
   -18.08051,     37.45461,            0,            0,            0,   -0.6515301,    0.7586228
