tuw_multi_robot_msgs::RobotGoalsArray @1970-01-01T01:13:01.600000
frame_id: map
        4381,    600000000
robot_84
   -34.23031,    -6.026288,            0,            0,            0,    0.7744566,    0.6326271
robot_116
    5.913046,    -6.752745,            0,            0,            0,    0.9992652,   0.03832874
robot_74
    33.12932,    -38.02613,            0,            0,            0,   -0.9569266,    0.2903301
robot_41
   -29.76949,    -34.07428,            0,            0,            0,   -0.5412873,    0.8408377
robot_125
     9.21241,     17.98181,            0,            0,            0,     0.334337,    0.9424536
robot_136
   -2.085484,     9.075879,            0,            0,            0,   -0.9857063,     0.168473
robot_173
    25.92726,     4.485293,            0,            0,            0,    0.2536571,    0.9672942
robot_67
   -2.086378,       32.154,            0,            0,            0,   0.08747565,    0.9961667
robot_197
    26.34616,    -37.90897,            0,            0,            0,    0.8912974,    0.4534191
robot_119
    18.74567,     13.98713,            0,            0,            0,   -0.9432774,    0.3320055
robot_82
    37.90447,     31.58092,            0,            0,            0,   -0.4723179,    0.8814283
robot_77
    9.051124,    -2.027762,            0,            0,            0,    0.7326008,    0.6806586
robot_5
    29.94919,     36.19042,            0,            0,            0,     -0.68781,    0.7258908
robot_133
   -26.04149,    -26.37652,            0,            0,            0,    0.8522817,    0.5230831
robot_99
    13.84898,     5.952041,            0,            0,            0,   -0.8503686,    0.5261875
robot_171
    25.63664,     34.00314,            0,            0,            0,  -0.04025424,    0.9991895
robot_180
   -14.07369,    -39.29566,            0,            0,            0,   -0.4516694,    0.8921854
robot_56
   -2.164087,     -22.0611,            0,            0,            0,   -0.9621767,     0.272426
robot_3
    38.36104,    -14.09683,            0,            0,            0,     0.703517,    0.7106785
robot_81
   -18.35684,     10.04091,            0,            0,            0,   -0.8313351,    0.5557715
robot_167
   -32.48232,     -13.9882,            0,            0,            0,    -0.827224,    0.5618723
robot_25
   -6.099431,     34.39585,            0,            0,            0,    0.8706516,    0.4919003
robot_168
    1.641362,     29.98478,            0,            0,            0,    0.5209692,    0.8535755
robot_96
   -18.06056,    -36.96542,            0,            0,            0,    0.5988698,    0.8008464
robot_166
    23.44963,     26.02082,            0,            0,            0,    0.9970982,   0.07612548
robot_102
    4.528285,    -30.01783,            0,            0,            0,   -0.8940326,    0.4480019
robot_192
   -38.03428,     -16.5376,            0,            0,            0,   -0.2219943,     0.975048
robot_179
   -21.95621,     33.83146,            0,            0,            0,    0.1624317,    0.9867198
robot_142
    25.85768,     22.17323,            0,            0,            0,    0.9889231,     0.148429
robot_1
    21.91937,    -3.511164,            0,            0,            0,    0.9994836,   0.03213292
robot_44
   -34.08414,     3.130305,            0,            0,            0,    0.9999273,    0.0120601
robot_163
   -2.032053,    -26.26027,            0,            0,            0,     0.939102,    0.3436386
robot_79
   -5.683993,     26.04243,            0,            0,            0,   -0.3165998,    0.9485592
robot_8
    -18.0867,     19.90063,            0,            0,            0,     0.776434,    0.6301986
robot_20
    33.44545,     34.08674,            0,            0,            0,    -0.695802,    0.7182336
robot_143
    9.906925,    -18.63123,            0,            0,            0,    0.9558478,    0.2938622
robot_138
   -6.036195,    -19.26269,            0,            0,            0,   -0.9268908,    0.3753311
robot_123
    25.94538,   -0.7446482,            0,            0,            0,   -0.6098938,    0.7924831
robot_193
   -7.265745,     22.01362,            0,            0,            0,    0.5909467,    0.8067106
robot_187
     -12.093,    -18.01974,            0,            0,            0,   -0.9936094,    0.1128732
robot_176
   -10.16941,     13.91756,            0,            0,            0,    0.2266224,    0.9739827
robot_66
    27.03695,     29.98924,            0,            0,            0,   -0.9878438,      0.15545
robot_63
    -6.03884,    -31.30459,            0,            0,            0,  -0.09013051,      0.99593
robot_31
   -22.03927,     14.56061,            0,            0,            0,   -0.9657426,    0.2595018
robot_159
   -17.53086,     25.99067,            0,            0,            0,    0.7747043,    0.6323236
robot_160
     13.9441,     -20.4955,            0,            0,            0,   -0.6262258,    0.7796417
robot_151
   -34.05352,    -3.573263,            0,            0,            0,    0.7373801,     0.675478
robot_150
    33.95543,     6.001595,            0,            0,            0,   -0.4995274,    0.8662981
robot_137
   -22.09589,     17.27053,            0,            0,            0,    -0.220134,    0.9754697
robot_199
    5.958597,    -34.78188,            0,            0,            0,   -0.8987979,    0.4383632
robot_54
    13.56846,     21.95235,            0,            0,            0,    0.9613902,    0.2751888
robot_117
   -30.06626,     4.059375,            0,            0,            0,   -0.8771519,    0.4802131
robot_36
    4.714779,     30.01646,            0,            0,            0,    0.8074379,    0.5899525
robot_33
    38.07769,    -21.77264,            0,            0,            0,   -0.9897972,    0.1424833
robot_146
   -18.05153,    -1.287811,            0,            0,            0,    0.4492065,    0.8934279
robot_156
    37.94723,     28.35436,            0,            0,            0,   0.02160328,    0.9997666
robot_112
    29.67126,     -6.00858,            0,            0,            0,    0.9410088,     0.338382
robot_19
   -10.19193,     38.06882,            0,            0,            0,  -0.07070912,     0.997497
robot_141
   -6.064614,    -35.18902,            0,            0,            0,    0.9992992,   0.03743191
robot_35
     37.9327,    -26.39339,            0,            0,            0,    0.4458406,    0.8951124
robot_184
   -26.21383,     13.90413,            0,            0,            0,     0.637067,    0.7708084
robot_98
   -1.803206,    -6.063071,            0,            0,            0,     0.985303,    0.1708157
robot_100
    29.89855,    -30.09586,            0,            0,            0,    -0.567939,    0.8230707
robot_164
    22.49069,    -21.98914,            0,            0,            0,   -0.9349664,    0.3547364
robot_59
   -10.14862,    -1.709684,            0,            0,            0,    0.9499058,    0.3125363
robot_144
   -14.06406,     36.68903,            0,            0,            0,    -0.772968,     0.634445
robot_101
    21.05074,    -33.97974,            0,            0,            0,    0.1135518,    0.9935321
robot_161
   -34.07839,    -30.58061,            0,            0,            0,    0.9742117,    0.2256358
robot_149
   -6.037833,     18.48543,            0,            0,            0,  -0.03157875,    0.9995013
robot_86
    29.81859,     14.13075,            0,            0,            0,    0.6240251,    0.7814043
robot_191
    32.64304,     9.976529,            0,            0,            0,   -0.7956184,    0.6057982
robot_126
   -2.041653,     26.87481,            0,            0,            0,    0.7102601,    0.7039393
robot_190
    17.91154,     4.191295,            0,            0,            0,   -0.3940269,    0.9190989
robot_131
    24.92138,     2.022138,            0,            0,            0,    0.1508213,     0.988561
robot_154
    1.755688,    -14.05625,            0,            0,            0,    0.5414135,    0.8407565
robot_9
    5.828559,     17.92583,            0,            0,            0,   -0.9979733,   0.06363345
robot_27
   -26.06258,     30.31649,            0,            0,            0,   -0.5201048,    0.8541024
robot_34
   -33.99118,    -37.99883,            0,            0,            0,     0.951751,    0.3068714
robot_114
   -27.40369,     26.03143,            0,            0,            0,    0.9376278,    0.3476408
robot_51
   -18.09165,    -7.502218,            0,            0,            0,    0.3991708,    0.9168766
