tuw_multi_robot_msgs::RobotGoalsArray @1970-01-01T01:19:17.200000
frame_id: map
        4757,    200000000
robot_84
    17.98224,    -2.365631,            0,            0,            0,    0.9139462,    0.4058354
robot_116
   -2.087022,     22.24885,            0,            0,            0,   -0.9901421,    0.1400667
robot_74
     38.0294,     17.96367,            0,            0,            0,   -0.1643802,     0.986397
robot_41
    37.73554,     33.93099,            0,            0,            0,   -0.3394528,    0.9406231
robot_125
   -13.91271,    -30.13588,            0,            0,            0,    0.5624886,    0.8268051
robot_136
   -22.19223,     -37.8447,            0,            0,            0,   -0.7024772,    0.7117063
robot_173
   -2.330151,     26.00041,            0,            0,            0,    0.9021732,    0.4313739
robot_67
    25.90984,     17.89342,            0,            0,            0,   -0.8591695,    0.5116912
robot_197
   -5.535185,    -26.01155,            0,            0,            0,     0.702426,    0.7117567
robot_119
   -6.054462,    -31.77153,            0,            0,            0,    0.6714404,    0.7410586
robot_82
     1.80818,    -25.94101,            0,            0,            0,    0.3822634,    0.9240534
robot_77
    28.96899,    -5.991238,            0,            0,            0,     0.344166,    0.9389088
robot_5
    10.92762,     30.01935,            0,            0,            0,   -0.5578069,    0.8299708
robot_133
    33.93483,    -19.96023,            0,            0,            0,    0.8203224,    0.5719014
robot_99
    1.906876,     17.60895,            0,            0,            0,   -0.7628212,    0.6466095
robot_171
     24.6611,     14.02074,            0,            0,            0,    0.9047882,    0.4258618
robot_180
    13.77159,     -38.0633,            0,            0,            0,     0.462391,    0.8866761
robot_56
    17.94401,    -27.22314,            0,            0,            0,   -0.3243623,    0.9459329
robot_3
   -21.99855,    -5.886389,            0,            0,            0,    0.9904039,    0.1382029
robot_81
   -18.08886,     13.25311,            0,            0,            0,   -0.9928507,     0.119363
robot_167
   -2.413532,    -10.00984,            0,            0,            0,     0.106304,    0.9943337
robot_25
    9.690577,     38.08886,            0,            0,            0,    0.5255897,    0.8507382
robot_168
    30.03735,     22.19657,            0,            0,            0,    0.5837728,    0.8119171
robot_96
   -6.061008,     -6.44592,            0,            0,            0,   -0.7533744,    0.6575918
robot_166
    21.91582,     9.487997,            0,            0,            0,   -0.9798146,    0.1999082
robot_102
    1.471192,     -6.05536,            0,            0,            0,    0.7854244,    0.6189576
robot_192
   -15.74521,    -9.966582,            0,            0,            0,    -0.746658,    0.6652081
robot_179
   -22.21797,     18.22996,            0,            0,            0,   -0.9079901,    0.4189916
robot_142
   -10.12197,     1.945958,            0,            0,            0,   -0.9825704,     0.185891
robot_1
   -2.868189,      -34.017,            0,            0,            0,   -0.7962826,    0.6049248
robot_44
   -6.014756,     9.637476,            0,            0,            0,   -0.8445591,    0.5354624
robot_163
    21.90715,    -29.61264,            0,            0,            0,    0.9231904,    0.3843428
robot_79
   -32.24653,     22.00386,            0,            0,            0,   -0.7115227,    0.7026631
robot_8
     17.7441,     9.911344,            0,            0,            0,   -0.6679916,    0.7441688
robot_20
   -18.11759,     1.865375,            0,            0,            0,    0.7244999,    0.6892749
robot_143
    9.529158,    -21.91863,            0,            0,            0,      0.73248,    0.6807886
robot_138
    30.19951,     26.07995,            0,            0,            0,    0.4498978,    0.8930801
robot_123
    -9.04296,     10.03015,            0,            0,            0,   0.04494945,    0.9989893
robot_193
    28.88261,    -34.00019,            0,            0,            0,   -0.3085601,    0.9512049
robot_187
    5.961356,    -29.85878,            0,            0,            0,   -0.8596982,    0.5108023
robot_176
   -5.903744,     -10.0275,            0,            0,            0,   -0.4892456,    0.8721461
robot_66
    11.53493,    -2.021215,            0,            0,            0,   -0.6148349,    0.7886558
robot_63
   -11.89367,    -34.00176,            0,            0,            0,    0.8588062,    0.5123006
robot_31
    33.50867,    -37.97708,            0,            0,            0,    0.2601325,    0.9655729
robot_159
   -5.491008,     13.99115,            0,            0,            0,   -0.8110495,    0.5849776
robot_160
   -7.839446,     29.99937,            0,            0,            0,    0.9615992,    0.2744575
robot_151
   -17.61311,     22.09177,            0,            0,            0,   -0.9481019,    0.3179665
robot_150
   -24.85017,    -5.983384,            0,            0,            0,    0.9646002,    0.2637166
robot_137
    28.27852,    -1.984348,            0,            0,            0,    0.9948262,    0.1015913
robot_199
   -30.94576,    -13.99097,            0,            0,            0,  -0.02377253,    0.9997174
robot_54
   -21.90631,     33.78515,            0,            0,            0,   -0.1897319,    0.9818359
robot_117
    -15.4477,     17.97678,            0,            0,            0,    0.7990656,    0.6012438
robot_36
   -38.06489,     28.75271,            0,            0,            0,    0.9627735,    0.2703093
robot_33
   -5.902409,     22.17305,            0,            0,            0,   -0.9778371,    0.2093672
robot_146
    17.96418,     17.67986,            0,            0,            0,    0.2425602,    0.9701364
robot_156
   -14.03295,     6.216459,            0,            0,            0,   -0.6557456,    0.7549819
robot_112
   -22.07849,     39.36787,            0,            0,            0,   -0.3062869,    0.9519392
robot_19
   -34.06505,     29.07218,            0,            0,            0,   -0.5077669,    0.8614945
robot_141
   -10.11986,     30.35945,            0,            0,            0,   -0.9750709,    0.2218935
robot_35
   -33.99807,    -38.20727,            0,            0,            0,   -0.7899695,    0.6131462
robot_184
   -18.07414,    -24.57221,            0,            0,            0,   -0.2317662,    0.9727715
robot_98
    -14.0637,    -24.79113,            0,            0,            0,    0.8789561,    0.4769027
robot_100
   -30.41157,      17.9939,            0,            0,            0,    0.8036835,    0.5950571
robot_164
   -16.99721,     38.00944,            0,            0,            0,    0.1133188,    0.9935587
robot_59
   -27.89735,     1.978641,            0,            0,            0,    0.7965904,    0.6045195
robot_144
   -30.82554,    -10.00135,            0,            0,            0,    0.3680593,    0.9298023
robot_101
   -38.13782,    -26.27228,            0,            0,            0,    0.9291186,    0.3697819
robot_161
   -17.78376,     26.03486,            0,            0,            0,    0.9614215,    0.2750795
robot_149
   -13.58012,     37.91701,            0,            0,            0,    0.7747327,    0.6322889
robot_86
    1.488723,    -33.94596,            0,            0,            0,   0.04622412,    0.9989311
robot_191
   -24.15847,    -9.982479,            0,            0,            0,     0.822086,    0.5693633
robot_126
   -28.74992,    -1.969286,            0,            0,            0,    0.1313327,    0.9913383
robot_190
   -17.98179,    -2.027743,            0,            0,            0,   -0.7988979,    0.6014666
robot_131
    33.93418,    -32.86132,            0,            0,            0,    0.1432683,    0.9896839
robot_154
    37.96702,    -22.63847,            0,            0,            0,   -0.8823396,    0.4706133
robot_9
    29.69724,     29.98565,            0,            0,            0,   -0.9422105,    0.3350215
robot_27
   -2.043115,     15.44963,            0,            0,            0,   -0.9420205,    0.3355552
robot_34
     29.9737,    -18.35214,            0,            0,            0,   -0.8535383,      0.52103
robot_114
   -18.08557,     24.05577,            0,            0,            0,     0.843862,    0.5365603
robot_51
    9.932497,      9.35701,            0,            0,            0,   -0.9862869,    0.1650398
robot_108
   -9.851451,     33.89682,            0,            0,            0,    -0.173725,    0.9847942
robot_147
    28.32454,    -37.98297,            0,            0,            0,    0.3494269,    0.9369636
robot_183
    13.94223,      32.5133,            0,            0,            0,   -0.9149766,    0.4035069
robot_48
    7.301118,     26.03263,            0,            0,            0,    0.2482025,    0.9687082
robot_60
   -26.13629,    -14.26181,            0,            0,            0,    0.6385312,    0.7695959
robot_75
    29.95326,   -0.6521297,            0,            0,            0,    0.9734007,    0.2291095
robot_152
    17.71457,    -38.07381,            0,            0,            0,   -0.3673515,    0.9300822
robot_26
    -13.2835,       -2.008,            0,            0,            0,    0.9923783,    0.1232289
robot_182
    22.13128,     21.99587,            0,            0,            0,   -0.9962869,   0.08609521
robot_172
    -34.0365,    -8.063986,            0,            0,            0,   -0.3857568,    0.9226005
robot_43
    26.11598,    -1.848447,            0,            0,            0,     0.405069,    0.9142861
robot_170
   -30.07032,    -36.18197,            0,            0,            0,    0.6938325,    0.7201364
robot_177
    25.94312,     36.19662,            0,            0,            0,    0.8172715,    0.5762528
robot_80
    1.902931,     25.60345,            0,            0,            0,    -0.954919,    0.2968663
robot_16
    37.91637,     8.833491,            0,            0,            0,    0.6457634,    0.7635376
robot_13
   -0.386127,     5.998585,            0,            0,            0,    -0.825693,    0.5641197
robot_178
   -18.07869,     -9.76097,            0,            0,            0,    0.4802769,     0.877117
robot_88
     -29.817,     33.99732,            0,            0,            0,     0.986502,    0.1637489
robot_194
    33.82833,     17.93018,            0,            0,            0,    0.8044264,    0.5940523
robot_29
   -6.099777,     27.31558,            0,            0,            0,   -0.1165361,    0.9931865
