tuw_multi_robot_msgs::RobotGoalsArray @1970-01-01T00:55:09.400000
frame_id: map
        3309,    400000000
robot_84
   -10.08034,     14.94423,            0,            0,            0,     0.768733,    0.6395699
robot_116
    13.94515,    -1.466615,            0,            0,            0,   -0.9949381,    0.1004895
robot_74
    5.565065,     29.98647,            0,            0,            0,    0.1329269,    0.9911258
robot_41
     -27.191,     37.99724,            0,            0,            0,     0.325636,    0.9454952
robot_125
   -31.10273,    -25.96717,            0,            0,            0,   -0.9969155,   0.07848253
robot_136
   -30.05942,    -22.30519,            0,            0,            0,    0.1893701,    0.9819058
robot_173
   -27.93455,     10.02877,            0,            0,            0,    0.1115853,    0.9937549
robot_67
    13.90887,    -33.76378,            0,            0,            0,    0.3501681,    0.9366869
robot_197
    25.81223,    -29.83126,            0,            0,            0,   -0.9571969,    0.2894376
robot_119
   -30.13013,     2.037461,            0,            0,            0,    0.7013964,    0.7127715
robot_82
   -6.043155,    -12.72137,            0,            0,            0,    0.8737411,    0.4863913
robot_77
     37.9453,     31.20106,            0,            0,            0,   -0.8965549,    0.4429325
robot_5
   -10.04087,     31.73304,            0,            0,            0,  -0.06494553,    0.9978888
robot_133
    30.46588,     10.03062,            0,            0,            0,     0.753639,    0.6572886
robot_99
   -22.09342,    -37.47684,            0,            0,            0,     0.681486,    0.7318311
robot_171
    29.94141,    -18.77656,            0,            0,            0,    0.8877751,    0.4602776
robot_180
   -12.96316,    -5.983069,            0,            0,            0,   -0.4320608,    0.9018445
robot_56
   -26.20459,     -14.0464,            0,            0,            0,    0.8107545,    0.5853863
robot_3
   -14.05792,     16.42401,            0,            0,            0,  -0.01112873,    0.9999381
robot_81
   -22.15515,    -14.34261,            0,            0,            0,    0.9687922,    0.2478742
robot_167
   -14.11902,     25.82553,            0,            0,            0,  -0.09344431,    0.9956245
robot_25
    12.73412,     21.99339,            0,            0,            0,    0.9286552,     0.370944
robot_168
   -23.34059,     9.990652,            0,            0,            0,    0.9999901,  0.004453197
robot_96
   -29.62209,     21.90797,            0,            0,            0,   -0.6211683,    0.7836772
robot_166
    29.96651,     31.91643,            0,            0,            0,    0.9999558,  0.009406171
robot_102
   -26.04973,     1.847446,            0,            0,            0,    0.9856276,    0.1689328
robot_192
   -2.356274,       30.007,            0,            0,            0,   -0.7385612,    0.6741864
robot_179
    -5.60237,     29.97523,            0,            0,            0,    0.8351061,    0.5500889
robot_142
    16.91721,     1.983642,            0,            0,            0,    0.1278534,    0.9917931
robot_1
    17.90644,     22.90608,            0,            0,            0,    0.9662466,    0.2576188
robot_44
    5.943912,    -24.49064,            0,            0,            0,    0.3922417,    0.9198622
robot_163
   -18.04112,     30.76684,            0,            0,            0,   -0.9769481,    0.2134769
robot_79
   -34.07164,     8.497205,            0,            0,            0,    0.7635883,    0.6457034
robot_8
   -22.08544,    -32.45266,            0,            0,            0,   -0.9164501,     0.400149
robot_20
   -9.953377,     10.01833,            0,            0,            0,   -0.2441192,    0.9697452
robot_143
    37.07648,     17.97143,            0,            0,            0,   -0.9929355,     0.118655
robot_138
    2.501082,     5.992875,            0,            0,            0,   -0.2529012,    0.9674921
robot_123
     17.9023,    -29.38899,            0,            0,            0,   -0.9910942,    0.1331625
robot_193
    -10.0674,    -5.934501,            0,            0,            0,   0.07591368,    0.9971144
robot_187
   -17.64196,    -25.99552,            0,            0,            0,    0.9984754,   0.05519885
robot_176
    13.94504,     -22.2927,            0,            0,            0,   -0.5798744,    0.8147059
robot_66
    22.76801,    -18.00302,            0,            0,            0,   -0.9261357,    0.3771905
robot_63
     5.91995,     13.29826,            0,            0,            0,    -0.122056,    0.9925232
robot_31
    29.91192,     36.95298,            0,            0,            0,    0.2663224,     0.963884
robot_159
    28.78065,     25.99378,            0,            0,            0,   -0.9614736,    0.2748972
robot_160
    38.68387,    -9.973029,            0,            0,            0,   -0.2599308,    0.9656272
robot_151
   -38.76735,    -25.97286,            0,            0,            0,    -0.999458,   0.03291834
robot_150
    25.66538,     10.01662,            0,            0,            0,    0.6772521,    0.7357511
robot_137
     29.9303,     1.510916,            0,            0,            0,   -0.4881528,    0.8727582
robot_199
   -14.26361,     21.91194,            0,            0,            0,    0.5230935,    0.8522753
robot_54
    6.336907,      21.9732,            0,            0,            0,    0.9157588,    0.4017286
robot_117
    17.95167,     15.91658,            0,            0,            0,   -0.9041558,    0.4272028
robot_36
   -14.49356,     1.937417,            0,            0,            0,     0.986022,     0.166615
robot_33
     9.95192,    -16.94636,            0,            0,            0,    0.5211206,     0.853483
robot_146
   -26.07174,     -38.6612,            0,            0,            0,     0.922853,    0.3851523
robot_156
   -2.157395,     9.829544,            0,            0,            0,    0.9381582,    0.3462067
robot_112
    5.918537,    -11.89166,            0,            0,            0,   -0.8411173,    0.5408527
robot_19
    14.65024,     34.01653,            0,            0,            0,   -0.5515262,    0.8341576
robot_141
   -22.08086,     7.885249,            0,            0,            0,   -0.8168222,    0.5768896
robot_35
   -26.07777,    -25.90325,            0,            0,            0,    0.8811547,    0.4728281
robot_184
   -14.05724,    -9.078144,            0,            0,            0,   -0.9671932,    0.2540418
robot_98
    1.802739,     13.91299,            0,            0,            0,     0.701395,    0.7127728
robot_100
   -38.07591,     30.31767,            0,            0,            0,   -0.9726764,    0.2321652
robot_164
    30.47467,     5.972277,            0,            0,            0,    0.3209149,     0.947108
robot_59
    29.48071,    -29.99817,            0,            0,            0,   -0.1680676,    0.9857755
robot_144
    13.96276,    -6.603229,            0,            0,            0,    -0.693424,    0.7205298
robot_101
    33.63612,     34.08483,            0,            0,            0,   -0.9661131,    0.2581192
robot_161
    33.79406,    -1.947211,            0,            0,            0,   -0.7046994,     0.709506
robot_149
    8.395231,    -6.013823,            0,            0,            0,    0.5177008,    0.8555618
robot_86
    37.83845,    -26.00464,            0,            0,            0,    0.9382613,    0.3459275
