tuw_multi_robot_msgs::RobotGoalsArray @1970-01-01T00:56:06.300000
frame_id: map
        3366,    300000000
robot_84
    28.50334,     2.000986,            0,            0,            0,   -0.6161484,    0.7876301
robot_116
    19.33808,     18.00208,            0,            0,            0,    0.8830712,     0.469239
robot_74
   -39.17223,     29.99457,            0,            0,            0,    0.9999237,   0.01235464
robot_41
   -30.10209,    -13.77896,            0,            0,            0,    0.7782651,    0.6279358
robot_125
    5.952506,    -3.742053,            0,            0,            0,   -0.6113689,    0.7913457
robot_136
   -14.15961,    -2.057537,            0,            0,            0,    0.8767339,    0.4809757
robot_173
   -39.73224,     -10.0175,            0,            0,            0,   -0.8888754,    0.4581491
robot_67
   -25.82464,    -6.003442,            0,            0,            0,    -0.201662,    0.9794552
robot_197
   -30.14634,     1.732403,            0,            0,            0,    0.9757333,    0.2189622
robot_119
   -2.068892,    -13.80115,            0,            0,            0,   -0.9710956,    0.2386909
robot_82
    13.96428,     35.89211,            0,            0,            0,    0.2257899,     0.974176
robot_77
     13.8945,     5.962528,            0,            0,            0,    0.7821334,     0.623111
robot_5
    1.955776,     19.67505,            0,            0,            0,   -0.4131411,     0.910667
robot_133
   -4.741188,      33.9851,            0,            0,            0,     0.965964,    0.2586764
robot_99
   -18.03243,     -21.7701,            0,            0,            0,      0.26582,    0.9640227
robot_171
    -17.3424,    -10.02936,            0,            0,            0,    0.9640303,    0.2657922
robot_180
   -18.15943,     21.70776,            0,            0,            0,   -0.1260546,    0.9920233
robot_56
   -14.21532,     6.005876,            0,            0,            0,   -0.4011121,     0.916029
robot_3
    30.02133,     33.64607,            0,            0,            0,   -0.9121195,    0.4099244
robot_81
    5.992274,    -9.820854,            0,            0,            0,   -0.9195679,     0.392931
robot_167
    29.72289,    -9.974903,            0,            0,            0,   -0.2650915,    0.9642233
robot_25
   -36.69732,    -33.97381,            0,            0,            0,    0.9613607,    0.2752918
robot_168
    17.93536,     13.13511,            0,            0,            0,   -0.4232736,    0.9060019
robot_96
     38.3128,    -26.01249,            0,            0,            0,    0.4965838,    0.8679888
robot_166
    26.38397,     34.08313,            0,            0,            0,    0.1549412,    0.9879237
robot_102
   -14.05517,    -17.21666,            0,            0,            0,    -0.490278,    0.8715661
robot_192
   -10.02117,     13.66603,            0,            0,            0,   -0.9476932,    0.3191826
robot_179
    20.85929,      26.0163,            0,            0,            0,   -0.9953338,   0.09649184
robot_142
    17.56648,     -37.9906,            0,            0,            0,    0.9745779,    0.2240488
robot_1
   -6.070634,    -37.91316,            0,            0,            0,   -0.2363089,     0.971678
robot_44
   -29.09408,     30.02882,            0,            0,            0,    0.9423592,    0.3346029
robot_163
    18.31356,     26.01522,            0,            0,            0,    0.8144964,    0.5801686
robot_79
    1.903889,    -28.98224,            0,            0,            0,    0.9843304,    0.1763341
robot_8
   -37.95269,    -30.08335,            0,            0,            0,   -0.2323355,    0.9726357
robot_20
    13.93445,     16.16143,            0,            0,            0,   -0.9910913,    0.1331844
robot_143
   -18.09964,    -15.58761,            0,            0,            0,   0.03564933,    0.9993644
robot_138
   -35.47893,    -18.00442,            0,            0,            0,   -0.1783254,    0.9839716
robot_123
   -2.064857,     21.06492,            0,            0,            0,    0.4875427,    0.8730991
robot_193
    10.04665,     29.93231,            0,            0,            0,    -0.910217,    0.4141317
robot_187
     17.9268,      2.63356,            0,            0,            0,   -0.5525233,    0.8334975
robot_176
   -34.05464,     34.98439,            0,            0,            0,   -0.9993003,   0.03740259
robot_66
    13.96326,     26.56519,            0,            0,            0,     0.757788,    0.6525009
robot_63
   -4.235888,    -10.01914,            0,            0,            0,    0.3602655,    0.9328498
robot_31
    25.58936,     22.09997,            0,            0,            0,    0.8762523,    0.4818526
robot_159
   -2.070799,     29.52453,            0,            0,            0,   -0.9777206,    0.2099106
robot_160
   -18.13274,     6.244856,            0,            0,            0,   -0.9867911,    0.1619976
robot_151
    25.88558,    -17.96834,            0,            0,            0,    0.6606924,    0.7506567
robot_150
    25.90828,    -9.406605,            0,            0,            0,   -0.2249199,    0.9743772
robot_137
    37.91488,    -23.40153,            0,            0,            0,   -0.5541408,    0.8324229
robot_199
   -18.02103,     38.12703,            0,            0,            0,   -0.9806247,    0.1958959
robot_54
   -34.86132,    -22.02215,            0,            0,            0,    0.3652811,    0.9308973
robot_117
    -30.0336,    -24.12173,            0,            0,            0,   -0.9243261,    0.3816036
robot_36
   -35.43241,     18.00632,            0,            0,            0,    0.8940155,     0.448036
robot_33
    23.58647,     18.01938,            0,            0,            0,    0.1844345,    0.9828448
robot_146
    33.96365,     31.81827,            0,            0,            0, -0.004914411,    0.9999879
robot_156
   -30.17099,    -18.13595,            0,            0,            0,    0.2586768,    0.9659639
robot_112
   -18.09885,      8.73717,            0,            0,            0,    0.3653427,    0.9308731
robot_19
   -10.04979,     -38.6693,            0,            0,            0,    0.6110637,    0.7915814
robot_141
     17.7765,     -13.9551,            0,            0,            0,    0.8902761,    0.4554211
robot_35
     35.8872,     6.027858,            0,            0,            0,   -0.6896617,    0.7241317
robot_184
    11.16744,     21.99506,            0,            0,            0,   -0.6315989,    0.7752953
robot_98
   -22.05842,    -10.94054,            0,            0,            0,    0.8274857,    0.5614868
robot_100
    33.16386,     18.03256,            0,            0,            0,    0.7607476,    0.6490478
robot_164
   -18.05681,    -31.78112,            0,            0,            0,     0.485888,    0.8740211
robot_59
   -36.86288,     29.99516,            0,            0,            0,    0.4994882,    0.8663207
robot_144
    38.00061,     29.78836,            0,            0,            0,   -0.5256398,    0.8507072
robot_101
   -37.08319,     14.03118,            0,            0,            0,    0.9494994,    0.3137688
robot_161
   -14.08203,     19.58416,            0,            0,            0,    0.8118279,    0.5838968
robot_149
    17.79066,     5.888254,            0,            0,            0,    -0.314851,    0.9491411
robot_86
    33.26148,     26.03278,            0,            0,            0,   -0.3021362,    0.9532648
