tuw_multi_robot_msgs::RobotGoalsArray @1970-01-01T00:12:42.900000
frame_id: map
         762,    900000000
robot_84
    37.96629,    -13.02733,            0,            0,            0,   -0.9730924,    0.2304151
robot_116
   -7.228413,    -17.97974,            0,            0,            0,  -0.08432775,    0.9964381
robot_74
    21.91576,    -27.04036,            0,            0,            0,     0.417025,     0.908895
robot_41
    15.32285,     22.00753,            0,            0,            0,   -0.9177844,     0.397079
robot_125
    -26.1346,    -22.24641,            0,            0,            0,   -0.5227972,    0.8524571
robot_136
    29.54394,    -18.06308,            0,            0,            0,    0.1513007,    0.9884878
robot_173
   -22.03623,    -33.97972,            0,            0,            0,    0.9278303,    0.3730026
robot_67
    28.11409,     17.97876,            0,            0,            0,   -0.8290158,    0.5592252
robot_197
    17.90511,   -0.7799493,            0,            0,            0,     0.602303,    0.7982675
robot_119
    9.922313,     21.35592,            0,            0,            0,   -0.8613338,    0.5080395
robot_82
   -38.06302,    -7.491099,            0,            0,            0,   0.02753578,    0.9996208
robot_77
   -22.09301,     15.40064,            0,            0,            0,   0.05060656,    0.9987187
robot_5
    23.85403,    -5.983553,            0,            0,            0,   -0.2234983,    0.9747043
robot_133
   -20.71417,     -6.01768,            0,            0,            0,    0.9983397,   0.05760019
robot_99
   -29.84851,    -5.954918,            0,            0,            0,   -0.9017104,    0.4323406
robot_171
   -18.51356,     1.927072,            0,            0,            0, -0.001552016,    0.9999988
robot_180
    29.91525,     38.29962,            0,            0,            0,     0.744749,    0.6673447
robot_56
   -15.54699,     14.02817,            0,            0,            0,   -0.5098625,    0.8602559
robot_3
   -22.07421,     6.092069,            0,            0,            0,  0.001468262,    0.9999989
robot_81
    25.79727,     37.88526,            0,            0,            0,    0.4003981,    0.9163413
robot_167
   -26.11926,     14.36558,            0,            0,            0,    0.9805878,    0.1960807
robot_25
   -10.06604,     36.50945,            0,            0,            0,    0.5012508,    0.8653021
robot_168
     16.7296,      5.99861,            0,            0,            0,    0.9740911,    0.2261561
robot_96
    35.04104,    -9.988824,            0,            0,            0,   -0.4276322,    0.9039528
robot_166
    26.88507,     22.00707,            0,            0,            0,    0.2235166,    0.9747001
robot_102
   -5.928045,    -22.06627,            0,            0,            0,    -0.527327,    0.8496624
robot_192
    37.91141,    -16.53346,            0,            0,            0,   -0.1797089,    0.9837198
robot_179
    12.99148,     33.97738,            0,            0,            0,    0.3466217,     0.938005
robot_142
   -35.86555,    -5.975876,            0,            0,            0,   -0.8862349,    0.4632361
robot_1
    1.880515,     17.92607,            0,            0,            0,   -0.9676512,    0.2522917
robot_44
    15.07381,     26.01865,            0,            0,            0,      0.99708,   0.07636382
robot_163
   -8.800645,    -37.97959,            0,            0,            0,   -0.9005528,    0.4347467
robot_79
    38.89975,     29.98111,            0,            0,            0,     -0.31045,    0.9505897
robot_8
     37.9397,    -30.49222,            0,            0,            0,   -0.1363628,     0.990659
robot_20
    22.36735,     -1.95176,            0,            0,            0,    0.9353155,    0.3538148
robot_143
    29.93983,     20.20357,            0,            0,            0,    0.9655371,    0.2602655
robot_138
    11.29009,    -5.996021,            0,            0,            0,   0.05394059,    0.9985441
robot_123
    34.13056,     26.08329,            0,            0,            0,   -0.9809291,    0.1943657
robot_193
    9.951636,     32.95987,            0,            0,            0,    -0.908164,    0.4186146
robot_187
    21.92653,     17.06493,            0,            0,            0,   -0.1272163,     0.991875
