tuw_multi_robot_msgs::RobotGoalsArray @1970-01-01T01:20:05
frame_id: map
        4805,            0
robot_84
    9.948569,     37.84122,            0,            0,            0,    0.9799628,    0.1991807
robot_116
    26.14146,      29.8525,            0,            0,            0,   -0.9865146,    0.1636735
robot_74
    38.76835,     -22.0216,            0,            0,            0,   -0.2988487,    0.9543005
robot_41
      13.746,     1.914899,            0,            0,            0,   -0.8747079,    0.4846505
robot_125
    35.69412,     33.97009,            0,            0,            0,  -0.02709891,    0.9996328
robot_136
    -38.0215,    -33.63923,            0,            0,            0,    0.4998073,    0.8661366
robot_173
    18.04503,    -38.05246,            0,            0,            0,     0.192154,    0.9813648
robot_67
    37.25072,    -26.00362,            0,            0,            0,   -0.9792777,    0.2025221
robot_197
   -6.067667,     -4.79475,            0,            0,            0,    0.9385033,    0.3452702
robot_119
   -30.14011,     17.79726,            0,            0,            0,    0.7500328,    0.6614006
robot_82
   -18.55257,     5.967803,            0,            0,            0,    0.9761768,    0.2169767
robot_77
   -30.10818,    -2.315245,            0,            0,            0,    0.9137645,    0.4062443
robot_5
    1.946417,     6.514873,            0,            0,            0,    -0.531306,      0.84718
robot_133
   -14.08126,    -31.58818,            0,            0,            0,   -0.5775679,    0.8163427
robot_99
   -26.06527,     21.73485,            0,            0,            0,    0.7071651,    0.7070485
robot_171
     25.9499,     18.79714,            0,            0,            0,    0.8096423,    0.5869237
robot_180
   -30.03694,     -29.4953,            0,            0,            0,    0.3514267,    0.9362154
robot_56
    33.95075,    -13.68508,            0,            0,            0,   -0.7331836,    0.6800307
robot_3
   -6.030086,     10.32925,            0,            0,            0,   -0.4451314,    0.8954653
robot_81
    9.543548,    -29.90624,            0,            0,            0,   -0.2186239,    0.9758092
robot_167
   -37.44312,    -9.998982,            0,            0,            0,    0.4170741,    0.9088725
robot_25
   -13.73971,    -25.98136,            0,            0,            0,    0.6803388,    0.7328978
robot_168
     12.1912,     5.982588,            0,            0,            0,   -0.2627683,     0.964859
robot_96
   -36.17775,      25.9876,            0,            0,            0,    0.0613729,    0.9981149
robot_166
    25.90602,     10.99938,            0,            0,            0,    0.9004706,    0.4349169
robot_102
    37.91855,     6.928601,            0,            0,            0,     0.603866,    0.7970858
robot_192
   -10.09309,    -17.35125,            0,            0,            0,     0.132851,     0.991136
robot_179
   -26.04491,    -6.774309,            0,            0,            0,   -0.9885804,    0.1506945
robot_142
    -18.3401,    -34.04599,            0,            0,            0,   -0.5154972,    0.8568912
robot_1
   -6.234258,     30.05671,            0,            0,            0,   -0.2148607,    0.9766447
robot_44
    26.05096,     34.00628,            0,            0,            0,   -0.8251944,    0.5648489
robot_163
    5.961055,     19.29139,            0,            0,            0,   -0.6634106,    0.7482556
robot_79
   -38.08911,    -17.02454,            0,            0,            0,  -0.07993201,    0.9968003
robot_8
    2.011101,    -25.75074,            0,            0,            0,    0.8766103,    0.4812009
robot_20
    5.712792,    -5.839497,            0,            0,            0,   -0.9948816,    0.1010477
robot_143
   -19.95723,    -10.02357,            0,            0,            0,    0.9375747,     0.347784
robot_138
   -12.90484,     38.00894,            0,            0,            0,    0.9465328,    0.3226076
robot_123
   -10.03348,    -1.177009,            0,            0,            0,    0.6235407,    0.7817909
robot_193
   -31.52667,     9.985469,            0,            0,            0,   -0.9432083,    0.3322019
robot_187
   -10.06736,     -35.4129,            0,            0,            0,    -0.502637,    0.8644976
robot_176
   -17.30653,     26.01912,            0,            0,            0,   -0.1139792,    0.9934831
robot_66
    17.90948,      30.8186,            0,            0,            0,   -0.9625402,     0.271139
robot_63
    30.81871,     29.99633,            0,            0,            0,     -0.61877,    0.7855722
robot_31
   -22.08768,     26.30172,            0,            0,            0,    0.2565383,    0.9665341
robot_159
   -18.19565,    -25.99447,            0,            0,            0,   -0.4658217,    0.8848786
robot_160
    13.15777,    -13.99143,            0,            0,            0,    0.9769059,    0.2136702
robot_151
    29.93342,     34.80816,            0,            0,            0,   -0.9100831,    0.4144257
robot_150
    17.93564,    -36.04095,            0,            0,            0,   0.05756285,    0.9983419
robot_137
    10.70286,    -33.96707,            0,            0,            0,    0.7907571,    0.6121301
robot_199
   -34.49696,    -30.08229,            0,            0,            0,    0.7672315,    0.6413703
robot_54
    29.88741,    -29.64507,            0,            0,            0,   -0.2300297,    0.9731836
robot_117
    6.714749,     22.03139,            0,            0,            0,   -0.3068722,    0.9517507
robot_36
   -22.34408,    -9.931285,            0,            0,            0,   -0.3633961,    0.9316347
robot_33
    6.007337,     6.048898,            0,            0,            0,   -0.7691917,     0.639018
robot_146
    37.96608,      -7.2909,            0,            0,            0,   -0.7456244,    0.6663665
robot_156
    25.90776,     24.68582,            0,            0,            0,   -0.9932109,    0.1163277
robot_112
    25.54621,    -38.04388,            0,            0,            0,   -0.3790226,    0.9253874
robot_19
    21.96077,      32.1902,            0,            0,            0,   -0.2955864,     0.955316
robot_141
   -10.04619,     -32.0607,            0,            0,            0,   -0.2064565,    0.9784558
robot_35
    29.90249,    -32.48159,            0,            0,            0,   -0.9558952,    0.2937078
robot_184
    16.92891,     25.97015,            0,            0,            0,   -0.8850777,    0.4654432
robot_98
    5.931313,     14.78388,            0,            0,            0,     0.999998,  0.002019514
robot_100
    11.42475,     10.00193,            0,            0,            0,    0.6531506,    0.7572281
robot_164
   -22.06916,    -14.09128,            0,            0,            0,   0.02824141,    0.9996011
robot_59
    20.09394,     -30.0116,            0,            0,            0,   -0.4169668,    0.9089217
robot_144
   -21.87626,    -26.10848,            0,            0,            0,  0.009192818,    0.9999577
robot_101
   -36.09051,    -6.031828,            0,            0,            0,   -0.9537125,    0.3007199
robot_161
    13.91414,     24.66619,            0,            0,            0,     0.634024,    0.7733133
robot_149
    -26.0366,    -21.88011,            0,            0,            0,   -0.9253666,    0.3790734
robot_86
    38.09644,    -29.79596,            0,            0,            0,   -0.2135872,     0.976924
robot_191
   -25.93135,     1.862731,            0,            0,            0,    0.4108693,    0.9116943
robot_126
    19.52407,     14.02326,            0,            0,            0,    0.9459773,    0.3242329
robot_190
   -18.19152,     21.81718,            0,            0,            0,    0.2244744,      0.97448
robot_131
      29.907,     -25.1317,            0,            0,            0,  -0.06813004,    0.9976764
robot_154
    38.38176,     18.04975,            0,            0,            0,   -0.4944033,    0.8692326
robot_9
    22.00456,     25.73297,            0,            0,            0,   -0.4571004,    0.8894151
robot_27
    -10.0734,     28.45666,            0,            0,            0,   -0.7476057,    0.6641428
robot_34
   -6.071932,     34.07323,            0,            0,            0,     0.988839,     0.148988
robot_114
   -2.189927,     5.973487,            0,            0,            0,    0.6556497,    0.7550652
robot_51
    -26.7125,    -33.97012,            0,            0,            0,   -0.7226974,    0.6911646
robot_108
    37.77295,     9.948219,            0,            0,            0,   -0.8148599,     0.579658
robot_147
   -9.908277,     1.840072,            0,            0,            0,    0.9974295,   0.07165515
robot_183
   -34.07633,    -24.95731,            0,            0,            0,   -0.5465791,    0.8374075
robot_48
   -37.99209,     10.17344,            0,            0,            0,   -0.6915733,    0.7223063
robot_60
    7.298312,     37.98699,            0,            0,            0,    0.9966779,   0.08144425
robot_75
   -12.77004,     34.00203,            0,            0,            0,   -0.7580179,    0.6522337
robot_152
    25.96319,   -0.4205964,            0,            0,            0,   -0.4188972,    0.9080337
robot_26
    29.04424,     -13.9871,            0,            0,            0,    0.9979391,   0.06416742
robot_182
   -18.03937,     3.243913,            0,            0,            0,    0.6920734,    0.7218271
robot_172
   -21.55282,     18.03316,            0,            0,            0,     0.869054,    0.4947173
robot_43
   -30.08427,     6.503805,            0,            0,            0,    0.9374047,    0.3482418
robot_170
   -12.77113,     5.969647,            0,            0,            0,    0.9964762,   0.08387586
robot_177
    20.31969,     30.00803,            0,            0,            0,    0.7003602,    0.7137896
robot_80
    14.07569,    -1.903677,            0,            0,            0,    0.9771291,    0.2126468
robot_16
    34.26563,     9.954273,            0,            0,            0,   -0.9925244,    0.1220465
robot_13
    35.97393,    -6.017792,            0,            0,            0,    0.9949695,    0.1001779
robot_178
    10.07804,    -37.85377,            0,            0,            0,   -0.2898429,    0.9570742
robot_88
   -29.76994,    -6.083411,            0,            0,            0,   0.01137046,    0.9999354
robot_194
    26.15825,    -9.883666,            0,            0,            0,   -0.7986603,    0.6017822
robot_29
    9.906113,     27.60278,            0,            0,            0,   -0.9957289,   0.09232502
