tuw_multi_robot_msgs::RobotGoalsArray @1970-01-01T00:54:48.100000
frame_id: map
        3288,    100000000
robot_84
   0.7053487,     6.028564,            0,            0,            0,   -0.4901831,    0.8716195
robot_116
   -14.07974,     25.57352,            0,            0,            0,    0.3139131,    0.9494517
robot_74
    31.91906,     18.01276,            0,            0,            0,    0.8863389,    0.4630372
robot_41
    13.73253,    -22.14167,            0,            0,            0,   -0.9401834,    0.3406687
robot_125
   -17.28929,     26.01876,            0,            0,            0,  -0.08139704,    0.9966818
robot_136
    37.71904,     25.93838,            0,            0,            0,    0.9719343,    0.2352523
robot_173
   -9.015989,    -13.97737,            0,            0,            0,    0.9491657,    0.3147768
robot_67
    1.786534,    -6.036783,            0,            0,            0,   -0.9943127,    0.1065001
robot_197
   -14.09873,    -6.240224,            0,            0,            0,   -0.8408498,    0.5412686
robot_119
   -22.06532,    -4.424486,            0,            0,            0,    0.9194782,     0.393141
robot_82
   -14.56028,    -37.98949,            0,            0,            0,   -0.6050633,    0.7961774
robot_77
   -30.28553,    -17.86924,            0,            0,            0,   -0.9882745,    0.1526876
robot_5
    33.90372,    -31.68941,            0,            0,            0,   -0.6942705,    0.7197142
robot_133
    -22.8802,    -9.983943,            0,            0,            0,    0.9742842,    0.2253225
robot_99
   -17.47606,    -2.022955,            0,            0,            0,   -0.7070409,    0.7071727
robot_171
   -18.05338,     -10.6545,            0,            0,            0,    0.9285543,    0.3711966
robot_180
    31.13716,      37.9774,            0,            0,            0,   -0.7891018,    0.6142625
robot_56
    -22.0481,    -16.40813,            0,            0,            0,    0.5152305,    0.8570516
robot_3
    34.17399,    -13.91384,            0,            0,            0,    0.1693955,    0.9855482
robot_81
    1.867371,     29.90601,            0,            0,            0,   -0.9650729,    0.2619813
robot_167
    -11.1824,     37.99881,            0,            0,            0,   -0.8762599,    0.4818388
robot_25
   -10.06715,    -9.638869,            0,            0,            0,   -0.5593785,    0.8289124
robot_168
    5.951954,     32.30728,            0,            0,            0,    0.6950596,    0.7189522
robot_96
   -34.04827,    -6.065771,            0,            0,            0,    0.8122978,    0.5832429
robot_166
    25.66977,    -29.98245,            0,            0,            0,    0.5144337,    0.8575302
robot_102
    2.530288,     10.01109,            0,            0,            0,   -0.6180372,    0.7861489
robot_192
    9.092241,    -18.01845,            0,            0,            0,    -0.744797,    0.6672911
robot_179
    21.95165,     28.57398,            0,            0,            0,   -0.9983677,    0.0571128
robot_142
   -9.441169,    -29.99701,            0,            0,            0,   -0.7037034,    0.7104938
robot_1
   -14.01568,    -14.11291,            0,            0,            0,   -0.3474995,    0.9376802
robot_44
    7.408334,    -29.98916,            0,            0,            0,    0.2132655,    0.9769943
robot_163
   -25.98921,    -14.20328,            0,            0,            0,    0.9906553,    0.1363897
robot_79
    4.857289,     29.97214,            0,            0,            0,   -0.6937996,    0.7201681
robot_8
    -6.09281,    0.9805441,            0,            0,            0,    -0.977938,    0.2088952
robot_20
   -32.89192,     34.02632,            0,            0,            0,    0.8590523,    0.5118878
robot_143
    9.925244,     3.481443,            0,            0,            0,    0.4983905,    0.8669526
robot_138
   -30.12681,    -22.05849,            0,            0,            0,   -0.5165083,    0.8562822
robot_123
     13.8514,     6.169004,            0,            0,            0,    0.1386573,    0.9903404
robot_193
    24.97001,    -17.98708,            0,            0,            0,  -0.05559628,    0.9984533
robot_187
   -26.80249,      21.9908,            0,            0,            0,   -0.9903797,    0.1383766
robot_176
    13.93166,    -2.691306,            0,            0,            0,   -0.1308457,    0.9914027
robot_66
    33.83126,    -10.18462,            0,            0,            0,   -0.9669521,    0.2549581
robot_63
    9.923677,        35.74,            0,            0,            0,    0.9706482,     0.240504
robot_31
   -36.63817,    -30.02766,            0,            0,            0,    0.8792201,    0.4764158
robot_159
   -28.72782,    -13.99167,            0,            0,            0,    0.4606902,     0.887561
robot_160
    13.74095,    -25.95498,            0,            0,            0,   -0.3231568,    0.9463454
robot_151
   -2.159147,     30.33148,            0,            0,            0,   -0.7355763,    0.6774418
robot_150
    17.95774,     6.049721,            0,            0,            0,    0.8840833,    0.4673293
robot_137
    15.34468,     10.02412,            0,            0,            0,   -0.9119199,    0.4103682
robot_199
    21.72974,    -21.90772,            0,            0,            0,    0.1235934,    0.9923329
robot_54
   -22.06954,    -37.60306,            0,            0,            0,    0.8291411,    0.5590393
robot_117
     8.23565,    -37.97464,            0,            0,            0,   -0.1330754,    0.9911059
robot_36
   -6.716259,     10.03206,            0,            0,            0,   -0.7789929,    0.6270328
robot_33
   -3.121021,      22.0193,            0,            0,            0,   -0.9416301,    0.3366493
robot_146
    14.02958,    -14.05131,            0,            0,            0,   -0.9551181,    0.2962252
robot_156
   -25.98689,    -38.26341,            0,            0,            0,     0.326403,    0.9452307
robot_112
    6.275275,     21.96391,            0,            0,            0,    0.8413283,    0.5405244
robot_19
    32.02757,     5.976143,            0,            0,            0,    0.8748156,     0.484456
robot_141
   -26.04559,    -16.56001,            0,            0,            0,    0.7066441,    0.7075691
robot_35
    17.90647,     29.86185,            0,            0,            0,    0.5480293,    0.8364592
robot_184
    30.02415,    -6.046088,            0,            0,            0,   -0.9214484,    0.3885007
robot_98
    37.79263,     17.80822,            0,            0,            0,    0.5066386,    0.8621586
robot_100
   -6.137111,     26.22748,            0,            0,            0,   -0.8597421,    0.5107284
robot_164
    21.95211,    -5.459708,            0,            0,            0,    0.4640851,    0.8857906
robot_59
    17.58416,    -29.96785,            0,            0,            0,     0.427082,    0.9042129
robot_144
    13.96377,    -18.69982,            0,            0,            0,    0.3527404,    0.9357212
robot_101
   -18.18984,     -33.8367,            0,            0,            0,    0.7114726,    0.7027138
robot_161
    22.07742,     2.107229,            0,            0,            0,    0.5735422,     0.819176
robot_149
   -1.892193,     33.87771,            0,            0,            0,   -0.4148871,    0.9098729
robot_86
    17.93281,     -9.46423,            0,            0,            0,   -0.3113059,    0.9503098
