tuw_multi_robot_msgs::RobotGoalsArray @1970-01-01T00:01:47.500000
frame_id: map
         107,    500000000
robot_84
   -34.09543,    -16.06393,            0,            0,            0,    0.9339902,    0.3572986
robot_116
    17.91039,    -18.54888,            0,            0,            0,    0.4352998,    0.9002855
robot_74
    1.922085,     29.40602,            0,            0,            0,    0.5698944,    0.8217179
robot_41
   -10.16142,    -14.20126,            0,            0,            0,   -0.9998832,   0.01528528
robot_125
   -26.92815,     10.01174,            0,            0,            0,  -0.05821185,    0.9983043
robot_136
    25.87991,    -22.34427,            0,            0,            0,    0.8682879,    0.4960605
robot_173
   -26.04839,    -35.52784,            0,            0,            0,    0.6238863,    0.7815151
robot_67
    21.93659,     25.15588,            0,            0,            0,   -0.9943196,    0.1064352
robot_197
    22.26676,     5.900687,            0,            0,            0,   -0.9659587,    0.2586964
robot_119
    22.42813,     -17.9321,            0,            0,            0,   -0.8207429,    0.5712977
robot_82
   -34.03647,     18.38576,            0,            0,            0,   -0.7158537,    0.6982503
robot_77
   -22.03922,     29.52977,            0,            0,            0,    0.5971081,    0.8021608
robot_5
    28.12398,    -5.983486,            0,            0,            0,    0.9262686,     0.376864
robot_133
   -2.078937,     27.17748,            0,            0,            0,   -0.4545621,     0.890715
robot_99
    29.94049,     8.659238,            0,            0,            0,     -0.78667,    0.6173737
robot_171
   -6.210606,    -14.08614,            0,            0,            0,    0.9915817,    0.1294822
robot_180
     10.0054,    -6.336773,            0,            0,            0,    0.8641456,    0.5032419
robot_56
    9.516553,     13.97056,            0,            0,            0,   -0.9990682,    0.0431597
robot_3
    -14.0518,    -23.28117,            0,            0,            0,   -0.5497017,     0.835361
robot_81
   -34.80095,    -13.97335,            0,            0,            0,   0.02389324,    0.9997145
robot_167
    21.92264,    -35.51924,            0,            0,            0,   -0.6618868,    0.7496038
robot_25
   -22.03611,     24.66074,            0,            0,            0,    0.3823547,    0.9240156
robot_168
    24.23851,    -25.98756,            0,            0,            0,   -0.9585862,    0.2848027
robot_96
   -22.02137,     10.14466,            0,            0,            0,    0.9085484,    0.4177796
robot_166
    39.38459,      25.9998,            0,            0,            0,    0.9815586,    0.1911617
