tuw_multi_robot_msgs::RobotGoalsArray @1970-01-01T00:47:08
frame_id: map
        2828,            0
robot_84
   -38.13867,    -25.76648,            0,            0,            0,   -0.4076899,    0.9131205
robot_116
     29.8796,     21.99089,            0,            0,            0,   -0.6431337,    0.7657539
robot_74
    25.93906,     36.41186,            0,            0,            0,    0.6308637,    0.7758936
robot_41
    24.08726,     6.026637,            0,            0,            0,   -0.4093557,    0.9123749
robot_125
   -22.57002,    -5.994854,            0,            0,            0,   -0.5055762,    0.8627819
robot_136
    13.97555,    -13.96328,            0,            0,            0,    -0.970201,    0.2423017
robot_173
    13.87062,     37.69316,            0,            0,            0,    0.3380801,    0.9411174
robot_67
   -5.944482,    -13.77105,            0,            0,            0,   -0.8933377,    0.4493859
robot_197
   -27.88606,    -38.00831,            0,            0,            0,    0.9281777,    0.3721373
robot_119
    33.96914,    -33.94725,            0,            0,            0,   0.02891783,    0.9995818
robot_82
    0.830104,     -34.0314,            0,            0,            0,   -0.4656128,    0.8849885
robot_77
   -18.04431,    -33.51774,            0,            0,            0,   -0.4530333,    0.8914936
robot_5
   -17.68812,     38.05841,            0,            0,            0,    0.5055831,    0.8627779
robot_133
   -38.06501,     12.10499,            0,            0,            0,   -0.9901497,    0.1400127
robot_99
   -16.39076,    -25.99767,            0,            0,            0,   -0.1294004,    0.9915924
robot_171
    9.921987,     -30.5019,            0,            0,            0,    0.5579686,     0.829862
robot_180
    13.87485,     17.83067,            0,            0,            0,   -0.3430177,    0.9393289
robot_56
    9.920721,    -33.92767,            0,            0,            0,    0.6369342,    0.7709182
robot_3
   -35.33895,     5.983513,            0,            0,            0,    0.9196655,    0.3927027
robot_81
    18.00225,     26.31035,            0,            0,            0,   -0.6686909,    0.7435405
robot_167
   -18.09739,     13.61192,            0,            0,            0,    0.6716191,    0.7408966
robot_25
   -3.386204,    -17.98028,            0,            0,            0,  -0.06415153,    0.9979402
robot_168
    21.98289,    -29.69695,            0,            0,            0,    0.9930912,    0.1173451
robot_96
    26.13775,     6.044142,            0,            0,            0,    0.2346953,     0.972069
robot_166
     9.92132,    -24.84284,            0,            0,            0,   -0.5387655,    0.8424558
robot_102
    15.68066,    -22.01083,            0,            0,            0,   -0.9736615,    0.2279984
robot_192
    5.914858,     3.287365,            0,            0,            0,   -0.3094379,    0.9509196
robot_179
   -33.72347,     29.95311,            0,            0,            0,     0.305512,    0.9521882
robot_142
   -30.01815,    -30.30355,            0,            0,            0,   -0.8347346,    0.5506524
robot_1
    13.96582,    -36.61837,            0,            0,            0,    0.6695649,    0.7427536
robot_44
    1.909023,     31.20712,            0,            0,            0,    0.8435539,    0.5370445
robot_163
     20.1871,     21.98714,            0,            0,            0,  -0.03638395,    0.9993379
robot_79
   0.2830562,    -5.997483,            0,            0,            0,    0.8936911,    0.4486828
robot_8
    37.35293,    -22.02659,            0,            0,            0,    0.8438675,    0.5365517
robot_20
    26.05533,     14.19228,            0,            0,            0,    0.0427521,    0.9990857
robot_143
   -14.09767,     -19.2266,            0,            0,            0,   0.06760675,     0.997712
robot_138
   -14.07064,    -15.24804,            0,            0,            0,    0.7966683,    0.6044168
robot_123
   -1.660666,     33.95553,            0,            0,            0,   -0.8957878,     0.444482
robot_193
    25.91603,     17.39292,            0,            0,            0,    0.6559758,    0.7547819
robot_187
   -22.04336,     35.16654,            0,            0,            0,   -0.6448743,    0.7642886
robot_176
   -16.14112,    -6.028613,            0,            0,            0,   -0.9946088,    0.1036981
robot_66
    21.94226,     20.80266,            0,            0,            0,   -0.2867476,    0.9580062
robot_63
   -10.24538,    -26.07742,            0,            0,            0,   -0.2363057,    0.9716788
robot_31
    -18.0471,    -15.66828,            0,            0,            0,    0.7322518,     0.681034
robot_159
    33.71313,     5.981805,            0,            0,            0,   -0.9615896,    0.2744912
robot_160
    9.227819,     22.02167,            0,            0,            0,    0.9096429,    0.4153912
robot_151
   -22.05492,     25.10459,            0,            0,            0,  -0.03244172,    0.9994736
robot_150
    13.94734,    -33.88187,            0,            0,            0,   -0.1528196,    0.9882541
robot_137
    17.89036,     -5.80351,            0,            0,            0,   -0.5314791,    0.8470714
robot_199
    1.945165,    -19.70616,            0,            0,            0,  -0.03460703,     0.999401
