tuw_multi_robot_msgs::RobotGoalsArray @1970-01-01T01:24:36.200000
frame_id: map
        5076,    200000000
robot_84
    5.961165,     13.86353,            0,            0,            0,  -0.04901818,    0.9987979
robot_116
   -14.67595,    -33.99584,            0,            0,            0,   -0.9435399,    0.3312589
robot_74
    -14.0901,     25.77729,            0,            0,            0,   -0.2340688,      0.97222
robot_41
    5.869157,     29.63552,            0,            0,            0,    0.9519261,    0.3063277
robot_125
 -0.09396646,     34.01515,            0,            0,            0,    0.5807748,    0.8140643
robot_136
   -26.16576,    -1.729142,            0,            0,            0,   -0.9382865,    0.3458589
robot_173
    13.57174,     -25.9918,            0,            0,            0,    0.9819868,    0.1889494
robot_67
   -21.82125,    -26.01423,            0,            0,            0,    0.4699475,    0.8826944
robot_197
   -13.93167,     22.00753,            0,            0,            0,    0.1847714,    0.9827815
robot_119
    -26.0796,     -17.9971,            0,            0,            0,    0.5591606,    0.8290594
robot_82
   -29.90595,    -2.073003,            0,            0,            0,    0.6002183,    0.7998362
robot_77
   -35.73864,     9.997358,            0,            0,            0,    0.7187992,    0.6952177
robot_5
    37.91278,    -14.09182,            0,            0,            0,   -0.1839666,    0.9829325
robot_133
   -10.05832,    -2.114398,            0,            0,            0,  -0.09564086,    0.9954159
robot_99
   -30.03762,    -31.51318,            0,            0,            0,    0.2468469,    0.9690545
robot_171
   -18.06163,    -11.83779,            0,            0,            0,   -0.4964797,    0.8680483
robot_180
   -26.21495,      2.01052,            0,            0,            0,   -0.4184279,      0.90825
robot_56
   0.6423779,      14.0016,            0,            0,            0,   -0.1468993,    0.9891515
robot_3
    21.73086,    -25.87395,            0,            0,            0,    0.9767944,    0.2141792
robot_81
    12.17018,     10.02844,            0,            0,            0,  -0.02695132,    0.9996367
robot_167
    9.934637,     27.49948,            0,            0,            0,   -0.9647205,    0.2632761
robot_25
   -20.54607,     34.02164,            0,            0,            0,     0.938741,    0.3446234
robot_168
    17.82767,     38.23057,            0,            0,            0,   -0.5778122,    0.8161697
robot_96
   -38.07022,    -15.47997,            0,            0,            0,    0.3566825,    0.9342257
robot_166
    9.940312,    -10.90766,            0,            0,            0,   -0.9778604,    0.2092582
robot_102
  -0.7510247,     9.996122,            0,            0,            0,    0.2489566,    0.9685146
robot_192
   -26.03722,     6.575567,            0,            0,            0,   -0.6672555,    0.7448289
robot_179
    33.97067,    -9.654104,            0,            0,            0,   -0.7687985,    0.6394911
robot_142
   -7.252887,    -38.00942,            0,            0,            0,   -0.7198625,    0.6941167
robot_1
    21.96081,     8.570203,            0,            0,            0,  -0.05119662,    0.9986886
robot_44
    38.68972,     33.97173,            0,            0,            0,    0.8758911,    0.4825089
robot_163
   -30.24313,     21.85093,            0,            0,            0,   0.05397927,    0.9985421
robot_79
    37.88285,     29.90396,            0,            0,            0,     0.985966,     0.166946
robot_8
    34.00293,     25.81803,            0,            0,            0,     -0.16906,    0.9856058
robot_20
   -4.313825,     22.01428,            0,            0,            0,   -0.5466756,    0.8373445
robot_143
     -23.156,     -14.0265,            0,            0,            0,   -0.9562779,    0.2924594
robot_138
    5.733753,    -6.160879,            0,            0,            0,   -0.5716499,    0.8204976
robot_123
   -3.235729,     13.99679,            0,            0,            0,      0.66487,    0.7469591
robot_193
   -35.16929,    -13.96762,            0,            0,            0,    0.7492609,    0.6622749
robot_187
   -22.18433,    -37.78611,            0,            0,            0,     0.927193,     0.374584
robot_176
    11.72969,     -9.97773,            0,            0,            0,   -0.4041707,    0.9146836
robot_66
   -34.13758,     18.32353,            0,            0,            0,   -0.9976921,   0.06789981
robot_63
    13.93944,    -4.792442,            0,            0,            0,   -0.9587576,     0.284225
robot_31
   -19.85095,      2.00383,            0,            0,            0,   -0.2669324,    0.9637152
robot_159
    13.93174,     17.89545,            0,            0,            0,    0.9142092,    0.4052425
robot_160
   -22.87683,    -22.00917,            0,            0,            0,  -0.02692795,    0.9996374
robot_151
    30.19395,    -5.928817,            0,            0,            0,    -0.397603,    0.9175576
robot_150
    17.95609,     5.220238,            0,            0,            0,   -0.5406242,    0.8412642
robot_137
     13.9349,    -23.00946,            0,            0,            0,    0.3842117,     0.923245
robot_199
   -17.98221,     38.34267,            0,            0,            0,    0.8360006,    0.5487285
robot_54
    24.56486,     18.01491,            0,            0,            0,    0.9408665,    0.3387775
robot_117
    5.891519,    -30.06078,            0,            0,            0,    0.7272469,    0.6863759
robot_36
    21.94426,    -21.30273,            0,            0,            0,    0.9570967,    0.2897689
robot_33
    37.98257,     17.82635,            0,            0,            0,   -0.3543316,    0.9351198
robot_146
    -14.0568,     15.00411,            0,            0,            0,    0.9807447,    0.1952941
robot_156
   -20.19279,    -5.995386,            0,            0,            0,    0.6186908,    0.7856345
robot_112
    13.29564,     25.98004,            0,            0,            0,   -0.5428029,    0.8398601
robot_19
   -6.037983,    -23.30447,            0,            0,            0,   -0.5259631,    0.8505074
robot_141
    8.077949,     26.02543,            0,            0,            0,   -0.7455524,     0.666447
robot_35
   -30.11402,    -13.63796,            0,            0,            0,  -0.01668247,    0.9998608
robot_184
    25.91211,    -17.05722,            0,            0,            0,     0.173115,    0.9849016
robot_98
    -7.92941,    -17.99812,            0,            0,            0,   -0.4036507,    0.9149132
robot_100
   -38.27025,     -29.9658,            0,            0,            0,   -0.6510012,    0.7590767
robot_164
    13.94828,     22.70325,            0,            0,            0,   -0.4753422,     0.879801
robot_59
   -2.059375,     -26.5952,            0,            0,            0,   -0.9121191,    0.4099252
robot_144
   -22.03973,    -6.734983,            0,            0,            0,    0.9053027,    0.4247671
robot_101
    15.47072,     -1.99212,            0,            0,            0,   -0.2319888,    0.9727185
robot_161
   -29.81302,     33.94662,            0,            0,            0,    0.8231004,    0.5678958
robot_149
   -34.04896,    -17.65765,            0,            0,            0,   -0.7254429,    0.6882823
robot_86
   -9.993086,    -30.04928,            0,            0,            0,    0.9316652,    0.3633179
robot_191
   -30.17453,     10.04333,            0,            0,            0,    0.1805971,    0.9835572
robot_126
    28.10429,    -6.004757,            0,            0,            0,  -0.02787771,    0.9996113
robot_190
   -34.03472,    -3.736269,            0,            0,            0,   -0.2067992,    0.9783834
robot_131
   -25.43313,     29.98747,            0,            0,            0,    0.6706843,    0.7417429
robot_154
   -14.15189,    -18.15096,            0,            0,            0,    0.9967352,   0.08073979
robot_9
   -10.29831,     5.971141,            0,            0,            0,    0.8630693,    0.5050855
robot_27
   -13.60901,     30.07102,            0,            0,            0,    0.1021793,     0.994766
robot_34
    37.80679,    -18.21151,            0,            0,            0,    0.9402808,    0.3403999
robot_114
    10.34598,    -6.085217,            0,            0,            0,    0.3646623,    0.9311399
robot_51
   -20.26533,    -9.998935,            0,            0,            0,   -0.2389957,    0.9710206
robot_108
   0.9076131,    -21.98394,            0,            0,            0,    0.9666735,    0.2560124
robot_147
   -28.33473,     30.02609,            0,            0,            0,    0.9740522,    0.2263235
robot_183
    29.89194,     25.72678,            0,            0,            0,   -0.9176002,    0.3975045
robot_48
    18.01423,     33.74598,            0,            0,            0,  -0.07672857,     0.997052
robot_60
    37.90953,    -20.82418,            0,            0,            0,    0.9425097,    0.3341787
robot_75
     14.2257,     9.938626,            0,            0,            0,   -0.7261815,     0.687503
robot_152
    1.916268,      12.5245,            0,            0,            0,   -0.9811759,    0.1931162
robot_26
    1.445451,     18.06567,            0,            0,            0,    0.8114174,    0.5844671
robot_182
   -34.53079,    -21.91584,            0,            0,            0,    0.6782792,    0.7348043
robot_172
    28.46314,     30.01308,            0,            0,            0,    -0.869158,    0.4945345
robot_43
    24.14697,      22.0161,            0,            0,            0,    0.9972851,   0.07363708
robot_170
     29.8799,     34.08986,            0,            0,            0,    0.9632867,    0.2684748
robot_177
    21.94602,    -7.216767,            0,            0,            0,    0.8996034,    0.4367079
robot_80
   -6.045495,    -16.47966,            0,            0,            0,   -0.5074102,    0.8617046
robot_16
    29.94444,    -32.16406,            0,            0,            0,    0.9929492,    0.1185408
robot_13
    16.01689,    -38.01996,            0,            0,            0,   -0.4395398,    0.8982231
robot_178
     26.1219,    -26.01472,            0,            0,            0,   -0.7105563,    0.7036404
robot_88
    1.960476,      29.5659,            0,            0,            0,    0.8664131,     0.499328
robot_194
    20.31641,      29.9753,            0,            0,            0,   -0.2937882,    0.9558705
robot_29
   -6.043268,     30.36014,            0,            0,            0,    0.9320351,    0.3623679
robot_92
    13.95725,     4.414473,            0,            0,            0,   -0.9588728,     0.283836
robot_87
   -33.71288,     2.088154,            0,            0,            0,    0.8990743,     0.437796
robot_68
    1.839048,    -25.87394,            0,            0,            0,    0.8259461,    0.5637491
robot_22
    21.70031,    -17.93789,            0,            0,            0,   -0.7645548,    0.6445587
robot_38
   -8.977102,     38.02646,            0,            0,            0,    -0.577335,    0.8165074
robot_2
   -37.71682,     34.02448,            0,            0,            0,   -0.9959005,    0.0904553
robot_110
   -22.28284,     17.91934,            0,            0,            0,   -0.8631599,    0.5049307
robot_14
   -33.98373,     6.010708,            0,            0,            0,    0.7687203,     0.639585
robot_181
     25.9525,     34.01802,            0,            0,            0,    0.1111682,    0.9938016
robot_61
    27.54734,    -33.98195,            0,            0,            0,    0.5059908,    0.8625389
