tuw_multi_robot_msgs::RobotGoalsArray @1970-01-01T01:19:04
frame_id: map
        4744,            0
robot_84
   -30.07228,    -21.08872,            0,            0,            0,    0.1223031,    0.9924928
robot_116
    9.947134,    -23.31268,            0,            0,            0,   -0.9985498,   0.05383502
robot_74
   -14.04914,     13.62919,            0,            0,            0,   -0.7736543,     0.633608
robot_41
   -10.27008,     33.94352,            0,            0,            0,     0.530126,    0.8479189
robot_125
     17.8149,      38.0641,            0,            0,            0,    -0.107101,    0.9942481
robot_136
   -35.69089,    -13.98493,            0,            0,            0,   -0.2466508,    0.9691044
robot_173
   -5.731999,    -17.93895,            0,            0,            0,    0.7973859,    0.6034698
robot_67
   -10.06514,    -3.422672,            0,            0,            0,   -0.6382566,    0.7698237
robot_197
    10.41803,    -9.932501,            0,            0,            0,    0.3375723,    0.9412996
robot_119
   -13.25411,     10.03358,            0,            0,            0,    0.5084715,    0.8610788
