tuw_multi_robot_msgs::RobotGoalsArray @1970-01-01T01:19:56.700000
frame_id: map
        4796,    700000000
robot_84
   -18.03363,    -39.33199,            0,            0,            0,   -0.5130312,      0.85837
robot_116
     26.1275,     -2.12641,            0,            0,            0,   -0.9170972,    0.3986638
robot_74
    -6.23872,     18.11517,            0,            0,            0,    -0.999777,    0.0211171
robot_41
    21.94236,    -29.58965,            0,            0,            0,    0.8640541,     0.503399
robot_125
   -30.08805,     -34.4548,            0,            0,            0,    0.9693293,    0.2457658
robot_136
   -1.802942,     21.90705,            0,            0,            0,    0.4382668,    0.8988449
robot_173
   -28.54142,     21.98962,            0,            0,            0,   -0.3258277,    0.9454292
robot_67
    33.91304,    -19.53431,            0,            0,            0,   -0.7267103,     0.686944
robot_197
    -38.0596,    -21.95532,            0,            0,            0,   -0.9992054,    0.0398558
robot_119
    28.13041,    -13.99634,            0,            0,            0,   -0.6097461,    0.7925968
robot_82
    5.932935,     37.05581,            0,            0,            0,     0.939291,    0.3431215
robot_77
   -35.84762,     -17.9998,            0,            0,            0,   -0.9995154,   0.03112921
robot_5
   -38.08426,    -30.20432,            0,            0,            0,    0.9882616,    0.1527709
robot_133
   -26.01978,    -2.277466,            0,            0,            0,    0.6987862,    0.7153305
robot_99
    33.94755,    -28.47168,            0,            0,            0,    0.2313346,    0.9728742
robot_171
   -10.05925,     4.573609,            0,            0,            0,    0.5238893,    0.8517864
robot_180
    22.06081,    -22.04999,            0,            0,            0,   -0.5485788,    0.8360988
robot_56
   -38.20469,    -14.06545,            0,            0,            0,   -0.3727093,    0.9279481
robot_3
    16.77982,    -38.01118,            0,            0,            0,    -0.624364,    0.7811336
robot_81
   -2.508802,    -25.95499,            0,            0,            0,   -0.2475393,    0.9688779
robot_167
   -22.09255,     4.562399,            0,            0,            0,   -0.9741837,    0.2257567
robot_25
    -22.0869,     20.91832,            0,            0,            0,    0.4090569,    0.9125089
robot_168
   -31.91539,    -18.01577,            0,            0,            0,    0.1895824,    0.9818648
robot_96
   -13.80977,    -21.99697,            0,            0,            0,    -0.307579,    0.9515225
robot_166
    16.16965,    -2.033071,            0,            0,            0,    0.4649822,      0.88532
robot_102
    25.98776,    -5.671598,            0,            0,            0,   -0.5115565,    0.8592497
robot_192
    25.80729,    -17.83028,            0,            0,            0,    0.8943834,    0.4473012
robot_179
    21.92367,     20.22609,            0,            0,            0,   -0.8434779,    0.5371638
robot_142
   -4.552923,     6.018687,            0,            0,            0,   -0.9142552,    0.4051387
robot_1
    19.86053,     34.00863,            0,            0,            0,    0.8766961,    0.4810447
robot_44
   -34.06556,     39.36803,            0,            0,            0,    0.1036478,    0.9946141
robot_163
     5.95534,     27.90439,            0,            0,            0,    0.3589138,    0.9333707
robot_79
    22.27493,    -17.91584,            0,            0,            0,    0.9505643,    0.3105279
robot_8
    28.05369,    -34.02468,            0,            0,            0,    0.7619943,    0.6475837
robot_20
   -34.08949,     17.25233,            0,            0,            0,    0.9831324,    0.1828951
robot_143
    29.83663,    -10.06882,            0,            0,            0,   -0.5925396,    0.8055413
robot_138
    21.92726,     28.00917,            0,            0,            0,   -0.9883998,    0.1518742
robot_123
    13.78898,    -14.19814,            0,            0,            0,   -0.7073564,    0.7068571
robot_193
   0.5931978,     6.025126,            0,            0,            0,   -0.9058838,    0.4235263
robot_187
   -18.05759,     -6.19269,            0,            0,            0,    0.7908114,    0.6120599
robot_176
   -10.02703,     26.01117,            0,            0,            0,    0.7075118,    0.7067015
robot_66
    9.863691,     2.207017,            0,            0,            0,   -0.9821214,    0.1882488
robot_63
    37.40447,    -21.97758,            0,            0,            0,   -0.8046154,    0.5937963
robot_31
    8.672784,     25.97691,            0,            0,            0,   -0.6911777,    0.7226848
robot_159
   -10.03471,     14.67837,            0,            0,            0,  -0.04978326,      0.99876
robot_160
   -14.21825,    -34.17997,            0,            0,            0,    0.4148634,    0.9098837
robot_151
    15.26645,       -34.03,            0,            0,            0,   -0.7332134,    0.6799986
robot_150
   -24.16671,    -26.01833,            0,            0,            0,   -0.5199042,    0.8542246
robot_137
    21.81521,    -25.96596,            0,            0,            0,    0.3685593,    0.9296042
robot_199
    9.908879,     34.77798,            0,            0,            0,   -0.9015044,      0.43277
robot_54
   -25.75179,     21.92177,            0,            0,            0,    0.5145711,    0.8574477
robot_117
   -18.27693,    -1.885733,            0,            0,            0,    0.8381839,    0.5453877
robot_36
   -6.061549,    -30.59492,            0,            0,            0,    0.6499247,    0.7599986
robot_33
    9.950769,     20.38415,            0,            0,            0,    0.1603376,    0.9870622
robot_146
   -5.916601,     26.20563,            0,            0,            0,   -0.1099709,    0.9939348
robot_156
    13.94864,     27.36802,            0,            0,            0,   0.03597542,    0.9993527
robot_112
   -12.66049,    -17.97158,            0,            0,            0,   -0.9925879,    0.1215292
robot_19
   -25.59723,     -13.9853,            0,            0,            0,   -0.8081768,      0.58894
robot_141
   -33.93509,    -37.86952,            0,            0,            0,    0.2562853,    0.9666012
robot_35
   -26.03703,      -20.988,            0,            0,            0,    0.7798076,    0.6260193
robot_184
   -14.08281,     26.62398,            0,            0,            0,   -0.9924915,    0.1223137
robot_98
    9.906639,     -6.15311,            0,            0,            0,   -0.6121912,    0.7907097
robot_100
    35.78922,    -13.99314,            0,            0,            0,   -0.9988302,   0.04835539
robot_164
    2.016969,    -30.13846,            0,            0,            0,   -0.8797288,    0.4754758
robot_59
    36.84303,    -34.00075,            0,            0,            0,   -0.8170308,     0.576594
robot_144
   -14.01991,     1.754029,            0,            0,            0,   -0.3415201,    0.9398745
robot_101
    9.975296,     5.724587,            0,            0,            0,    0.1936849,    0.9810638
robot_161
    10.08723,    -29.94196,            0,            0,            0,   -0.9925883,    0.1215257
robot_149
    30.89556,     -21.9922,            0,            0,            0,    0.1542686,    0.9880289
robot_86
   -31.09222,    -14.02022,            0,            0,            0,   -0.9881063,    0.1537721
robot_191
   -7.175958,    -14.01479,            0,            0,            0,   0.08394367,    0.9964705
robot_126
   -10.01468,    -33.94785,            0,            0,            0,   -0.9715431,    0.2368627
robot_190
    37.92648,    -25.51801,            0,            0,            0,    0.2190683,    0.9757095
robot_131
    29.46472,     34.01707,            0,            0,            0,   -0.4490778,    0.8934926
robot_154
   -18.64555,     21.97558,            0,            0,            0,   -0.6481721,    0.7614939
robot_9
    5.969976,    -38.32331,            0,            0,            0,    0.8830661,    0.4692487
robot_27
   -31.13281,    -29.98078,            0,            0,            0,    0.9886101,    0.1504995
robot_34
    17.93151,      24.1168,            0,            0,            0,    0.8034009,    0.5954385
robot_114
    21.92395,    -15.75944,            0,            0,            0,    0.2708788,    0.9626134
robot_51
    27.32814,     2.022013,            0,            0,            0,    0.9483334,    0.3172754
robot_108
   -39.29571,    -33.99303,            0,            0,            0,   -0.4365104,    0.8996992
robot_147
    14.82532,    -29.97975,            0,            0,            0,   -0.9973957,   0.07212424
robot_183
    26.95801,     9.973223,            0,            0,            0,      0.73209,    0.6812079
robot_48
    16.03853,     13.99405,            0,            0,            0,   -0.2050391,    0.9787538
robot_60
     33.9346,     11.08759,            0,            0,            0,   -0.5638545,    0.8258741
robot_75
    30.07757,     37.99347,            0,            0,            0,    -0.969618,    0.2446242
robot_152
   -12.21455,    -37.99275,            0,            0,            0,   -0.4223333,    0.9064406
robot_26
   -27.43257,     38.00502,            0,            0,            0,   -0.8042134,    0.5943407
robot_182
   -22.12403,     9.901292,            0,            0,            0,    0.8900053,    0.4559502
robot_172
    10.09349,     17.87175,            0,            0,            0,    0.9802689,    0.1976686
robot_43
   -7.856281,    -34.01456,            0,            0,            0,    0.8481089,     0.529822
robot_170
   -9.799632,     2.059415,            0,            0,            0,     -0.92764,    0.3734755
robot_177
   -11.68208,    -6.027212,            0,            0,            0,    0.3916333,    0.9201214
robot_80
   -1.869231,    -30.10297,            0,            0,            0,    0.7679257,    0.6405389
robot_16
     29.9146,     -3.81172,            0,            0,            0,      0.95348,    0.3014564
robot_13
    6.178002,    -34.09485,            0,            0,            0,   -0.8471235,    0.5313961
robot_178
   -34.26069,     29.90818,            0,            0,            0,    0.6328505,     0.774274
robot_88
     14.6013,      21.9698,            0,            0,            0,    0.9853126,    0.1707601
robot_194
   -37.57476,     25.99469,            0,            0,            0,   -0.2910817,    0.9566982
robot_29
    30.32685,    -17.98607,            0,            0,            0,   -0.5812617,    0.8137167
