tuw_multi_robot_msgs::RobotGoalsArray @1970-01-01T00:55:13
frame_id: map
        3313,            0
robot_84
     1.92646,    -22.23449,            0,            0,            0,  -0.04373634,    0.9990431
robot_116
   -26.09774,     15.82805,            0,            0,            0,    0.3783839,    0.9256488
robot_74
    25.94322,       39.148,            0,            0,            0,   -0.3532655,    0.9355231
robot_41
    5.944342,     2.776405,            0,            0,            0,   -0.7321221,    0.6811734
robot_125
    6.381995,      30.0924,            0,            0,            0,    0.9990766,   0.04296494
robot_136
   -35.69544,     14.02117,            0,            0,            0,    0.9668442,     0.255367
robot_173
    34.25717,    -30.03228,            0,            0,            0,    0.9394499,    0.3426864
robot_67
    -18.1292,     6.211458,            0,            0,            0,    0.9724449,    0.2331329
robot_197
   -1.906582,     6.216531,            0,            0,            0,    -0.815135,    0.5792711
robot_119
   -13.89625,     -21.9944,            0,            0,            0,    0.2229271,    0.9748351
robot_82
    13.92969,      12.7796,            0,            0,            0,   -0.9991163,   0.04203212
robot_77
   -10.38635,     -6.08762,            0,            0,            0,   -0.5585452,    0.8294741
robot_5
    -2.22793,     30.16605,            0,            0,            0,   -0.5662694,    0.8242202
robot_133
    5.977713,    -25.67596,            0,            0,            0,    -0.251044,    0.9679757
robot_99
    34.10409,     22.00219,            0,            0,            0,    -0.962034,    0.2729295
robot_171
   -6.066984,    -33.89235,            0,            0,            0,    0.2993948,    0.9541293
robot_180
    1.944045,     8.064393,            0,            0,            0,    0.9045542,    0.4263586
robot_56
   -18.08224,     -7.80209,            0,            0,            0,   -0.6939474,    0.7200257
robot_3
   -26.06691,     29.39225,            0,            0,            0,   -0.9896322,    0.1436248
robot_81
    -26.0756,     37.00883,            0,            0,            0,   -0.5521044,     0.833775
robot_167
    9.931197,    -33.06931,            0,            0,            0,   -0.7621647,    0.6473832
robot_25
    9.720201,     22.09882,            0,            0,            0,   -0.9408958,    0.3386961
robot_168
    21.82774,    -26.12389,            0,            0,            0,    0.6456998,    0.7635913
robot_96
    37.91692,       32.922,            0,            0,            0,    0.6790947,    0.7340506
robot_166
   -34.05984,     31.19922,            0,            0,            0,    0.8339994,    0.5517654
robot_102
    22.20361,     10.09926,            0,            0,            0,    0.7943291,    0.6074877
robot_192
    14.54339,    -5.969224,            0,            0,            0,    0.6817885,    0.7315493
robot_179
    30.01659,    -26.36635,            0,            0,            0,  -0.07367049,    0.9972826
robot_142
    37.91471,     17.80516,            0,            0,            0,    0.9807388,    0.1953237
robot_1
   -30.27915,    -21.86414,            0,            0,            0,   -0.7709586,    0.6368853
robot_44
   -3.406489,    -26.00386,            0,            0,            0,   -0.6238397,    0.7815523
robot_163
   -7.421676,     -26.0275,            0,            0,            0,    0.9304972,    0.3662991
robot_79
    33.50069,    -5.922466,            0,            0,            0,   -0.7043127,    0.7098899
robot_8
   -14.09641,    -1.186492,            0,            0,            0,   -0.3057311,    0.9521179
robot_20
    37.68554,      10.0228,            0,            0,            0,   -0.9576281,    0.2880077
robot_143
   -6.080649,     31.06209,            0,            0,            0,   -0.7492563,    0.6622801
robot_138
   -12.89576,     1.973811,            0,            0,            0,   -0.9994837,   0.03213039
robot_123
    9.937457,     7.516707,            0,            0,            0,    0.9998088,   0.01955452
robot_193
   -33.85127,     34.01703,            0,            0,            0,    0.4075378,    0.9131883
robot_187
    25.95341,    -26.98513,            0,            0,            0,    0.9641251,    0.2654482
robot_176
   -21.97245,    -2.068354,            0,            0,            0,    0.6832036,    0.7302279
robot_66
   -26.06043,    -8.947953,            0,            0,            0,     0.974062,    0.2262814
robot_63
    9.488746,     17.90381,            0,            0,            0,     0.747151,    0.6646543
robot_31
    -10.4398,    -34.09384,            0,            0,            0,   -0.9895701,    0.1440519
robot_159
    28.90834,    -6.001521,            0,            0,            0,    -0.853078,    0.5217834
robot_160
    25.78948,    -33.98992,            0,            0,            0,   -0.8913524,    0.4533111
robot_151
    10.39864,    -21.97235,            0,            0,            0,    0.6609033,    0.7504711
robot_150
    13.65267,     38.07047,            0,            0,            0,    0.9505616,     0.310536
robot_137
    -34.1135,     9.705879,            0,            0,            0,   -0.8431127,     0.537737
robot_199
   -13.81727,     17.93359,            0,            0,            0,     0.988346,    0.1522238
robot_54
    29.80855,     33.84216,            0,            0,            0,    0.7386198,    0.6741223
robot_117
   -30.85638,     38.01912,            0,            0,            0,   -0.9891507,    0.1469044
robot_36
   -30.06487,    -1.137814,            0,            0,            0,   0.09769296,    0.9952166
robot_33
   -18.07472,     15.20546,            0,            0,            0,  -0.06692326,    0.9977581
robot_146
    3.844582,    -33.97384,            0,            0,            0,    -0.480419,    0.8770391
robot_156
    1.920823,     25.27291,            0,            0,            0,    0.9746311,    0.2238173
robot_112
    14.34763,     9.914665,            0,            0,            0,   -0.4462363,    0.8949152
robot_19
   -14.32366,     -6.00543,            0,            0,            0,     0.592179,    0.8058064
robot_141
   -36.92963,    -14.02859,            0,            0,            0,   -0.9815243,    0.1913374
robot_35
    29.68412,     6.032999,            0,            0,            0,   -0.9997721,   0.02135047
robot_184
    21.86867,    -18.09813,            0,            0,            0,   -0.1980482,    0.9801923
robot_98
    21.94188,     32.97565,            0,            0,            0,    -0.792673,     0.609647
robot_100
    13.94106,    -36.76068,            0,            0,            0,    0.9932191,    0.1162573
robot_164
    18.11512,     9.833925,            0,            0,            0,    0.8138399,    0.5810892
robot_59
   -26.13908,     22.30702,            0,            0,            0,    0.8860353,    0.4636178
robot_144
    -9.42843,    -22.00388,            0,            0,            0,   -0.9956731,   0.09292542
robot_101
   -30.05337,     -25.0029,            0,            0,            0,   -0.6137413,    0.7895072
robot_161
    9.767003,    -25.99745,            0,            0,            0,   -0.2673493,    0.9635997
robot_149
   -10.09338,     3.074072,            0,            0,            0,    0.7311474,    0.6822195
robot_86
    17.88783,    -1.781466,            0,            0,            0,     0.906576,    0.4220425
