tuw_multi_robot_msgs::RobotGoalsArray @1970-01-01T00:13:03
frame_id: map
         783,            0
robot_84
    -18.0555,      5.34073,            0,            0,            0,  -0.04249913,    0.9990965
robot_116
    13.92913,    0.9518992,            0,            0,            0,   -0.3221708,    0.9466816
robot_74
    -1.92332,     26.18943,            0,            0,            0,    0.1752228,    0.9845288
robot_41
    -22.1167,     18.07245,            0,            0,            0,   -0.9969905,   0.07752324
robot_125
   -6.064849,     37.65891,            0,            0,            0,    0.9895668,    0.1440749
robot_136
    9.526416,     1.908242,            0,            0,            0,   -0.7949367,    0.6066924
robot_173
   -34.07136,     25.26749,            0,            0,            0,   -0.8054483,    0.5926661
robot_67
    1.959607,     31.53317,            0,            0,            0,   -0.6878242,    0.7258773
robot_197
    15.80087,    -14.02606,            0,            0,            0,     -0.48902,    0.8722726
robot_119
    -14.1434,    -1.858709,            0,            0,            0,   -0.4571197,    0.8894052
robot_82
    16.38892,     38.00277,            0,            0,            0,    0.9883321,    0.1523145
robot_77
   -30.05828,     9.321199,            0,            0,            0,   -0.7018942,    0.7122812
robot_5
   -23.69024,     2.016449,            0,            0,            0,    0.9991036,   0.04233266
robot_133
    33.94916,     3.017194,            0,            0,            0,   -0.9526077,    0.3042014
robot_99
    19.11368,    -6.023622,            0,            0,            0,   -0.9245749,    0.3810003
robot_171
    30.26286,     1.911246,            0,            0,            0,    0.9901942,    0.1396975
robot_180
   -30.17488,     33.81219,            0,            0,            0,    0.7196659,    0.6943205
robot_56
    38.15174,     9.841137,            0,            0,            0,   -0.5679038,    0.8230949
robot_3
    31.07411,    -13.97681,            0,            0,            0,    0.9826016,     0.185726
robot_81
   -30.08593,     17.60304,            0,            0,            0,    0.8349158,    0.5503777
robot_167
    39.42308,     29.97652,            0,            0,            0,    0.1851188,    0.9827161
robot_25
     29.9267,     16.53182,            0,            0,            0,    0.9233315,    0.3840037
robot_168
   -38.15412,     9.956009,            0,            0,            0,    0.8009027,    0.5987945
robot_96
    13.91133,     36.58031,            0,            0,            0,   -0.9522587,    0.3052924
robot_166
   -22.23487,    -18.04194,            0,            0,            0,   -0.9997395,   0.02282474
robot_102
   -27.06066,     30.02488,            0,            0,            0,    0.7395303,    0.6731233
robot_192
    13.13951,      5.97996,            0,            0,            0,   -0.7401555,    0.6724358
robot_179
   -21.88904,    -2.055363,            0,            0,            0,   -0.4276432,    0.9039476
robot_142
   -38.05116,    -20.20229,            0,            0,            0,   -0.9790246,     0.203742
robot_1
    31.50824,     26.02974,            0,            0,            0,   -0.4691908,    0.8830968
robot_44
    1.939514,    -29.99052,            0,            0,            0,    0.1246009,    0.9922069
robot_163
    34.62288,     5.974269,            0,            0,            0,    0.9707468,    0.2401054
robot_79
   -17.97947,     29.76816,            0,            0,            0,     0.825178,    0.5648728
robot_8
    24.21067,    -13.98544,            0,            0,            0,    0.9802798,    0.1976145
robot_20
    37.90465,     18.21695,            0,            0,            0,   -0.8819892,    0.4712696
robot_143
    25.80522,    -38.20452,            0,            0,            0,   -0.7677988,     0.640691
robot_138
    20.20555,    -30.02197,            0,            0,            0,    0.7098563,    0.7043465
robot_123
    33.93488,     17.09958,            0,            0,            0,   -0.7094026,    0.7048035
robot_193
    26.11228,     18.16643,            0,            0,            0,   -0.9992819,   0.03788922
robot_187
    -6.10986,     18.19178,            0,            0,            0,    0.7328446,    0.6803961
