tuw_multi_robot_msgs::RobotGoalsArray @1970-01-01T00:12:14.300000
frame_id: map
         734,    300000000
robot_84
   -14.04873,      21.6205,            0,            0,            0,  -0.03535028,     0.999375
robot_116
    5.902412,    -21.89852,            0,            0,            0,    0.6986746,    0.7154396
robot_74
    9.819824,     14.06663,            0,            0,            0,   -0.7223155,    0.6915636
robot_41
   -6.059254,    -20.14073,            0,            0,            0,   -0.9913912,     0.130933
robot_125
    -10.0506,    -33.99561,            0,            0,            0,    0.0705912,    0.9975053
robot_136
    5.946046,     12.22847,            0,            0,            0,    0.7792905,    0.6266628
robot_173
   -14.02683,     37.67743,            0,            0,            0,   -0.9935679,    0.1132377
robot_67
   -35.67554,     17.99899,            0,            0,            0,   -0.3994912,     0.916737
robot_197
    33.06999,    -10.02734,            0,            0,            0,    0.0633745,    0.9979898
robot_119
    6.139503,     6.052093,            0,            0,            0,   -0.9648174,    0.2629208
robot_82
     38.2325,     33.95985,            0,            0,            0,   -0.3240669,    0.9460342
robot_77
    17.65432,    -22.00342,            0,            0,            0,    0.9045946,    0.4262729
robot_5
    29.95601,     15.39763,            0,            0,            0,    0.1303934,    0.9914623
robot_133
    18.26345,     5.937955,            0,            0,            0,    0.1250038,    0.9921563
robot_99
   -18.06823,     1.090875,            0,            0,            0,    0.2946583,    0.9556027
robot_171
     25.8481,    -1.714791,            0,            0,            0,    0.4204494,     0.907316
robot_180
   -22.08823,     28.03502,            0,            0,            0,    -0.751934,    0.6592383
robot_56
    9.918674,     5.407612,            0,            0,            0,    0.9920669,    0.1257113
robot_3
    26.13066,    -38.05372,            0,            0,            0,   -0.5619838,    0.8271482
robot_81
    13.72052,     21.85552,            0,            0,            0,   -0.9476377,    0.3193475
robot_167
   -6.308181,    -25.90112,            0,            0,            0,    0.9985392,   0.05403218
robot_25
   -13.88651,    -5.844063,            0,            0,            0,   -0.9490245,    0.3152022
robot_168
    9.959545,     23.29475,            0,            0,            0,    0.9865122,    0.1636879
robot_96
    12.86862,    -30.01705,            0,            0,            0,   -0.7817682,    0.6235691
robot_166
   -39.08872,    -30.01464,            0,            0,            0,   -0.9082549,    0.4184174
robot_102
   -29.94218,     10.08002,            0,            0,            0,    0.4408171,    0.8975969
robot_192
   -7.023202,    -9.968723,            0,            0,            0,   -0.8488823,    0.5285819
robot_179
   -26.12491,     22.09218,            0,            0,            0,   -0.2581836,    0.9660959
robot_142
   -34.04705,     8.803436,            0,            0,            0,    0.5261313,    0.8504033
robot_1
   -7.727713,    -5.984221,            0,            0,            0,    -0.959506,    0.2816882
robot_44
    11.20642,    -33.97702,            0,            0,            0,   -0.2098409,    0.9777355
robot_163
   -34.08504,     19.85511,            0,            0,            0,    0.1147068,    0.9933994
robot_79
   -2.176202,     30.03789,            0,            0,            0,   -0.9970969,   0.07614271
robot_8
    21.94153,    -37.02327,            0,            0,            0,   -0.5039822,    0.8637141
robot_20
    35.37877,    -10.01288,            0,            0,            0,   -0.2444807,    0.9696542
robot_143
    25.94409,     17.29723,            0,            0,            0,    0.8257343,    0.5640593
robot_138
   -14.07007,     2.172456,            0,            0,            0,  -0.02845965,    0.9995949
robot_123
   -38.09982,     -13.3473,            0,            0,            0,    -0.172361,    0.9850338
robot_193
    36.49295,    -33.98177,            0,            0,            0,   -0.9327634,    0.3604891
robot_187
    9.936154,    -2.812396,            0,            0,            0,    0.8440738,     0.536227
