tuw_multi_robot_msgs::RobotGoalsArray @1970-01-01T01:20:03.900000
frame_id: map
        4803,    900000000
robot_84
    32.88381,    -21.99792,            0,            0,            0,    0.8734382,     0.486935
robot_116
   -26.04271,    -29.92967,            0,            0,            0,   -0.9934868,     0.113947
robot_74
   -9.901487,     33.82932,            0,            0,            0,    0.9926787,     0.120785
robot_41
   -5.579926,    -13.96369,            0,            0,            0,   -0.7652024,    0.6437898
robot_125
   -6.637072,     2.023308,            0,            0,            0,   -0.9143643,    0.4048925
robot_136
   -10.09951,     28.72365,            0,            0,            0,    0.8741315,    0.4856893
robot_173
   -1.888137,    -30.09341,            0,            0,            0,   -0.9892849,    0.1459978
robot_67
   -26.15883,     -17.7248,            0,            0,            0,   -0.7745349,    0.6325311
robot_197
    29.73683,     25.83392,            0,            0,            0,   -0.9295603,    0.3686702
robot_119
   -13.73074,     2.007057,            0,            0,            0,    0.5233504,    0.8521176
robot_82
   -19.62194,    -38.02558,            0,            0,            0,    0.9993904,   0.03491305
robot_77
    39.09551,     -22.0263,            0,            0,            0,   -0.9525287,    0.3044487
robot_5
    30.84513,     5.993336,            0,            0,            0,    0.3591925,    0.9332635
robot_133
    13.92704,    -4.267035,            0,            0,            0,   -0.4466639,    0.8947018
robot_99
   -26.07865,    -24.29632,            0,            0,            0,   -0.9462974,    0.3232975
robot_171
    25.55922,     29.90684,            0,            0,            0,    0.2687696,    0.9632045
robot_180
    26.89971,     34.00569,            0,            0,            0,    -0.250346,    0.9681564
robot_56
    10.15039,      1.91057,            0,            0,            0,   -0.9542933,    0.2988717
robot_3
    19.85175,     34.01366,            0,            0,            0,    0.6393694,    0.7688997
robot_81
    5.839963,     26.19634,            0,            0,            0,   -0.9840635,    0.1778174
robot_167
   -30.49329,     26.07604,            0,            0,            0,     0.967846,    0.2515435
robot_25
    -2.04747,     22.49689,            0,            0,            0,    0.9556902,    0.2943743
robot_168
     2.97391,     33.98466,            0,            0,            0,    0.9858052,    0.1678931
robot_96
   -21.80516,    -2.002543,            0,            0,            0,    0.1831782,    0.9830797
robot_166
   -29.01192,    -5.988077,            0,            0,            0,  -0.04795503,    0.9988495
robot_102
    29.92627,     18.60304,            0,            0,            0,    0.4542928,    0.8908524
robot_192
    2.068571,    -6.092582,            0,            0,            0,    0.9925067,    0.1221901
robot_179
    13.99952,     30.11994,            0,            0,            0,    0.5351878,    0.8447331
robot_142
    37.92682,    -32.19722,            0,            0,            0,   -0.5606058,    0.8280828
robot_1
    -38.5226,     30.07339,            0,            0,            0,   -0.9149449,    0.4035788
robot_44
     25.6713,    -10.02133,            0,            0,            0,   -0.1226255,     0.992453
robot_163
    6.084706,    -1.925275,            0,            0,            0,   -0.4517669,     0.892136
robot_79
    10.32303,    -1.956591,            0,            0,            0,   -0.6040222,    0.7969675
robot_8
   -34.04647,    -3.303076,            0,            0,            0,   -0.8624179,    0.5061969
robot_20
   -6.227902,     38.09014,            0,            0,            0,    0.1569907,    0.9876001
robot_143
   -6.137176,     -26.0977,            0,            0,            0,    -0.999737,   0.02293295
robot_138
   -21.36019,     2.003663,            0,            0,            0,   -0.9961834,   0.08728457
robot_123
   -21.59542,    -6.037682,            0,            0,            0,   -0.9994876,    0.0320078
robot_193
    13.95573,    -38.64906,            0,            0,            0,   -0.5363774,    0.8439782
robot_187
   -1.996085,    -22.15763,            0,            0,            0,    0.4539275,    0.8910386
robot_176
   -14.06601,     -28.7908,            0,            0,            0,   -0.9304602,     0.366393
robot_66
   -8.500242,     14.01181,            0,            0,            0,    0.2321359,    0.9726834
robot_63
   -18.08889,     35.25133,            0,            0,            0,    0.8954062,    0.4452503
robot_31
    9.922976,      32.0351,            0,            0,            0,   -0.7776301,    0.6287221
robot_159
   -10.13502,     1.878304,            0,            0,            0,    0.5199751,    0.8541814
robot_160
   -13.91866,    -26.13229,            0,            0,            0,    0.9599252,    0.2802562
robot_151
    10.36376,    -10.08065,            0,            0,            0,    0.6860546,    0.7275501
robot_150
   -18.10654,     21.69572,            0,            0,            0,   0.05505611,    0.9984833
robot_137
    21.69716,     13.94303,            0,            0,            0,    0.5051478,    0.8630328
robot_199
   -18.15053,     10.02474,            0,            0,            0,   -0.4953672,    0.8686837
robot_54
     17.7901,     9.841844,            0,            0,            0,    0.4669219,    0.8842986
robot_117
    29.93963,    -22.77377,            0,            0,            0,   -0.7102724,    0.7039269
robot_36
    37.90361,     32.95514,            0,            0,            0,   0.08151499,    0.9966721
robot_33
   -38.13699,     -25.7751,            0,            0,            0,   -0.2133753,    0.9769703
robot_146
    1.921271,    -12.29592,            0,            0,            0,    0.3718756,    0.9282826
robot_156
   -10.06442,    -31.61276,            0,            0,            0,   -0.6330602,    0.7741026
robot_112
   -10.07412,     23.50588,            0,            0,            0,    0.7423535,    0.6700084
robot_19
    19.49913,    -25.99065,            0,            0,            0,   -0.6528587,    0.7574798
robot_141
   -23.79143,     21.98919,            0,            0,            0,    0.9486029,    0.3164688
robot_35
    22.03476,    -22.19864,            0,            0,            0,   -0.9975782,   0.06955422
robot_184
    6.301844,    -38.00866,            0,            0,            0,   -0.3808233,    0.9246478
robot_98
   -9.827563,    -25.98587,            0,            0,            0,    0.9951396,    0.0984745
robot_100
    -25.2507,    -22.03148,            0,            0,            0,    0.1535303,    0.9881439
robot_164
    14.30287,     1.921202,            0,            0,            0,    0.5700717,     0.821595
robot_59
    34.22578,     18.09433,            0,            0,            0,     0.652443,    0.7578378
robot_144
    34.63445,    -17.99188,            0,            0,            0,   -0.5470788,    0.8370811
robot_101
     5.96547,    -23.43897,            0,            0,            0,    0.3308303,    0.9436903
robot_161
   -29.83757,    -10.16479,            0,            0,            0,   -0.9434552,       0.3315
robot_149
   -19.86163,     14.01765,            0,            0,            0,    0.7176851,    0.6963677
robot_86
   -22.09891,    -39.41025,            0,            0,            0,     0.247503,    0.9688871
robot_191
   -25.47581,     14.00411,            0,            0,            0,    0.9774615,    0.2111138
robot_126
    1.966131,     15.70516,            0,            0,            0,   -0.2870113,    0.9579272
robot_190
    13.09916,     18.02979,            0,            0,            0,    0.7930766,    0.6091219
robot_131
    35.21152,    -13.97646,            0,            0,            0,   -0.9118115,    0.4106091
robot_154
    17.69334,    -13.97988,            0,            0,            0,     0.950977,    0.3092617
robot_9
   -29.77732,    -1.955408,            0,            0,            0,     0.638859,    0.7693238
robot_27
    37.97887,     -9.85242,            0,            0,            0,    0.1146426,    0.9934068
robot_34
   -22.13434,     17.65836,            0,            0,            0,    0.9444309,    0.3287101
robot_114
   -39.06762,     -6.02594,            0,            0,            0,    0.9669985,    0.2547822
robot_51
   -10.74411,    -5.983186,            0,            0,            0,    0.6526481,    0.7576611
robot_108
    6.006792,     38.34922,            0,            0,            0,    0.8766052,    0.4812102
robot_147
   -38.03777,     27.81705,            0,            0,            0,    0.7086197,    0.7055906
robot_183
    29.90245,      2.75007,            0,            0,            0,    0.7889235,    0.6144914
robot_48
   -2.007057,      6.15571,            0,            0,            0,   -0.9942186,    0.1073748
robot_60
   -22.08523,    -31.93784,            0,            0,            0,    0.4155148,    0.9095864
robot_75
   -22.00769,    -26.22455,            0,            0,            0,    0.4012016,    0.9159898
robot_152
    25.90062,      15.1155,            0,            0,            0,    0.7599824,    0.6499436
robot_26
   -30.07556,      28.0155,            0,            0,            0,   -0.3940531,    0.9190877
robot_182
    37.63044,    -17.93399,            0,            0,            0,    0.4716052,    0.8818098
robot_172
    22.01315,    -38.26392,            0,            0,            0,    0.7577549,    0.6525393
robot_43
     20.8357,    -1.999365,            0,            0,            0,   -0.3216022,    0.9468749
robot_170
    25.67909,     37.98347,            0,            0,            0,   -0.1579505,     0.987447
robot_177
    -26.0153,     38.34724,            0,            0,            0,   -0.7936424,    0.6083845
robot_80
   -31.79059,     34.01102,            0,            0,            0,    0.9630294,    0.2693963
robot_16
  -0.7390071,    -13.98368,            0,            0,            0,   -0.2740117,    0.9617263
robot_13
    24.85722,    -21.99129,            0,            0,            0,    0.8713818,    0.4906054
robot_178
    37.93665,    -28.34123,            0,            0,            0,    0.9627183,    0.2705061
robot_88
    33.08402,     26.00121,            0,            0,            0,    -0.773383,    0.6339391
robot_194
    31.17856,    -18.00892,            0,            0,            0,    0.2634435,    0.9646748
robot_29
    35.72459,     34.01997,            0,            0,            0,    0.1037697,    0.9946014
