tuw_multi_robot_msgs::RobotGoalsArray @1970-01-01T01:17:00.400000
frame_id: map
        4620,    400000000
robot_84
   -14.08534,    -36.60121,            0,            0,            0,   -0.4874391,     0.873157
robot_116
    2.030976,      33.6859,            0,            0,            0,    0.2799243,    0.9600221
robot_74
   -22.31259,    -25.93445,            0,            0,            0,   -0.9743114,    0.2252049
robot_41
   -28.06343,    -2.005642,            0,            0,            0,   -0.6851095,    0.7284401
robot_125
   -22.08094,     36.89429,            0,            0,            0,    0.6859142,    0.7276825
robot_136
    13.96494,    -21.06072,            0,            0,            0,   -0.9096245,    0.4154314
robot_173
     29.9431,     8.975341,            0,            0,            0,   -0.6545974,    0.7559777
robot_67
    30.41467,     -6.07018,            0,            0,            0,    0.9992081,    0.0397884
robot_197
   -34.20658,    -5.898133,            0,            0,            0,    0.1127314,    0.9936255
robot_119
   -18.04414,    -1.189397,            0,            0,            0,    0.1887935,    0.9820168
robot_82
      37.915,     13.01143,            0,            0,            0,    -0.401029,    0.9160653
robot_77
   -5.678208,    -9.924168,            0,            0,            0,    0.7657711,    0.6431133
robot_5
    1.935491,     13.69738,            0,            0,            0,     0.977901,    0.2090687
robot_133
    17.98204,    -34.05755,            0,            0,            0,    0.1710609,    0.9852605
robot_99
   -38.07249,     11.51033,            0,            0,            0,   -0.2376274,    0.9713564
robot_171
    14.04864,    -30.18217,            0,            0,            0,   -0.9837459,     0.179566
robot_180
   -38.07894,     31.51084,            0,            0,            0,    0.6252581,     0.780418
robot_56
    23.83374,    -18.01423,            0,            0,            0,    0.8765125,    0.4813791
robot_3
   -22.00936,     2.336147,            0,            0,            0,  -0.05141611,    0.9986773
robot_81
   -22.00023,     17.87661,            0,            0,            0,    0.3801066,    0.9249427
robot_167
  -0.1564878,    -18.01131,            0,            0,            0,    0.7157037,     0.698404
robot_25
    18.18016,     2.074277,            0,            0,            0,    0.8170233,    0.5766047
robot_168
   -26.04587,      0.34164,            0,            0,            0,   -0.9984801,   0.05511277
robot_96
   -13.92519,    -34.01686,            0,            0,            0,    0.7570304,    0.6533796
robot_166
    33.62274,    -30.01086,            0,            0,            0,    0.9460044,    0.3241538
robot_102
   -34.09432,    -36.14259,            0,            0,            0,    0.7444186,    0.6677132
robot_192
   -6.059064,    -14.91086,            0,            0,            0,    0.7255438,     0.688176
robot_179
    9.458548,    -10.00377,            0,            0,            0,   -0.9999018,   0.01401182
robot_142
    32.06083,     21.98379,            0,            0,            0,    0.3334879,    0.9427544
robot_1
    30.10632,    -30.08192,            0,            0,            0,     0.738811,    0.6739127
robot_44
   -30.05878,     7.779391,            0,            0,            0,    0.9995896,   0.02864831
robot_163
    26.12683,    -2.033829,            0,            0,            0,    0.4014828,    0.9158666
robot_79
   -18.07202,     12.51958,            0,            0,            0,   -0.8034478,    0.5953752
robot_8
     21.9449,     25.76161,            0,            0,            0,    0.9995938,    0.0284987
robot_20
    38.72165,    -33.97348,            0,            0,            0,    0.7489276,    0.6626519
robot_143
    13.45089,    -17.91121,            0,            0,            0,   -0.7305183,    0.6828931
robot_138
   -4.023276,     10.00156,            0,            0,            0,     0.754107,    0.6567516
robot_123
    26.63112,     5.997099,            0,            0,            0,   -0.4019634,    0.9156557
robot_193
    9.912588,     3.808742,            0,            0,            0,   -0.6014569,    0.7989052
robot_187
    38.37454,    -18.02481,            0,            0,            0,    0.1007619,    0.9949106
robot_176
    13.92831,    -32.82776,            0,            0,            0,   -0.9999992,  0.001271423
robot_66
   -10.08192,    -28.88369,            0,            0,            0,   -0.9876509,    0.1566705
robot_63
    13.68288,     17.90209,            0,            0,            0,    0.7973466,    0.6035216
robot_31
       5.652,    -6.046025,            0,            0,            0,    0.9884746,    0.1513865
robot_159
   -14.09106,    -14.78931,            0,            0,            0,  -0.07435178,    0.9972321
robot_160
    18.73715,     10.00178,            0,            0,            0,    0.9984432,   0.05577822
robot_151
    16.16521,     22.00426,            0,            0,            0,   -0.4495446,    0.8932579
robot_150
   -14.06884,    -10.62026,            0,            0,            0,    0.9860416,    0.1664992
robot_137
     21.9343,      21.2004,            0,            0,            0,   -0.7769969,    0.6295044
robot_199
    29.82928,     29.84753,            0,            0,            0,    0.9990877,   0.04270671
robot_54
   -30.30769,    -26.04752,            0,            0,            0,    0.9966313,   0.08201308
robot_117
    29.96279,    -18.24499,            0,            0,            0,    0.9726423,    0.2323079
robot_36
   -6.278035,    -37.91144,            0,            0,            0,     0.779298,    0.6266535
robot_33
    -1.59726,    -33.90471,            0,            0,            0,   -0.5281322,    0.8491622
robot_146
     37.9466,    -22.21929,            0,            0,            0,    0.3240618,    0.9460359
robot_156
   -17.98442,    -29.65558,            0,            0,            0,    0.9828505,    0.1844044
robot_112
   -14.04376,     2.794948,            0,            0,            0,    0.9796047,    0.2009342
robot_19
    -22.0488,    -10.61253,            0,            0,            0,    0.9723816,    0.2333968
robot_141
   -18.00464,     29.64817,            0,            0,            0,   0.07962749,    0.9968247
robot_35
   -34.09125,     23.02921,            0,            0,            0,    0.3574554,    0.9339302
robot_184
   -26.07047,     28.49289,            0,            0,            0,   -0.7758025,    0.6309758
robot_98
   -30.23722,    -38.08914,            0,            0,            0,    0.9716166,    0.2365612
robot_100
    5.821472,    -22.08595,            0,            0,            0,    0.6971164,     0.716958
robot_164
    17.92163,     15.74985,            0,            0,            0,    0.2343019,    0.9721639
robot_59
   -30.06981,     26.12412,            0,            0,            0,  -0.08633849,    0.9962659
robot_144
   -6.165788,    -25.79979,            0,            0,            0,   -0.7749525,    0.6320194
robot_101
    25.10213,     22.00971,            0,            0,            0,    0.5109605,    0.8596042
robot_161
    37.48462,     21.96207,            0,            0,            0,   -0.4800609,    0.8772351
robot_149
    33.93368,     13.79534,            0,            0,            0,     0.983143,    0.1828384
robot_86
   -14.53088,    -17.96481,            0,            0,            0,   -0.9530353,    0.3028592
robot_191
    13.65332,    -1.909023,            0,            0,            0,   -0.3008366,    0.9536757
robot_126
   -12.05311,    -21.98418,            0,            0,            0,   0.09725237,    0.9952598
robot_190
   -22.38393,     13.93529,            0,            0,            0,   -0.5170548,    0.8559523
robot_131
   -26.14509,     38.05739,            0,            0,            0,   -0.3624347,    0.9320092
robot_154
    7.473505,      14.0034,            0,            0,            0,    0.9983877,    0.0567624
robot_9
    -1.63435,    -9.988799,            0,            0,            0,   -0.9876399,    0.1567401
robot_27
   -10.42366,     2.073286,            0,            0,            0,    0.9752881,    0.2209369
robot_34
   -22.16606,    -2.065801,            0,            0,            0,   -0.4637251,    0.8859792
robot_114
   -22.09049,    -31.62783,            0,            0,            0,    0.9180963,    0.3963573
robot_51
    17.93228,    -37.24252,            0,            0,            0,   -0.7118627,    0.7023187
robot_108
   -6.468029,     37.91166,            0,            0,            0,    0.6028645,    0.7978436
robot_147
   -38.04078,    -28.88802,            0,            0,            0,    0.8813525,    0.4724592
robot_183
   -2.206481,     30.19288,            0,            0,            0,  -0.07302592,      0.99733
robot_48
    13.93298,    -14.66552,            0,            0,            0,   -0.9683927,    0.2494305
robot_60
   -26.09888,     6.497424,            0,            0,            0,   -0.5329282,    0.8461605
robot_75
   -25.99824,    -33.82115,            0,            0,            0,    0.9996144,   0.02776857
robot_152
    33.61436,     33.91455,            0,            0,            0,   -0.9792576,    0.2026191
robot_26
    25.86196,     37.73594,            0,            0,            0,   -0.9942474,    0.1071078
robot_182
    11.03708,     14.02272,            0,            0,            0,    0.9818104,    0.1898641
robot_172
    38.25571,     10.08176,            0,            0,            0,    0.9532092,    0.3023116
