tuw_multi_robot_msgs::RobotGoalsArray @1970-01-01T01:28:42
frame_id: map
        5322,            0
robot_84
    28.48641,     25.99048,            0,            0,            0,    0.9467755,    0.3218947
robot_116
    25.95239,    -15.99633,            0,            0,            0,   -0.9185541,    0.3952953
robot_74
    37.67733,    -26.08988,            0,            0,            0,   -0.9934014,    0.1146892
robot_41
    25.91084,    -3.940002,            0,            0,            0,    0.0380661,    0.9992752
robot_125
    13.94316,     12.35865,            0,            0,            0,   -0.7344248,    0.6786901
robot_136
   -26.12362,    -38.21011,            0,            0,            0,   -0.9180648,    0.3964303
robot_173
    17.96129,      32.4213,            0,            0,            0,   -0.8598546,    0.5105389
robot_67
    21.82062,    -37.83474,            0,            0,            0,   -0.6472478,    0.7622797
robot_197
   -18.05013,    -8.658241,            0,            0,            0,    0.0612359,    0.9981233
robot_119
   -10.08877,    -32.85128,            0,            0,            0,    0.8143936,     0.580313
robot_82
    13.05474,     1.978232,            0,            0,            0,    0.1527137,    0.9882705
robot_77
    27.16129,     33.97441,            0,            0,            0,    0.7977296,    0.6030154
robot_5
   -30.06847,    -27.91444,            0,            0,            0,    0.2184205,    0.9758548
robot_133
   -10.03618,    -17.05963,            0,            0,            0,   -0.6196439,     0.784883
robot_99
    37.92104,    -18.84288,            0,            0,            0,    0.1692397,    0.9855749
robot_171
    5.965443,     32.40724,            0,            0,            0,   -0.8751415,    0.4838671
robot_180
   -21.98305,    -1.805395,            0,            0,            0,   -0.7137943,    0.7003554
robot_56
    16.16342,     -37.9883,            0,            0,            0,    0.1918545,    0.9814234
robot_3
   -5.699395,      22.0732,            0,            0,            0,   -0.5247693,    0.8512445
robot_81
   -18.07671,     18.37713,            0,            0,            0,   -0.6917771,    0.7221111
robot_167
   -10.27567,     13.95626,            0,            0,            0,    0.3471547,    0.9378079
robot_25
   -10.08306,    -38.45305,            0,            0,            0,    -0.450647,    0.8927022
robot_168
   -16.06747,     2.030122,            0,            0,            0,  -0.04261345,    0.9990916
robot_96
   -11.82629,    -1.984796,            0,            0,            0,    0.2990702,    0.9542311
robot_166
    29.59907,     34.05762,            0,            0,            0,   -0.3592903,    0.9332259
robot_102
    -34.0406,    -37.36904,            0,            0,            0,    0.8398556,    0.5428099
robot_192
   -22.07453,     10.33585,            0,            0,            0,  -0.07359757,     0.997288
robot_179
   -10.13267,     10.30061,            0,            0,            0,    0.9999714,  0.007569042
robot_142
    23.13982,     21.98002,            0,            0,            0,   -0.4869472,    0.8734314
robot_1
   -34.07489,    -28.10342,            0,            0,            0,    0.1106457,    0.9938599
robot_44
    24.76229,     26.02543,            0,            0,            0,     0.135318,    0.9908022
robot_163
    7.370819,     33.96973,            0,            0,            0,   -0.9955748,   0.09397246
robot_79
    5.944603,    -22.05472,            0,            0,            0,    -0.528401,    0.8489949
robot_8
    1.857071,    -10.18223,            0,            0,            0,    0.7188715,     0.695143
robot_20
   -1.442166,    -25.98615,            0,            0,            0,   -0.9817709,     0.190068
robot_143
   -34.03426,     26.06061,            0,            0,            0,   -0.9076665,    0.4196923
robot_138
    29.94653,     10.73533,            0,            0,            0,     0.318305,    0.9479884
robot_123
    33.84027,    -34.34672,            0,            0,            0,    0.6149195,    0.7885899
robot_193
   -39.24284,    -33.99608,            0,            0,            0,    -0.149613,    0.9887446
robot_187
    21.85195,     30.02985,            0,            0,            0,    0.2735456,     0.961859
robot_176
    25.77798,     10.18042,            0,            0,            0,   -0.5554288,    0.8315641
robot_66
   -7.492472,     26.03275,            0,            0,            0,    0.2749197,    0.9614672
robot_63
    37.88468,     14.18709,            0,            0,            0,   -0.6738712,    0.7388489
robot_31
   -3.546412,     25.98681,            0,            0,            0,    0.9493796,    0.3141312
robot_159
    1.296712,     34.00598,            0,            0,            0,    0.3893564,    0.9210872
robot_160
   -5.530763,      17.9722,            0,            0,            0,    0.9989671,   0.04543954
robot_151
   -12.09152,     2.028927,            0,            0,            0,   -0.1908172,    0.9816256
robot_150
    21.60951,     33.91637,            0,            0,            0,    0.9074904,    0.4200728
robot_137
   -2.077286,     32.05853,            0,            0,            0,     0.947057,    0.3210655
robot_199
   -37.84856,    -30.11482,            0,            0,            0,   -0.6736114,    0.7390857
robot_54
   -25.51396,    -14.01779,            0,            0,            0,   -0.1572605,    0.9875572
robot_117
    22.05011,    -30.04806,            0,            0,            0,    0.7302091,    0.6832237
robot_36
    9.795492,     13.85189,            0,            0,            0,    0.9327577,     0.360504
robot_33
    13.90946,   -0.6300999,            0,            0,            0,   -0.9830984,    0.1830777
robot_146
   -14.04334,    -32.12914,            0,            0,            0,   -0.9786675,    0.2054506
robot_156
    21.93067,     6.476079,            0,            0,            0,   -0.9995642,   0.02951855
robot_112
    9.901971,    -15.93297,            0,            0,            0,   -0.9701592,    0.2424689
robot_19
   -1.860323,    -22.12302,            0,            0,            0,   -0.3801843,    0.9249107
robot_141
    23.82746,    -18.00334,            0,            0,            0,    0.6699204,    0.7424329
robot_35
     4.34267,     14.00349,            0,            0,            0,   -0.3831144,    0.9237009
robot_184
   -34.12093,    -9.837615,            0,            0,            0,   -0.7462927,    0.6656179
robot_98
    13.90232,    -21.52009,            0,            0,            0,   -0.8990053,    0.4379378
robot_100
    18.05552,    -38.05996,            0,            0,            0,   -0.5688707,     0.822427
robot_164
     25.9146,    -36.18449,            0,            0,            0,   -0.9357259,    0.3527279
robot_59
   -15.33913,     -1.97398,            0,            0,            0,   -0.7210605,    0.6928721
robot_144
   -9.771166,     17.90875,            0,            0,            0,    0.9656432,    0.2598715
robot_101
    11.75026,     9.982916,            0,            0,            0,   0.09582124,    0.9953986
robot_161
   -1.648726,    -17.90467,            0,            0,            0,    -0.470721,    0.8822821
robot_149
   -26.06553,    -27.14267,            0,            0,            0,    0.5920873,    0.8058738
robot_86
   -8.049135,     13.99237,            0,            0,            0,  -0.07366472,    0.9972831
robot_191
    -37.9724,     26.35941,            0,            0,            0,    0.6118485,     0.790975
robot_126
   -22.08793,    -26.59751,            0,            0,            0,   -0.8843473,    0.4668297
robot_190
    15.47206,    -25.98078,            0,            0,            0,   -0.9649552,    0.2624145
robot_131
   -36.02342,    -18.00961,            0,            0,            0,   -0.6252791,    0.7804012
robot_154
    -6.44444,     6.063812,            0,            0,            0,   -0.9428028,     0.333351
robot_9
    33.50581,    -29.95745,            0,            0,            0,   -0.9099612,    0.4146933
robot_27
    37.91656,     19.63254,            0,            0,            0,   -0.9007522,    0.4343333
robot_34
   -13.98066,      17.9849,            0,            0,            0,    0.2007965,     0.979633
robot_114
    17.91536,     3.211712,            0,            0,            0,    0.9991562,   0.04107149
robot_51
   -22.00128,     37.75428,            0,            0,            0,     0.675217,    0.7376191
robot_108
    5.547816,     21.93112,            0,            0,            0,    0.8977695,    0.4404655
robot_147
    24.90053,    -22.03277,            0,            0,            0,   -0.9485652,    0.3165817
robot_183
    32.14754,    -26.02525,            0,            0,            0,    0.4466439,    0.8947118
robot_48
    9.931336,    -8.792803,            0,            0,            0,    0.9995569,    0.0297652
robot_60
    32.64022,     22.03257,            0,            0,            0,     0.537464,    0.8432867
robot_75
   -23.40465,     33.98183,            0,            0,            0,    0.8198966,    0.5725116
robot_152
     17.8459,      29.8791,            0,            0,            0,    0.4152839,    0.9096919
robot_26
   -15.98238,     29.98589,            0,            0,            0,   -0.8154381,    0.5788443
robot_182
   -18.03286,     29.99084,            0,            0,            0,    0.1894809,    0.9818844
robot_172
   -20.17699,     33.97375,            0,            0,            0,     0.838951,    0.5442069
robot_43
    33.77934,     9.847278,            0,            0,            0,   -0.8973247,     0.441371
robot_170
    11.89033,    -2.000029,            0,            0,            0,    -0.963614,    0.2672976
robot_177
   -19.26793,    -26.01841,            0,            0,            0,   0.02558425,    0.9996727
robot_80
    26.03335,     -17.9896,            0,            0,            0,    -0.719264,    0.6947369
robot_16
   -23.36401,    -37.99395,            0,            0,            0,   -0.9588915,    0.2837728
robot_13
    22.04281,     17.90549,            0,            0,            0,   -0.2597324,    0.9656806
robot_178
    33.64626,     37.94918,            0,            0,            0,   -0.7364569,    0.6764845
robot_88
    5.962912,     12.62489,            0,            0,            0,   -0.2044601,    0.9788749
robot_194
   0.0582282,     14.00833,            0,            0,            0,   -0.4390266,    0.8984741
robot_29
     25.9133,     7.045311,            0,            0,            0,   -0.8259799,    0.5636996
robot_92
   -36.90926,    -21.99114,            0,            0,            0,    0.9902398,    0.1393739
robot_87
    33.77789,     26.08552,            0,            0,            0,    0.9523395,    0.3050402
robot_68
   -12.62208,     22.02544,            0,            0,            0,    0.3968295,    0.9178924
robot_22
   -38.03868,     13.10815,            0,            0,            0,    0.3567923,    0.9341837
robot_38
    37.91505,    -12.39806,            0,            0,            0,     0.607152,    0.7945857
robot_2
    1.993853,      10.2309,            0,            0,            0,   -0.7099417,    0.7042604
robot_110
    29.47909,    -25.94093,            0,            0,            0,    0.1465958,    0.9891965
robot_14
    29.93234,    -10.08828,            0,            0,            0,   -0.8306935,      0.55673
robot_181
   -38.09418,    -24.98037,            0,            0,            0,   -0.5208127,     0.853671
robot_61
    10.02636,    -21.69057,            0,            0,            0,   -0.9943476,    0.1061735
robot_30
    35.48825,     29.97663,            0,            0,            0,  -0.06915589,    0.9976059
robot_122
   -21.93866,    -9.883607,            0,            0,            0,   -0.9291319,    0.3697484
robot_132
    5.901889,     23.87216,            0,            0,            0,   -0.1929169,    0.9812151
robot_45
    -14.0619,    -8.828145,            0,            0,            0,   -0.9212979,    0.3888575
robot_21
    8.375802,     21.98659,            0,            0,            0,    0.8762209,    0.4819096
robot_39
    17.86636,     21.83177,            0,            0,            0,   -0.8593576,    0.5113751
robot_134
     17.9247,     17.34734,            0,            0,            0,   -0.9035197,    0.4285466
robot_15
    6.768307,    -14.02876,            0,            0,            0,    0.8698304,    0.4933508
robot_145
    29.88811,     21.96625,            0,            0,            0,   -0.6635695,    0.7481146
robot_140
     25.9512,     5.070954,            0,            0,            0,   -0.9843446,    0.1762545
