tuw_multi_robot_msgs::RobotGoalsArray @1970-01-01T01:23:04.400000
frame_id: map
        4984,    400000000
robot_84
    25.96491,    -15.19764,            0,            0,            0,    0.9487642,    0.3159851
robot_116
    37.36352,    -33.97064,            0,            0,            0,   -0.9142915,     0.405057
robot_74
    37.91851,      -11.856,            0,            0,            0,   -0.9041312,    0.4272549
robot_41
   -26.05164,     25.86444,            0,            0,            0,   -0.5332545,    0.8459549
robot_125
   -10.43582,    -2.040885,            0,            0,            0,   -0.9060528,    0.4231646
robot_136
   -8.499545,     34.02381,            0,            0,            0,    0.9992418,   0.03893341
robot_173
  -0.6057267,    -18.02639,            0,            0,            0,   -0.9602707,    0.2790701
robot_67
   -13.99288,     -21.8875,            0,            0,            0,     0.917976,    0.3966359
robot_197
    13.96653,     35.23279,            0,            0,            0,    0.9337716,    0.3578696
robot_119
   -1.575832,     26.02608,            0,            0,            0,   -0.6891736,    0.7245963
