tuw_multi_robot_msgs::RobotGoalsArray @1970-01-01T01:36:18.200000
frame_id: map
        5778,    200000000
robot_84
   -22.38234,     22.01967,            0,            0,            0,     0.990434,    0.1379869
robot_116
   -5.972111,     14.29599,            0,            0,            0,   -0.2434924,    0.9699028
robot_74
     29.9395,    -6.030203,            0,            0,            0,    0.9048156,    0.4258037
robot_41
    17.96245,    -23.35398,            0,            0,            0,   -0.1345061,    0.9909128
robot_125
    8.346024,     13.99553,            0,            0,            0,   -0.1824201,    0.9832207
robot_136
    19.70463,      5.96806,            0,            0,            0,   -0.7871312,    0.6167856
robot_173
   -25.97528,    -30.19734,            0,            0,            0,    0.9778942,    0.2091003
robot_67
   -10.69143,    -21.97974,            0,            0,            0,   -0.6960044,    0.7180375
robot_197
     21.9492,      8.23416,            0,            0,            0,    0.8485094,    0.5291803
robot_119
   -5.702354,     22.07988,            0,            0,            0,   -0.6387781,     0.769391
robot_82
   -14.06303,    -26.83715,            0,            0,            0,     0.478001,    0.8783593
robot_77
    1.989127,     14.30284,            0,            0,            0,     0.950336,    0.3112258
robot_5
   -34.81059,       9.9714,            0,            0,            0,    0.1540484,    0.9880633
robot_133
   -26.12978,      9.85718,            0,            0,            0,    0.7702589,    0.6377313
robot_99
    5.931193,     6.851612,            0,            0,            0,    0.1916673,      0.98146
robot_171
   -30.00741,    -37.84253,            0,            0,            0,   -0.9759922,    0.2178057
robot_180
    25.90322,     20.20978,            0,            0,            0,   -0.9548486,    0.2970929
robot_56
    34.46782,     26.01178,            0,            0,            0,    0.2967596,    0.9549522
robot_3
    13.94568,     9.748257,            0,            0,            0,    -0.513913,    0.8578423
robot_81
   -34.01434,    -22.04846,            0,            0,            0,    0.5733772,    0.8192915
robot_167
    25.94602,    -21.64108,            0,            0,            0,    0.9972457,   0.07416896
robot_25
     29.5788,     1.997716,            0,            0,            0,   -0.1689672,    0.9856217
robot_168
   -22.02326,    -9.824815,            0,            0,            0,   -0.1012978,    0.9948561
robot_96
    25.47723,    -6.067948,            0,            0,            0,    0.6269403,    0.7790673
robot_166
    18.76806,    -33.97128,            0,            0,            0,    0.9382507,     0.345956
robot_102
   -31.67241,    -21.99626,            0,            0,            0,   -0.4186903,    0.9081291
robot_192
   -38.56058,    -13.96503,            0,            0,            0,   -0.4689718,    0.8832131
robot_179
   -27.89851,     29.96735,            0,            0,            0,    0.8285451,    0.5599223
robot_142
    21.41198,    -26.01697,            0,            0,            0,    0.8654529,    0.5009903
robot_1
   -26.07713,      16.2405,            0,            0,            0,   -0.9912853,    0.1317325
robot_44
   -5.031016,     -9.97189,            0,            0,            0,   -0.1956329,    0.9806772
robot_163
    1.861651,     30.03074,            0,            0,            0,   -0.2540485,    0.9671915
robot_79
   -26.05036,     3.589588,            0,            0,            0,    0.8528245,    0.5221977
robot_8
   -14.07332,    -17.92252,            0,            0,            0,   -0.3749142,    0.9270595
robot_20
    13.47031,    -25.97199,            0,            0,            0,    -0.912647,    0.4087487
robot_143
    25.72534,     18.16517,            0,            0,            0,    0.6631536,    0.7484833
robot_138
   -16.20442,     34.03177,            0,            0,            0,    0.2114548,    0.9773878
robot_123
   -9.917724,    -5.880779,            0,            0,            0,    0.1425626,    0.9897858
robot_193
    -18.0741,    -2.140058,            0,            0,            0,    0.9810395,    0.1938078
robot_187
   -22.03777,    -17.04553,            0,            0,            0,     0.987433,    0.1580384
robot_176
   -18.08074,     28.88176,            0,            0,            0,   -0.8753752,    0.4834442
robot_66
    -30.0411,    -30.36319,            0,            0,            0,    0.9592797,    0.2824579
robot_63
    8.087913,     10.02462,            0,            0,            0,    0.8989574,    0.4380361
robot_31
   -22.08524,    -3.861725,            0,            0,            0,   -0.7724984,    0.6350168
robot_159
   -14.12341,     33.65849,            0,            0,            0,    0.7435977,    0.6686273
robot_160
    21.85455,    -9.672747,            0,            0,            0,    0.6374076,    0.7705268
robot_151
    13.92058,     26.90456,            0,            0,            0,   -0.7015901,    0.7125807
robot_150
   -34.15411,     -18.2135,            0,            0,            0,    -0.763794,    0.6454601
robot_137
    23.17874,     2.025061,            0,            0,            0,   -0.8917235,    0.4525805
robot_199
   -12.77361,     30.01611,            0,            0,            0,    0.6990489,    0.7150738
robot_54
   -25.99039,     38.11515,            0,            0,            0,    0.1289193,    0.9916551
robot_117
   -17.99168,    -26.18819,            0,            0,            0,    0.6178739,    0.7862772
robot_36
   -18.03389,     7.019549,            0,            0,            0,   -0.6788258,    0.7342993
robot_33
    -30.0675,    -27.07702,            0,            0,            0,       0.2293,    0.9733558
robot_146
   -1.973138,     33.66646,            0,            0,            0,     0.879274,    0.4763164
robot_156
    38.00241,    -25.80877,            0,            0,            0,   -0.1574646,    0.9875246
robot_112
    6.344856,     33.96535,            0,            0,            0,   -0.1556002,    0.9878201
robot_19
    29.78849,     14.14474,            0,            0,            0,   -0.6512432,    0.7588691
robot_141
   -30.06258,      25.0413,            0,            0,            0,    0.9999998, 0.0006982878
robot_35
    25.55966,    -33.99277,            0,            0,            0,   -0.5601647,    0.8283812
robot_184
    6.312897,    -2.086149,            0,            0,            0,    0.9698897,    0.2435445
robot_98
    9.813243,    -34.22616,            0,            0,            0,    0.5003413,    0.8658283
robot_100
   -34.09641,    -1.561798,            0,            0,            0,    0.9190373,    0.3941705
robot_164
    17.01931,     33.99108,            0,            0,            0,   -0.3728373,    0.9278967
robot_59
   -10.09601,     32.61015,            0,            0,            0,   0.09256157,     0.995707
robot_144
     4.12679,     29.99727,            0,            0,            0,   -0.8814595,    0.4722596
robot_101
    38.51677,    -5.998141,            0,            0,            0,  0.009745974,    0.9999525
robot_161
    21.85731,    -5.728279,            0,            0,            0,   -0.6415783,    0.7670575
robot_149
    17.24605,     37.98239,            0,            0,            0,    -0.272549,    0.9621419
robot_86
   -18.06576,    -6.631118,            0,            0,            0,   -0.5003666,    0.8658137
robot_191
    33.92462,     21.09846,            0,            0,            0,   -0.8359719,    0.5487723
robot_126
    17.99857,    -9.753271,            0,            0,            0,    -0.593133,    0.8051045
robot_190
      2.8107,    -5.973471,            0,            0,            0,  -0.02049291,      0.99979
robot_131
   -8.237809,    -21.97931,            0,            0,            0,   -0.8555189,    0.5177715
robot_154
    33.84222,     13.66701,            0,            0,            0,    0.4262837,    0.9045895
robot_9
   -10.03313,     2.345938,            0,            0,            0,    0.4856841,    0.8741344
robot_27
    33.65875,     -21.9349,            0,            0,            0,   -0.2904222,    0.9568986
robot_34
    33.95535,    -31.28365,            0,            0,            0,     0.240379,    0.9706791
robot_114
   -36.50027,    -13.97961,            0,            0,            0,   -0.9920289,    0.1260107
robot_51
    24.47051,     9.970593,            0,            0,            0,   -0.9826619,    0.1854067
robot_108
    5.885409,    -13.78697,            0,            0,            0,   0.01665456,    0.9998613
robot_147
   -38.03346,    -26.19757,            0,            0,            0,    0.0856579,    0.9963246
robot_183
   -26.86119,     -9.99315,            0,            0,            0,   -0.8362137,    0.5484037
robot_48
    5.931437,    -22.15641,            0,            0,            0,   -0.3717935,    0.9283154
robot_60
    22.62564,     -1.98167,            0,            0,            0,    0.7458974,    0.6660609
robot_75
   -10.72442,    -10.00986,            0,            0,            0,   -0.4247135,    0.9053278
robot_152
   -38.03696,     7.311612,            0,            0,            0,   -0.6792078,     0.733946
robot_26
   -2.034431,     9.165964,            0,            0,            0,   -0.9276607,    0.3734242
robot_182
   -13.99424,    -38.31708,            0,            0,            0,    0.6175902,    0.7865001
robot_172
    4.482502,      26.0185,            0,            0,            0,    0.4966935,     0.867926
robot_43
    10.04067,    -1.881887,            0,            0,            0,   -0.4562451,    0.8898541
robot_170
   -20.35444,     5.996499,            0,            0,            0,    0.4939318,    0.8695007
robot_177
   -18.13098,    -22.16397,            0,            0,            0,   -0.6008391,      0.79937
robot_80
    21.74718,    -33.93805,            0,            0,            0,   -0.3390836,    0.9407563
robot_16
    21.45797,     21.92744,            0,            0,            0,   -0.3720927,    0.9281956
robot_13
    -14.0428,      18.0957,            0,            0,            0,  -0.09691511,    0.9952927
robot_178
    33.02205,    -38.00394,            0,            0,            0,    0.8966625,    0.4427148
robot_88
    22.10922,     38.07169,            0,            0,            0,    0.9999925,  0.003861434
robot_194
    13.92992,     18.69429,            0,            0,            0,   -0.5079647,    0.8613779
robot_29
   -14.13536,     10.15909,            0,            0,            0,    0.6390545,    0.7691615
robot_92
   -2.088105,     7.072693,            0,            0,            0,    0.6556753,     0.755043
robot_87
    19.01383,     30.02358,            0,            0,            0,   -0.8636015,     0.504175
robot_68
   -6.146568,    -25.91278,            0,            0,            0,    0.1883764,    0.9820969
robot_22
   -13.44193,    -34.02582,            0,            0,            0,    0.3044902,    0.9525155
robot_38
   -22.06827,    -34.01244,            0,            0,            0,    0.7282243,    0.6853388
robot_2
    33.91749,    -8.686806,            0,            0,            0,   -0.8791921,    0.4764675
robot_110
   -10.13461,     9.817781,            0,            0,            0,    0.9768067,    0.2141228
robot_14
    3.595071,     -30.0261,            0,            0,            0,    0.7175172,    0.6965408
robot_181
   0.2262039,     18.02497,            0,            0,            0,    0.1370923,    0.9905583
robot_61
     5.91803,    -31.57608,            0,            0,            0,   -0.9112389,    0.4118782
robot_30
    29.95183,     6.763853,            0,            0,            0,    -0.362557,    0.9319616
robot_122
     10.1529,     34.13046,            0,            0,            0,    0.7390374,    0.6736644
robot_132
    38.27369,    -21.90392,            0,            0,            0,    -0.860707,    0.5091007
robot_45
   -1.535853,    -9.974742,            0,            0,            0,   0.01388219,    0.9999036
robot_21
    14.28358,    -2.010326,            0,            0,            0,   -0.7535694,    0.6573684
robot_39
    20.69532,    -37.99782,            0,            0,            0,    0.9121536,    0.4098486
robot_134
   -3.223229,     21.98686,            0,            0,            0,   -0.4171082,    0.9088568
robot_15
   -31.72421,    -18.01028,            0,            0,            0,    0.9894195,     0.145083
robot_145
    14.04787,    -10.08831,            0,            0,            0,    0.2467376,    0.9690823
robot_140
   -22.03794,     35.46867,            0,            0,            0,    0.8868734,    0.4620125
robot_196
    10.01256,    -5.755572,            0,            0,            0,    0.8517506,    0.5239475
robot_188
   -21.83123,    -37.97912,            0,            0,            0,    0.6990639,    0.7150592
robot_4
   -17.97301,     22.01359,            0,            0,            0,     0.514331,    0.8575918
robot_155
   -16.52274,    -29.98537,            0,            0,            0,   -0.9998253,   0.01868948
robot_135
   -26.09962,    -35.55144,            0,            0,            0,    0.9971153,   0.07590171
robot_93
    26.09494,    -14.20419,            0,            0,            0,    0.9009199,    0.4339854
robot_111
   -1.807425,    -13.97151,            0,            0,            0,   -0.9838903,    0.1787731
robot_0
   -38.04854,     21.67066,            0,            0,            0,   -0.9999366,   0.01126115
robot_49
   -30.12751,     14.07551,            0,            0,            0,   -0.9914987,    0.1301165
robot_113
   -22.07697,     7.967318,            0,            0,            0,    0.1566004,     0.987662
robot_94
    3.526927,     5.995051,            0,            0,            0,   0.05789501,    0.9983227
robot_40
     1.77953,     10.07071,            0,            0,            0,    0.7140026,     0.700143
robot_103
   -30.04702,     -7.99631,            0,            0,            0,    0.2007011,    0.9796525
robot_6
    33.88341,    -1.774531,            0,            0,            0,   -0.9699675,    0.2432347
robot_71
   -24.45279,    -33.97997,            0,            0,            0,   -0.1839765,    0.9829306
robot_17
      -30.07,    -35.02246,            0,            0,            0,    0.9583576,    0.2855708
robot_120
   -38.23415,    -10.15422,            0,            0,            0,    0.9197561,    0.3924905
robot_189
    9.929182,    -38.66857,            0,            0,            0,      0.96741,    0.2532149
robot_148
   -36.05908,     18.02268,            0,            0,            0,   -0.9582281,    0.2860051
robot_186
    21.53774,    -18.09795,            0,            0,            0,   -0.9177601,    0.3971353
