tuw_multi_robot_msgs::RobotGoalsArray @1970-01-01T01:37:46.200000
frame_id: map
        5866,    200000000
robot_84
    14.86725,     5.993424,            0,            0,            0,    0.7822278,    0.6229925
robot_116
    18.03948,     29.83545,            0,            0,            0,   -0.2854789,     0.958385
robot_74
   -10.09598,    -15.19885,            0,            0,            0,    -0.999521,   0.03094697
robot_41
    17.92053,      38.0659,            0,            0,            0,    0.1704959,    0.9853584
robot_125
    9.940551,     -9.48296,            0,            0,            0,    0.9999095,   0.01345189
robot_136
      5.9207,    -27.20873,            0,            0,            0,   -0.2933257,    0.9560126
robot_173
    17.95481,    -11.54286,            0,            0,            0,   -0.2586852,    0.9659617
robot_67
    9.941281,     18.27942,            0,            0,            0,    0.3024217,    0.9531742
robot_197
   -35.27347,     18.03344,            0,            0,            0,   -0.4371084,    0.8994088
robot_119
    -22.2341,    -14.00694,            0,            0,            0,   -0.7797894,     0.626042
robot_82
   -6.048805,     36.14528,            0,            0,            0,    0.6186179,     0.785692
robot_77
    9.940581,     14.24708,            0,            0,            0,    0.6714372,    0.7410614
robot_5
   -33.97215,     34.16518,            0,            0,            0,   -0.1424581,    0.9898008
robot_133
    5.936176,     19.00918,            0,            0,            0,    0.5225643,    0.8525999
robot_99
   -7.859579,     1.967035,            0,            0,            0,   -0.5789264,    0.8153798
robot_171
   -22.09413,   -0.0429837,            0,            0,            0,    0.1380628,    0.9904235
robot_180
   -26.43405,     6.079861,            0,            0,            0,   -0.5188627,    0.8548576
robot_56
    17.94047,     -20.2855,            0,            0,            0,   -0.9258533,    0.3778833
robot_3
   -30.51815,    -13.97517,            0,            0,            0,  -0.06621147,    0.9978056
robot_81
   -26.04164,     12.12686,            0,            0,            0,   -0.7015496,    0.7126207
robot_167
   -38.33595,     21.93757,            0,            0,            0,    0.8516484,    0.5241135
robot_25
    17.99526,    -22.35751,            0,            0,            0,    0.5616253,    0.8273917
robot_168
    17.90568,     -7.67766,            0,            0,            0,   0.01213899,    0.9999263
robot_96
   -21.68087,     30.09994,            0,            0,            0,    0.9889864,    0.1480064
robot_166
    -17.9836,    -34.05487,            0,            0,            0,    0.9623651,    0.2717599
robot_102
   -33.98413,     25.75552,            0,            0,            0,   -0.9614404,    0.2750132
robot_192
    26.10977,      38.0727,            0,            0,            0,   -0.9927996,    0.1197873
robot_179
   -14.05254,     35.55921,            0,            0,            0,    0.8842799,    0.4669573
robot_142
   -26.04419,     25.89002,            0,            0,            0,    0.9713339,    0.2377191
robot_1
   -10.02172,    -2.089852,            0,            0,            0,    0.2309163,    0.9729736
robot_44
    9.813839,    -5.952356,            0,            0,            0,    0.9882439,    0.1528855
robot_163
   -30.75233,    -22.00866,            0,            0,            0,    0.9289405,     0.370229
robot_79
    -5.95833,     34.19209,            0,            0,            0,   -0.4123529,    0.9110242
robot_8
   -18.06642,     38.51948,            0,            0,            0,    0.8714503,    0.4904838
robot_20
    -9.99479,      33.9487,            0,            0,            0,   -0.9984448,   0.05574882
robot_143
   -38.13134,    -14.30093,            0,            0,            0,    0.3927793,    0.9196328
robot_138
     29.9426,      26.4447,            0,            0,            0,   -0.6928495,    0.7210822
robot_123
   -22.27942,    -21.91201,            0,            0,            0,   -0.8459435,    0.5332726
robot_193
   -6.174304,     17.98605,            0,            0,            0,   -0.8422216,    0.5391315
robot_187
   -18.03336,    -24.92926,            0,            0,            0,   -0.8093509,    0.5873254
robot_176
    -31.8052,     21.96987,            0,            0,            0,   -0.5716912,    0.8204688
robot_66
    2.355106,     9.924143,            0,            0,            0,     -0.91929,     0.393581
robot_63
    1.903192,     -13.9713,            0,            0,            0,   -0.8813102,    0.4725381
robot_31
   -30.03396,    -10.72936,            0,            0,            0,    0.8278041,    0.5610173
robot_159
   -37.59867,    -30.04223,            0,            0,            0,    0.2106577,    0.9775599
robot_160
    6.328883,     9.976065,            0,            0,            0,    0.6777961,    0.7352499
robot_151
   -34.04959,    -1.666313,            0,            0,            0,   -0.9774273,    0.2112721
robot_150
   -27.56075,      18.0322,            0,            0,            0,    0.1787941,    0.9838865
robot_137
   -26.23299,    -5.868936,            0,            0,            0,   -0.4645832,    0.8855295
robot_199
   -21.90638,     17.90794,            0,            0,            0,    0.6101504,    0.7922856
robot_54
   -36.43072,      29.9951,            0,            0,            0,   -0.9766179,    0.2149824
robot_117
    5.935059,    -7.988199,            0,            0,            0,   0.03348907,    0.9994391
robot_36
   -39.25336,    -33.99227,            0,            0,            0,   -0.9984705,   0.05528684
robot_33
   -6.085914,    -16.59993,            0,            0,            0,    0.9918064,      0.12775
robot_146
   -12.06886,    -6.024196,            0,            0,            0,   -0.3101358,    0.9506923
robot_156
   -7.212661,     14.00019,            0,            0,            0,    0.2683306,    0.9633269
robot_112
    14.30127,    -29.95087,            0,            0,            0,   -0.2002962,    0.9797354
robot_19
    28.11577,     34.00286,            0,            0,            0,    0.9651358,    0.2617498
robot_141
   -27.71238,    -38.03192,            0,            0,            0,   -0.4319307,    0.9019068
robot_35
    29.94011,     -31.1235,            0,            0,            0,    0.6824792,     0.730905
robot_184
    23.88909,     30.02732,            0,            0,            0,   -0.1424519,    0.9898017
robot_98
   -13.96123,    -34.14562,            0,            0,            0,    0.2201034,    0.9754766
robot_100
    9.902242,      9.68313,            0,            0,            0,    0.3394454,    0.9406258
robot_164
    23.88078,     17.97318,            0,            0,            0,    0.6413724,    0.7672297
robot_59
   -38.02869,     14.21324,            0,            0,            0,  -0.01642141,    0.9998652
robot_144
    38.77421,     29.99327,            0,            0,            0,   -0.8638967,    0.5036691
robot_101
    9.914889,     21.20371,            0,            0,            0,    0.9444154,    0.3287547
robot_161
   -29.97835,     18.21047,            0,            0,            0,   -0.6649109,    0.7469226
robot_149
    17.65071,    -2.079342,            0,            0,            0,     0.162355,    0.9867324
robot_86
   -22.62549,    -33.99134,            0,            0,            0,    0.7396469,    0.6729951
robot_191
   -14.07331,    -15.23916,            0,            0,            0,     0.877288,    0.4799644
robot_126
   -30.62226,     9.976394,            0,            0,            0,   -0.8475438,    0.5307255
robot_190
   -7.249688,    -25.98613,            0,            0,            0,    -0.626913,    0.7790893
robot_131
    9.953981,    -1.112701,            0,            0,            0,     0.967223,    0.2539284
robot_154
    25.93644,     18.02661,            0,            0,            0,   -0.9884072,    0.1518264
robot_9
    3.014568,     25.99949,            0,            0,            0,    0.7725229,    0.6349869
robot_27
    14.80389,     9.987706,            0,            0,            0,    0.9811595,    0.1931997
robot_34
   -30.60796,    -6.012791,            0,            0,            0,   -0.4028769,    0.9152542
robot_114
   -7.560872,     6.032257,            0,            0,            0,  -0.09708846,    0.9952758
robot_51
     12.9146,    -1.971832,            0,            0,            0,   -0.8124464,    0.5830358
robot_108
    -10.0368,    -38.31858,            0,            0,            0,   -0.5201256,    0.8540898
robot_147
   -14.06293,     21.29354,            0,            0,            0,   0.01930898,    0.9998136
robot_183
    5.952443,    -24.43683,            0,            0,            0,    0.9842153,    0.1769752
robot_48
    -22.0539,    -36.89816,            0,            0,            0,   0.03027244,    0.9995417
robot_60
      25.461,     26.02115,            0,            0,            0,     -0.95403,    0.2997113
robot_75
   -22.04749,     24.23642,            0,            0,            0,    0.4811252,    0.8766519
robot_152
    -22.0638,     16.02152,            0,            0,            0,    -0.868418,    0.4958329
robot_26
     -38.034,    -16.31948,            0,            0,            0,    0.4524338,     0.891798
robot_182
     13.9324,      15.2146,            0,            0,            0,    0.7467161,    0.6651429
robot_172
    10.20077,      2.08231,            0,            0,            0,  -0.05174269,    0.9986604
robot_43
     33.9327,     35.64164,            0,            0,            0,  -0.04280913,    0.9990833
robot_170
    1.876157,     17.91041,            0,            0,            0,    0.9282519,    0.3719522
robot_177
   -10.40741,     9.986312,            0,            0,            0,    0.9933837,    0.1148424
robot_80
    22.03093,     37.91119,            0,            0,            0,    0.1780175,    0.9840273
robot_16
    9.850986,    -30.27135,            0,            0,            0,   -0.5905577,    0.8069954
robot_13
    16.19259,     13.99656,            0,            0,            0,    0.5308374,    0.8474737
robot_178
     -1.3308,    -6.016337,            0,            0,            0,    0.8165994,    0.5772049
robot_88
   -30.05234,    -35.35494,            0,            0,            0,    0.1031231,    0.9946686
robot_194
    33.96319,    -26.30063,            0,            0,            0,    0.8502035,    0.5264542
robot_29
   -36.33375,    -33.96808,            0,            0,            0,    0.9192783,    0.3936083
robot_92
   -5.892553,    -10.11773,            0,            0,            0,    0.9488862,    0.3156185
robot_87
    30.40605,    -34.02624,            0,            0,            0,     0.561944,    0.8271753
robot_68
    17.93381,    -16.64433,            0,            0,            0,    0.8151738,    0.5792164
robot_22
   -10.17985,    -18.01085,            0,            0,            0,   -0.4149624,    0.9098386
robot_38
    2.014125,    -30.01616,            0,            0,            0,    0.8319961,    0.5547815
robot_2
    25.60383,    -10.02494,            0,            0,            0,   -0.6542345,    0.7562918
robot_110
    -18.9031,    -5.980665,            0,            0,            0,   -0.1870522,      0.98235
robot_14
    -26.4863,    -17.97335,            0,            0,            0,    0.9735525,    0.2284635
robot_181
    22.40601,    -1.963946,            0,            0,            0,   -0.9830688,    0.1832369
robot_61
   -36.22284,     5.987726,            0,            0,            0,    0.6894137,    0.7243678
robot_30
   -6.058383,   -0.7022075,            0,            0,            0,   -0.7725495,    0.6349545
robot_122
   -38.04053,     7.167263,            0,            0,            0,   -0.3492104,    0.9370443
robot_132
   -6.177191,     29.96276,            0,            0,            0,    0.8830491,    0.4692806
robot_45
   -2.053466,     19.31526,            0,            0,            0,   -0.5643572,    0.8255307
robot_21
   -18.12101,    -21.63737,            0,            0,            0,   -0.9976304,   0.06880049
robot_39
    13.50082,    -22.02811,            0,            0,            0,    -0.371576,    0.9284026
robot_134
   -6.050791,     22.41207,            0,            0,            0,   -0.7489396,    0.6626382
robot_15
     27.4616,     1.972541,            0,            0,            0,    0.1030089,    0.9946804
robot_145
    29.92792,     2.817016,            0,            0,            0,    0.7474941,    0.6642685
robot_140
   -34.53549,    -14.09216,            0,            0,            0,     0.497402,    0.8675202
robot_196
   -14.03665,    -1.941454,            0,            0,            0,    0.9327987,    0.3603979
robot_188
    22.02931,     -18.0248,            0,            0,            0,   -0.9893593,    0.1454931
robot_4
    21.94589,    -11.65866,            0,            0,            0,    0.7605842,    0.6492393
robot_155
   -18.09913,     15.40414,            0,            0,            0,    0.9993719,   0.03543731
robot_135
   -10.44891,     5.930646,            0,            0,            0,    0.1117585,    0.9937354
robot_93
   -18.16315,     21.80339,            0,            0,            0,    0.9100298,    0.4145429
robot_111
    1.938569,    -6.799471,            0,            0,            0,   -0.9544433,    0.2983923
robot_0
   -21.92747,     1.858542,            0,            0,            0,    -0.985855,    0.1676006
robot_49
   -14.08651,    -29.84389,            0,            0,            0,    0.5366454,    0.8438078
robot_113
   -13.99418,    -22.07151,            0,            0,            0,    0.9463963,    0.3230078
robot_94
    21.95011,     7.439082,            0,            0,            0,    0.5776539,    0.8162818
robot_40
     9.65696,    -17.95022,            0,            0,            0,   -0.1138845,     0.993494
robot_103
   -34.17706,     30.18243,            0,            0,            0,    0.0580527,    0.9983135
robot_6
   -8.859708,     17.99678,            0,            0,            0,   -0.5459621,    0.8378098
robot_71
   -33.99046,    -9.903969,            0,            0,            0,    0.7863544,    0.6177757
robot_17
   -11.29853,     1.971882,            0,            0,            0,    0.4541419,    0.8909294
robot_120
   -38.12536,    -9.680253,            0,            0,            0,   -0.1419991,    0.9898668
robot_189
   -10.28501,    -10.14558,            0,            0,            0,    0.9859716,     0.166913
robot_148
    29.88849,    -6.147804,            0,            0,            0,    0.7253251,    0.6884065
robot_186
    32.64397,     17.98755,            0,            0,            0,    0.5137289,    0.8579526
robot_198
    5.435573,     29.94456,            0,            0,            0,   -0.4746377,    0.8801813
robot_107
    26.86278,     10.00677,            0,            0,            0,   -0.8704764,    0.4922101
robot_18
   -26.05723,     -10.3449,            0,            0,            0,  -0.05275864,    0.9986073
robot_23
   -34.24922,     -25.9825,            0,            0,            0,   -0.6307526,     0.775984
robot_46
   -10.08201,     15.24556,            0,            0,            0,   -0.2630748,    0.9647755
robot_109
    -14.0888,     18.21699,            0,            0,            0,   -0.3601178,    0.9329068
robot_10
    22.08594,    -21.77541,            0,            0,            0,     0.422992,    0.9061334
robot_157
    21.99596,     14.03233,            0,            0,            0,    0.6775129,    0.7355109
robot_70
    17.91082,     16.09384,            0,            0,            0,    0.8009615,    0.5987158
robot_55
    5.872876,       21.896,            0,            0,            0,    0.1641413,    0.9864368
