tuw_multi_robot_msgs::RobotGoalsArray @1970-01-01T00:12:23.900000
frame_id: map
         743,    900000000
robot_84
   -15.81818,     21.99193,            0,            0,            0,   -0.9551249,    0.2962034
robot_116
    24.16583,    -14.00536,            0,            0,            0,    0.0415192,    0.9991377
robot_74
    -6.50552,     17.90819,            0,            0,            0,   -0.3807932,    0.9246602
robot_41
    22.37615,     9.976248,            0,            0,            0,   -0.9473605,     0.320169
robot_125
   -6.059011,     1.894692,            0,            0,            0,    0.9580433,    0.2866235
robot_136
    -21.9716,    -26.06692,            0,            0,            0,   -0.9217329,    0.3878253
robot_173
     21.9421,     35.00329,            0,            0,            0,   -0.7160629,    0.6980358
robot_67
    6.929626,    -29.99399,            0,            0,            0,    0.7392026,    0.6734831
robot_197
    32.17151,     2.029104,            0,            0,            0,   -0.8775103,    0.4795578
robot_119
  -0.8848522,     13.96738,            0,            0,            0,   -0.7956319,    0.6057804
robot_82
   -1.987301,     6.013224,            0,            0,            0,    0.7316532,     0.681677
robot_77
   -1.725529,     -17.9887,            0,            0,            0,   -0.8780709,    0.4785306
robot_5
    37.82059,    -9.944287,            0,            0,            0,   -0.9435735,    0.3311633
robot_133
    20.80947,    -2.028109,            0,            0,            0,   -0.8275271,    0.5614258
robot_99
    20.67859,     30.02613,            0,            0,            0,   -0.4669033,    0.8843084
robot_171
    -26.1343,    -17.63576,            0,            0,            0,     0.999538,   0.03039439
robot_180
   -33.77255,    -22.06015,            0,            0,            0,   -0.7422163,    0.6701605
robot_56
   -26.92798,    -6.000675,            0,            0,            0,    -0.985473,    0.1698324
robot_3
    29.95438,     36.12517,            0,            0,            0,    0.8841835,    0.4671397
robot_81
    13.78315,    -2.031258,            0,            0,            0,   -0.9937957,    0.1112214
robot_167
    29.90963,    -28.77364,            0,            0,            0,    0.9661169,    0.2581048
robot_25
    6.006253,     10.04424,            0,            0,            0,    -0.565205,    0.8249505
robot_168
    35.71949,    -33.99167,            0,            0,            0,     0.588715,    0.8083407
robot_96
   -14.47015,     29.91441,            0,            0,            0,    0.7490626,    0.6624992
robot_166
   -18.21273,    -26.14408,            0,            0,            0,    0.2701001,    0.9628322
robot_102
   -14.95292,    -17.99459,            0,            0,            0,    0.4933104,    0.8698533
robot_192
   -31.51412,      25.9816,            0,            0,            0,     -0.20933,    0.9778451
robot_179
   -22.09439,    -36.58088,            0,            0,            0,    0.4450228,    0.8955192
robot_142
    -19.0791,    -18.01643,            0,            0,            0,    0.8215902,    0.5700786
robot_1
    9.799951,    -9.836537,            0,            0,            0,   -0.9738682,     0.227114
robot_44
      6.4054,    -37.95695,            0,            0,            0,    0.9741283,    0.2259958
robot_163
   -6.036251,    -7.329319,            0,            0,            0,    0.9738104,    0.2273618
robot_79
   -14.30839,     38.00244,            0,            0,            0,   -0.7201455,     0.693823
robot_8
   -1.160888,     30.01777,            0,            0,            0,   -0.2335851,    0.9723364
robot_20
   -34.00251,      -18.046,            0,            0,            0,   -0.8989426,    0.4380665
robot_143
    13.75111,    -18.13665,            0,            0,            0,    0.7689329,    0.6393295
robot_138
   -14.91082,    -10.03237,            0,            0,            0,    0.5663586,    0.8241589
robot_123
    6.376467,    -34.03682,            0,            0,            0,    0.2735273,    0.9618643
robot_193
    -8.62196,     9.985723,            0,            0,            0,   -0.8660276,    0.4999962
robot_187
   -13.36639,     -22.0137,            0,            0,            0,    0.6981954,    0.7159072
