tuw_multi_robot_msgs::RobotGoalsArray @1970-01-01T01:23:16
frame_id: map
        4996,            0
robot_84
    1.606753,    -22.08152,            0,            0,            0,     0.998328,   0.05780335
robot_116
    25.45841,    -37.98153,            0,            0,            0,   -0.4804308,    0.8770326
robot_74
     29.9805,     10.06439,            0,            0,            0,    0.3224577,    0.9465839
robot_41
    17.95679,    -26.64324,            0,            0,            0,   -0.8523829,    0.5229181
robot_125
    6.383539,     22.03934,            0,            0,            0,    0.6874553,    0.7262266
robot_136
    28.34627,     33.98156,            0,            0,            0,   -0.5895779,    0.8077115
robot_173
    13.92139,     9.665496,            0,            0,            0,   -0.7379619,    0.6748424
robot_67
   -38.05686,     29.35098,            0,            0,            0,   -0.9174564,    0.3978364
robot_197
    9.996871,     10.15178,            0,            0,            0,    0.9723932,    0.2333483
robot_119
   -34.42681,     10.09814,            0,            0,            0,    0.4454446,    0.8953095
