tuw_multi_robot_msgs::RobotGoalsArray @1970-01-01T00:15:02.700000
frame_id: map
           0,            0
robot_84
   -34.50842,     10.00826,            0,            0,            0,    0.9282842,    0.3718715
robot_116
    21.95332,    -38.69705,            0,            0,            0,   -0.8281884,    0.5604499
robot_74
    29.97015,    -30.02383,            0,            0,            0,   -0.3505417,    0.9365471
robot_41
     18.1556,     -10.0678,            0,            0,            0,    0.3082647,    0.9513006
robot_125
    9.981891,     38.00444,            0,            0,            0,    0.7723291,    0.6352226
robot_136
    5.927169,    -19.48193,            0,            0,            0,    0.3235501,    0.9462111
robot_173
    21.92985,     4.642216,            0,            0,            0,   -0.9747962,    0.2230972
robot_67
    33.92032,    -19.54857,            0,            0,            0,   -0.3778903,    0.9258504
robot_197
   -21.85409,     5.900173,            0,            0,            0,    0.9416316,    0.3366451
robot_119
   -14.09738,     12.05795,            0,            0,            0,   -0.5273391,    0.8496549
robot_82
   -22.04619,     35.05215,            0,            0,            0,     0.206991,    0.9783428
robot_77
    9.900897,     10.58989,            0,            0,            0,    0.8939245,    0.4482176
robot_5
  -0.1872875,    -9.995502,            0,            0,            0,    0.1911702,    0.9815569
robot_133
     34.6822,     14.02645,            0,            0,            0,   -0.7091389,    0.7050688
robot_99
    -14.0493,     29.32156,            0,            0,            0,    0.3791479,    0.9253361
robot_171
    14.28234,    -26.06536,            0,            0,            0,   -0.7634389,      0.64588
robot_180
    4.239539,     17.98501,            0,            0,            0,  -0.06799485,    0.9976857
robot_56
    5.911841,     32.28189,            0,            0,            0,   -0.4522748,    0.8918787
robot_3
    -6.25614,    -10.12823,            0,            0,            0,   -0.1852699,    0.9826877
robot_81
    24.19797,     21.98453,            0,            0,            0,   0.01093425,    0.9999402
robot_167
   -34.74336,     21.99072,            0,            0,            0,    0.2324892,     0.972599
robot_25
   -11.56622,     14.03247,            0,            0,            0,  -0.05151986,     0.998672
robot_168
    1.288994,     14.01389,            0,            0,            0,    0.9244561,    0.3812885
robot_96
   -2.034852,     12.76278,            0,            0,            0,   -0.9752441,    0.2211309
robot_166
   -14.08569,    -39.48894,            0,            0,            0,  -0.03559348,    0.9993664
robot_102
   -5.911214,      33.8258,            0,            0,            0,   -0.9508616,    0.3096164
robot_192
    25.76445,     34.00979,            0,            0,            0,   -0.4348814,    0.9004878
robot_179
     21.9126,      38.8983,            0,            0,            0,   -0.6597426,    0.7514917
robot_142
   -5.175533,    -29.98541,            0,            0,            0,   -0.3914719,    0.9201901
robot_1
   -30.06597,    -25.52423,            0,            0,            0,   -0.1516485,    0.9884345
robot_44
    21.62142,    -22.03881,            0,            0,            0,    0.8008535,    0.5988603
robot_163
    21.90804,     2.549065,            0,            0,            0,    0.7498093,     0.661654
robot_79
   -22.09538,     21.13959,            0,            0,            0,    0.9856272,    0.1689352
robot_8
    34.23535,     -26.0434,            0,            0,            0,    0.2264719,    0.9740177
robot_20
    33.82928,     5.768614,            0,            0,            0,    0.5441256,    0.8390038
robot_143
    17.91354,     20.22449,            0,            0,            0,    0.2547227,    0.9670141
robot_138
   -10.07262,    -37.39565,            0,            0,            0,   -0.1442218,    0.9895454
robot_123
    38.19303,    -30.00361,            0,            0,            0,    0.1088428,     0.994059
robot_193
    20.85992,      17.9883,            0,            0,            0,    -0.404553,    0.9145146
robot_187
   -22.05997,    -30.84918,            0,            0,            0,   -0.1021137,    0.9947727
