tuw_multi_robot_msgs::RobotGoalsArray @1970-01-01T01:19:11.400000
frame_id: map
        4751,    400000000
robot_84
    25.91876,     12.61809,            0,            0,            0,    -0.710045,    0.7041563
robot_116
   -5.750443,     5.958109,            0,            0,            0,   -0.9683087,    0.2497565
robot_74
    9.668235,     22.01025,            0,            0,            0,    0.9230093,    0.3847777
robot_41
   -38.33724,    -18.01314,            0,            0,            0,   -0.8073318,    0.5900977
robot_125
    1.907099,     -14.0007,            0,            0,            0,   -0.8312801,    0.5558537
robot_136
   -26.00845,     -26.0148,            0,            0,            0,    0.2690908,    0.9631148
robot_173
    35.85598,    -17.99862,            0,            0,            0,    0.9601929,    0.2793377
robot_67
    25.90304,     17.20891,            0,            0,            0,    0.3718056,    0.9283106
robot_197
   -38.05405,     25.06095,            0,            0,            0,  -0.06946989,     0.997584
robot_119
    25.92647,      -26.095,            0,            0,            0,   -0.9982445,   0.05922697
