tuw_multi_robot_msgs::RobotGoalsArray @1970-01-01T01:13:19.200000
frame_id: map
        4399,    200000000
robot_84
   -25.92248,     37.95222,            0,            0,            0,    0.4756205,    0.8796506
robot_116
   -28.99261,    -21.98499,            0,            0,            0,    -0.510868,    0.8596592
robot_74
   -22.02044,     38.22836,            0,            0,            0,    0.5919179,    0.8059982
robot_41
    23.23086,     38.01494,            0,            0,            0,    0.9113129,    0.4117145
robot_125
    21.87241,    -13.99196,            0,            0,            0,    0.9998006,    0.0199673
robot_136
   -18.04767,    -7.977874,            0,            0,            0,   -0.8294757,    0.5585429
robot_173
    13.16277,    -34.00197,            0,            0,            0,   -0.4995386,    0.8662916
robot_67
   -18.40286,    -9.999859,            0,            0,            0,    0.9429109,    0.3330452
robot_197
     30.7827,     22.00409,            0,            0,            0,   -0.9252895,    0.3792616
robot_119
   -14.08944,      -17.721,            0,            0,            0,    0.9862401,     0.165319
robot_82
   -14.04242,     26.75982,            0,            0,            0,   -0.5799312,    0.8146655
robot_77
    33.47969,     25.98219,            0,            0,            0,    0.5150166,    0.8571802
robot_5
    9.939589,    -2.058613,            0,            0,            0,   -0.8994987,    0.4369233
robot_133
   -2.090945,    -19.00946,            0,            0,            0,    0.3885057,    0.9214463
robot_99
    25.55284,     10.08696,            0,            0,            0,     0.293421,    0.9559833
robot_171
   -26.10327,     33.65664,            0,            0,            0,   -0.9014552,    0.4328724
robot_180
   -31.44353,      21.9839,            0,            0,            0,    0.6810157,    0.7322688
robot_56
   -2.072904,    -25.28031,            0,            0,            0,   -0.9944427,    0.1052791
robot_3
   -21.95811,     18.01787,            0,            0,            0,   0.07943788,    0.9968398
robot_81
    30.08148,     10.20153,            0,            0,            0,    0.7692841,    0.6389069
robot_167
    25.93848,     36.28864,            0,            0,            0,   -0.6141583,    0.7891828
robot_25
    5.943313,    -30.04558,            0,            0,            0,    0.1279533,    0.9917802
robot_168
   -33.57552,    -37.92671,            0,            0,            0,    0.8585116,    0.5127941
robot_96
   -17.17941,    -22.02141,            0,            0,            0,    -0.995443,   0.09535822
robot_166
    -10.4865,     34.02607,            0,            0,            0,   -0.3683307,    0.9296948
robot_102
   -17.35926,     21.98657,            0,            0,            0,    0.5595882,    0.8287708
robot_192
    21.90844,    -19.13181,            0,            0,            0,   -0.5185264,    0.8550616
robot_179
   -18.05211,    -15.59237,            0,            0,            0,    0.9999871,  0.005081126
robot_142
    37.72645,     29.95819,            0,            0,            0,   -0.1948095,    0.9808411
robot_1
   -25.89452,     -18.1238,            0,            0,            0,   -0.9703946,     0.241525
robot_44
    33.92513,     38.61771,            0,            0,            0,    -0.395423,    0.9184991
robot_163
    26.62939,     22.01401,            0,            0,            0,    0.7612581,    0.6484491
robot_79
   -2.061636,    -33.93024,            0,            0,            0,    0.3270456,    0.9450086
robot_8
     17.9512,    -27.72367,            0,            0,            0,   -0.6702473,    0.7421378
robot_20
    14.01817,    -14.03616,            0,            0,            0,  -0.08712254,    0.9961976
robot_143
   -9.996903,      5.94955,            0,            0,            0,  -0.09993997,    0.9949935
robot_138
    13.83755,       37.868,            0,            0,            0,    0.1950662,    0.9807901
robot_123
   -15.01654,     10.00127,            0,            0,            0,    0.5866103,    0.8098693
robot_193
   -30.07768,     12.76939,            0,            0,            0,    0.5159187,    0.8566376
robot_187
    -19.0355,     14.01101,            0,            0,            0,    0.1777945,    0.9840676
robot_176
    17.80393,    -30.02076,            0,            0,            0,    -0.781123,    0.6243772
robot_66
     21.7769,     22.04432,            0,            0,            0,    0.7902045,    0.6128432
robot_63
    13.83953,     33.74482,            0,            0,            0,    0.7393142,    0.6733607
robot_31
    34.20931,    -10.01212,            0,            0,            0,    0.3259549,    0.9453853
robot_159
    17.76828,     1.785827,            0,            0,            0,   -0.9455736,    0.3254082
robot_160
    37.59493,    -18.09683,            0,            0,            0,   -0.5377701,    0.8430915
robot_151
     7.17925,    -1.996481,            0,            0,            0,      0.59224,    0.8057616
robot_150
    17.93189,     35.80517,            0,            0,            0,    0.9682512,    0.2499792
robot_137
   -7.008158,    -17.98253,            0,            0,            0,   -0.2304023,    0.9730955
robot_199
   -6.076748,    -31.36869,            0,            0,            0,    0.8001068,    0.5998576
robot_54
    29.91869,    -9.806504,            0,            0,            0,    0.9739458,    0.2267809
robot_117
   -10.07921,    -19.63196,            0,            0,            0,   -0.8078882,    0.5893357
robot_36
   -22.06562,    -38.57226,            0,            0,            0,    0.9864062,    0.1643255
robot_33
    9.961096,    -8.826311,            0,            0,            0,   -0.8154318,    0.5788532
robot_146
    33.92771,    -6.636727,            0,            0,            0,   -0.7472547,    0.6645377
robot_156
   -38.08556,    -10.96936,            0,            0,            0,    0.9676679,    0.2522279
robot_112
   -22.16187,    -13.65301,            0,            0,            0,   0.04729475,     0.998881
robot_19
   -6.404386,     10.07875,            0,            0,            0,    -0.639174,    0.7690622
robot_141
    21.91334,    -36.67376,            0,            0,            0,    0.9919683,    0.1264867
robot_35
    18.93078,    -26.00404,            0,            0,            0,     0.196743,    0.9804551
robot_184
    -14.1462,    -34.34148,            0,            0,            0,  -0.02108136,    0.9997778
robot_98
    1.720688,    -9.851976,            0,            0,            0,    0.6440095,    0.7650175
robot_100
   -2.058524,     20.59705,            0,            0,            0,    0.6840322,    0.7294518
robot_164
    -38.2593,    -13.94304,            0,            0,            0,   -0.3577602,    0.9338135
robot_59
   -22.42797,     34.03948,            0,            0,            0,   -0.2551432,    0.9669033
robot_144
    1.956057,     33.33558,            0,            0,            0,   -0.6571364,    0.7537717
robot_101
   -2.090769,    -11.65889,            0,            0,            0,    0.3790451,    0.9253782
robot_161
   -26.32753,    -37.99304,            0,            0,            0, -0.009623238,    0.9999537
robot_149
   -21.98129,    -10.24076,            0,            0,            0,    0.9465709,    0.3224958
robot_86
    31.58895,    -1.997706,            0,            0,            0,    0.3546578,    0.9349962
robot_191
    29.54185,     5.900757,            0,            0,            0,    0.1336517,    0.9910284
robot_126
    32.76833,    -38.00687,            0,            0,            0,   -0.6390272,    0.7691841
robot_190
  -0.2554319,     10.00296,            0,            0,            0,    0.7596381,     0.650346
robot_131
   -6.071547,    -16.01636,            0,            0,            0,   0.09345709,    0.9956233
robot_154
   -18.62555,    -26.00864,            0,            0,            0,   -0.2475868,    0.9688657
robot_9
    17.90814,     16.35896,            0,            0,            0,    0.6749957,    0.7378217
robot_27
    -32.3511,    -5.999036,            0,            0,            0,     0.525335,    0.8508955
robot_34
    16.89733,     13.97414,            0,            0,            0,    0.6247544,    0.7808213
robot_114
     29.9591,      19.5253,            0,            0,            0,   -0.9937539,    0.1115941
robot_51
    14.85374,    -25.96945,            0,            0,            0,   -0.8902984,    0.4553777
