tuw_multi_robot_msgs::RobotGoalsArray @1970-01-01T01:19:09.400000
frame_id: map
        4749,    400000000
robot_84
   -23.01832,    -10.00078,            0,            0,            0,   -0.9922379,     0.124354
robot_116
    14.21488,    -34.05377,            0,            0,            0,   -0.1724891,    0.9850114
robot_74
    13.50389,     13.92181,            0,            0,            0,   -0.8735492,    0.4867358
robot_41
    21.90923,     28.84684,            0,            0,            0,    0.9979774,   0.06357002
robot_125
   -30.16353,     37.69575,            0,            0,            0,   -0.9960318,   0.08899813
robot_136
   -6.065285,     21.86162,            0,            0,            0,    0.5997143,    0.8002142
robot_173
   -15.92978,    -30.01521,            0,            0,            0,   -0.7277853,     0.685805
robot_67
    37.95008,     9.298343,            0,            0,            0,   -0.2700153,     0.962856
robot_197
   -9.950774,     33.94361,            0,            0,            0,   -0.1109984,    0.9938206
robot_119
   -16.16322,     -25.9879,            0,            0,            0,    0.9991161,   0.04203684
