tuw_multi_robot_msgs::RobotGoalsArray @1970-01-01T01:38:11
frame_id: map
        5891,            0
robot_84
    25.93091,     36.56563,            0,            0,            0,    0.2482957,    0.9686843
robot_116
    5.984043,     33.69492,            0,            0,            0,   0.02425194,    0.9997059
robot_74
     21.9155,     5.034578,            0,            0,            0,    -0.464643,    0.8854981
robot_41
    17.93008,    -6.594096,            0,            0,            0,    -0.670046,    0.7423196
robot_125
    9.920153,      30.0921,            0,            0,            0,    0.9985318,     0.054169
robot_136
    37.95324,      -20.438,            0,            0,            0,    -0.999803,   0.01985028
robot_173
   -2.079336,    -20.62208,            0,            0,            0,    0.7744785,    0.6326002
robot_67
   -14.09531,    -19.26814,            0,            0,            0,    0.1805788,    0.9835605
robot_197
    -13.2546,     6.017088,            0,            0,            0,   -0.5620466,    0.8271056
robot_119
   -10.08024,    -33.73419,            0,            0,            0,   -0.7107093,    0.7034858
robot_82
    12.88295,     9.993431,            0,            0,            0,    0.8154443,    0.5788355
robot_77
    15.91679,    -26.00405,            0,            0,            0,    0.9963649,    0.0851883
robot_5
    33.45327,     10.04732,            0,            0,            0,    0.5785749,    0.8156293
robot_133
    17.10576,     18.00706,            0,            0,            0,    0.9641044,    0.2655234
robot_99
   -22.08813,     33.34153,            0,            0,            0,    0.6142161,    0.7891379
robot_171
   -34.54033,     22.05524,            0,            0,            0,   -0.3235556,    0.9462092
robot_180
   -11.62903,    -6.030053,            0,            0,            0,   -0.6331691,    0.7740135
robot_56
    13.92487,    -39.38684,            0,            0,            0,   0.02268815,    0.9997426
robot_3
    37.90874,     6.979999,            0,            0,            0,    0.4224177,    0.9064013
robot_81
   -37.99549,     6.095857,            0,            0,            0,    0.1541388,    0.9880492
robot_167
     33.9583,    -11.32884,            0,            0,            0,     0.990891,    0.1346661
robot_25
    5.928099,     11.42204,            0,            0,            0,    0.8493486,    0.5278323
robot_168
    29.58621,     38.07662,            0,            0,            0,    0.4592223,    0.8883214
robot_96
   -14.05483,     24.51983,            0,            0,            0,   -0.3051441,    0.9523062
robot_166
    22.15145,    -9.939685,            0,            0,            0,   -0.9806222,    0.1959085
robot_102
   -28.32588,     6.001857,            0,            0,            0,    0.7163596,    0.6977313
robot_192
   -19.36649,     10.00481,            0,            0,            0,   -0.2969492,    0.9548933
robot_179
    30.48792,    -6.032646,            0,            0,            0,   -0.4980632,    0.8671407
robot_142
    13.99003,     34.27175,            0,            0,            0,   -0.2032937,    0.9791178
robot_1
    13.93914,     17.27046,            0,            0,            0,    0.4773205,    0.8787293
robot_44
     10.1069,     10.10009,            0,            0,            0,   -0.8984591,    0.4390571
robot_163
    17.94328,     23.61887,            0,            0,            0,   -0.9424787,    0.3342662
robot_79
    9.914799,     26.95434,            0,            0,            0,   0.04545805,    0.9989662
robot_8
   -25.97216,     30.07228,            0,            0,            0,    -0.259648,    0.9657033
robot_20
    -38.0543,    -21.89678,            0,            0,            0,    0.9982967,    0.0583417
robot_143
    9.881842,      37.7368,            0,            0,            0,   -0.9840659,    0.1778043
robot_138
   -32.59697,    -22.00158,            0,            0,            0,    0.8943135,     0.447441
robot_123
    11.48746,    -22.00832,            0,            0,            0,    0.7098803,    0.7043223
robot_193
   -1.913586,     26.12132,            0,            0,            0,   -0.2011167,    0.9795673
robot_187
   -25.98932,    -37.96093,            0,            0,            0,    0.7495997,    0.6618915
robot_176
   -22.08459,    -30.89374,            0,            0,            0,    0.6354236,    0.7721638
robot_66
    28.22285,    -26.03077,            0,            0,            0,   -0.2948868,    0.9555322
robot_63
    38.07838,     33.85934,            0,            0,            0,    0.1402424,    0.9901172
robot_31
    35.40417,     33.98018,            0,            0,            0,   -0.4005083,    0.9162931
robot_159
   -26.09666,     9.578116,            0,            0,            0,   -0.5734571,    0.8192356
robot_160
    13.92493,    -10.99958,            0,            0,            0,    0.2385059,    0.9711411
robot_151
    33.21775,     30.00747,            0,            0,            0,   -0.7363906,    0.6765567
robot_150
    21.93539,    -36.70888,            0,            0,            0,   -0.9697773,    0.2439916
robot_137
    6.312587,    -10.00856,            0,            0,            0,     0.729059,    0.6844508
robot_199
   -33.66673,     34.06565,            0,            0,            0,    0.5691652,    0.8222232
robot_54
     13.9524,    -2.809545,            0,            0,            0,   -0.6633384,    0.7483196
robot_117
    21.96375,      12.0354,            0,            0,            0,   0.03459968,    0.9994013
robot_36
   -11.54079,    -22.02066,            0,            0,            0,    0.9994353,    0.0336008
robot_33
   -28.42643,    -30.00637,            0,            0,            0,    -0.332572,    0.9430779
robot_146
    5.961369,     36.19971,            0,            0,            0,    0.5025812,      0.86453
robot_156
    23.74735,     2.019964,            0,            0,            0,    0.6944231,    0.7195669
robot_112
      16.464,    -9.996988,            0,            0,            0,   -0.6909141,    0.7229369
robot_19
    34.02866,    -29.65094,            0,            0,            0,  -0.09761958,    0.9952238
robot_141
    23.97944,     6.008193,            0,            0,            0,   -0.5606062,    0.8280825
robot_35
   -6.098522,     32.55231,            0,            0,            0,   -0.6295286,    0.7769773
robot_184
    5.992528,     1.930132,            0,            0,            0,   -0.5957883,    0.8031415
robot_98
    25.95942,     -27.5478,            0,            0,            0,   -0.6783908,    0.7347012
robot_100
    20.65376,    -17.97323,            0,            0,            0,    0.4014937,    0.9158618
robot_164
    13.43989,     1.936447,            0,            0,            0,   -0.9871281,    0.1599316
robot_59
    5.907857,   -0.5103917,            0,            0,            0,   -0.9911025,    0.1331008
robot_144
    9.980399,      13.9027,            0,            0,            0,   -0.9627428,    0.2704189
robot_101
   -27.91878,     -26.0291,            0,            0,            0,    0.9037222,    0.4281193
robot_161
   -14.06896,     28.90183,            0,            0,            0,   -0.7700235,    0.6380155
robot_149
   -22.05998,     6.390518,            0,            0,            0,  -0.01546766,    0.9998804
robot_86
   -30.04024,    -35.58589,            0,            0,            0,   -0.4430589,    0.8964925
robot_191
    13.94686,      31.1623,            0,            0,            0,   -0.7137332,    0.7004177
robot_126
   -10.07336,      15.4289,            0,            0,            0,    0.9105657,    0.4133644
robot_190
    1.957108,     13.47643,            0,            0,            0,    -0.746609,    0.6652632
robot_131
   -35.01426,     -14.0203,            0,            0,            0,    0.9997967,   0.02016264
robot_154
   -2.628668,    -14.01088,            0,            0,            0,   -0.6624884,    0.7490722
robot_9
   -14.22382,    -6.099548,            0,            0,            0,    0.1057123,    0.9943968
robot_27
   -6.276795,    -9.854695,            0,            0,            0,   -0.7396214,    0.6730232
robot_34
   -6.008432,     30.06021,            0,            0,            0,    0.9282371,    0.3719892
robot_114
    21.96648,     15.94893,            0,            0,            0,    0.9831396,    0.1828568
robot_51
    5.888767,     14.03083,            0,            0,            0,   -0.7050837,    0.7091241
robot_108
    -25.5898,     34.01846,            0,            0,            0,   -0.3304748,    0.9438148
robot_147
   -30.08081,    -26.52772,            0,            0,            0,   -0.8029062,    0.5961054
robot_183
    16.80807,     26.01238,            0,            0,            0,    0.4181176,    0.9083929
robot_48
   -29.64336,    -37.97555,            0,            0,            0,    0.1107495,    0.9938484
robot_60
    9.953165,    -4.657549,            0,            0,            0,   -0.7077536,    0.7064594
robot_75
   -34.12451,    -5.835564,            0,            0,            0,   -0.2250321,    0.9743514
robot_152
    33.86173,    -22.25768,            0,            0,            0,   -0.9985272,   0.05425403
robot_26
    25.93062,    -32.79204,            0,            0,            0,   -0.3345896,    0.9423639
robot_182
    17.92469,   0.08589759,            0,            0,            0,   -0.4616959,    0.8870382
robot_172
   -22.09847,     11.12728,            0,            0,            0,   -0.3242592,    0.9459683
robot_43
    36.62462,    -18.00688,            0,            0,            0,    0.8815773,    0.4720396
robot_170
   -6.182969,     38.12871,            0,            0,            0,   -0.5259734,     0.850501
robot_177
   -32.05311,    -17.97576,            0,            0,            0,    0.6141581,    0.7891831
robot_80
    -34.2156,     9.995814,            0,            0,            0,    0.6410349,    0.7675117
robot_16
    33.95657,      -8.0866,            0,            0,            0,    0.5044983,    0.8634127
robot_13
   -30.06441,    -5.010505,            0,            0,            0,    0.6220542,    0.7829742
robot_178
   -5.865191,     -26.1253,            0,            0,            0,   -0.8912361,    0.4535397
robot_88
   -12.25253,    -38.01092,            0,            0,            0,   -0.7579027,    0.6523676
robot_194
    21.95133,     28.33868,            0,            0,            0,    0.1808159,     0.983517
robot_29
   -22.07195,    -5.296628,            0,            0,            0,    0.1333352,     0.991071
robot_92
   -14.08371,    -25.45813,            0,            0,            0,    -0.757545,    0.6527829
robot_87
   -34.02143,     -2.04761,            0,            0,            0,    0.2713591,    0.9624782
robot_68
   -22.08245,    -21.72275,            0,            0,            0,    0.3012133,    0.9535568
robot_22
   -37.55265,    -25.98116,            0,            0,            0,    0.6224217,    0.7826821
robot_38
    33.85667,      -37.905,            0,            0,            0,    -0.482377,    0.8759637
robot_2
    19.59707,    -30.01518,            0,            0,            0,   -0.8978229,    0.4403566
robot_110
   -38.11173,     13.98813,            0,            0,            0,   -0.8725194,    0.4885794
robot_14
    17.87143,     33.78278,            0,            0,            0,    0.4882181,    0.8727217
robot_181
   -4.131104,    -5.992888,            0,            0,            0,    0.5257877,    0.8506158
robot_61
    -2.08661,    -33.96586,            0,            0,            0,   -0.9994227,   0.03397365
robot_30
   -10.07034,    -10.22094,            0,            0,            0,    0.8196974,    0.5727968
robot_122
     25.4919,     -22.0145,            0,            0,            0,    0.8162385,    0.5777151
robot_132
     38.4459,    -5.988313,            0,            0,            0,    0.9195917,    0.3928755
robot_45
    30.03614,    -14.22217,            0,            0,            0,    0.8477111,    0.5304582
robot_21
   -34.25797,     29.91374,            0,            0,            0,   -0.9813716,     0.192119
robot_39
     14.2922,     6.042905,            0,            0,            0,   -0.8311579,    0.5560365
robot_134
    21.27071,     33.99711,            0,            0,            0,    0.9979359,   0.06421853
robot_15
    29.95315,    -24.40678,            0,            0,            0,   -0.9641446,    0.2653773
robot_145
    1.768828,    -21.94641,            0,            0,            0,    0.7205295,    0.6934242
robot_140
   -8.548941,    -18.02022,            0,            0,            0,    0.8884181,    0.4590351
robot_196
   -10.05338,     37.69985,            0,            0,            0,    0.5802805,    0.8144167
robot_188
   -10.30555,     10.00539,            0,            0,            0,   -0.9441253,    0.3295866
robot_4
   -21.40868,    -26.00175,            0,            0,            0,   -0.6942448,     0.719739
robot_155
    21.92107,     30.64163,            0,            0,            0,    0.6957796,    0.7182553
robot_135
   -17.84242,    -38.09501,            0,            0,            0,   -0.8976011,    0.4408086
robot_93
   -13.59554,     33.99331,            0,            0,            0,   -0.9955549,   0.09418341
robot_111
   -38.02849,     18.36562,            0,            0,            0,     0.491943,    0.8706274
robot_0
    25.91251,    -6.958198,            0,            0,            0,     0.865098,    0.5016029
robot_49
    33.89904,    -18.29332,            0,            0,            0,    0.7381968,    0.6745854
robot_113
     25.9514,    -36.98969,            0,            0,            0,    0.9792754,    0.2025331
robot_94
   -38.05999,     27.71715,            0,            0,            0,    0.6243382,    0.7811542
robot_40
   -26.09277,    0.3967241,            0,            0,            0,    0.9093388,    0.4160563
robot_103
    1.912254,     26.66934,            0,            0,            0,    0.3460573,    0.9382134
robot_6
   -18.06825,    -13.20018,            0,            0,            0,    0.5820172,    0.8131765
robot_71
   -34.99191,    -25.97757,            0,            0,            0,    0.7202363,    0.6937288
robot_17
   -16.39284,    -21.98834,            0,            0,            0,   -0.4929074,    0.8700818
robot_120
    25.71198,     14.11164,            0,            0,            0,    0.8729717,    0.4877709
robot_189
   -38.23048,     30.03399,            0,            0,            0,   -0.9410106,     0.338377
robot_148
    21.94551,    -39.32415,            0,            0,            0,    0.3833138,    0.9236182
robot_186
    -22.0497,     17.38301,            0,            0,            0,   -0.6394997,    0.7687913
robot_198
   -35.21233,     26.03117,            0,            0,            0,   -0.9393931,     0.342842
robot_107
    37.95493,     24.03252,            0,            0,            0,    0.2102212,    0.9776538
robot_18
    1.933452,    -28.65647,            0,            0,            0,    0.9889612,    0.1481748
robot_23
   -18.06504,     7.634957,            0,            0,            0,    0.8797196,    0.4754929
robot_46
   -18.07961,     29.94388,            0,            0,            0,    0.4920521,    0.8705657
robot_109
   -17.93553,    -34.15912,            0,            0,            0,    0.6000888,    0.7999334
robot_10
   -21.63395,      2.02017,            0,            0,            0,    -0.102849,     0.994697
robot_157
     29.8419,    -29.85306,            0,            0,            0,     0.999862,   0.01661397
robot_70
   -31.98837,     9.988239,            0,            0,            0,    0.5930989,    0.8051296
robot_55
   -2.155259,    -29.97934,            0,            0,            0,   -0.9218661,    0.3875086
