tuw_multi_robot_msgs::RobotGoalsArray @1970-01-01T01:22:10.100000
frame_id: map
        4930,    100000000
robot_84
    13.94815,     14.38772,            0,            0,            0,    0.9888991,    0.1485886
robot_116
   -26.30286,     26.00533,            0,            0,            0,   -0.2018067,    0.9794254
robot_74
    29.77621,     33.81439,            0,            0,            0,    0.2061802,     0.978514
robot_41
   -18.13393,     18.19321,            0,            0,            0,  -0.08415135,     0.996453
robot_125
    37.91385,     7.175605,            0,            0,            0,  -0.02234174,    0.9997504
robot_136
   -17.31988,      38.0022,            0,            0,            0,   0.02851285,    0.9995934
robot_173
   -6.039804,     31.13779,            0,            0,            0,    -0.653095,     0.757276
robot_67
    7.821152,    -30.01451,            0,            0,            0,    0.8411319,    0.5408301
robot_197
   -18.29502,    -30.05965,            0,            0,            0,   0.04208321,    0.9991141
robot_119
   -8.112994,     26.00272,            0,            0,            0,    0.9999691,  0.007856136
