tuw_multi_robot_msgs::RobotGoalsArray @1970-01-01T01:47:22.700000
frame_id: map
        6442,    700000000
robot_84
  -0.5530378,    -21.99495,            0,            0,            0,   -0.7159731,    0.6981278
robot_116
    38.14357,     6.065892,            0,            0,            0,    0.8725218,    0.4885753
robot_74
    -11.8835,     38.02326,            0,            0,            0,   -0.6668381,    0.7452026
robot_41
   -14.09436,     36.89117,            0,            0,            0,    0.9846248,    0.1746826
robot_125
   -38.08787,    -16.36828,            0,            0,            0,   -0.3930745,    0.9195066
robot_136
    21.94261,     19.58428,            0,            0,            0,   -0.0398239,    0.9992067
robot_173
   -36.43296,     21.97183,            0,            0,            0,   -0.7519266,    0.6592468
robot_67
     18.0763,    -13.83968,            0,            0,            0,   0.02607154,    0.9996601
robot_197
   -5.754859,    -30.00449,            0,            0,            0,    0.1990187,    0.9799957
robot_119
      33.905,     16.30806,            0,            0,            0,    0.1206783,    0.9926917
robot_82
    33.75572,    -34.11777,            0,            0,            0,   -0.8720044,     0.489498
robot_77
    21.94842,     32.39106,            0,            0,            0,    0.9036757,    0.4282175
robot_5
   -34.08778,    -25.68333,            0,            0,            0,   -0.2187286,    0.9757857
robot_133
    1.699906,     14.09794,            0,            0,            0,   -0.1553265,    0.9878632
robot_99
     13.9078,    -17.07736,            0,            0,            0,   -0.8925139,    0.4510199
robot_171
    37.92576,     13.04111,            0,            0,            0,    0.1297903,    0.9915415
robot_180
   -26.21083,    -38.08312,            0,            0,            0,     0.822681,    0.5685032
robot_56
   -2.099441,     33.48595,            0,            0,            0,    0.6444433,    0.7646521
robot_3
    -26.1512,     14.20059,            0,            0,            0,   -0.9724245,    0.2332178
robot_81
    12.56296,     6.030193,            0,            0,            0,    0.2771747,    0.9608195
