tuw_multi_robot_msgs::RobotGoalsArray @1970-01-01T00:17:05.100000
frame_id: map
        1025,    100000000
robot_84
   -27.77083,      2.00609,            0,            0,            0,    0.4046676,    0.9144638
robot_116
    37.73263,    -29.90313,            0,            0,            0,    0.1665218,    0.9860378
robot_74
    29.57832,     17.93716,            0,            0,            0,     0.374357,    0.9272846
robot_41
    39.15356,    -5.973037,            0,            0,            0,   -0.8453735,    0.5341757
robot_125
    34.02821,    -14.09638,            0,            0,            0,   -0.9985767,   0.05333536
robot_136
    9.024459,    -2.024995,            0,            0,            0,   -0.9845575,    0.1750614
robot_173
   -14.07731,    -15.19976,            0,            0,            0,    0.9711499,    0.2384697
robot_67
   -25.41656,     -14.0151,            0,            0,            0,   -0.7090007,    0.7052077
robot_197
    22.44972,    -1.993866,            0,            0,            0,    0.6449966,    0.7641855
robot_119
   -23.28629,    -38.02884,            0,            0,            0,   -0.7857012,    0.6186062
robot_82
   -29.89302,     -30.1302,            0,            0,            0,    0.1432586,    0.9896853
robot_77
   -10.05019,    -16.25298,            0,            0,            0,    0.3273254,    0.9449117
robot_5
   -26.08661,    -35.37989,            0,            0,            0,    0.9574286,    0.2886702
robot_133
    26.62223,     22.02555,            0,            0,            0,    0.7053076,    0.7089014
robot_99
    14.10303,     22.10208,            0,            0,            0,    0.6392597,    0.7689909
robot_171
    1.959798,    -18.88939,            0,            0,            0,    0.7586609,    0.6514857
robot_180
   -18.08328,    -19.85791,            0,            0,            0,   -0.4524704,    0.8917794
robot_56
   -27.13277,    -10.01133,            0,            0,            0,    0.6532958,    0.7571027
robot_3
   -18.15226,    -5.661063,            0,            0,            0,    0.7559136,    0.6546714
robot_81
    37.79672,     26.15134,            0,            0,            0,   -0.5128945,    0.8584516
robot_167
   -34.00018,     6.335666,            0,            0,            0,    0.7744611,    0.6326216
robot_25
    23.72585,    -21.98047,            0,            0,            0,    0.9949135,    0.1007326
robot_168
    26.30333,     25.96281,            0,            0,            0,    0.9998211,   0.01891598
robot_96
   -6.094365,    -3.812452,            0,            0,            0,   -0.8328702,    0.5534684
robot_166
    26.21517,     -13.9677,            0,            0,            0,   -0.8793306,    0.4762118
robot_102
   -34.98921,     21.97485,            0,            0,            0,   -0.9999878,  0.004948922
robot_192
   -10.08985,     27.03389,            0,            0,            0,   -0.9979032,   0.06472434
robot_179
   -38.36134,     13.94145,            0,            0,            0,    0.1918431,    0.9814256
robot_142
    37.53418,     17.98424,            0,            0,            0,    0.9319526,    0.3625801
robot_1
    26.54917,     33.96953,            0,            0,            0,   -0.9678685,    0.2514568
robot_44
   -29.97291,     10.29004,            0,            0,            0,    0.7890157,     0.614373
robot_163
    37.83736,    -13.75961,            0,            0,            0,     0.250052,    0.9682324
robot_79
   -38.06335,     32.21553,            0,            0,            0,   -0.7742109,    0.6329277
robot_8
    29.95904,     38.09532,            0,            0,            0,    0.2260845,    0.9741077
robot_20
   -24.09811,    -29.98207,            0,            0,            0,    0.5348112,    0.8449716
robot_143
   -10.31467,    -25.90731,            0,            0,            0,    0.9767616,    0.2143285
robot_138
    13.93644,    -24.31351,            0,            0,            0,   -0.9904166,    0.1381121
robot_123
    17.76797,     29.93363,            0,            0,            0,   -0.9993843,   0.03508576
robot_193
    33.83688,     1.685306,            0,            0,            0,    0.3577258,    0.9338267
robot_187
   -21.64335,     14.08434,            0,            0,            0,   -0.6849063,    0.7286311
