tuw_multi_robot_msgs::RobotGoalsArray @1970-01-01T01:21:59.100000
frame_id: map
        4919,    100000000
robot_84
   -6.067776,    -16.41606,            0,            0,            0,   -0.8072545,    0.5902035
robot_116
   -25.83907,     34.01849,            0,            0,            0,   -0.4649456,    0.8853393
robot_74
   -2.090106,      17.9021,            0,            0,            0,    0.9189143,    0.3944572
robot_41
   -7.476519,     2.006513,            0,            0,            0,    0.7324947,    0.6807727
robot_125
   -22.39005,    -30.03655,            0,            0,            0,    0.3056328,    0.9521495
robot_136
    -38.0736,     20.20913,            0,            0,            0,    0.4581913,    0.8888536
robot_173
   -34.02916,     22.13702,            0,            0,            0,     0.950871,    0.3095872
robot_67
    -29.6201,    -17.96585,            0,            0,            0,   0.05532629,    0.9984683
robot_197
   -21.85464,    -34.14663,            0,            0,            0,    0.8952802,    0.4455034
robot_119
    37.94877,     25.21951,            0,            0,            0,   -0.4603714,    0.8877264
