tuw_multi_robot_msgs::RobotGoalsArray @1970-01-01T01:41:07.600000
frame_id: map
        6067,    600000000
robot_84
   -22.00111,        22.16,            0,            0,            0,    0.2131731,    0.9770144
robot_116
     9.84102,    -14.29185,            0,            0,            0,   0.06725244,     0.997736
robot_74
   -29.91861,    -34.17491,            0,            0,            0,   -0.3204414,    0.9472683
robot_41
   -26.07671,     2.137994,            0,            0,            0,   -0.7729407,    0.6344783
robot_125
   -33.11245,    -30.01034,            0,            0,            0,    0.5913981,    0.8063797
robot_136
    33.86206,     37.72396,            0,            0,            0,   -0.9964617,   0.08404858
robot_173
   -22.07181,     -6.05472,            0,            0,            0,    0.9420753,    0.3354015
robot_67
   -26.80473,     26.02276,            0,            0,            0,   -0.3739719,      0.92744
robot_197
    17.94003,    -32.54467,            0,            0,            0,  0.001446225,     0.999999
robot_119
   -6.557654,     9.935074,            0,            0,            0,    0.9402568,    0.3404662
robot_82
    9.707132,    -17.86187,            0,            0,            0,    0.9403561,    0.3401917
robot_77
     23.2352,    -26.00656,            0,            0,            0,   -0.8403409,    0.5420583
robot_5
     34.1607,    -33.92102,            0,            0,            0,    0.9618004,    0.2737516
robot_133
    13.63392,     26.01019,            0,            0,            0,   -0.9981389,   0.06098193
robot_99
   -30.15156,    -9.859027,            0,            0,            0,    0.9313568,    0.3641079
robot_171
    29.95602,      2.94753,            0,            0,            0,   -0.6094398,    0.7928323
robot_180
    5.928608,     8.152551,            0,            0,            0,    0.9761722,    0.2169972
robot_56
    25.94709,    -2.001668,            0,            0,            0,    -0.992435,    0.1227715
robot_3
    18.28703,     34.09329,            0,            0,            0,    0.8653524,    0.5011638
robot_81
   -38.06861,     -20.8349,            0,            0,            0,     -0.67305,     0.739597
robot_167
    29.81015,    -18.12145,            0,            0,            0,   -0.9084409,    0.4180134
robot_25
   -27.84746,     14.01067,            0,            0,            0,   -0.9006387,    0.4345687
robot_168
   -22.06358,    -21.55865,            0,            0,            0,    0.3823656,    0.9240111
robot_96
    37.95343,     20.66385,            0,            0,            0,    0.5277384,     0.849407
robot_166
   -21.40313,    -25.97418,            0,            0,            0,   -0.8190083,    0.5737817
robot_102
   -10.23251,     21.97879,            0,            0,            0,  -0.04559195,    0.9989601
robot_192
    26.18754,    -34.09253,            0,            0,            0,    -0.106845,    0.9942757
robot_179
    8.311904,     33.96832,            0,            0,            0,   0.07005653,     0.997543
robot_142
    22.02481,    -38.14752,            0,            0,            0,    0.7286701,    0.6848649
robot_1
    10.36617,     22.09168,            0,            0,            0,   -0.1946497,    0.9808728
robot_44
   -5.616473,    -22.06795,            0,            0,            0,   0.03764663,    0.9992911
robot_163
    33.93907,    -37.64554,            0,            0,            0,   -0.7056611,    0.7085496
robot_79
    29.79245,    -9.828123,            0,            0,            0,    0.3604068,    0.9327952
robot_8
   -8.572642,     9.967603,            0,            0,            0,   -0.5214864,    0.8532596
robot_20
   -18.44254,    -10.05296,            0,            0,            0,   -0.2412366,    0.9704663
robot_143
   -6.032099,    -14.30326,            0,            0,            0,    0.8390894,    0.5439935
robot_138
    34.03102,    -10.13332,            0,            0,            0,    -0.884669,    0.4662196
robot_123
   -6.087355,     1.611029,            0,            0,            0,   -0.5309429,    0.8474076
robot_193
   -34.06056,    -7.656207,            0,            0,            0,    0.9999926,   0.00383697
robot_187
   -22.43891,     25.93452,            0,            0,            0,    0.6945449,    0.7194493
robot_176
    29.56422,     6.072808,            0,            0,            0,    0.9999845,  0.005558922
robot_66
    5.820819,    -22.17883,            0,            0,            0,   -0.6470188,     0.762474
robot_63
   -2.044559,    -13.90537,            0,            0,            0,    0.7347073,    0.6783843
robot_31
   -26.11294,    -18.30449,            0,            0,            0,    0.8665876,     0.499025
robot_159
   -9.945608,     -10.1136,            0,            0,            0,    0.3636065,    0.9315526
robot_160
    2.261871,    -10.01216,            0,            0,            0,    -0.439794,    0.8980987
robot_151
    -30.0489,     21.97684,            0,            0,            0,    -0.304141,     0.952627
robot_150
    8.555577,      30.0167,            0,            0,            0,    0.5600138,    0.8284833
robot_137
    33.90998,    -29.23195,            0,            0,            0,   -0.8098258,    0.5866704
robot_199
   -37.87845,      18.0834,            0,            0,            0,   -0.7923958,    0.6100072
robot_54
    21.92913,     39.36332,            0,            0,            0,   -0.8849715,    0.4656451
robot_117
   -17.76327,    -38.04911,            0,            0,            0,    0.8594827,    0.5111649
robot_36
   -28.32353,     17.98845,            0,            0,            0,   -0.7665738,    0.6421562
robot_33
   -22.08218,     37.12213,            0,            0,            0,   -0.8310323,    0.5562242
robot_146
   -1.666674,     18.04244,            0,            0,            0,    0.6358332,    0.7718265
robot_156
    25.33069,    -22.01541,            0,            0,            0,    0.9881053,     0.153779
robot_112
    23.80898,     30.00023,            0,            0,            0,    0.9746756,    0.2236235
robot_19
    3.070754,     14.00288,            0,            0,            0,   -0.9599945,    0.2800189
robot_141
    9.928183,    -33.87554,            0,            0,            0,   -0.9334838,    0.3586196
robot_35
   -22.07205,     27.83392,            0,            0,            0,    0.8522006,    0.5232152
robot_184
    -6.25366,    -5.940272,            0,            0,            0,   -0.1730995,    0.9849043
robot_98
    35.15612,     21.98846,            0,            0,            0,   -0.7788675,    0.6271885
robot_100
    9.819343,    -22.19429,            0,            0,            0,    0.2845234,    0.9586691
robot_164
   -9.522236,     1.994949,            0,            0,            0,  -0.05803898,    0.9983143
robot_59
   -26.14921,    -6.133024,            0,            0,            0,   -0.7590254,     0.651061
robot_144
   -38.14223,     22.34527,            0,            0,            0,   -0.9986322,   0.05228541
robot_101
    5.932118,     34.38782,            0,            0,            0,   -0.4527333,     0.891646
robot_161
   -2.036432,     13.41562,            0,            0,            0,    0.9794133,    0.2018651
robot_149
   -2.355487,     25.95449,            0,            0,            0,    -0.901442,    0.4328998
robot_86
    13.91291,     -25.1446,            0,            0,            0,   -0.9991302,       0.0417
robot_191
    26.67149,     30.01773,            0,            0,            0,    0.6388316,    0.7693466
robot_126
    25.90993,     15.40849,            0,            0,            0,    0.1454042,    0.9893723
robot_190
    1.923656,    -28.28723,            0,            0,            0,    0.1675654,     0.985861
robot_131
   -9.966791,    -29.92338,            0,            0,            0,    -0.837891,    0.5458376
robot_154
    9.899601,    -9.777394,            0,            0,            0,   -0.7893092,    0.6139959
robot_9
   -6.034116,    -11.02543,            0,            0,            0,    0.2517283,     0.967798
robot_27
   -11.84218,     30.00785,            0,            0,            0,   -0.3587713,    0.9334255
robot_34
   -17.94658,     14.11674,            0,            0,            0,    0.9976726,   0.06818664
robot_114
    21.94359,     4.510634,            0,            0,            0,   -0.7813769,    0.6240594
robot_51
    2.267813,    -13.94205,            0,            0,            0,   -0.8895211,    0.4568941
robot_108
   -2.054619,      21.2821,            0,            0,            0,    0.9781752,     0.207782
robot_147
   -18.00712,     34.17488,            0,            0,            0,   -0.7104864,     0.703711
robot_183
     5.90561,     -24.7901,            0,            0,            0,    0.9874012,    0.1582365
robot_48
    4.930314,      5.97389,            0,            0,            0,   -0.2002971,    0.9797352
robot_60
    26.77855,     2.002534,            0,            0,            0,   -0.9554337,    0.2952057
robot_75
   -2.309845,     5.984156,            0,            0,            0,   -0.3393106,    0.9406744
robot_152
    32.95204,     2.011156,            0,            0,            0,    0.7981718,    0.6024298
robot_26
   -5.981177,      13.6641,            0,            0,            0,    0.9610382,    0.2764154
robot_182
   -2.111771,     33.71292,            0,            0,            0,    0.9439449,    0.3301029
robot_172
    -30.2311,     -13.9863,            0,            0,            0,    0.6674473,     0.744657
robot_43
    23.30761,     13.98418,            0,            0,            0,    0.9971848,   0.07498253
robot_170
   -14.08172,    -14.37473,            0,            0,            0,  -0.06008632,    0.9981932
robot_177
    25.87551,     17.91841,            0,            0,            0,    0.1743511,    0.9846836
robot_80
    -18.0864,    -31.79679,            0,            0,            0,    0.9979635,   0.06378785
robot_16
    33.75399,    -22.01688,            0,            0,            0,    0.9097077,    0.4152493
robot_13
    21.87954,    -17.68478,            0,            0,            0,    0.3231282,    0.9463552
robot_178
    -13.8746,     10.12202,            0,            0,            0,    0.9947933,    0.1019136
robot_88
    17.52389,     14.02096,            0,            0,            0,    0.3871951,    0.9219978
robot_194
   -23.56494,    -13.97371,            0,            0,            0,   -0.9653576,    0.2609303
robot_29
    3.933396,     21.96736,            0,            0,            0,    -0.851242,    0.5247733
robot_92
   -5.912654,     -29.8108,            0,            0,            0,    0.4051704,    0.9142412
robot_87
   -18.08633,    -3.844271,            0,            0,            0,    0.2361408,    0.9717189
robot_68
   -34.05536,    -16.95774,            0,            0,            0,    -0.987019,    0.1606037
robot_22
   -38.08463,     -33.6803,            0,            0,            0,    0.7027918,    0.7113956
robot_38
    18.58895,    -21.97782,            0,            0,            0,    0.2514704,     0.967865
robot_2
    17.93002,     38.39843,            0,            0,            0,   -0.9860128,    0.1666693
robot_110
      37.903,     23.81016,            0,            0,            0,    0.9661303,    0.2580548
robot_14
    13.91062,     20.80119,            0,            0,            0,   -0.7826417,    0.6224724
robot_181
    25.90143,    -37.35086,            0,            0,            0,    0.2655007,    0.9641107
robot_61
   -38.16582,    -25.79208,            0,            0,            0,    0.7809022,    0.6246533
robot_30
    14.01079,    -22.12555,            0,            0,            0,    0.1441818,    0.9895512
robot_122
    33.63395,     -1.94313,            0,            0,            0,   -0.8934482,    0.4491663
robot_132
    21.98048,     1.826232,            0,            0,            0,    0.8072416,    0.5902212
robot_45
    22.67174,     33.98188,            0,            0,            0,    0.5364764,    0.8439153
robot_21
   -10.55261,     17.92057,            0,            0,            0,   -0.2870173,    0.9579254
robot_39
    37.91169,    -6.212204,            0,            0,            0,    0.9928791,    0.1191267
robot_134
    21.95316,     24.38714,            0,            0,            0,    0.7892848,    0.6140272
robot_15
   -32.20119,     38.01869,            0,            0,            0,    0.9943356,    0.1062857
robot_145
   -18.04233,    -14.04402,            0,            0,            0,   -0.0489612,    0.9988007
robot_140
    6.006434,     22.27963,            0,            0,            0,    0.9002887,    0.4352932
robot_196
    34.20054,     10.00883,            0,            0,            0,   -0.9488187,    0.3158212
robot_188
     26.0297,    -29.92446,            0,            0,            0,    0.9941013,    0.1084553
robot_4
    37.90898,     15.18637,            0,            0,            0,     0.163353,    0.9865677
robot_155
    29.51283,    -26.02199,            0,            0,            0,    0.1785572,    0.9839295
robot_135
    7.484056,    -1.977525,            0,            0,            0,   -0.8279909,    0.5607416
robot_93
    13.81377,      -6.1093,            0,            0,            0,    0.1884173,    0.9820891
robot_111
     30.6856,       21.981,            0,            0,            0,    -0.888243,    0.4593738
robot_0
    37.93258,    -24.01491,            0,            0,            0,    0.9602513,    0.2791368
robot_49
   -14.07539,    -19.09086,            0,            0,            0,    0.3959329,    0.9182795
robot_113
   -5.989659,    -25.98955,            0,            0,            0,  -0.06831169,     0.997664
robot_94
   -26.36273,     -25.9496,            0,            0,            0,    0.5657632,    0.8245678
robot_40
    21.03125,    -13.98793,            0,            0,            0,   0.07972234,    0.9968171
robot_103
    5.960795,     26.14009,            0,            0,            0,   -0.8777083,    0.4791953
robot_6
    -27.1819,      22.0039,            0,            0,            0,   -0.7705211,    0.6374146
robot_71
    -20.6451,    -29.99077,            0,            0,            0,   -0.9906448,    0.1364657
robot_17
   -29.83433,     9.975399,            0,            0,            0,    0.6762059,    0.7367127
robot_120
    17.91664,     4.880979,            0,            0,            0,   -0.3538053,    0.9353191
robot_189
    5.846538,     10.23263,            0,            0,            0,   -0.9982769,   0.05867927
robot_148
    -26.0483,    -35.52257,            0,            0,            0,   -0.4766152,     0.879112
robot_186
    -14.0679,    -36.17729,            0,            0,            0,    0.9897201,    0.1430179
robot_198
    -35.4129,    -14.00564,            0,            0,            0,   -0.1676313,    0.9858498
robot_107
   -2.557765,    -25.95852,            0,            0,            0,   -0.2061925,    0.9785115
robot_18
    37.92732,     33.84731,            0,            0,            0,     0.932178,    0.3620003
robot_23
    37.90522,    -28.59278,            0,            0,            0,   -0.6432829,    0.7656286
robot_46
    22.05607,    -21.91941,            0,            0,            0,     0.983287,    0.1820624
robot_109
    12.56447,     13.97641,            0,            0,            0,  -0.06278194,    0.9980273
robot_10
    7.238021,    -13.99584,            0,            0,            0,   -0.9949021,    0.1008452
robot_157
   -22.30994,     29.91292,            0,            0,            0,    0.3984081,    0.9172083
robot_70
    -9.12187,     5.994422,            0,            0,            0,    0.2434277,    0.9699191
robot_55
   -22.04299,     12.97076,            0,            0,            0,   0.04306999,    0.9990721
robot_73
   -10.05595,     12.30564,            0,            0,            0,   -0.7973012,    0.6035817
robot_69
    17.26084,    -5.989638,            0,            0,            0,    0.3721154,    0.9281865
robot_65
    30.05056,     33.89499,            0,            0,            0,   -0.7716513,    0.6360458
robot_124
    13.90377,     31.81067,            0,            0,            0,    -0.170982,    0.9852742
robot_115
    9.985456,    -29.90685,            0,            0,            0,   -0.2185523,    0.9758252
robot_130
   -21.91011,    -33.89516,            0,            0,            0,    0.9990505,    0.0435666
robot_85
    -39.1699,     29.97497,            0,            0,            0,   -0.9966926,   0.08126386
robot_91
    21.91656,     19.57473,            0,            0,            0,     0.298902,    0.9542838
robot_47
     10.0069,    -38.31688,            0,            0,            0,   -0.3344353,    0.9424187
robot_52
   -21.90666,    -18.19754,            0,            0,            0,   -0.6461326,    0.7632252
robot_195
    14.05552,    -18.15675,            0,            0,            0,   -0.9139473,    0.4058328
robot_72
   -36.20116,    -21.97116,            0,            0,            0,   -0.8863151,    0.4630826
robot_158
    33.53889,     14.07332,            0,            0,            0,    0.7198258,    0.6941547
robot_153
   -34.14636,    -9.927962,            0,            0,            0,    0.1266112,    0.9919524
robot_105
   -37.89364,     25.90919,            0,            0,            0,   -0.4694559,    0.8829559
robot_162
    13.90133,     23.50189,            0,            0,            0,    -0.927259,    0.3744206
robot_97
   -8.383334,     -17.9816,            0,            0,            0,   -0.7373906,    0.6754666
robot_90
   -38.07505,    -7.001275,            0,            0,            0,    0.8127548,     0.582606
robot_165
   -10.04121,     36.84554,            0,            0,            0,   -0.4341062,    0.9008617
robot_42
   -17.91946,    -21.89268,            0,            0,            0,   -0.9968607,   0.07917547
robot_7
    -13.8714,    -25.85031,            0,            0,            0,    0.4964333,    0.8680749
robot_28
   -7.937284,    -22.01513,            0,            0,            0,   -0.9283389,    0.3717349
robot_118
    -30.0866,     37.43937,            0,            0,            0,   -0.1830063,    0.9831117
robot_139
   -6.143214,     5.797797,            0,            0,            0,   -0.9770501,    0.2130097
robot_129
   -26.11136,     17.92417,            0,            0,            0,    0.2398664,    0.9708059
robot_57
   -15.84796,     30.02236,            0,            0,            0,    0.7582875,    0.6519203
robot_24
    26.03929,     -18.2017,            0,            0,            0,  -0.01580258,    0.9998751
robot_106
    -30.0725,     12.03635,            0,            0,            0,   -0.9983807,    0.0568848
robot_185
    7.088629,     18.01742,            0,            0,            0,   -0.9968284,   0.07958105
robot_174
   -18.15402,    -17.67099,            0,            0,            0,   -0.5603943,     0.828226
robot_58
   -26.08918,     15.56434,            0,            0,            0,    0.1530719,    0.9882151
robot_12
    17.94355,    -37.62323,            0,            0,            0,    0.1498194,    0.9887134
robot_95
    13.80177,     9.785566,            0,            0,            0,    0.8224241,    0.5688749
robot_78
    13.99136,     38.22268,            0,            0,            0,    -0.777248,    0.6291943
robot_62
    34.12875,     5.905943,            0,            0,            0,  -0.08561756,    0.9963281
robot_121
     35.9931,     18.00646,            0,            0,            0,    0.2662311,    0.9639092
robot_83
   -6.048945,     31.05725,            0,            0,            0,    0.9126955,    0.4086403
robot_127
    -18.0731,     16.37076,            0,            0,            0,   -0.6764174,    0.7365185
robot_128
   -2.036152,    -11.04703,            0,            0,            0,   -0.9715866,    0.2366844
robot_32
    14.45433,    -1.994943,            0,            0,            0,   0.05574651,     0.998445
robot_89
    1.108842,      10.0167,            0,            0,            0,   -0.8841205,     0.467259
robot_11
    25.92019,      22.1198,            0,            0,            0,    0.5668373,    0.8238298
robot_37
   -18.08303,    -26.61229,            0,            0,            0,   0.02863308,      0.99959
robot_175
    16.86303,    -29.97622,            0,            0,            0,   -0.8505613,    0.5258759
robot_50
    1.900833,     29.97653,            0,            0,            0,    0.6878973,    0.7258081
robot_64
    38.03681,    -26.13614,            0,            0,            0,    0.9693906,    0.2455238
robot_76
   -30.06989,      -39.483,            0,            0,            0,   -0.1862367,    0.9825049
robot_104
    17.95034,     -35.1048,            0,            0,            0,    0.1412331,    0.9899764
robot_169
   -32.80337,     6.017912,            0,            0,            0,    0.9936698,      0.11234
robot_53
   -26.08221,    -8.440597,            0,            0,            0,    0.9132299,    0.4074446
