tuw_multi_robot_msgs::RobotGoalsArray @1970-01-01T01:41:50.800000
frame_id: map
        6110,    800000000
robot_84
   -9.641181,    -6.064014,            0,            0,            0,    0.9662992,    0.2574217
robot_116
    17.48224,     1.974805,            0,            0,            0,   -0.4573861,    0.8892682
robot_74
   -6.033295,    -29.51294,            0,            0,            0,   -0.9966658,   0.08159235
robot_41
   -30.06749,     18.41288,            0,            0,            0,    0.2359431,    0.9717669
robot_125
    13.91806,    -15.88342,            0,            0,            0,     0.173401,    0.9848513
robot_136
    -2.03765,    -33.68787,            0,            0,            0,    0.4399075,    0.8980431
robot_173
     10.7267,    -29.99581,            0,            0,            0,    0.5082376,    0.8612169
robot_67
   -38.09353,     24.21946,            0,            0,            0,   -0.1527534,    0.9882643
robot_197
    25.74618,    -33.89078,            0,            0,            0,   -0.7245853,    0.6891851
robot_119
      -33.28,    -17.97315,            0,            0,            0,   -0.6303999,    0.7762706
robot_82
    29.94058,    -9.566246,            0,            0,            0,     -0.33341,    0.9427819
robot_77
   -34.63916,     22.00477,            0,            0,            0,   -0.9877733,    0.1558971
robot_5
    26.02761,     -25.9044,            0,            0,            0,    0.8229444,    0.5681218
robot_133
   -37.38702,    -9.974666,            0,            0,            0,   -0.7366166,    0.6763106
robot_99
    29.95343,     15.18662,            0,            0,            0,    0.7704501,    0.6375004
robot_171
    21.90935,     14.31552,            0,            0,            0,    0.5425044,    0.8400529
robot_180
   -21.71388,    -13.97885,            0,            0,            0,   -0.6812554,    0.7320458
robot_56
    37.56105,    -17.99142,            0,            0,            0,     0.832021,    0.5547442
robot_3
    6.418789,    -22.07804,            0,            0,            0,   -0.7022006,    0.7119791
robot_81
   -22.89894,    -18.00342,            0,            0,            0,    0.9451445,    0.3266526
robot_167
   -6.080607,     17.75237,            0,            0,            0,    0.2976439,     0.954677
robot_25
   -5.726543,     29.98362,            0,            0,            0,   -0.3232643,    0.9463087
robot_168
    -12.2303,    -5.995637,            0,            0,            0,   -0.2946315,    0.9556109
robot_96
    14.98597,     34.01775,            0,            0,            0,   -0.1460044,    0.9892839
robot_166
   -3.561065,     22.01466,            0,            0,            0,    -0.814115,    0.5807037
robot_102
   -26.07588,     22.32177,            0,            0,            0,   -0.8883197,    0.4592256
robot_192
   -26.05175,     -28.3303,            0,            0,            0,    0.8639211,    0.5036271
robot_179
    1.930426,    -21.88135,            0,            0,            0,   -0.2067203,    0.9784001
robot_142
    14.27667,     37.91501,            0,            0,            0,    0.8674397,    0.4975423
robot_1
    33.92007,     26.17151,            0,            0,            0,    0.5814398,    0.8135895
robot_44
   -22.71298,     14.00331,            0,            0,            0,    0.9743406,    0.2250787
robot_163
   -5.702946,    -22.02625,            0,            0,            0,   -0.4048887,     0.914366
robot_79
    5.949703,     25.43426,            0,            0,            0,   -0.9834782,    0.1810269
robot_8
   -14.06402,     34.77335,            0,            0,            0,   0.04340996,    0.9990573
robot_20
   -34.01318,    -29.66138,            0,            0,            0,   -0.9012119,    0.4333786
robot_143
    1.962326,    -31.00501,            0,            0,            0,    0.8316884,    0.5552426
robot_138
   -38.27011,     34.00397,            0,            0,            0,  -0.03913602,    0.9992339
robot_123
    36.77543,    -25.97074,            0,            0,            0,   -0.7137434,    0.7004073
robot_193
    3.789304,     30.01062,            0,            0,            0,    0.5608611,    0.8279099
robot_187
    -18.0393,      28.1291,            0,            0,            0,   0.04361554,    0.9990484
robot_176
   -37.59581,    -5.986224,            0,            0,            0,   -0.9941537,    0.1079742
robot_66
   -22.09095,     28.88894,            0,            0,            0,   -0.5689432,    0.8223768
robot_63
   -26.30684,    -6.038395,            0,            0,            0,    0.9933808,    0.1148678
robot_31
   -8.463289,    -25.98966,            0,            0,            0,    0.1969201,    0.9804195
robot_159
    -7.63923,    -18.03067,            0,            0,            0,   0.09014663,    0.9959285
robot_160
     17.9354,     16.59446,            0,            0,            0,   -0.3981384,    0.9173254
robot_151
   -8.930233,    -9.999123,            0,            0,            0,    0.9424014,    0.3344842
robot_150
   -23.22358,    -9.993231,            0,            0,            0,   -0.3283233,    0.9445654
robot_137
   -38.04253,     15.67393,            0,            0,            0,    0.9606737,    0.2776798
robot_199
   -30.07789,     8.209128,            0,            0,            0,    0.7049092,    0.7092976
robot_54
   -37.41893,    -21.97095,            0,            0,            0,    0.8173639,    0.5761217
robot_117
    19.82911,     10.00983,            0,            0,            0,   -0.2356091,    0.9718479
robot_36
    -6.39111,    -25.92369,            0,            0,            0,   -0.8034815,    0.5953297
robot_33
   -37.66081,     21.96274,            0,            0,            0,    0.9987901,   0.04917569
robot_146
    29.92917,    -3.222347,            0,            0,            0,   -0.6902769,    0.7235453
robot_156
   -10.09976,     34.97172,            0,            0,            0,   -0.1375425,    0.9904959
robot_112
   -23.44142,    -34.00598,            0,            0,            0,    0.2435155,     0.969897
robot_19
    9.950831,    -19.52543,            0,            0,            0,   -0.7707082,    0.6371882
robot_141
   -34.18283,    -10.12297,            0,            0,            0,   -0.1411173,    0.9899929
robot_35
   -34.09739,    -5.704661,            0,            0,            0,    0.6385245,    0.7696015
robot_184
    12.19489,    -34.02413,            0,            0,            0,    0.3533376,    0.9354959
robot_98
     33.9484,      10.1974,            0,            0,            0,   -0.5551028,    0.8317818
robot_100
   -26.54038,    -1.980784,            0,            0,            0,   -0.6244871,    0.7810351
robot_164
    9.426978,     6.001967,            0,            0,            0,     -0.87752,    0.4795401
robot_59
    -19.9668,    -6.015046,            0,            0,            0,    0.8924927,    0.4510618
robot_144
   -18.07742,     19.68617,            0,            0,            0,    0.8324122,     0.554157
robot_101
   -6.060921,     38.06792,            0,            0,            0,  -0.05412099,    0.9985344
robot_161
   -26.17339,    -26.04131,            0,            0,            0,    0.6730175,    0.7396265
robot_149
    5.933931,     8.663466,            0,            0,            0,   -0.9430384,    0.3326839
robot_86
    30.85198,    -21.97836,            0,            0,            0,   -0.7192413,    0.6947604
robot_191
    9.066709,    -6.031207,            0,            0,            0,   -0.4875754,    0.8730809
robot_126
    -14.0864,      32.2173,            0,            0,            0,   -0.9350153,    0.3546073
robot_190
   -38.09447,      6.35974,            0,            0,            0,   0.08037828,    0.9967644
robot_131
    14.17215,     1.936341,            0,            0,            0,    0.9542029,      0.29916
robot_154
    -2.03982,    -14.09145,            0,            0,            0,    -0.659995,      0.75127
robot_9
    12.52384,     -6.00005,            0,            0,            0,   -0.6683645,    0.7438339
robot_27
    29.76034,     2.011002,            0,            0,            0,   -0.9360144,    0.3519617
robot_34
   -23.36725,    -30.02605,            0,            0,            0,   -0.0998766,    0.9949998
robot_114
    25.90062,    -37.80643,            0,            0,            0,     0.105236,    0.9944473
robot_51
   -10.15957,     -38.1745,            0,            0,            0,   0.01984242,    0.9998031
robot_108
    33.85107,     14.14313,            0,            0,            0,    0.9836005,    0.1803608
robot_147
   -36.80665,    -17.98026,            0,            0,            0,  -0.05599123,    0.9984313
robot_183
   -25.99614,    -34.07506,            0,            0,            0,   -0.9484334,    0.3169765
robot_48
   -34.04686,    -16.06492,            0,            0,            0,   0.06803306,    0.9976831
robot_60
    30.56463,     38.02171,            0,            0,            0,   -0.2581574,    0.9661029
robot_75
   -30.06117,    -30.25932,            0,            0,            0,   -0.1831305,    0.9830886
robot_152
    22.64994,    -33.99265,            0,            0,            0,   -0.8812249,    0.4726973
robot_26
      33.909,    0.7921819,            0,            0,            0,   -0.6871493,    0.7265162
robot_182
     33.9373,    -17.60443,            0,            0,            0,    0.3090274,    0.9510531
robot_172
   -26.40798,    -22.03055,            0,            0,            0,   -0.9503603,    0.3111517
robot_43
    21.92327,    -31.79137,            0,            0,            0,   -0.9882947,     0.152557
robot_170
    24.23975,    -10.01259,            0,            0,            0,   -0.7530398,    0.6579749
robot_177
    13.96312,     27.18039,            0,            0,            0,   -0.4510697,    0.8924887
robot_80
    -22.0444,     34.53598,            0,            0,            0,   -0.5785007,    0.8156819
robot_16
   -18.05386,    -2.834072,            0,            0,            0,   -0.2310423,    0.9729437
robot_13
   -33.96249,     17.88553,            0,            0,            0,   -0.8068179,    0.5908002
robot_178
   -26.12997,     33.74184,            0,            0,            0,   -0.9758934,    0.2182475
robot_88
   -13.92099,     18.05251,            0,            0,            0,    0.3184188,    0.9479501
robot_194
   -26.09959,    -19.43723,            0,            0,            0,    0.8311307,    0.5560771
robot_29
   -5.630226,     9.930273,            0,            0,            0,    0.7965327,    0.6045955
robot_92
     9.91242,      39.2096,            0,            0,            0,   -0.8192998,    0.5733653
robot_87
    -38.0733,     11.08418,            0,            0,            0,    -0.707167,    0.7070465
robot_68
   -30.05063,     37.23547,            0,            0,            0,     0.935712,     0.352765
robot_22
   -18.04748,    -24.32321,            0,            0,            0,    0.3478212,    0.9375609
robot_38
   -18.06165,    -11.67388,            0,            0,            0,    0.6013218,    0.7990069
robot_2
   -14.00228,    -29.74604,            0,            0,            0,    0.9643487,    0.2646348
robot_110
    5.848983,    -34.01723,            0,            0,            0,   -0.9992735,   0.03811247
robot_14
     38.0752,     9.989686,            0,            0,            0,   -0.9366379,    0.3502991
robot_181
   -14.47388,    -14.09763,            0,            0,            0,    0.7272664,    0.6863553
robot_61
   -21.03907,      6.01004,            0,            0,            0,   -0.1478172,    0.9890147
robot_30
    1.920214,    -6.296689,            0,            0,            0,     0.384167,    0.9232636
robot_122
   -10.06992,     12.27495,            0,            0,            0,   -0.9917969,    0.1278235
robot_132
   -22.07313,     22.52884,            0,            0,            0,    0.6222165,    0.7828452
robot_45
    2.326263,     10.02326,            0,            0,            0,   -0.7320645,    0.6812353
robot_21
   -22.04621,    -36.29506,            0,            0,            0,    0.9159933,    0.4011936
robot_39
   -30.16082,    -2.020472,            0,            0,            0,   -0.8862485,      0.46321
robot_134
   -30.23154,     30.13553,            0,            0,            0,   -0.2831257,    0.9590828
robot_15
     18.0172,     21.98715,            0,            0,            0,    0.8182118,    0.5749169
robot_145
   -26.06585,     5.988424,            0,            0,            0,   -0.7948839,    0.6067616
robot_140
   -7.926487,     25.98841,            0,            0,            0,   -0.5005772,    0.8656919
robot_196
    13.94378,    -3.663019,            0,            0,            0,    0.6094308,    0.7928393
robot_188
    26.34893,     34.06059,            0,            0,            0,   -0.4879694,    0.8728607
robot_4
   -9.866014,     29.94467,            0,            0,            0,   -0.9961079,   0.08814247
robot_155
    29.43936,    -26.00649,            0,            0,            0,    0.4227599,    0.9062417
robot_135
   -9.703603,     10.03934,            0,            0,            0,   -0.3093051,    0.9509629
robot_93
    2.069461,    -33.77041,            0,            0,            0,   -0.4413443,    0.8973379
robot_111
    -10.0373,     23.47554,            0,            0,            0,   -0.7721014,    0.6354994
robot_0
    29.91578,    -39.22258,            0,            0,            0,    0.9266256,    0.3759853
robot_49
    17.91956,     39.43294,            0,            0,            0,   -0.3757862,    0.9267064
robot_113
   -14.08506,    -17.47328,            0,            0,            0,    0.1168704,    0.9931472
robot_94
   -17.73208,     37.92345,            0,            0,            0,   -0.7569047,    0.6535253
robot_40
    25.55303,     37.99488,            0,            0,            0,     0.170499,    0.9853579
robot_103
   -26.11542,     37.66989,            0,            0,            0,   -0.3342184,    0.9424957
robot_6
    13.96504,    -18.94203,            0,            0,            0,   -0.7726631,    0.6348163
robot_71
    -14.0648,    -11.40138,            0,            0,            0,  -0.06087692,    0.9981453
robot_17
   -18.07036,     17.06312,            0,            0,            0,   -0.1665193,    0.9860382
robot_120
    33.90819,     23.80171,            0,            0,            0,   -0.6979748,    0.7161223
robot_189
   -1.941265,     18.04036,            0,            0,            0,   -0.2543167,     0.967121
robot_148
   -29.98945,    -5.734941,            0,            0,            0,    0.6134685,    0.7897192
robot_186
    17.96139,    -8.580023,            0,            0,            0,   -0.7701629,    0.6378473
robot_198
   -34.15336,      14.0546,            0,            0,            0,    0.7922164,    0.6102403
robot_107
    21.33038,     6.021032,            0,            0,            0,    0.2551658,    0.9668973
robot_18
     6.25806,    -25.99039,            0,            0,            0,    0.9605932,     0.277958
robot_23
    -38.0606,     -27.6165,            0,            0,            0,   -0.4303126,    0.9026799
robot_46
    30.23607,     6.097112,            0,            0,            0,   -0.5626427,    0.8267002
robot_109
    38.03074,     14.23333,            0,            0,            0,   -0.8110827,    0.5849316
robot_10
   -30.79213,    -33.98361,            0,            0,            0,    0.6726479,    0.7399627
robot_157
   -2.055811,     6.422546,            0,            0,            0,     -0.83866,    0.5446554
robot_70
    21.94715,     34.89616,            0,            0,            0,   -0.6926658,    0.7212586
robot_55
    -38.0824,     8.783077,            0,            0,            0,   -0.1888023,    0.9820151
robot_73
   -27.92011,     1.998367,            0,            0,            0,    0.7120949,    0.7020832
robot_69
    21.86525,    -14.09449,            0,            0,            0,     0.792269,     0.610172
robot_65
   -30.00931,     1.697653,            0,            0,            0,    0.7224161,    0.6914586
robot_124
    15.37541,     29.97418,            0,            0,            0,   -0.6230245,    0.7822023
robot_115
     33.7989,    -9.969752,            0,            0,            0,   -0.5046948,    0.8632978
robot_130
    25.82109,     5.799831,            0,            0,            0,   -0.8386976,    0.5445975
robot_85
    9.576283,    -37.99078,            0,            0,            0,    0.9733511,    0.2293198
robot_91
   -12.32059,    -34.02814,            0,            0,            0,  -0.02553328,     0.999674
robot_47
    36.06713,     21.98708,            0,            0,            0,   -0.3418719,    0.9397466
robot_52
   -18.09691,     22.98849,            0,            0,            0,    0.9986594,   0.05176242
robot_195
     13.7053,     -21.9751,            0,            0,            0,    0.2722993,    0.9622126
robot_72
    38.98302,     29.96787,            0,            0,            0,    0.6495799,    0.7602933
robot_158
     27.8549,    -13.97815,            0,            0,            0,    0.8063703,    0.5914109
robot_153
    5.956336,    -19.28763,            0,            0,            0,   -0.5102111,    0.8600492
robot_105
   -8.636696,     38.02482,            0,            0,            0,    0.9645305,    0.2639716
robot_162
     24.5461,    -5.980418,            0,            0,            0,    0.4932908,    0.8698645
robot_97
    -29.8481,    -22.00108,            0,            0,            0,    0.9886725,    0.1500887
robot_90
     27.1458,     17.99101,            0,            0,            0,   -0.9751142,    0.2217033
robot_165
   -13.58575,     22.03988,            0,            0,            0,   -0.9465507,    0.3225552
robot_42
   -33.84034,    -37.96605,            0,            0,            0,   -0.9896159,    0.1437372
robot_7
    1.947026,     28.42957,            0,            0,            0,   -0.0396769,    0.9992126
robot_28
    1.356637,     21.98028,            0,            0,            0,    0.8577768,    0.5140224
robot_118
    34.03069,     30.18852,            0,            0,            0, -0.001481424,    0.9999989
robot_139
    21.94565,     32.64518,            0,            0,            0,    0.8060691,    0.5918214
robot_129
    13.91261,     8.229052,            0,            0,            0,    0.9929243,    0.1187491
robot_57
     33.9332,    -30.99335,            0,            0,            0,   0.02672463,    0.9996428
robot_24
   -10.22779,    -21.84561,            0,            0,            0,    0.4358438,    0.9000223
robot_106
   -1.648237,     13.98307,            0,            0,            0,    -0.803753,    0.5949632
robot_185
    30.40441,     17.96371,            0,            0,            0,    0.8648667,    0.5020016
robot_174
    29.93121,     21.44132,            0,            0,            0,   -0.6060723,    0.7954096
robot_58
    9.930309,     9.165317,            0,            0,            0,    0.9409507,    0.3385436
robot_12
   -18.09841,     31.31554,            0,            0,            0,    0.8478208,    0.5302828
robot_95
   -9.978965,    -1.803551,            0,            0,            0,    0.4053352,    0.9141681
robot_78
   -18.08886,     8.987943,            0,            0,            0,   -0.8173205,    0.5761833
robot_62
   -21.90824,     38.09943,            0,            0,            0,   -0.7902108,    0.6128351
robot_121
    37.84124,     25.78267,            0,            0,            0,    0.9421453,    0.3352049
robot_83
     2.15232,     33.94622,            0,            0,            0,     0.998545,   0.05392552
robot_127
   -1.961554,     10.00253,            0,            0,            0,    0.8446742,    0.5352808
robot_128
    8.847059,    -22.00348,            0,            0,            0,    0.8872011,    0.4613828
robot_32
    25.83282,    -14.10539,            0,            0,            0,    -0.878437,    0.4778582
robot_89
   -6.226099,    -5.875753,            0,            0,            0,    0.7111456,    0.7030447
robot_11
   -30.04503,    -25.77146,            0,            0,            0,    0.5726962,    0.8197677
robot_37
   -20.47477,     1.980391,            0,            0,            0,    0.9142013,    0.4052604
robot_175
     25.7593,     21.91888,            0,            0,            0,    0.9572164,    0.2893732
robot_50
    9.204771,     1.986695,            0,            0,            0,    0.9677314,    0.2519839
robot_64
    5.878592,      18.3327,            0,            0,            0,   -0.4569495,    0.8894926
robot_76
   -34.07144,     9.546258,            0,            0,            0,   -0.9616775,    0.2741832
robot_104
    34.26355,    -22.01572,            0,            0,            0,   -0.8252401,    0.5647821
robot_169
    38.23415,    -30.04183,            0,            0,            0,   -0.8728827,    0.4879301
robot_53
    30.06088,     30.14355,            0,            0,            0,    0.9319976,    0.3624644
