tuw_multi_robot_msgs::RobotGoalsArray @1970-01-01T00:54:30.300000
frame_id: map
        3270,    300000000
robot_84
   -26.15767,    -6.148836,            0,            0,            0,     0.969338,    0.2457313
robot_116
   -9.644937,    -37.91742,            0,            0,            0,   -0.1969652,    0.9804105
robot_74
    13.92348,    -34.28253,            0,            0,            0,    0.1525291,     0.988299
robot_41
   -30.04938,     32.56855,            0,            0,            0,   -0.7920863,    0.6104091
robot_125
   -14.04628,     10.46755,            0,            0,            0,    0.2490398,    0.9684933
robot_136
    9.865698,    -33.67234,            0,            0,            0,    0.8357931,    0.5490446
robot_173
    5.900302,     30.53705,            0,            0,            0,    0.5442024,     0.838954
robot_67
    25.96699,    -21.56762,            0,            0,            0,    -0.616337,    0.7874825
robot_197
    21.90738,    -18.95393,            0,            0,            0,    0.8014912,    0.5980066
robot_119
    13.93703,     12.14785,            0,            0,            0,    0.7598631,    0.6500831
robot_82
    37.64525,     -25.9116,            0,            0,            0,   -0.7029942,    0.7111956
robot_77
    38.00172,     13.94071,            0,            0,            0,    0.7801938,    0.6255379
robot_5
    1.909812,    -19.37088,            0,            0,            0,    -0.999748,   0.02245001
robot_133
   -10.09172,    -30.66177,            0,            0,            0,    0.9998677,   0.01626655
robot_99
   -26.21197,     18.00471,            0,            0,            0,   -0.7188575,    0.6951575
robot_171
    5.947799,     6.981184,            0,            0,            0,    0.9983619,   0.05721503
robot_180
    25.92272,    -24.39721,            0,            0,            0,   -0.8921266,    0.4517855
robot_56
    5.930625,     22.41723,            0,            0,            0,   0.09894763,    0.9950926
robot_3
    4.612363,    -21.99869,            0,            0,            0,    0.6758223,    0.7370646
robot_81
    33.94197,    -14.95723,            0,            0,            0,   -0.1552566,    0.9878742
robot_167
   -38.07202,    -9.955219,            0,            0,            0,   -0.9936968,    0.1121011
robot_25
   -26.26896,    -29.94152,            0,            0,            0,   -0.5018006,    0.8649833
robot_168
   -18.07826,     7.586498,            0,            0,            0,    -0.629252,    0.7772013
robot_96
    9.952214,     -7.62771,            0,            0,            0,    -0.810417,    0.5858534
robot_166
   -22.18309,     29.87027,            0,            0,            0,    0.8789764,    0.4768653
robot_102
    -30.0728,    -19.96036,            0,            0,            0,   -0.3598182,    0.9330224
robot_192
   -2.089534,    -23.79902,            0,            0,            0,    0.9849401,    0.1728962
robot_179
   -14.05873,     29.47155,            0,            0,            0,    0.8939545,    0.4481577
robot_142
    5.929324,    -4.601129,            0,            0,            0,    0.2437152,    0.9698469
robot_1
    25.84238,     14.10596,            0,            0,            0,    0.3007835,    0.9536925
robot_44
   -14.04326,     6.205562,            0,            0,            0,    0.4456245,      0.89522
robot_163
   -18.04833,    -17.35427,            0,            0,            0,    0.2128508,    0.9770847
robot_79
    30.33907,    -17.98418,            0,            0,            0,    -0.995693,   0.09271192
robot_8
   -22.05493,    -8.546294,            0,            0,            0,     0.546637,    0.8373697
robot_20
    5.925128,     -36.2433,            0,            0,            0,   -0.5682542,    0.8228531
robot_143
     17.9063,     18.63947,            0,            0,            0,    0.7298768,    0.6835788
robot_138
   -9.928117,    -18.09238,            0,            0,            0,   -0.8986899,    0.4385846
robot_123
   -5.907905,    -5.950985,            0,            0,            0,   -0.5133536,    0.8581772
robot_193
   -30.43682,    -9.929346,            0,            0,            0,   -0.3385883,    0.9409346
robot_187
    1.746292,     9.853462,            0,            0,            0,    0.1773207,    0.9841531
robot_176
   -11.36863,     13.98678,            0,            0,            0,    0.4623248,    0.8867106
robot_66
    11.07344,    -22.01069,            0,            0,            0,   0.06146319,    0.9981094
robot_63
    5.863179,     14.00905,            0,            0,            0,    0.8302419,    0.5574032
robot_31
   -13.21715,     33.99197,            0,            0,            0,    0.9826757,    0.1853335
robot_159
    21.95519,    -1.873065,            0,            0,            0,    0.8984752,    0.4390243
robot_160
   -26.07893,     15.42869,            0,            0,            0,    0.8732877,    0.4872048
robot_151
    25.95465,     29.85804,            0,            0,            0,  -0.04664494,    0.9989115
robot_150
    29.62495,    -5.999666,            0,            0,            0,   -0.8779062,    0.4788327
robot_137
   -33.58813,    -34.01846,            0,            0,            0,     -0.76302,    0.6463749
robot_199
    37.57801,    -17.91735,            0,            0,            0,   -0.1657212,    0.9861726
robot_54
   -34.08243,      21.2496,            0,            0,            0,    0.9118445,    0.4105356
robot_117
    29.40162,    -9.992164,            0,            0,            0,   -0.5768254,    0.8168675
robot_36
   -34.80123,    -13.99565,            0,            0,            0,    0.4852246,    0.8743895
robot_33
   -30.42279,     29.97778,            0,            0,            0,   -0.7225332,    0.6913362
robot_146
    -26.1122,     -2.29044,            0,            0,            0,   -0.6900723,    0.7237405
robot_156
   -22.12162,     22.04418,            0,            0,            0,   -0.3368363,    0.9415632
robot_112
    10.15132,     33.99495,            0,            0,            0,   -0.1416997,    0.9899097
robot_19
    -25.6432,    -21.99088,            0,            0,            0,    0.9999548,  0.009505431
robot_141
    22.37645,     38.04527,            0,            0,            0,    0.9973856,   0.07226308
robot_35
   -34.29105,    -29.90123,            0,            0,            0,    0.4270947,    0.9042069
robot_184
     34.1307,     6.098479,            0,            0,            0,     0.327442,    0.9448713
robot_98
    5.932141,     17.16576,            0,            0,            0,   -0.8283706,    0.5601804
robot_100
    13.05656,    -30.02534,            0,            0,            0,   -0.5526778,     0.833395
robot_164
    33.70843,     17.94517,            0,            0,            0,   -0.7488095,    0.6627852
robot_59
   -26.11759,     26.29497,            0,            0,            0,    0.4547714,    0.8906082
robot_144
   -33.83279,    -18.01308,            0,            0,            0,   -0.7909018,    0.6119431
robot_101
    29.21943,    -37.96973,            0,            0,            0,   0.03518438,    0.9993808
robot_161
   -27.20627,     21.97915,            0,            0,            0,     0.632052,     0.774926
robot_149
   -31.94279,     2.009717,            0,            0,            0,   -0.4951236,    0.8688225
robot_86
    -17.9578,    -1.952184,            0,            0,            0,    0.5040193,    0.8636924
