tuw_multi_robot_msgs::RobotGoalsArray @1970-01-01T00:50:23.200000
frame_id: map
        3023,    200000000
robot_84
   -29.82145,     2.097311,            0,            0,            0,   -0.4491244,    0.8934693
robot_116
   -26.09843,     23.36417,            0,            0,            0,   -0.4153247,    0.9096733
robot_74
     1.93346,     10.48476,            0,            0,            0,   -0.9900354,    0.1408188
robot_41
   -33.85063,     14.05741,            0,            0,            0,   -0.9626714,    0.2706727
robot_125
    37.97204,      29.9968,            0,            0,            0,   -0.9755343,    0.2198475
robot_136
    1.962315,     -19.3737,            0,            0,            0,    0.8430629,    0.5378149
robot_173
   -38.12032,      26.3374,            0,            0,            0,   -0.3259243,    0.9453959
robot_67
    17.90844,     38.46482,            0,            0,            0,   -0.2399393,    0.9707879
robot_197
   -31.54637,      18.0067,            0,            0,            0,   -0.9952651,   0.09719763
robot_119
   -18.13007,    -5.958349,            0,            0,            0,  -0.06060378,    0.9981619
robot_82
   -30.09366,    -4.394281,            0,            0,            0,   -0.5430883,    0.8396756
robot_77
    30.03086,    -6.017266,            0,            0,            0,   -0.9216359,    0.3880557
robot_5
    14.03957,     17.80898,            0,            0,            0,     0.629686,    0.7768498
robot_133
   -14.81821,     21.97202,            0,            0,            0,    0.9798311,    0.1998275
robot_99
    1.771723,     29.93795,            0,            0,            0,   -0.6047433,    0.7964204
robot_171
   -38.00483,     13.80379,            0,            0,            0,   -0.9627965,    0.2702275
robot_180
   -1.739192,    -17.91133,            0,            0,            0,    0.6680423,    0.7441233
robot_56
     15.5577,    -9.993201,            0,            0,            0,  -0.06044865,    0.9981713
robot_3
   -26.07225,    -24.71842,            0,            0,            0,    0.9825135,    0.1861913
robot_81
    5.929362,    -5.449679,            0,            0,            0,   -0.9974385,   0.07152961
robot_167
    33.13321,     30.02557,            0,            0,            0,   -0.3714302,    0.9284609
robot_25
    13.93381,     8.609812,            0,            0,            0,    0.9980412,    0.0625597
robot_168
    33.45514,    -22.04611,            0,            0,            0,   -0.4666072,    0.8844647
robot_96
     7.31904,      21.9793,            0,            0,            0,    0.9634267,     0.267972
robot_166
    29.91396,    -12.86341,            0,            0,            0,  -0.07430837,    0.9972353
robot_102
   -2.068608,     21.44161,            0,            0,            0,    0.1376379,    0.9904826
robot_192
    32.20119,    -17.99135,            0,            0,            0,   -0.6218447,    0.7831406
robot_179
   -10.60704,    -14.00199,            0,            0,            0,   -0.2083684,    0.9780504
robot_142
   -10.44884,    -2.084343,            0,            0,            0,  -0.08798414,    0.9961219
robot_1
    17.99891,    -22.28512,            0,            0,            0,   -0.5109727,    0.8595969
robot_44
    37.95405,    -11.64909,            0,            0,            0,    0.7192968,    0.6947029
robot_163
   -26.08518,    -11.61018,            0,            0,            0,    0.1650429,    0.9862864
robot_79
   -17.90671,     30.11117,            0,            0,            0,    0.6495595,    0.7603108
robot_8
   -6.499869,    -5.920112,            0,            0,            0,   -0.3556379,    0.9346238
robot_20
   -30.05771,     6.637561,            0,            0,            0,   -0.2929425,    0.9561301
robot_143
    1.948668,    -27.06477,            0,            0,            0,    0.1126261,    0.9936374
robot_138
   -20.25977,     -21.9964,            0,            0,            0,    0.4688117,    0.8832981
robot_123
   -14.04659,     5.284481,            0,            0,            0,    0.6289247,    0.7774662
robot_193
   -31.09164,     10.03336,            0,            0,            0,   -0.9986758,   0.05144556
robot_187
    22.36439,     -22.0477,            0,            0,            0,    0.9954012,   0.09579431
robot_176
     -2.0996,      12.9564,            0,            0,            0,    0.9983911,   0.05670349
robot_66
    18.00649,     9.949526,            0,            0,            0,   -0.4929903,    0.8700348
robot_63
    12.53675,     38.02938,            0,            0,            0,   -0.7431391,    0.6691369
robot_31
   -38.08763,    -29.30416,            0,            0,            0,   -0.9996838,   0.02514727
robot_159
   -34.89667,     5.989644,            0,            0,            0,   -0.1118281,    0.9937276
robot_160
    26.19874,     18.08155,            0,            0,            0,    -0.926846,    0.3754418
robot_151
    37.36369,    -17.98981,            0,            0,            0,   -0.9659639,    0.2586767
robot_150
   -32.52759,    -21.98988,            0,            0,            0,   -0.3855428,      0.92269
robot_137
    33.81242,     2.189498,            0,            0,            0,     -0.92832,    0.3717822
robot_199
     8.96874,    -37.99087,            0,            0,            0,   -0.9851669,    0.1715987
robot_54
    26.58597,    -30.02561,            0,            0,            0,    0.9969733,   0.07774417
robot_117
   -13.82093,     26.05536,            0,            0,            0,    -0.886729,    0.4622895
robot_36
   -7.722521,      10.0322,            0,            0,            0,    0.2197552,    0.9755551
robot_33
   -37.78536,     33.98436,            0,            0,            0,   -0.1452596,    0.9893936
robot_146
   -14.08523,     19.80436,            0,            0,            0,    0.1919116,    0.9814122
robot_156
   -2.164651,     30.24918,            0,            0,            0,    0.9512954,    0.3082808
robot_112
    25.91026,    -20.33464,            0,            0,            0,   -0.8403563,    0.5420345
robot_19
    -1.77611,    -26.06132,            0,            0,            0,   -0.1958866,    0.9806266
robot_141
   -34.37744,      21.9054,            0,            0,            0,    0.2326448,    0.9725618
robot_35
    29.93308,    -16.96752,            0,            0,            0,    0.7042351,    0.7099669
