tuw_multi_robot_msgs::RobotGoalsArray @1970-01-01T01:21:57.300000
frame_id: map
        4917,    300000000
robot_84
   -6.050173,     7.902192,            0,            0,            0,   -0.1016778,    0.9948174
robot_116
    33.93839,     -36.9336,            0,            0,            0,   -0.9418201,    0.3361174
robot_74
   -14.04261,     5.745025,            0,            0,            0,    0.3521438,    0.9359459
robot_41
    6.069194,     29.85123,            0,            0,            0,    0.9331836,    0.3594001
robot_125
   -17.56967,    -18.07311,            0,            0,            0,   0.08076433,    0.9967332
robot_136
    20.59736,     2.008105,            0,            0,            0,    0.7588075,     0.651315
robot_173
    33.92168,     38.19971,            0,            0,            0,   -0.2822344,    0.9593455
robot_67
     17.9669,    -26.27678,            0,            0,            0,   -0.5689597,    0.8223654
robot_197
   -22.33541,    -14.07664,            0,            0,            0,    0.7618373,    0.6477684
robot_119
   -34.07882,     2.500746,            0,            0,            0,    0.9394945,    0.3425639
