tuw_multi_robot_msgs::RobotGoalsArray @1970-01-01T01:17:17.100000
frame_id: map
        4637,    100000000
robot_84
    18.37349,    -5.930218,            0,            0,            0,    0.8586133,    0.5126239
robot_116
      21.902,    -21.77531,            0,            0,            0,  -0.04125201,    0.9991488
robot_74
   0.7127694,    -26.03108,            0,            0,            0,   -0.6926291,    0.7212939
robot_41
    -34.7062,     17.97185,            0,            0,            0,    0.1675895,    0.9858569
robot_125
    13.94686,    -22.90543,            0,            0,            0,    0.3673071,    0.9300997
robot_136
    5.916477,     24.59976,            0,            0,            0,   -0.8250049,    0.5651256
robot_173
    36.62102,    -34.02783,            0,            0,            0,    -0.424099,    0.9056158
robot_67
    37.91139,     12.40963,            0,            0,            0,    0.2159223,    0.9764105
robot_197
   -2.072284,     8.311292,            0,            0,            0,    0.4254979,    0.9049594
robot_119
   -26.00268,     14.25361,            0,            0,            0,    0.9696288,    0.2445814
robot_82
    36.09458,    -22.01957,            0,            0,            0,   -0.8850495,    0.4654969
robot_77
    -9.98569,     37.83896,            0,            0,            0,   -0.9943332,    0.1063086
robot_5
    34.10819,    -22.07623,            0,            0,            0,   -0.8081216,    0.5890157
robot_133
   -34.03951,     20.19792,            0,            0,            0,   -0.9016809,    0.4324021
robot_99
   -14.05382,    -1.978523,            0,            0,            0,     -0.97592,    0.2181288
robot_171
    17.76474,     -13.9877,            0,            0,            0,   -0.7478376,    0.6638817
robot_180
   -5.926763,     34.00426,            0,            0,            0,   -0.8063296,    0.5914665
robot_56
   -13.32655,     6.024485,            0,            0,            0,   -0.4832531,    0.8754807
robot_3
   -2.077411,     23.93588,            0,            0,            0,   -0.7219633,    0.6919313
robot_81
    19.72938,     13.98961,            0,            0,            0,   -0.4193672,    0.9078167
robot_167
    29.77006,     13.95084,            0,            0,            0,     0.424343,    0.9055015
robot_25
    34.09205,    -34.08053,            0,            0,            0,    -0.306225,    0.9519592
robot_168
    5.434321,     13.96025,            0,            0,            0,    0.9725101,    0.2328608
robot_96
    8.197772,     10.02811,            0,            0,            0,    0.0364605,    0.9993351
robot_166
   -10.05959,     10.95852,            0,            0,            0,   0.08279936,    0.9965662
robot_102
   -26.06479,      2.08987,            0,            0,            0,   -0.4347897,     0.900532
robot_192
    27.06102,    -1.971269,            0,            0,            0,   -0.1590221,     0.987275
robot_179
    34.25877,     14.08723,            0,            0,            0,   -0.4785889,    0.8780391
robot_142
   -34.05116,     5.559703,            0,            0,            0,      0.99964,   0.02683105
robot_1
   -12.16963,    -38.00265,            0,            0,            0,    0.3682166,      0.92974
robot_44
   -26.13913,    -33.78764,            0,            0,            0,    -0.875812,    0.4826524
robot_163
   -28.37379,     26.03172,            0,            0,            0,   -0.9976285,   0.06882807
robot_79
    5.936738,     7.311127,            0,            0,            0,    0.7431081,    0.6691714
robot_8
   -17.60311,       -6.022,            0,            0,            0,   -0.9977235,   0.06743703
robot_20
   -19.38529,    -10.00008,            0,            0,            0,   -0.9999409,   0.01087048
robot_143
   -6.463929,    -33.95213,            0,            0,            0,     -0.34287,    0.9393829
robot_138
    25.94212,     12.27911,            0,            0,            0,   -0.7447403,    0.6673544
robot_123
     38.0373,    -9.834695,            0,            0,            0,   -0.9635047,    0.2676913
robot_193
   -17.02263,    -2.000867,            0,            0,            0,   -0.9296726,    0.3683868
robot_187
   -30.04461,     19.60379,            0,            0,            0,    0.5755931,    0.8177363
robot_176
    13.88931,    -25.97324,            0,            0,            0,    0.9695426,    0.2449227
robot_66
   -30.22383,    -29.98184,            0,            0,            0,   -0.7566235,    0.6538508
robot_63
    4.974168,     29.98961,            0,            0,            0,    0.6090216,    0.7931536
robot_31
    13.53751,     26.01622,            0,            0,            0,   -0.8272222,    0.5618749
robot_159
   -2.047608,    -13.90857,            0,            0,            0,    0.7035091,    0.7106863
robot_160
   -17.69408,     30.04556,            0,            0,            0,   0.06752787,    0.9977174
robot_151
   -14.02889,    -18.12305,            0,            0,            0,    0.1848185,    0.9827727
robot_150
    29.93315,     30.94966,            0,            0,            0,    0.7245578,    0.6892141
robot_137
    -7.92922,     5.977698,            0,            0,            0,   -0.8642503,    0.5030621
robot_199
    10.27744,     6.091914,            0,            0,            0,    0.2566171,    0.9665132
robot_54
    5.640208,    -26.08378,            0,            0,            0,    0.4974043,    0.8675189
robot_117
    13.92549,       -19.14,            0,            0,            0,    -0.996855,   0.07924722
robot_36
    14.17615,     33.99601,            0,            0,            0,    0.7587612,    0.6513689
robot_33
    37.87085,     21.76351,            0,            0,            0,    0.9426614,    0.3337507
robot_146
    10.01112,    -37.77075,            0,            0,            0,    0.8750059,    0.4841122
robot_156
   -37.88011,    -9.983906,            0,            0,            0,   -0.5858535,     0.810417
robot_112
    33.92406,     17.95833,            0,            0,            0,    0.8864755,    0.4627755
robot_19
    29.93005,    -34.03175,            0,            0,            0,   -0.9958986,   0.09047654
robot_141
     24.1055,     18.00616,            0,            0,            0,  -0.04140172,    0.9991426
robot_35
   -22.41002,     5.945604,            0,            0,            0,    0.6409659,    0.7675693
robot_184
   -14.41124,     21.91381,            0,            0,            0,   -0.7409611,     0.671548
robot_98
    19.48617,     34.03015,            0,            0,            0,   -0.9997947,   0.02026023
robot_100
   -38.34918,     21.98049,            0,            0,            0,    0.9523567,    0.3049866
robot_164
    17.75636,     37.97937,            0,            0,            0,    0.9382582,    0.3459358
robot_59
   -2.061069,    -16.85482,            0,            0,            0,     0.397964,     0.917401
robot_144
    6.011373,    -1.886542,            0,            0,            0,   -0.3881623,     0.921591
robot_101
    1.545247,    -30.03927,            0,            0,            0,   -0.6413653,    0.7672356
robot_161
    -6.04028,     18.62269,            0,            0,            0,    0.7093605,    0.7048459
robot_149
    25.38106,     26.03078,            0,            0,            0,    0.9256535,    0.3783722
robot_86
    26.29222,    -33.92187,            0,            0,            0,    0.4113156,     0.911493
robot_191
    8.472572,    -34.00563,            0,            0,            0,     0.924598,    0.3809443
robot_126
    25.60328,    -37.96166,            0,            0,            0,    0.7624987,    0.6469897
robot_190
    27.58576,    -29.99886,            0,            0,            0,    0.9089482,     0.416909
robot_131
   -19.61711,     33.97746,            0,            0,            0,     0.940769,    0.3390481
robot_154
    -38.0488,    -27.58674,            0,            0,            0,   -0.6787173,    0.7343997
robot_9
    2.135154,      14.1193,            0,            0,            0,   -0.9826468,    0.1854867
robot_27
    36.29611,     -18.0036,            0,            0,            0,   -0.8752216,    0.4837223
robot_34
    1.464893,     22.05539,            0,            0,            0,    0.9996831,   0.02517434
robot_114
   -21.89502,     -30.1108,            0,            0,            0,     0.986378,    0.1644945
robot_51
    30.91832,     26.01686,            0,            0,            0,    0.7540942,    0.6567662
robot_108
    34.32866,    -10.05763,            0,            0,            0,    0.9942313,    0.1072572
robot_147
    6.116324,     21.92411,            0,            0,            0,    0.9338653,     0.357625
robot_183
   -33.30924,     14.01347,            0,            0,            0,  -0.08078404,    0.9967316
robot_48
    31.74217,     38.00032,            0,            0,            0,    0.7690333,    0.6392088
robot_60
     28.9151,     37.99848,            0,            0,            0,   -0.7472473,     0.664546
robot_75
    17.56416,     26.08231,            0,            0,            0,   -0.9959674,   0.08971618
robot_152
   -6.445386,    -29.92767,            0,            0,            0,   -0.9270352,    0.3749743
robot_26
    5.912393,    -13.57225,            0,            0,            0,    0.7195679,    0.6944221
robot_182
   -10.51102,     29.93414,            0,            0,            0,    0.9370294,    0.3492505
robot_172
   -29.82738,     38.01273,            0,            0,            0,   -0.1368122,     0.990597
