tuw_multi_robot_msgs::RobotGoalsArray @1970-01-01T01:20:41.100000
frame_id: map
        4841,    100000000
robot_84
   -38.51438,    -9.960717,            0,            0,            0,    0.5980546,    0.8014554
robot_116
    14.31194,    -38.05014,            0,            0,            0,    0.5116764,    0.8591782
robot_74
    22.05256,      -10.137,            0,            0,            0,    -0.462001,    0.8868794
robot_41
   -30.04485,    -8.337658,            0,            0,            0,   -0.8895051,    0.4569252
robot_125
   -26.09565,    -7.841597,            0,            0,            0,    0.4424536,    0.8967914
robot_136
      9.8349,     2.258355,            0,            0,            0,   -0.2872284,    0.9578621
robot_173
   -6.153655,     17.78035,            0,            0,            0,    0.9286704,    0.3709059
robot_67
   -13.22329,    -1.976299,            0,            0,            0,    0.5222204,    0.8528106
robot_197
    17.92228,    -11.93612,            0,            0,            0,     0.999193,   0.04016595
robot_119
   -2.059664,    -19.55019,            0,            0,            0,    0.9996957,   0.02466995
robot_82
   -30.75732,    -33.97393,            0,            0,            0,   -0.5300806,    0.8479472
robot_77
   -21.45779,    -1.973707,            0,            0,            0,  -0.09621921,    0.9953602
robot_5
    26.18256,      25.9649,            0,            0,            0,   -0.9196427,    0.3927561
robot_133
   -18.00046,      13.9936,            0,            0,            0,    0.2490254,     0.968497
robot_99
    -2.03609,     12.87564,            0,            0,            0,   -0.9707794,    0.2399737
robot_171
    37.80527,    -13.83752,            0,            0,            0,    0.5679081,     0.823092
robot_180
   -21.95416,     13.79276,            0,            0,            0,   0.02590603,    0.9996644
robot_56
    5.354176,    -33.98287,            0,            0,            0,   -0.5659987,    0.8244061
robot_3
   -30.35775,     26.00044,            0,            0,            0,   -0.9841304,    0.1774467
robot_81
    26.39094,     30.01609,            0,            0,            0,   -0.7848849,    0.6196416
robot_167
   -10.06476,     16.83714,            0,            0,            0,   -0.9988722,   0.04748014
robot_25
     20.5883,     38.01463,            0,            0,            0,   -0.8553864,    0.5179904
robot_168
   -7.846748,    -17.98925,            0,            0,            0,   -0.5807247,       0.8141
robot_96
    -30.0631,    -10.31763,            0,            0,            0,   -0.9629669,    0.2696196
robot_166
   -2.065465,    -32.26885,            0,            0,            0,    0.8568449,    0.5155742
robot_102
    3.541157,     14.00852,            0,            0,            0,   0.01958881,    0.9998081
robot_192
   -24.61418,     34.03247,            0,            0,            0,    -0.234874,    0.9720258
robot_179
    14.14343,    -34.14424,            0,            0,            0,   -0.9947648,    0.1021911
robot_142
    10.89704,     34.03089,            0,            0,            0,    0.1335053,    0.9910481
robot_1
   -14.08826,     36.45365,            0,            0,            0,   -0.9283555,    0.3716936
robot_44
    29.91222,     8.704589,            0,            0,            0,   -0.8990432,      0.43786
robot_163
     -17.264,     34.02857,            0,            0,            0,   -0.4521904,    0.8919214
robot_79
    6.637355,     17.98161,            0,            0,            0,   -0.3339272,    0.9425989
robot_8
   -37.63311,    -17.95564,            0,            0,            0,    0.7887195,    0.6147532
robot_20
   -14.03758,     14.71416,            0,            0,            0,   -0.3483502,    0.9373644
robot_143
    10.13126,       22.058,            0,            0,            0,    0.1579702,    0.9874439
robot_138
   -22.03367,     9.299688,            0,            0,            0,   -0.2254146,    0.9742629
robot_123
    33.92388,    -29.62821,            0,            0,            0,    0.3456441,    0.9383657
robot_193
    9.505271,     -22.0342,            0,            0,            0,   -0.9757689,    0.2188037
robot_187
   -10.91204,     5.992973,            0,            0,            0,    0.6394145,    0.7688622
robot_176
    17.92668,    -38.07682,            0,            0,            0,  -0.01217806,    0.9999258
robot_66
   -27.79345,     34.00574,            0,            0,            0,    0.9855941,    0.1691278
robot_63
     34.3374,     21.91784,            0,            0,            0,    0.4366533,    0.8996299
robot_31
   -19.70649,    -17.98992,            0,            0,            0,    0.6559888,    0.7547706
robot_159
   -18.09892,     -15.0332,            0,            0,            0,    0.9237827,     0.382917
robot_160
     37.7547,    -30.09758,            0,            0,            0,    0.2638422,    0.9645659
robot_151
   -38.08275,    -33.68478,            0,            0,            0,   -0.3124861,    0.9499223
robot_150
   -17.60239,    -1.933481,            0,            0,            0,    0.6528356,    0.7574996
robot_137
   -6.043056,    -6.717785,            0,            0,            0,   -0.1693162,    0.9855618
robot_199
    13.99729,     25.70908,            0,            0,            0,   -0.9863893,    0.1644269
robot_54
    22.35561,     6.034146,            0,            0,            0,    0.7975864,    0.6032047
robot_117
   -30.09109,    -17.72408,            0,            0,            0,     0.945667,    0.3251368
robot_36
   0.7298705,    -34.03034,            0,            0,            0,    -0.961343,    0.2753535
robot_33
   -21.63608,    -13.99389,            0,            0,            0,    0.7492889,    0.6622433
robot_146
   -10.22937,    -38.05367,            0,            0,            0,    0.9041022,    0.4273163
robot_156
    -3.98686,    -18.00206,            0,            0,            0,   -0.5932895,    0.8049891
robot_112
    1.921295,     6.443904,            0,            0,            0,   -0.9970137,   0.07722429
robot_19
   -30.05728,     34.81357,            0,            0,            0,   -0.9502524,    0.3114809
robot_141
    33.96669,     -15.9162,            0,            0,            0,    0.9231817,    0.3843639
robot_35
   -22.08289,     2.675994,            0,            0,            0,  -0.05374368,    0.9985548
robot_184
    9.920019,      7.93792,            0,            0,            0,   -0.5755184,    0.8177888
robot_98
    -26.1732,     9.842825,            0,            0,            0,    0.4983329,    0.8669858
robot_100
    24.25709,    -1.989575,            0,            0,            0,    0.7155197,    0.6985925
robot_164
   -14.21715,    -38.21815,            0,            0,            0,    0.2033779,    0.9791003
robot_59
   -22.07259,     27.52583,            0,            0,            0,   -0.1932819,    0.9811433
robot_144
   -26.40993,    -26.03312,            0,            0,            0,    0.2162944,    0.9763282
robot_101
    6.047265,     1.769626,            0,            0,            0,    0.1082175,    0.9941272
robot_161
    4.341723,     22.02297,            0,            0,            0,    0.7712752,    0.6365018
robot_149
    -33.8859,     37.97532,            0,            0,            0,    -0.773546,    0.6337402
robot_86
    25.95637,     10.64572,            0,            0,            0,    0.7269726,    0.6866665
robot_191
   -20.59524,     18.03112,            0,            0,            0,   -0.8562719,    0.5165253
robot_126
    29.77056,     37.95576,            0,            0,            0,    0.8683306,    0.4959859
robot_190
   -6.106767,    -22.26708,            0,            0,            0,    0.2378496,     0.971302
robot_131
   -35.54231,    -25.99998,            0,            0,            0,   -0.1126529,    0.9936344
robot_154
    -34.0566,     21.18414,            0,            0,            0,    0.7232401,    0.6905966
robot_9
   -28.49016,     14.00198,            0,            0,            0,   -0.9671443,    0.2542279
robot_27
    6.261378,    -29.94471,            0,            0,            0,   0.03120866,    0.9995129
robot_34
    13.98972,     38.33187,            0,            0,            0,    0.9802506,    0.1977594
robot_114
    36.31508,     17.97395,            0,            0,            0,   -0.8714269,    0.4905253
robot_51
   -4.468418,    -13.99099,            0,            0,            0,     0.650748,    0.7592938
robot_108
    13.89407,     10.15263,            0,            0,            0,    0.9562308,    0.2926136
robot_147
    5.853995,     34.26673,            0,            0,            0,   -0.9964605,   0.08406207
robot_183
   -29.50162,    -13.96825,            0,            0,            0,    0.6495142,    0.7603495
robot_48
    -11.1322,    -5.978957,            0,            0,            0,    0.9411787,    0.3379092
robot_60
    3.156941,      10.0056,            0,            0,            0,   -0.6336415,    0.7736268
robot_75
    6.059299,     -37.8864,            0,            0,            0,    0.9978734,   0.06518247
robot_152
    2.080585,    -10.20397,            0,            0,            0,   -0.3373256,     0.941388
robot_26
   -9.953081,    -26.00196,            0,            0,            0,    0.1464308,    0.9892209
robot_182
   -26.03327,    -14.21324,            0,            0,            0,    0.9553628,    0.2954353
robot_172
   -18.54288,    -9.995292,            0,            0,            0,    0.7255233,    0.6881976
robot_43
   -10.07739,     20.31496,            0,            0,            0,    0.5063864,    0.8623067
robot_170
   -5.246355,     21.99486,            0,            0,            0,    0.4607675,    0.8875209
robot_177
    37.92676,    -23.60829,            0,            0,            0,   0.02336112,    0.9997271
robot_80
    33.91344,     10.54042,            0,            0,            0,    0.3464758,    0.9380589
robot_16
    18.44286,    -10.00567,            0,            0,            0,    0.9990111,   0.04446223
robot_13
    37.23723,    -18.01522,            0,            0,            0,    0.3027934,    0.9530562
robot_178
   -30.05275,     5.820083,            0,            0,            0,   -0.7740858,    0.6330806
robot_88
    9.924598,    -13.27227,            0,            0,            0,   -0.1940569,    0.9809903
robot_194
   -6.045884,    -29.41136,            0,            0,            0,  -0.06745986,     0.997722
robot_29
   -16.61961,     18.02977,            0,            0,            0,   0.09609244,    0.9953724
