tuw_multi_robot_msgs::RobotGoalsArray @1970-01-01T00:55:18.200000
frame_id: map
        3318,    200000000
robot_84
   -30.74554,    -25.97376,            0,            0,            0,   -0.7669088,    0.6417561
robot_116
     7.48246,     22.02744,            0,            0,            0,    0.3970015,    0.9178179
robot_74
    -4.29551,     29.99906,            0,            0,            0,    0.4359081,    0.8999912
robot_41
    18.84178,    -33.97287,            0,            0,            0,    0.9253775,    0.3790468
robot_125
   -29.91552,    -29.84424,            0,            0,            0,    0.6694555,    0.7428521
robot_136
    35.05323,    -29.98302,            0,            0,            0,    0.9803165,    0.1974326
robot_173
   -17.22761,     29.98576,            0,            0,            0,   -0.7558286,    0.6547695
robot_67
    10.08697,     18.05935,            0,            0,            0,   -0.3858767,    0.9225504
robot_197
   -26.10901,     1.974479,            0,            0,            0,    0.9919732,    0.1264485
robot_119
   -38.12499,    -9.939083,            0,            0,            0,  -0.04649431,    0.9989186
robot_82
   -13.79211,    -26.09738,            0,            0,            0,    0.7098305,    0.7043726
robot_77
     22.0628,    -30.15501,            0,            0,            0,  -0.03884974,    0.9992451
robot_5
   -5.557392,     33.97168,            0,            0,            0,   -0.5927314,    0.8054002
robot_133
   -22.13661,     10.19998,            0,            0,            0,   -0.9892589,    0.1461742
robot_99
    33.91716,     35.74756,            0,            0,            0,    0.9884523,    0.1515322
robot_171
   -25.16048,     25.98473,            0,            0,            0,    0.7681379,    0.6402845
robot_180
   -25.68906,    -37.93827,            0,            0,            0,  0.007186832,    0.9999742
robot_56
    18.35604,     13.91078,            0,            0,            0,   -0.1742664,    0.9846985
robot_3
   -38.01187,     25.96408,            0,            0,            0,     0.520036,    0.8541444
robot_81
   -13.94601,     29.79608,            0,            0,            0,    0.2734005,    0.9619003
robot_167
   -14.13643,    -1.816331,            0,            0,            0,   -0.4332055,    0.9012952
robot_25
   -13.71795,     37.95133,            0,            0,            0,   -0.3771938,    0.9261343
robot_168
    13.95904,     9.775524,            0,            0,            0,    0.1377301,    0.9904698
robot_96
    -22.4925,     21.98233,            0,            0,            0,    0.7182671,    0.6957675
robot_166
   -18.05456,    -26.25942,            0,            0,            0,    0.7870244,    0.6169218
robot_102
   -2.325668,    -29.97244,            0,            0,            0,   -0.9271517,    0.3746862
robot_192
    17.99496,    -2.101205,            0,            0,            0,   -0.9960653,   0.08862232
robot_179
   -35.62435,     -33.9739,            0,            0,            0,   -0.5711206,    0.8208662
robot_142
    21.90142,    -20.12131,            0,            0,            0,    0.9467848,    0.3218672
robot_1
    5.928482,    -15.42608,            0,            0,            0,    0.9971085,   0.07599075
robot_44
    9.332461,     33.97655,            0,            0,            0,   -0.8847238,    0.4661156
robot_163
   -26.08518,     38.22656,            0,            0,            0,    0.1991871,    0.9799615
robot_79
    18.16545,    -6.161148,            0,            0,            0,    0.5364289,    0.8439455
robot_8
    38.39281,      13.9602,            0,            0,            0,   -0.1909098,    0.9816076
robot_20
   -10.03166,    -29.69476,            0,            0,            0,    0.9992426,   0.03891292
robot_143
    26.14411,     38.08208,            0,            0,            0,    0.9769022,    0.2136871
robot_138
    1.944633,      28.6991,            0,            0,            0,    0.1163758,    0.9932053
robot_123
   -17.23269,     34.01638,            0,            0,            0,    0.3658916,    0.9306575
robot_193
    21.98315,     2.118725,            0,            0,            0,   -0.5936046,    0.8047568
robot_187
     -18.392,    -2.079719,            0,            0,            0,    0.8584374,    0.5129183
robot_176
   -5.971991,    -10.18171,            0,            0,            0,    0.5275172,    0.8495444
robot_66
   -17.87605,    -9.868659,            0,            0,            0,    -0.522542,    0.8526135
robot_63
   -38.15385,    -29.82547,            0,            0,            0,    -0.866674,    0.4988749
robot_31
    5.995673,    -10.15473,            0,            0,            0,   -0.4312209,    0.9022464
robot_159
    13.96131,    -39.30998,            0,            0,            0,   -0.3352957,    0.9421129
robot_160
    14.99321,    -14.00558,            0,            0,            0,   -0.4889433,    0.8723156
robot_151
    37.94212,    -10.83954,            0,            0,            0,    -0.991578,    0.1295106
robot_150
    32.18122,    -10.00055,            0,            0,            0,    0.6605991,    0.7507389
robot_137
    17.76852,     38.05503,            0,            0,            0,    0.1567437,    0.9876393
robot_199
   0.4505608,    -30.02554,            0,            0,            0,   -0.9514049,    0.3079427
robot_54
   -6.127152,    -5.676498,            0,            0,            0,    0.9858713,    0.1675048
robot_117
   -38.62498,     -5.96743,            0,            0,            0,    -0.999777,   0.02111664
robot_36
    29.77554,    -2.096757,            0,            0,            0,    0.6357798,    0.7718705
robot_33
   -22.07401,    -14.01992,            0,            0,            0,    0.8661307,    0.4998175
robot_146
   -2.047025,     12.21319,            0,            0,            0,    0.9524078,    0.3048268
robot_156
   -24.82592,     18.00323,            0,            0,            0,   -0.3434666,    0.9391649
robot_112
    5.905649,    -4.688187,            0,            0,            0,     0.491075,    0.8711173
robot_19
    9.913113,     21.69444,            0,            0,            0,    0.9430902,    0.3325371
robot_141
    12.71543,     38.02945,            0,            0,            0,   -0.6105662,    0.7919652
robot_35
    29.94398,     30.47289,            0,            0,            0,   -0.5551326,    0.8317619
robot_184
    33.84174,     38.23091,            0,            0,            0,    0.7310624,    0.6823106
robot_98
    6.198572,    -37.99892,            0,            0,            0,    0.9852567,    0.1710824
robot_100
    5.965799,    -13.15763,            0,            0,            0,   -0.1424944,    0.9897956
robot_164
    17.45204,    -18.01912,            0,            0,            0,     0.982287,    0.1873827
robot_59
   -18.36457,     6.059787,            0,            0,            0,   -0.8576355,     0.514258
robot_144
   -34.50452,     9.965879,            0,            0,            0,    0.4888019,    0.8723948
robot_101
    7.438276,    -25.98647,            0,            0,            0,   -0.8058181,    0.5921631
robot_161
   -14.63941,     18.01006,            0,            0,            0,   -0.4058802,    0.9139263
robot_149
    25.83266,     33.97803,            0,            0,            0,    0.9811072,    0.1934647
robot_86
   -22.04773,      8.00631,            0,            0,            0,    -0.810942,    0.5851266
