tuw_multi_robot_msgs::RobotGoalsArray @1970-01-01T01:16:08
frame_id: map
        4568,            0
robot_84
   -10.13625,      -21.973,            0,            0,            0,     0.236461,     0.971641
robot_116
   -18.25918,     1.929639,            0,            0,            0,    0.2439338,    0.9697919
robot_74
    37.88479,     18.30914,            0,            0,            0,    0.4902679,    0.8715718
robot_41
   -2.091675,    -16.82244,            0,            0,            0,   -0.9750878,    0.2218194
robot_125
    34.30544,    -29.93402,            0,            0,            0,   -0.9102183,    0.4141287
robot_136
    25.91856,      23.7133,            0,            0,            0,     0.463179,    0.8862647
robot_173
   -10.18703,     5.857478,            0,            0,            0,   -0.3308147,    0.9436957
robot_67
    36.16648,     25.97059,            0,            0,            0,    0.9999981,  0.001949788
robot_197
   -14.08866,     -25.6316,            0,            0,            0,   -0.2407346,     0.970591
robot_119
    18.70444,      -10.032,            0,            0,            0,    0.9996106,   0.02790447
robot_82
   -22.09084,    -17.47184,            0,            0,            0,   -0.3480739,    0.9374671
robot_77
    30.39873,    -30.09466,            0,            0,            0,     0.804022,    0.5945996
robot_5
   -2.188801,     17.91838,            0,            0,            0,  -0.04901193,    0.9987982
robot_133
   -6.231388,    -33.96255,            0,            0,            0,    0.4714968,    0.8818678
robot_99
    22.07561,     6.007124,            0,            0,            0,    0.2157555,    0.9764474
robot_171
   -22.11836,    -10.29386,            0,            0,            0,    -0.962254,    0.2721528
robot_180
   -6.075273,    -4.403676,            0,            0,            0,   -0.2246772,    0.9744333
robot_56
   -25.35039,     -21.9733,            0,            0,            0,    0.9995136,   0.03118562
robot_3
    9.952998,    -8.303354,            0,            0,            0,   -0.9941191,    0.1082919
robot_81
    21.94136,     20.79371,            0,            0,            0,    0.4879966,    0.8728455
robot_167
    30.02922,     17.91948,            0,            0,            0,   -0.2516968,    0.9678061
robot_25
    9.926229,      8.03321,            0,            0,            0,   -0.4335339,    0.9011373
robot_168
   -30.55626,    -13.92218,            0,            0,            0,   -0.8331449,    0.5530547
robot_96
    21.95349,    -17.77126,            0,            0,            0,    0.2855955,    0.9583502
robot_166
   -25.75825,     38.09193,            0,            0,            0,   -0.9841267,    0.1774672
robot_102
    33.92901,    -24.62178,            0,            0,            0,    0.5907282,    0.8068707
robot_192
    24.55007,    -29.98872,            0,            0,            0,    0.4214359,    0.9068582
robot_179
   -27.52111,     10.01079,            0,            0,            0,   -0.9892518,    0.1462219
robot_142
    20.37218,    -22.00166,            0,            0,            0,   -0.9702727,    0.2420142
robot_1
   -30.55951,     5.902705,            0,            0,            0,   -0.8380931,    0.5455272
robot_44
    13.82728,     29.82439,            0,            0,            0,   -0.8025602,    0.5965712
robot_163
    6.369621,    -26.01748,            0,            0,            0,   -0.8354341,    0.5495906
robot_79
    25.95713,    -17.39097,            0,            0,            0,   -0.9921988,    0.1246656
robot_8
   -10.04816,    -25.86459,            0,            0,            0,    0.8903621,     0.455253
robot_20
   -14.04441,     10.40305,            0,            0,            0,   -0.3659797,    0.9306228
robot_143
   -10.09662,     27.76108,            0,            0,            0,    0.9602726,    0.2790635
robot_138
   -6.067572,      35.8845,            0,            0,            0,     0.589934,    0.8074515
robot_123
   -15.74307,     -34.0001,            0,            0,            0,   -0.9984864,   0.05499959
robot_193
     38.0972,    -17.95992,            0,            0,            0,   -0.4913015,    0.8709895
robot_187
   -10.08119,    -17.11823,            0,            0,            0,    0.9999999, 0.0003784382
robot_176
    17.94036,    -26.94098,            0,            0,            0,    0.7165611,    0.6975244
robot_66
   -30.06384,    -21.83153,            0,            0,            0,   -0.9975141,   0.07046713
robot_63
   -4.781818,     17.97003,            0,            0,            0,     0.767411,    0.6411555
robot_31
     9.65915,      25.9075,            0,            0,            0,   -0.6754605,    0.7373962
robot_159
   -18.04368,    -31.18376,            0,            0,            0,   -0.1868723,    0.9823842
robot_160
   -33.02801,    -34.02256,            0,            0,            0, -0.008378901,    0.9999649
robot_151
   -6.641075,     9.973905,            0,            0,            0,    0.2553363,    0.9668523
robot_150
   -6.049916,   -0.7444781,            0,            0,            0,     0.700081,    0.7140634
robot_137
   -10.08657,    -36.91729,            0,            0,            0,    0.8390319,    0.5440822
robot_199
   -17.94198,     25.88183,            0,            0,            0,    0.8054182,    0.5927069
robot_54
    17.92424,     4.095362,            0,            0,            0,   -0.9011229,    0.4335638
robot_117
    -23.8072,    -30.02523,            0,            0,            0,   -0.1164782,    0.9931933
robot_36
   -22.09523,    -35.21378,            0,            0,            0,    0.9833975,    0.1814642
robot_33
   -22.44593,    -5.947868,            0,            0,            0,   -0.6017989,    0.7986477
robot_146
    -1.83949,     13.94692,            0,            0,            0,    0.7589125,    0.6511926
robot_156
   -14.07264,     8.363247,            0,            0,            0,   -0.5799451,    0.8146555
robot_112
   -14.08177,     37.78318,            0,            0,            0,   -0.5026881,    0.8644679
robot_19
    9.934122,     12.06195,            0,            0,            0,    0.8644642,    0.5026944
robot_141
   -18.23084,     5.923832,            0,            0,            0,   -0.2087693,    0.9779649
robot_35
    5.962004,     3.881352,            0,            0,            0,   -0.3474547,    0.9376968
robot_184
    14.02721,     26.22207,            0,            0,            0,   -0.7453858,    0.6666334
robot_98
   -10.87677,     10.01522,            0,            0,            0,   -0.3694746,    0.9292408
robot_100
   -34.25758,     33.93334,            0,            0,            0,   -0.2129556,    0.9770619
robot_164
   -25.02845,     25.97153,            0,            0,            0,    -0.955014,    0.2965608
robot_59
    22.02775,    -25.75041,            0,            0,            0,   -0.9810521,    0.1937439
robot_144
   -36.96929,     34.01173,            0,            0,            0,   -0.7770499,     0.629439
robot_101
   -18.05717,     -22.3409,            0,            0,            0,    0.1637173,    0.9865073
robot_161
    1.966954,    -9.972055,            0,            0,            0,  -0.07657047,    0.9970642
robot_149
   -38.14703,    -30.26013,            0,            0,            0,   -0.8626601,    0.5057841
robot_86
   -30.66031,    -30.00925,            0,            0,            0,    -0.237662,    0.9713479
robot_191
    33.93414,     1.158386,            0,            0,            0,    0.7602007,    0.6496883
robot_126
    8.488974,    -26.02715,            0,            0,            0,    0.8454171,    0.5341067
robot_190
    3.400139,     5.978637,            0,            0,            0,    0.7515591,    0.6596657
robot_131
    9.330725,     2.007953,            0,            0,            0,   -0.9219985,    0.3871935
robot_154
   -6.053191,      5.95246,            0,            0,            0,    0.9115403,    0.4112106
robot_9
   -34.72934,    -6.002249,            0,            0,            0,  -0.09575356,    0.9954051
robot_27
   -18.10724,    -38.33359,            0,            0,            0,    -0.772073,    0.6355339
robot_34
   -14.04855,    -28.19059,            0,            0,            0,   -0.3712728,    0.9285238
robot_114
    1.907917,     24.72908,            0,            0,            0,   -0.4067921,    0.9135207
robot_51
    11.86713,     14.01686,            0,            0,            0,    0.9616805,    0.2741725
robot_108
   -22.07385,    -20.64555,            0,            0,            0,   -0.5126819,    0.8585786
robot_147
    28.73012,     13.96808,            0,            0,            0,    0.2222403,    0.9749919
robot_183
   -14.21793,     33.82635,            0,            0,            0,    0.8854636,    0.4647088
robot_48
  -0.4501246,     9.991527,            0,            0,            0,   -0.8340929,     0.551624
robot_60
    24.75071,     37.97117,            0,            0,            0,    0.4297197,    0.9029623
robot_75
    33.94166,    -9.825763,            0,            0,            0,     -0.65266,    0.7576509
robot_152
    24.28212,     6.010513,            0,            0,            0,   -0.6435865,    0.7653734
robot_26
    18.02943,     22.16348,            0,            0,            0,    0.6649295,    0.7469061
robot_182
    31.74617,    -22.01949,            0,            0,            0,    -0.707061,    0.7071526
robot_172
     9.03311,     13.96846,            0,            0,            0,   -0.7034067,    0.7107876
