tuw_multi_robot_msgs::RobotGoalsArray @1970-01-01T01:17:19.600000
frame_id: map
        4639,    600000000
robot_84
   -22.29748,    -29.84027,            0,            0,            0,    0.1506612,    0.9885855
robot_116
    29.95472,    -28.03861,            0,            0,            0,   -0.9373432,    0.3484075
robot_74
    37.93883,     24.96817,            0,            0,            0,   -0.9918126,     0.127702
robot_41
   -2.016135,     -26.1672,            0,            0,            0,     0.986871,    0.1615106
robot_125
   -14.08891,     10.76876,            0,            0,            0,   -0.9893849,    0.1453187
robot_136
   -17.45925,    -17.99317,            0,            0,            0,   0.02605928,    0.9996604
robot_173
    23.48226,    -33.99604,            0,            0,            0,     0.306109,    0.9519965
robot_67
   -5.654365,     25.95056,            0,            0,            0,    -0.914125,    0.4054325
robot_197
   -38.04487,     16.09608,            0,            0,            0,    -0.680978,    0.7323038
robot_119
   -22.08094,     19.64463,            0,            0,            0,    0.0492334,    0.9987873
robot_82
    30.42086,     9.925795,            0,            0,            0,    0.9566596,    0.2912084
robot_77
   -34.08779,     20.70107,            0,            0,            0,   -0.8734279,    0.4869535
robot_5
    37.80981,      -21.767,            0,            0,            0,    0.3693082,     0.929307
robot_133
    28.06326,     22.00006,            0,            0,            0,    0.8867568,    0.4622363
robot_99
   -21.08414,     21.99509,            0,            0,            0,    0.6587033,    0.7524028
robot_171
   -30.03204,    -10.32077,            0,            0,            0,    0.8051255,    0.5931045
robot_180
   -14.09345,     25.34349,            0,            0,            0,    0.5106142,    0.8598099
robot_56
    13.92903,    -7.493894,            0,            0,            0,    0.8390332,    0.5440802
robot_3
   -26.05822,      14.6137,            0,            0,            0,    0.1933037,     0.981139
robot_81
   -18.06372,    -4.165502,            0,            0,            0,   0.01231137,    0.9999242
robot_167
    8.804242,     1.980895,            0,            0,            0,   -0.5322167,    0.8466082
robot_25
      33.465,    -17.93883,            0,            0,            0,   -0.6107228,    0.7918445
robot_168
   -33.61049,     13.97951,            0,            0,            0,   0.02946604,    0.9995658
robot_96
      29.892,    -2.288723,            0,            0,            0,     0.940186,    0.3406616
robot_166
   -10.07606,     1.899489,            0,            0,            0,    0.9991766,    0.0405724
robot_102
    33.44775,     30.05342,            0,            0,            0,    0.0790224,    0.9968728
robot_192
    7.196553,     26.00887,            0,            0,            0,   -0.8303161,    0.5572927
robot_179
    21.92198,    -11.32676,            0,            0,            0,    0.3972802,    0.9176974
robot_142
   -22.02152,     10.13403,            0,            0,            0,    0.6439847,    0.7650383
robot_1
    33.95183,     9.547056,            0,            0,            0,    0.8656924,    0.5005763
robot_44
   -10.02186,      9.83947,            0,            0,            0,    0.9308211,    0.3654751
robot_163
    38.15651,    -30.16181,            0,            0,            0,   -0.9246567,    0.3808017
robot_79
    29.37686,    -17.98676,            0,            0,            0,   -0.4532664,    0.8913751
robot_8
    30.83013,     30.03297,            0,            0,            0,    -0.953919,    0.3000644
robot_20
    37.91609,     -12.2098,            0,            0,            0,    0.2874678,    0.9577903
robot_143
    10.08354,     10.21369,            0,            0,            0,    0.7464976,    0.6653881
robot_138
   -38.20526,    -10.17414,            0,            0,            0,    0.5997926,    0.8001555
robot_123
    -34.5678,      26.0307,            0,            0,            0,    0.7544876,    0.6563143
robot_193
    -22.3988,    -14.07873,            0,            0,            0,     0.190705,    0.9816474
robot_187
    25.91224,     18.89733,            0,            0,            0,     0.247648,    0.9688501
robot_176
    6.703141,    -29.96688,            0,            0,            0,    0.9487625,      0.31599
robot_66
    25.92422,    -25.24528,            0,            0,            0,   -0.8266112,    0.5627735
robot_63
    1.536072,    -21.96334,            0,            0,            0,    -0.264296,    0.9644416
robot_31
    17.91328,    -16.22459,            0,            0,            0,    0.5019152,    0.8649168
robot_159
    18.03884,     34.16433,            0,            0,            0,   0.01806162,    0.9998369
robot_160
    25.91407,    -6.998646,            0,            0,            0,   0.08662163,    0.9962413
robot_151
    1.900803,     28.79827,            0,            0,            0,    0.8155535,    0.5786817
robot_150
   -17.80258,     17.99035,            0,            0,            0,   -0.6742855,    0.7384708
robot_137
    15.90896,    -21.99516,            0,            0,            0,    0.3300699,    0.9439565
robot_199
    37.94055,    -15.30644,            0,            0,            0,    0.8079673,    0.5892273
robot_54
    29.88794,     25.90773,            0,            0,            0,    0.9934872,    0.1139435
robot_117
    17.92303,     27.49359,            0,            0,            0,   -0.9336914,    0.3580787
robot_36
    33.92018,     18.73412,            0,            0,            0,   -0.9776386,    0.2102923
robot_33
   -3.351456,    -17.97169,            0,            0,            0,   -0.9998682,   0.01623728
robot_146
    17.53331,     1.954981,            0,            0,            0,   -0.7034411,    0.7107535
robot_156
   -17.03665,     2.001642,            0,            0,            0,   -0.5058133,    0.8626429
robot_112
    37.87122,     10.04822,            0,            0,            0,    0.9950028,    0.0998466
robot_19
    3.073476,     5.995271,            0,            0,            0,    0.9512185,    0.3085179
robot_141
    24.74464,     34.02112,            0,            0,            0,   -0.9562694,    0.2924874
robot_35
   -37.57399,    -14.03651,            0,            0,            0,   -0.5652527,    0.8249178
robot_184
   -38.05902,    -26.75541,            0,            0,            0,    0.9784774,     0.206354
robot_98
   -9.848648,    -29.99094,            0,            0,            0,   -0.9808248,    0.1948916
robot_100
     16.1355,    -38.03119,            0,            0,            0,   -0.1830472,    0.9831041
robot_164
   -28.13283,     2.017875,            0,            0,            0,   -0.2285715,    0.9735271
robot_59
    13.91664,     26.54035,            0,            0,            0,   -0.8930393,    0.4499787
robot_144
   -38.08559,    -30.78306,            0,            0,            0,   -0.1775001,    0.9841208
robot_101
    32.60615,    -9.969756,            0,            0,            0,   0.03398886,    0.9994222
robot_161
   -2.346103,    -6.017035,            0,            0,            0,    0.9339876,    0.3573053
robot_149
    24.37929,    -29.99016,            0,            0,            0,   -0.9547141,    0.2975247
robot_86
    33.83358,     38.19047,            0,            0,            0,   -0.7050146,    0.7091928
robot_191
    17.24756,    -29.99102,            0,            0,            0,     0.831938,    0.5548685
robot_126
    18.80739,    -9.966561,            0,            0,            0,   -0.4276969,    0.9039222
robot_190
   -10.08682,     26.12985,            0,            0,            0,   -0.4864385,    0.8737148
robot_131
   -20.44936,    -21.99115,            0,            0,            0,    0.9319255,    0.3626499
robot_154
   -26.09129,     37.66427,            0,            0,            0,    0.5895951,     0.807699
robot_9
   -18.43449,     -26.0102,            0,            0,            0,   -0.9996921,   0.02481204
robot_27
   -30.05167,      22.7128,            0,            0,            0,   -0.1703288,    0.9853873
robot_34
   -2.015334,    -14.01314,            0,            0,            0,   -0.7412965,    0.6711776
robot_114
     33.9166,    -37.17586,            0,            0,            0,    0.1089676,    0.9940453
robot_51
   -30.26655,     25.92801,            0,            0,            0,    0.6865913,    0.7270436
robot_108
    29.86741,     -5.94504,            0,            0,            0,    0.9996538,   0.02631095
robot_147
    1.690428,     22.09139,            0,            0,            0,    0.7627552,    0.6466873
robot_183
   -8.577855,    -2.003446,            0,            0,            0,    0.2677335,     0.963493
robot_48
   -2.070311,    -11.84888,            0,            0,            0,   -0.8031323,    0.5958008
robot_60
    1.876968,    -18.09096,            0,            0,            0,   -0.1103587,    0.9938918
robot_75
  -0.3464392,     13.98343,            0,            0,            0,   -0.7640813,    0.6451199
robot_152
   -22.09217,    -9.262326,            0,            0,            0,   -0.1567319,    0.9876412
robot_26
    16.87676,     37.99279,            0,            0,            0,  -0.04741291,    0.9988754
robot_182
   -25.51242,    -1.985639,            0,            0,            0,   -0.3543524,     0.935112
robot_172
   -2.103851,     25.80442,            0,            0,            0,    0.7288249,    0.6847002
