tuw_multi_robot_msgs::RobotGoalsArray @1970-01-01T01:16:09.300000
frame_id: map
        4569,    300000000
robot_84
    5.966714,     2.749811,            0,            0,            0,    0.8751475,    0.4838563
robot_116
    12.85276,     1.993205,            0,            0,            0,    0.8548168,    0.5189299
robot_74
     5.72974,    -21.95751,            0,            0,            0,   -0.5230851,    0.8522805
robot_41
   -5.900185,      30.0468,            0,            0,            0,      -0.9738,    0.2274061
robot_125
   -18.10937,     6.249561,            0,            0,            0,    0.9550687,    0.2963846
robot_136
   -26.09715,     36.67161,            0,            0,            0,   -0.6349761,    0.7725318
robot_173
    -34.0492,    -27.21284,            0,            0,            0,   -0.9912748,    0.1318116
robot_67
   -30.29262,    -18.15516,            0,            0,            0,    0.5562419,    0.8310204
robot_197
   -30.09507,     37.46087,            0,            0,            0,   -0.1269701,    0.9919065
robot_119
   -28.47516,    -13.97537,            0,            0,            0,    0.3436966,    0.9390807
robot_82
    24.89798,    -13.97254,            0,            0,            0,    0.1975648,    0.9802898
robot_77
   -4.784162,    -6.010815,            0,            0,            0,    0.9998412,   0.01781853
robot_5
    33.92306,    -33.50447,            0,            0,            0,   -0.5603754,    0.8282387
robot_133
    2.045345,     26.20322,            0,            0,            0,    0.7840607,    0.6206841
robot_99
   -38.14164,     29.79462,            0,            0,            0,   -0.9626625,    0.2707044
robot_171
   -26.08154,    -27.55482,            0,            0,            0,   -0.9968054,   0.07986801
robot_180
    18.77082,    -13.97224,            0,            0,            0,    0.9539954,    0.2998213
robot_56
    9.996444,    -33.79239,            0,            0,            0,   -0.4831462,    0.8755397
robot_3
    25.12551,     -34.0137,            0,            0,            0,    0.8664684,     0.499232
robot_81
    13.91729,     5.311195,            0,            0,            0,    0.4033214,    0.9150584
robot_167
   -38.11841,    -10.30477,            0,            0,            0,   0.01142895,    0.9999347
robot_25
    37.78165,     22.04155,            0,            0,            0,   -0.9334147,    0.3587995
robot_168
    36.74286,     10.02446,            0,            0,            0,    0.1663806,    0.9860616
robot_96
    32.46845,     30.02009,            0,            0,            0,   -0.4810626,    0.8766862
robot_166
    -6.62237,     26.02947,            0,            0,            0,     0.929858,    0.3679186
robot_102
    18.07322,     21.94418,            0,            0,            0,   -0.2839684,    0.9588336
robot_192
    35.26846,    -5.973372,            0,            0,            0,   -0.9993279,   0.03665589
robot_179
    34.75835,     17.96982,            0,            0,            0,   -0.9508464,    0.3096629
robot_142
   -39.31665,     14.01064,            0,            0,            0,  -0.09206606,    0.9957529
robot_1
    17.63208,     10.03089,            0,            0,            0, -0.008135795,    0.9999669
robot_44
    29.80972,    -29.80869,            0,            0,            0,   -0.5170529,    0.8559534
robot_163
    17.95822,     4.052922,            0,            0,            0,   -0.7392077,    0.6734775
robot_79
    14.03304,    -34.01154,            0,            0,            0,  -0.01303704,     0.999915
robot_8
    8.339399,     26.02053,            0,            0,            0,    0.2705762,    0.9626986
robot_20
    29.99656,     37.98151,            0,            0,            0,    0.9164806,    0.4000792
robot_143
   -13.89416,     18.03141,            0,            0,            0,    0.9573397,     0.288965
robot_138
   -10.01969,     -2.34762,            0,            0,            0,    0.9631798,     0.268858
robot_123
    13.93353,     33.81968,            0,            0,            0,    0.9817513,    0.1901691
robot_193
   -22.11584,    -2.350018,            0,            0,            0,   -0.4102318,    0.9119813
robot_187
   -30.08092,    -20.56252,            0,            0,            0,   -0.5523898,    0.8335859
robot_176
    32.25606,    -22.01307,            0,            0,            0,   -0.2372391,    0.9714513
robot_66
    -26.0883,     16.94104,            0,            0,            0,   -0.3855396,    0.9226913
robot_63
    9.906125,    -10.43185,            0,            0,            0,    0.8672825,    0.4978164
robot_31
    1.928194,     7.797294,            0,            0,            0,  -0.04251984,    0.9990956
robot_159
   -17.74289,     22.03922,            0,            0,            0,   -0.2712439,    0.9625106
robot_160
    39.03212,     25.97607,            0,            0,            0,    0.9762696,    0.2165586
robot_151
   -10.16198,      38.0831,            0,            0,            0,   0.01662813,    0.9998617
robot_150
   -6.085662,    -18.35458,            0,            0,            0,   -0.8682743,    0.4960845
robot_137
    -9.96293,     2.051391,            0,            0,            0,    0.3111458,    0.9503622
robot_199
    30.76107,     1.990735,            0,            0,            0,    0.9585461,    0.2849376
robot_54
    17.96426,     23.99233,            0,            0,            0,   -0.6728263,    0.7398005
robot_117
   -5.952668,     -34.1531,            0,            0,            0,   -0.5432986,    0.8395395
robot_36
     29.7622,    -37.84821,            0,            0,            0,   -0.9222357,    0.3866282
robot_33
    39.20428,     17.97856,            0,            0,            0,   -0.8734336,    0.4869432
robot_146
    21.92371,    -1.654669,            0,            0,            0,  -0.01033775,    0.9999466
robot_156
    34.16827,    -18.00136,            0,            0,            0,   -0.2107293,    0.9775445
robot_112
    25.85838,     33.88084,            0,            0,            0,   -0.9999774,  0.006721798
robot_19
    9.908027,     28.61418,            0,            0,            0,    0.1809851,    0.9834858
robot_141
   -30.09001,     34.01799,            0,            0,            0,    0.8521363,    0.5233199
robot_35
   -17.72171,     -30.0074,            0,            0,            0,    0.6693224,    0.7429721
robot_184
   -1.715817,    -25.99737,            0,            0,            0,   -0.8432698,    0.5374905
robot_98
    -37.7181,     21.95342,            0,            0,            0,    0.8253516,    0.5646191
robot_100
    33.94483,     27.20419,            0,            0,            0,    0.9998807,   0.01544653
robot_164
    10.01416,     13.79199,            0,            0,            0,    0.9780304,    0.2084625
robot_59
   -22.05305,     35.00424,            0,            0,            0,    0.8055351,    0.5925481
robot_144
    31.50823,     25.99071,            0,            0,            0,    0.7943419,    0.6074709
robot_101
    9.983908,    -29.67486,            0,            0,            0,    -0.424603,    0.9053796
robot_161
   -6.023417,     18.28145,            0,            0,            0,   -0.3634001,    0.9316332
robot_149
    1.553376,    -13.99962,            0,            0,            0,    0.8211986,    0.5706425
robot_86
    13.96659,     12.92465,            0,            0,            0,   -0.7067897,    0.7074237
robot_191
    2.454604,     14.00157,            0,            0,            0,    0.9802848,      0.19759
robot_126
     25.5159,     10.05391,            0,            0,            0,   -0.9206599,    0.3903657
robot_190
   -14.57195,    -10.03132,            0,            0,            0,    0.5641864,    0.8256475
robot_131
    3.797711,      -34.004,            0,            0,            0,   -0.9923341,    0.1235839
robot_154
    17.56834,     13.94765,            0,            0,            0,   0.09149048,     0.995806
robot_9
   -34.04864,     17.56684,            0,            0,            0,   -0.4134381,    0.9105322
robot_27
    1.942087,    -32.26451,            0,            0,            0,   0.08247639,     0.996593
robot_34
    34.00311,     14.31057,            0,            0,            0,   -0.9494172,    0.3140175
robot_114
    25.21579,     2.005353,            0,            0,            0,    0.1858001,    0.9825876
robot_51
   -38.04236,    -8.116559,            0,            0,            0,    0.5663163,     0.824188
robot_108
   -31.59955,     6.022504,            0,            0,            0,   -0.5163595,    0.8563719
robot_147
   -38.00884,     6.217646,            0,            0,            0,   0.03068737,     0.999529
robot_183
  -0.6377382,    -34.00291,            0,            0,            0,   -0.9044657,    0.4265463
robot_48
   -17.51615,    -18.00493,            0,            0,            0,    0.9985724,    0.0534152
robot_60
    8.081611,     -37.9982,            0,            0,            0,   -0.9826446,    0.1854985
robot_75
    -17.0984,     10.02032,            0,            0,            0,   -0.1144894,    0.9934245
robot_152
    33.96539,    -20.51811,            0,            0,            0,   -0.9817866,    0.1899868
robot_26
    1.905241,     29.16111,            0,            0,            0,   -0.3809979,    0.9245759
robot_182
    5.941999,    -5.546333,            0,            0,            0,   -0.8931729,    0.4497135
robot_172
   -21.93843,     22.09552,            0,            0,            0,    0.8708627,    0.4915264
