tuw_multi_robot_msgs::RobotGoalsArray @1970-01-01T01:12:19.600000
frame_id: map
        4339,    600000000
robot_84
    -26.1711,     10.07976,            0,            0,            0,   -0.4967791,    0.8678771
robot_116
   -1.915979,     9.988882,            0,            0,            0,    0.5097723,    0.8603094
robot_74
   -22.02603,    -2.311673,            0,            0,            0,   -0.3608765,    0.9326136
robot_41
   -5.659339,     9.968431,            0,            0,            0,   -0.9535344,     0.301284
robot_125
   -10.06169,    -6.254331,            0,            0,            0,    0.2381141,    0.9712372
robot_136
    35.87722,     9.982436,            0,            0,            0,    0.7151167,     0.699005
robot_173
    29.92915,    -6.362888,            0,            0,            0,    0.9347683,    0.3552579
robot_67
    22.11325,     25.85676,            0,            0,            0,   -0.3043245,    0.9525684
robot_197
    1.612496,    -30.00228,            0,            0,            0,    0.6685551,    0.7436626
robot_119
    35.46226,      -22.018,            0,            0,            0,   -0.5130441,    0.8583623
robot_82
    5.732202,     29.97714,            0,            0,            0,    0.6556583,    0.7550577
robot_77
    2.094227,    -33.88075,            0,            0,            0,   -0.1982295,    0.9801556
robot_5
   -30.07511,    -27.90645,            0,            0,            0,    0.9994741,   0.03242787
robot_133
     6.75488,    -14.02816,            0,            0,            0,    0.5950639,    0.8036784
robot_99
   -38.05679,     17.82858,            0,            0,            0,    -0.884278,    0.4669608
robot_171
    25.94347,    -25.49911,            0,            0,            0,   -0.1259142,    0.9920411
robot_180
     30.7294,    -21.99223,            0,            0,            0,   -0.3687997,    0.9295089
robot_56
    29.95754,     30.49661,            0,            0,            0,  -0.02675297,    0.9996421
robot_3
   -30.08534,    -34.40571,            0,            0,            0,   -0.5823694,    0.8129243
robot_81
   -22.49385,    -38.04029,            0,            0,            0,   -0.3003107,    0.9538414
robot_167
    5.897168,      25.8347,            0,            0,            0,   -0.8935387,    0.4489861
robot_25
     25.8563,    -10.16328,            0,            0,            0,    0.8474613,    0.5308572
robot_168
   -38.15571,     22.19161,            0,            0,            0,    0.5890052,    0.8081292
robot_96
    6.362517,    -10.02207,            0,            0,            0,   -0.1569881,    0.9876005
robot_166
   -38.19087,    -26.18861,            0,            0,            0,    0.3764992,    0.9264169
robot_102
    27.69438,     17.97009,            0,            0,            0,    0.8567506,    0.5157309
robot_192
     8.07157,    -22.02414,            0,            0,            0,    -0.649092,    0.7607099
robot_179
    21.95611,    -35.24158,            0,            0,            0,    -0.431755,    0.9019909
robot_142
    10.11347,     38.00842,            0,            0,            0,    0.9961256,   0.08794219
robot_1
    17.76399,    -30.15388,            0,            0,            0,    0.9384689,    0.3453637
robot_44
   -13.98453,     5.972234,            0,            0,            0,    -0.321155,    0.9470266
robot_163
    5.941306,     -36.5506,            0,            0,            0,    0.9353337,    0.3537668
robot_79
   -6.090545,     22.21374,            0,            0,            0,    0.1226349,    0.9924519
robot_8
    17.84098,    -37.89681,            0,            0,            0,    -0.315656,    0.9488737
robot_20
   -10.20188,     29.94795,            0,            0,            0,    0.9275228,    0.3737667
robot_143
   -6.024482,     30.09324,            0,            0,            0,    0.5748249,    0.8182765
robot_138
     37.9526,    -32.57185,            0,            0,            0,    0.9932089,    0.1163448
robot_123
    17.96951,      26.1161,            0,            0,            0,   -0.4760423,    0.8794224
robot_193
    -33.7203,    -34.00337,            0,            0,            0,   -0.9804913,    0.1965624
robot_187
    18.95454,    -5.968462,            0,            0,            0,   -0.3058105,    0.9520924
robot_176
    22.47073,      -6.0286,            0,            0,            0,    0.8904279,    0.4551243
robot_66
   -14.31738,     37.99957,            0,            0,            0,    0.9114367,    0.4114404
robot_63
    29.79387,    -14.08892,            0,            0,            0,   -0.9973907,   0.07219343
robot_31
   -23.54484,     25.97479,            0,            0,            0,   -0.1206273,    0.9926979
robot_159
    1.985972,     22.27323,            0,            0,            0,    0.8337195,    0.5521881
robot_160
   -2.552555,     22.08083,            0,            0,            0,    0.9903485,    0.1385995
robot_151
   -26.05418,    -13.64161,            0,            0,            0,    0.9484601,    0.3168966
robot_150
    13.94096,    -18.88196,            0,            0,            0,    0.5331706,    0.8460077
robot_137
   -22.04562,     18.89778,            0,            0,            0,    0.5874756,    0.8092419
robot_199
   -34.03761,    -19.64384,            0,            0,            0,   -0.2455223,    0.9693909
robot_54
    1.946526,    -12.12618,            0,            0,            0,    0.9792739,    0.2025403
robot_117
    33.85119,    -9.945237,            0,            0,            0,   -0.8833172,    0.4687758
robot_36
   -3.848002,    -6.028137,            0,            0,            0,    -0.639792,    0.7685481
robot_33
    9.934706,    -27.70506,            0,            0,            0,    0.6943149,    0.7196713
robot_146
   -34.15457,     14.22791,            0,            0,            0,   -0.8358436,    0.5489676
robot_156
    1.898229,     29.75953,            0,            0,            0,    0.7320493,    0.6812517
robot_112
  -0.8136679,     5.973646,            0,            0,            0,   -0.1873034,    0.9823021
robot_19
   -38.02301,    -33.88052,            0,            0,            0,   -0.5827086,    0.8126812
robot_141
    27.07164,     1.981486,            0,            0,            0,   -0.2242709,    0.9745268
robot_35
   -22.34591,     1.928729,            0,            0,            0,    0.3377577,    0.9412331
robot_184
    33.90585,     1.296051,            0,            0,            0,   -0.9666543,    0.2560849
robot_98
    1.971973,     25.82808,            0,            0,            0,     0.973937,    0.2268188
robot_100
   -31.34666,     26.02322,            0,            0,            0,   -0.9913636,     0.131142
robot_164
    34.08684,    -25.81106,            0,            0,            0,   -0.1526316,    0.9882832
robot_59
    13.16064,     9.980322,            0,            0,            0,   -0.6557732,    0.7549579
robot_144
    21.93769,     31.17349,            0,            0,            0,   -0.1138113,    0.9935024
robot_101
    25.92879,     20.06153,            0,            0,            0,    0.9258358,     0.377926
robot_161
    5.876979,    -29.98839,            0,            0,            0,    0.6678752,    0.7442733
robot_149
   -6.202047,    -17.78901,            0,            0,            0,    0.8051107,    0.5931246
robot_86
    37.90246,    -18.34706,            0,            0,            0, -0.0006681197,    0.9999998
robot_191
    33.90518,    -17.08755,            0,            0,            0,   -0.9232312,     0.384245
robot_126
   -14.08543,     -28.4043,            0,            0,            0,   0.09807323,    0.9951792
robot_190
   -38.07858,     -21.6704,            0,            0,            0,   -0.4157568,    0.9094758
robot_131
    -14.1873,    -10.11683,            0,            0,            0,    0.6225083,    0.7826132
robot_154
   -10.06018,     7.948574,            0,            0,            0,      -0.9674,    0.2532534
robot_9
    24.17435,     14.00256,            0,            0,            0,   -0.6959612,    0.7180794
robot_27
    33.73007,    -2.122815,            0,            0,            0,    0.4893765,    0.8720726
robot_34
   -25.71179,    -37.93368,            0,            0,            0,   -0.9422945,     0.334785
robot_114
   -6.104757,     -2.19586,            0,            0,            0,   -0.9740905,    0.2261586
robot_51
   -23.87563,     17.98133,            0,            0,            0,    0.3177655,    0.9481693
