tuw_multi_robot_msgs::RobotGoalsArray @1970-01-01T01:26:40.400000
frame_id: map
        5200,    400000000
robot_84
    13.16483,    -37.97833,            0,            0,            0,     0.877476,    0.4796205
robot_116
    35.80248,     5.991904,            0,            0,            0,    0.7735726,    0.6337077
robot_74
    6.424163,    -29.93725,            0,            0,            0,   -0.9172442,    0.3983254
robot_41
   -2.040701,     6.330237,            0,            0,            0,    0.7435916,    0.6686341
robot_125
    33.91913,     32.74768,            0,            0,            0,   -0.5501609,    0.8350587
robot_136
   -19.77191,    -33.97297,            0,            0,            0,   -0.9816889,    0.1904913
robot_173
    10.42855,     13.92544,            0,            0,            0,   -0.7803408,    0.6253545
robot_67
   -6.034894,     39.05359,            0,            0,            0,    0.3219513,    0.9467562
robot_197
   -22.06977,    -4.103052,            0,            0,            0,   -0.5056713,    0.8627262
robot_119
    1.945061,    -9.746011,            0,            0,            0,    0.9984836,   0.05504978
robot_82
   -14.15588,    -13.64506,            0,            0,            0,    0.3193184,    0.9476475
robot_77
   -10.08113,    -31.03322,            0,            0,            0,    0.6576665,    0.7533092
robot_5
    3.587722,     -34.0051,            0,            0,            0,   -0.8114122,    0.5844744
robot_133
    18.16432,     6.033655,            0,            0,            0,    0.9089713,    0.4168587
robot_99
   -10.72649,    -38.02137,            0,            0,            0,    0.6365284,    0.7712533
robot_171
    26.21631,     33.97261,            0,            0,            0,   -0.2468633,    0.9690503
robot_180
    17.90886,    -19.05909,            0,            0,            0,   -0.8308636,    0.5564762
robot_56
   -13.50966,     21.97196,            0,            0,            0,    -0.871246,    0.4908466
robot_3
   -37.29815,     -33.9809,            0,            0,            0,    0.4014003,    0.9159027
robot_81
    21.91605,     32.70681,            0,            0,            0,   -0.2824239,    0.9592897
robot_167
   -6.086556,     9.866374,            0,            0,            0,    0.8145846,    0.5800448
robot_25
    2.733556,     13.97044,            0,            0,            0,   -0.9732875,    0.2295897
robot_168
    37.95201,     7.259031,            0,            0,            0,   -0.9425566,    0.3340465
robot_96
   -25.92257,     18.02067,            0,            0,            0,   0.06675925,    0.9977691
robot_166
   -2.727317,     14.01467,            0,            0,            0,    0.1847708,    0.9827816
robot_102
    39.17869,     22.00945,            0,            0,            0,    0.1878875,    0.9821905
robot_192
     37.9819,     25.75711,            0,            0,            0,    -0.982607,    0.1856971
robot_179
   -30.20203,    -30.07622,            0,            0,            0,    0.2890807,    0.9573047
robot_142
    13.98649,     21.77348,            0,            0,            0,     -0.29013,    0.9569872
robot_1
   -6.155768,    -5.857518,            0,            0,            0,    0.9773873,     0.211457
robot_44
   -6.014635,     14.18649,            0,            0,            0,     0.918652,    0.3950677
robot_163
   -6.074058,     28.97968,            0,            0,            0,   -0.3324278,    0.9431287
robot_79
   -38.00283,     25.72691,            0,            0,            0,    -0.375221,    0.9269354
robot_8
   -26.07726,     33.63966,            0,            0,            0,     0.120885,    0.9926665
robot_20
    17.96287,   -0.2735133,            0,            0,            0,    -0.753889,    0.6570018
robot_143
    9.975845,    -10.28526,            0,            0,            0,    0.3770643,    0.9261871
robot_138
   -2.419067,    -10.09982,            0,            0,            0,   -0.5838433,    0.8118663
robot_123
    14.93351,    -21.96698,            0,            0,            0,    0.7788497,    0.6272105
robot_193
      25.694,     5.944345,            0,            0,            0,    0.6081797,    0.7937994
robot_187
    -33.8922,    -26.01015,            0,            0,            0,    0.7782212,    0.6279903
robot_176
    33.88253,    -21.82206,            0,            0,            0,   -0.9508982,    0.3095038
robot_66
    29.92924,    -24.40749,            0,            0,            0,    0.3618304,    0.9322439
robot_63
   -38.04495,     31.92283,            0,            0,            0,    0.6439848,    0.7650383
robot_31
    -26.5904,     6.026509,            0,            0,            0,    0.4351231,     0.900371
robot_159
   -39.79387,    -5.969649,            0,            0,            0,    0.5238417,    0.8518156
robot_160
   -10.03579,    -10.75804,            0,            0,            0,    0.7155629,    0.6985483
robot_151
    1.918145,    -18.69494,            0,            0,            0,   -0.9335305,    0.3584979
robot_150
   -18.05856,     9.245387,            0,            0,            0,    0.3171772,    0.9483663
robot_137
    1.956088,    -6.315831,            0,            0,            0,   -0.6860112,     0.727591
robot_199
   -23.70636,     9.982826,            0,            0,            0,    0.1944394,    0.9809145
robot_54
   -31.80946,     29.97312,            0,            0,            0,    0.3207057,    0.9471789
robot_117
    18.13181,     26.11716,            0,            0,            0,   -0.5577042,    0.8300398
robot_36
   -10.08666,     29.30409,            0,            0,            0,    -0.181171,    0.9834516
robot_33
   -31.11781,    -21.99821,            0,            0,            0,   -0.9181952,    0.3961281
robot_146
    14.69996,     25.97341,            0,            0,            0,   -0.6871183,    0.7265455
robot_156
   -26.03627,      1.32966,            0,            0,            0,   -0.6644672,    0.7473175
robot_112
   -18.05218,     30.04598,            0,            0,            0,   -0.6194367,    0.7850466
robot_19
    9.837548,    -22.24633,            0,            0,            0,    0.8405292,    0.5417663
robot_141
    2.102404,    -26.13833,            0,            0,            0,    0.9907807,    0.1354751
robot_35
    33.20439,     10.00606,            0,            0,            0,   -0.8777028,    0.4792055
robot_184
   -14.21901,     5.906947,            0,            0,            0,   -0.2954869,    0.9553468
robot_98
    33.91124,    -36.35578,            0,            0,            0,    0.5983933,    0.8012025
robot_100
    26.05799,    -26.02978,            0,            0,            0,   -0.4391038,    0.8984363
robot_164
    29.96046,      13.1174,            0,            0,            0,    0.8176712,    0.5756855
robot_59
    34.08416,     21.85771,            0,            0,            0,    0.9929439,    0.1185848
robot_144
   -5.897219,    -14.14265,            0,            0,            0,   -0.7517002,     0.659505
robot_101
   -0.591522,    -34.02114,            0,            0,            0,   -0.2318819,    0.9727439
robot_161
    6.329791,    -21.91083,            0,            0,            0,   -0.9867408,    0.1623037
robot_149
   -30.06237,    -2.855147,            0,            0,            0,   -0.2633992,    0.9646869
robot_86
   -30.10548,     34.02675,            0,            0,            0,  0.008946263,      0.99996
robot_191
    31.00155,    -34.00456,            0,            0,            0,   -0.4769315,    0.8789405
robot_126
   -2.197744,     29.99981,            0,            0,            0,    0.9908015,    0.1353233
robot_190
    25.91883,    -1.443389,            0,            0,            0,   -0.9478503,    0.3187157
robot_131
    37.95254,    -28.17746,            0,            0,            0,    0.3532583,    0.9355258
robot_154
   -29.92939,     6.090433,            0,            0,            0,   -0.8588599,    0.5122105
robot_9
    21.49836,    -30.06136,            0,            0,            0,   -0.9545519,    0.2980447
robot_27
   -30.07292,     31.01144,            0,            0,            0,   -0.4907443,    0.8713037
robot_34
   -10.49594,    -25.97766,            0,            0,            0,   -0.9847354,     0.174058
robot_114
    9.886771,     17.66824,            0,            0,            0,    0.5740585,    0.8188143
robot_51
   -18.03473,    -31.34062,            0,            0,            0,    0.6304132,    0.7762597
robot_108
    22.04557,     5.795188,            0,            0,            0,    0.9996901,   0.02489515
robot_147
    13.96284,     34.70048,            0,            0,            0,    0.6760376,    0.7368672
robot_183
   -10.03584,     16.97892,            0,            0,            0,   -0.9987621,   0.04974171
robot_48
    17.84959,    -2.272961,            0,            0,            0,   -0.3915074,    0.9201749
robot_60
    17.85036,     21.87077,            0,            0,            0,     0.999657,   0.02619039
robot_75
    18.01804,     33.68073,            0,            0,            0,   -0.6411531,     0.767413
robot_152
   -12.30243,     30.03364,            0,            0,            0,    0.9815433,    0.1912399
robot_26
    6.981695,    -6.005219,            0,            0,            0,    0.2430831,    0.9700055
robot_182
    6.973402,     9.996782,            0,            0,            0,   -0.4134716,     0.910517
robot_172
    37.97786,     18.15703,            0,            0,            0,    0.8595659,     0.511025
robot_43
    10.88121,     6.023743,            0,            0,            0,    0.6953807,    0.7186416
robot_170
   -10.14384,     13.66909,            0,            0,            0,   -0.3700974,    0.9289929
robot_177
    17.78428,     9.820596,            0,            0,            0,   -0.6833306,    0.7301091
robot_80
    9.796084,     38.11056,            0,            0,            0,   -0.9952687,   0.09716063
robot_16
   -1.864328,    -17.95897,            0,            0,            0,   -0.1792846,    0.9837973
robot_13
     20.8892,    -10.02005,            0,            0,            0,    0.7198744,    0.6941043
robot_178
   -34.08176,    -10.68357,            0,            0,            0,    -0.955088,    0.2963224
robot_88
   -6.280143,     18.00824,            0,            0,            0,   -0.8580746,     0.513525
robot_194
    25.51037,     29.98797,            0,            0,            0,  -0.05570661,    0.9984472
robot_29
   -30.04418,    -15.73614,            0,            0,            0,   -0.9190997,    0.3940252
robot_92
    12.24738,      1.99383,            0,            0,            0,   -0.2447037,    0.9695979
robot_87
   -26.10284,    -29.79794,            0,            0,            0,    0.9852313,    0.1712286
robot_68
   -6.063564,    0.9539579,            0,            0,            0,     0.990581,    0.1369281
robot_22
   -26.06704,    -16.42014,            0,            0,            0,    0.9883534,    0.1521761
robot_38
   -26.06196,    -9.276969,            0,            0,            0,   -0.4820344,    0.8761523
robot_2
   -14.01824,     37.69902,            0,            0,            0,    0.6264203,    0.7794855
robot_110
    21.92941,    -25.52752,            0,            0,            0,    0.5461051,    0.8377167
robot_14
    17.95762,    -5.646824,            0,            0,            0,   -0.6313437,    0.7755032
robot_181
    10.15329,     -13.9834,            0,            0,            0,   0.09235804,    0.9957259
robot_61
   -11.19028,    -21.99132,            0,            0,            0,   -0.2134837,    0.9769466
robot_30
   -9.397223,    -33.97927,            0,            0,            0,   -0.1253913,    0.9921074
robot_122
   -10.09342,      33.5308,            0,            0,            0,    0.6594315,    0.7517646
robot_132
    6.096649,    -26.08883,            0,            0,            0,    0.9636444,    0.2671881
robot_45
   -9.397273,     22.02798,            0,            0,            0,   -0.9975306,   0.07023364
robot_21
    6.862719,     38.00604,            0,            0,            0,   -0.7848215,    0.6197218
robot_39
    20.14783,    -22.02299,            0,            0,            0,   -0.9021591,    0.4314034
robot_134
    30.11691,     21.99084,            0,            0,            0,   -0.2536879,    0.9672861
robot_15
     13.6917,    -33.98904,            0,            0,            0,   -0.9999698,  0.007768077
robot_145
     25.9406,     -36.4041,            0,            0,            0,    0.9333425,    0.3589873
robot_140
   -9.985956,     1.753708,            0,            0,            0,   -0.1997187,    0.9798533
