tuw_multi_robot_msgs::RobotGoalsArray @1970-01-01T01:30:52.100000
frame_id: map
        5452,    100000000
robot_84
   -26.01751,    -6.272354,            0,            0,            0,    0.8064514,    0.5913004
robot_116
    30.01719,     25.90641,            0,            0,            0,     -0.94369,    0.3308312
robot_74
     24.1247,     18.02045,            0,            0,            0,     -0.97268,    0.2321501
robot_41
     38.0474,    -30.02583,            0,            0,            0,    0.9995793,   0.02900259
robot_125
     29.9368,    -26.90091,            0,            0,            0,   -0.8816407,    0.4719213
robot_136
   -18.07717,    -20.86797,            0,            0,            0,   -0.3558205,    0.9345543
robot_173
    13.93581,    -4.243046,            0,            0,            0,   -0.6385307,    0.7695963
robot_67
      1.1616,     14.02761,            0,            0,            0,    0.8836597,    0.4681299
robot_197
   -10.07561,     29.48279,            0,            0,            0,   -0.9992185,   0.03952594
robot_119
    9.910933,    -27.47175,            0,            0,            0,    0.9063513,    0.4225249
robot_82
    9.971159,     29.76993,            0,            0,            0,    0.7607176,     0.649083
robot_77
   -26.07043,     32.06889,            0,            0,            0,    0.7845734,    0.6200359
robot_5
    -36.5545,    -13.98878,            0,            0,            0,     0.121832,    0.9925507
robot_133
   -30.19171,     -30.2241,            0,            0,            0,    -0.995702,   0.09261482
robot_99
     37.7335,    -21.88363,            0,            0,            0,   -0.6027237,      0.79795
robot_171
    9.800762,    -6.046213,            0,            0,            0,    0.9383726,    0.3456253
robot_180
    2.151816,    -17.86764,            0,            0,            0,   -0.9355028,    0.3533192
robot_56
    33.87957,     10.34863,            0,            0,            0,   -0.6170233,    0.7869449
robot_3
    13.93098,    -33.40006,            0,            0,            0,   -0.1677796,    0.9858245
robot_81
    27.27818,    -37.97103,            0,            0,            0,   -0.7049822,     0.709225
robot_167
   -32.01067,     30.00764,            0,            0,            0,    -0.110352,    0.9938926
robot_25
   -27.85894,    -34.02714,            0,            0,            0,    0.9871234,    0.1599604
robot_168
    33.92462,     30.08528,            0,            0,            0,   -0.7775287,    0.6288474
robot_96
   -31.08654,    -37.99238,            0,            0,            0,  -0.05689099,    0.9983804
robot_166
    29.91536,    -21.53416,            0,            0,            0,    0.8064088,    0.5913584
robot_102
    17.92169,     35.47445,            0,            0,            0,     0.147218,    0.9891041
robot_192
    9.434504,     13.98011,            0,            0,            0,    0.4738861,    0.8805861
robot_179
   -29.84033,    -14.12019,            0,            0,            0,   -0.9588849,    0.2837951
robot_142
    21.54407,     13.92799,            0,            0,            0,    0.7723249,    0.6352277
robot_1
   -30.04641,    -5.113302,            0,            0,            0,   -0.9727299,    0.2319408
robot_44
   -2.495017,     -30.0929,            0,            0,            0,    0.1456482,    0.9893364
robot_163
    -5.87237,    -18.12353,            0,            0,            0,    0.4977235,    0.8673357
robot_79
   -30.06473,      30.5627,            0,            0,            0,   -0.8936238,    0.4488169
robot_8
    39.12296,    -26.02764,            0,            0,            0,    -0.717741,    0.6963102
robot_20
   -13.82208,    -6.063836,            0,            0,            0,    0.8387001,    0.5445935
robot_143
   -7.192594,     13.96975,            0,            0,            0,   -0.5026868,    0.8644686
robot_138
     10.1861,    -13.95685,            0,            0,            0,    -0.809945,    0.5865059
robot_123
   -38.71303,     22.01227,            0,            0,            0,    0.4442023,    0.8959265
robot_193
    14.34042,     9.950377,            0,            0,            0,   -0.9379819,    0.3466843
robot_187
    3.675506,      13.9816,            0,            0,            0,    0.9120507,    0.4100774
robot_176
      33.933,     36.79843,            0,            0,            0,    0.6963994,    0.7176545
robot_66
    21.86994,     21.94244,            0,            0,            0,    0.2177191,    0.9760115
robot_63
    17.90892,    -9.382911,            0,            0,            0,    0.2217033,    0.9751142
robot_31
   -37.70459,    -18.01976,            0,            0,            0,   -0.1408075,     0.990037
robot_159
    13.88751,    -38.30058,            0,            0,            0,   -0.9413697,    0.3373768
robot_160
    13.76877,     2.172831,            0,            0,            0,    0.9971622,   0.07528372
robot_151
   -2.079911,    -9.901065,            0,            0,            0,   -0.6914498,    0.7224245
robot_150
    21.90506,    -15.87535,            0,            0,            0,    0.9385708,    0.3450867
robot_137
    17.25035,     6.002451,            0,            0,            0,   -0.9739306,    0.2268462
robot_199
      19.187,    -26.02901,            0,            0,            0,   -0.9729209,    0.2311381
robot_54
    2.040922,    -29.82308,            0,            0,            0,    0.3166311,    0.9485487
robot_117
   -30.10586,    -34.07346,            0,            0,            0,    0.9997925,   0.02036862
robot_36
   -18.09527,    -5.436887,            0,            0,            0,     0.968448,    0.2492158
robot_33
   -16.13767,    -1.970617,            0,            0,            0,    0.6472912,    0.7622428
robot_146
   -22.05917,     35.58988,            0,            0,            0,    0.1431279,    0.9897042
robot_156
     14.3323,     13.95504,            0,            0,            0,   -0.9272412,    0.3744647
robot_112
    9.974864,    -10.01338,            0,            0,            0,   -0.9754224,    0.2203431
robot_19
   -14.02279,     17.98753,            0,            0,            0,    0.6816192,    0.7317071
robot_141
   -22.09269,     16.65444,            0,            0,            0,    0.7480081,    0.6636896
robot_35
    26.15293,     6.081511,            0,            0,            0,    -0.958006,    0.2867483
robot_184
    29.94822,    -39.13219,            0,            0,            0,   -0.6145549,    0.7888741
robot_98
   -38.08645,    -32.62634,            0,            0,            0,    -0.949485,    0.3138124
robot_100
   -16.50829,     22.02645,            0,            0,            0,    0.6404993,    0.7679588
robot_164
   -29.87457,     21.85057,            0,            0,            0,   -0.9663196,    0.2573451
robot_59
    38.05753,     29.83467,            0,            0,            0,   -0.8635856,    0.5042023
robot_144
   -26.16523,    -14.08573,            0,            0,            0,   -0.6535652,    0.7568702
robot_101
    9.486239,     2.039207,            0,            0,            0,   -0.8626183,    0.5058553
robot_161
    13.69082,    -9.919191,            0,            0,            0,  -0.02981279,    0.9995555
robot_149
   -22.09321,    -25.28291,            0,            0,            0,    0.3316868,    0.9433896
robot_86
   -13.83519,     38.05018,            0,            0,            0,    0.9847765,    0.1738256
robot_191
   0.2181225,      5.98512,            0,            0,            0,   -0.8682085,    0.4961996
robot_126
   -5.406861,     10.02709,            0,            0,            0,   -0.2308629,    0.9729863
robot_190
   -5.590536,    -34.07688,            0,            0,            0,    0.7903731,    0.6126258
robot_131
   -18.20705,     37.81101,            0,            0,            0, -0.005721387,    0.9999836
robot_154
    21.95982,    -37.80557,            0,            0,            0,   -0.9835399,    0.1806911
robot_9
    8.356923,     21.99176,            0,            0,            0,    0.9857634,    0.1681384
robot_27
   -4.466688,    -9.997819,            0,            0,            0,    0.6597658,    0.7514713
robot_34
   -26.06203,    -11.17765,            0,            0,            0,     0.776623,    0.6299656
robot_114
   -2.063942,    -26.26989,            0,            0,            0,    0.9282045,    0.3720705
robot_51
   -14.08429,     35.91135,            0,            0,            0,   -0.2207867,    0.9753221
robot_108
   -21.94866,     30.17902,            0,            0,            0,   -0.5542842,    0.8323274
robot_147
    25.60134,    -6.066243,            0,            0,            0,   -0.9806644,    0.1956971
robot_183
   -14.06497,     -17.9635,            0,            0,            0,   -0.9351987,    0.3541235
robot_48
    -15.4495,     33.99879,            0,            0,            0,    0.9952351,   0.09750425
robot_60
    29.92472,      -4.8107,            0,            0,            0,   -0.9865249,    0.1636109
robot_75
   -26.08475,     24.54385,            0,            0,            0,    0.7183878,    0.6956429
robot_152
    23.09048,     -5.98727,            0,            0,            0,   -0.6755382,     0.737325
robot_26
   -22.06029,    -3.993607,            0,            0,            0,    0.1139701,    0.9934842
robot_182
     -10.043,     22.06979,            0,            0,            0,    0.6524187,    0.7578587
robot_172
    33.93051,    -12.63763,            0,            0,            0,   0.09575417,     0.995405
robot_43
    7.168312,     10.02643,            0,            0,            0,   -0.9364563,    0.3507844
robot_170
   -34.07622,     6.999829,            0,            0,            0,     0.989415,    0.1451134
robot_177
   -5.795432,    -6.000745,            0,            0,            0,   -0.4512914,    0.8923767
robot_80
    36.83422,     18.02528,            0,            0,            0,   -0.9671592,    0.2541712
robot_16
     -26.075,    -31.47383,            0,            0,            0,   0.05222229,    0.9986355
robot_13
    17.90539,     16.70584,            0,            0,            0,   -0.6464457,      0.76296
robot_178
   -10.27346,     5.971837,            0,            0,            0,   -0.8575359,    0.5144241
robot_88
   -26.05616,     7.108986,            0,            0,            0,     0.985927,    0.1671767
robot_194
    -18.0349,     17.19359,            0,            0,            0,     0.899903,    0.4360901
robot_29
   -11.48085,     10.01667,            0,            0,            0,   -0.9974952,   0.07073412
robot_92
    9.538746,     17.98128,            0,            0,            0,    0.3014005,    0.9534976
robot_87
   -33.94838,    -29.94731,            0,            0,            0,    -0.993367,    0.1149868
robot_68
    4.944948,    -34.02992,            0,            0,            0,   -0.9996198,   0.02757291
robot_22
   -10.13422,     18.26898,            0,            0,            0,   -0.8377767,     0.546013
robot_38
    13.93352,     38.57896,            0,            0,            0,    0.9970369,   0.07692419
robot_2
    31.08496,    -34.03294,            0,            0,            0,   -0.9091226,    0.4165285
robot_110
    -14.0169,     22.35036,            0,            0,            0,    0.6586265,      0.75247
robot_14
   -32.85606,     10.01156,            0,            0,            0,   -0.9967413,   0.08066417
robot_181
    33.86578,     34.33953,            0,            0,            0,    0.1083332,    0.9941146
robot_61
    35.82837,    -29.97774,            0,            0,            0,    0.9557609,    0.2941448
robot_30
    17.94981,    0.1989612,            0,            0,            0,    0.9917499,    0.1281877
robot_122
    29.66485,    -30.07473,            0,            0,            0,    0.7248508,    0.6889059
robot_132
   -16.12057,     -9.97996,            0,            0,            0,   -0.9562015,    0.2927093
robot_45
   -26.05865,     2.097679,            0,            0,            0,     0.989872,    0.1419631
robot_21
    1.937458,     10.31898,            0,            0,            0,    0.2855254,    0.9583711
robot_39
   -38.06478,    -8.139233,            0,            0,            0,   -0.8086623,    0.5882732
robot_134
    3.372064,     -13.9977,            0,            0,            0,   -0.6611451,    0.7502581
robot_15
    25.96214,    -29.26979,            0,            0,            0,   -0.9093683,    0.4159919
robot_145
    -22.0318,    -34.20937,            0,            0,            0,    0.9031948,    0.4292308
robot_140
    17.93663,    -21.89709,            0,            0,            0,    0.9743427,    0.2250694
robot_196
    29.94874,     36.97507,            0,            0,            0,   -0.7408732,    0.6716449
robot_188
   -14.09144,    -9.075259,            0,            0,            0,    -0.524364,    0.8514942
robot_4
    20.10932,     30.00715,            0,            0,            0,    0.8057601,    0.5922421
robot_155
  -0.5599289,    -6.001113,            0,            0,            0,    0.1951193,    0.9807795
robot_135
    20.77964,     5.982551,            0,            0,            0,    0.7073702,    0.7068433
robot_93
     5.93497,    -23.64673,            0,            0,            0,    0.5075258,    0.8616366
robot_111
    14.26616,      30.0279,            0,            0,            0,    0.8619948,    0.5069171
robot_0
    12.28612,     30.02883,            0,            0,            0,    0.6954769,    0.7185485
robot_49
   -26.04141,     39.26582,            0,            0,            0,   0.02969716,    0.9995589
robot_113
   -34.39296,     26.03801,            0,            0,            0,   -0.7212823,    0.6926412
