tuw_multi_robot_msgs::RobotGoalsArray @1970-01-01T01:32:38
frame_id: map
        5558,            0
robot_84
   -5.696616,    -6.023041,            0,            0,            0,  -0.05276312,    0.9986071
robot_116
    25.94092,    -39.09812,            0,            0,            0,   -0.8156759,    0.5785092
robot_74
    10.81921,     29.97918,            0,            0,            0,    0.3803008,    0.9248628
robot_41
   -33.87591,    -33.94496,            0,            0,            0,    0.8371054,    0.5470417
robot_125
   -34.07925,     -22.3596,            0,            0,            0,    -0.966357,    0.2572044
robot_136
    33.91994,    -33.61392,            0,            0,            0,   -0.3273005,    0.9449203
robot_173
   -17.94982,     38.19924,            0,            0,            0,   0.01372189,    0.9999059
robot_67
    10.02274,    -25.88026,            0,            0,            0,   -0.9952655,   0.09719401
robot_197
    13.30528,     21.98247,            0,            0,            0,   -0.7859619,     0.618275
robot_119
    -20.8902,    -18.01887,            0,            0,            0,    0.8463784,     0.532582
robot_82
    18.07346,      -13.987,            0,            0,            0,    0.2915905,    0.9565433
robot_77
   -2.043846,    -20.42836,            0,            0,            0,   -0.0535978,    0.9985626
robot_5
     36.4807,    -17.99208,            0,            0,            0,    0.9188689,    0.3945631
robot_133
    6.190099,     -26.0737,            0,            0,            0,    0.5267331,    0.8500307
robot_99
    26.32168,      34.0155,            0,            0,            0,    -0.130811,    0.9914073
robot_171
    25.68734,    -34.00888,            0,            0,            0,   -0.8321145,    0.5546039
robot_180
    33.91029,    -28.18382,            0,            0,            0,    0.4392181,    0.8983805
robot_56
    14.05659,     18.00435,            0,            0,            0,    -0.945037,    0.3269635
robot_3
    37.92597,     26.54685,            0,            0,            0,    0.7443815,    0.6677545
robot_81
   -30.04924,    -23.11157,            0,            0,            0,   -0.7877439,    0.6160028
robot_167
    9.871001,     13.97497,            0,            0,            0,   -0.8824721,    0.4703648
robot_25
   -26.09913,     27.80566,            0,            0,            0,   -0.2694048,     0.963027
robot_168
   -26.56968,    -33.96856,            0,            0,            0,   -0.9816617,    0.1906316
robot_96
   -13.96569,     -13.9224,            0,            0,            0,    0.9985324,   0.05415803
robot_166
    21.92561,    0.6997946,            0,            0,            0,   -0.6621915,    0.7493346
robot_102
   -14.02478,      17.9221,            0,            0,            0,   -0.9046151,    0.4262295
robot_192
     25.9379,    -8.738161,            0,            0,            0,   -0.2066807,    0.9784084
robot_179
    1.907053,    -7.373352,            0,            0,            0,   -0.7452771,    0.6667549
robot_142
   -26.08259,    -27.41066,            0,            0,            0,   -0.3474934,    0.9376824
robot_1
    16.13739,     1.972464,            0,            0,            0,   -0.1857089,    0.9826048
robot_44
    29.91145,     15.60393,            0,            0,            0,   -0.9680024,     0.250941
robot_163
   -21.59702,    -9.924293,            0,            0,            0,    0.5451645,    0.8383291
robot_79
   -3.019154,      -18.009,            0,            0,            0,      0.94026,    0.3404574
robot_8
    21.95558,    -32.15259,            0,            0,            0,     0.893444,    0.4491746
robot_20
   -2.046458,    -32.06227,            0,            0,            0,   -0.9942043,     0.107507
robot_143
    26.53167,     30.00565,            0,            0,            0,   -0.7285289,    0.6850151
robot_138
     -20.445,     1.999181,            0,            0,            0,   -0.8586782,    0.5125151
robot_123
    33.03728,     1.987711,            0,            0,            0,    0.9520933,    0.3058076
robot_193
    13.95849,     0.499538,            0,            0,            0,    0.9533606,    0.3018337
robot_187
   -9.949844,    -38.11449,            0,            0,            0,   -0.6212896,     0.783581
robot_176
    4.334997,     30.02303,            0,            0,            0,    0.7543669,    0.6564531
robot_66
    -14.0971,      8.46349,            0,            0,            0,    0.4108626,    0.9116973
robot_63
    1.931983,      29.1703,            0,            0,            0,    0.5152402,    0.8570458
robot_31
   -30.46395,     -37.9165,            0,            0,            0,   -0.3119896,    0.9500855
robot_159
   -14.99084,      1.97634,            0,            0,            0,   -0.7637509,    0.6455111
robot_160
    5.963828,     25.91222,            0,            0,            0,    0.9963987,   0.08479157
robot_151
   -25.66308,     34.04355,            0,            0,            0,     0.972837,     0.231491
robot_150
    25.91069,    -23.04369,            0,            0,            0,    -0.533787,     0.845619
robot_137
   -12.27058,     2.000115,            0,            0,            0,    0.9187724,    0.3947875
robot_199
     14.3996,     9.911232,            0,            0,            0,   -0.2640326,    0.9645137
robot_54
   -36.22581,     33.97193,            0,            0,            0,    0.9739486,    0.2267689
robot_117
    38.03403,     21.77885,            0,            0,            0,   -0.3334921,    0.9427529
robot_36
    17.73609,     34.10971,            0,            0,            0,    0.9868034,    0.1619231
robot_33
   -14.04019,      29.9868,            0,            0,            0,    0.7560284,    0.6545388
robot_146
    5.978877,    -34.12387,            0,            0,            0,   -0.6828863,    0.7305246
robot_156
    33.54049,     5.933995,            0,            0,            0,    0.3030147,    0.9529859
robot_112
   -1.856187,      21.9189,            0,            0,            0,   -0.9927209,    0.1204375
robot_19
   -14.03935,    -32.77615,            0,            0,            0,   -0.7174928,    0.6965659
robot_141
     23.7923,     14.02656,            0,            0,            0,    0.2145445,    0.9767142
robot_35
    17.92706,    -28.16145,            0,            0,            0,   -0.8081908,    0.5889207
robot_184
    17.85708,    -21.98043,            0,            0,            0,    0.5250211,    0.8510892
robot_98
    17.88982,     -17.9733,            0,            0,            0,   -0.1383118,    0.9903887
robot_100
    2.899148,    -18.00783,            0,            0,            0,   -0.8754205,    0.4833622
robot_164
   -20.22229,    -34.02342,            0,            0,            0,   -0.8443783,    0.5357475
robot_59
    17.90389,     6.053511,            0,            0,            0,   -0.8326566,    0.5537896
robot_144
   -7.442357,    -10.00649,            0,            0,            0,    0.7577137,    0.6525871
robot_101
    16.25532,     -5.96932,            0,            0,            0,    0.9363063,    0.3511844
robot_161
    33.81079,     29.80104,            0,            0,            0,   -0.4185289,    0.9082035
robot_149
    20.63554,    -10.03205,            0,            0,            0,   -0.3538048,    0.9353193
robot_86
   -34.01453,     14.33445,            0,            0,            0,    0.8392382,     0.543764
robot_191
   -17.96644,    -34.22805,            0,            0,            0,   -0.9254444,    0.3788833
robot_126
    29.95516,    -17.74287,            0,            0,            0,   -0.2918353,    0.9564686
robot_190
    21.64745,     38.09455,            0,            0,            0,   -0.6398313,    0.7685154
robot_131
    14.14843,    -13.90969,            0,            0,            0,    0.8910486,    0.4539079
robot_154
   -13.46828,    -18.03312,            0,            0,            0,   0.05317417,    0.9985853
robot_9
     26.3958,     10.04512,            0,            0,            0,   -0.8880521,    0.4597427
robot_27
   -26.08364,     25.43987,            0,            0,            0,    0.8062807,    0.5915332
robot_34
   -14.12979,    -22.05622,            0,            0,            0,    0.9073702,    0.4203324
robot_114
      37.903,    -9.157453,            0,            0,            0,    0.8850569,    0.4654828
robot_51
   -34.72698,    -18.02824,            0,            0,            0,    0.8079854,    0.5892026
robot_108
    18.44476,     29.98736,            0,            0,            0,   -0.6784813,    0.7346177
robot_147
   -10.08432,     7.472906,            0,            0,            0,      0.33426,    0.9424809
robot_183
   -33.56793,    -1.952813,            0,            0,            0,    0.6755411,    0.7373223
robot_48
    10.33009,    -33.90727,            0,            0,            0,   -0.1963448,    0.9805349
robot_60
    25.94182,     3.738397,            0,            0,            0,    0.7546286,    0.6561522
robot_75
   -6.229082,    -2.134834,            0,            0,            0,    0.5419243,    0.8404273
robot_152
   -32.74088,     26.01886,            0,            0,            0,   -0.8972764,    0.4414692
robot_26
   -1.573408,     10.06046,            0,            0,            0,     0.976938,    0.2135231
robot_182
    17.96347,     36.47536,            0,            0,            0,   -0.9887174,    0.1497926
robot_172
   -38.09049,      10.0515,            0,            0,            0,     0.155857,    0.9877796
robot_43
    1.368401,    -9.976295,            0,            0,            0,   -0.9433442,    0.3318159
robot_170
    5.950247,    -10.34251,            0,            0,            0,   -0.8921001,    0.4518378
robot_177
   -30.31375,     26.00903,            0,            0,            0,     0.737666,    0.6751658
robot_80
    3.667798,    -22.00003,            0,            0,            0,   -0.9240065,    0.3823768
robot_16
   -18.05443,    -30.61424,            0,            0,            0,   -0.8544637,     0.519511
robot_13
    13.52774,    -33.95853,            0,            0,            0,     0.800249,    0.5996679
robot_178
   -26.05011,    -31.11033,            0,            0,            0,    0.2032906,    0.9791185
robot_88
   -10.04489,    -7.345961,            0,            0,            0,   -0.7795652,    0.6263211
robot_194
    29.96801,    -2.223191,            0,            0,            0,    0.5080951,     0.861301
robot_29
    17.92131,     21.40457,            0,            0,            0,    0.9995524,   0.02991511
robot_92
   -10.26985,    -1.881211,            0,            0,            0,    0.1233855,    0.9923588
robot_87
    25.87544,     25.88474,            0,            0,            0,   -0.8489748,    0.5284333
robot_68
   -18.09114,     22.81491,            0,            0,            0,    0.5144181,    0.8575395
robot_22
   -26.06937,    -20.98171,            0,            0,            0,     0.769865,    0.6382068
robot_38
    33.61447,    -22.06794,            0,            0,            0,    0.8385938,    0.5447572
robot_2
   -37.95547,     17.98156,            0,            0,            0,    0.7611748,    0.6485467
robot_110
    10.02745,     10.28011,            0,            0,            0,    0.8739251,    0.4860606
robot_14
    6.176902,    -21.93239,            0,            0,            0,   -0.9835025,    0.1808947
robot_181
    4.428487,     34.01939,            0,            0,            0,    0.4372915,    0.8993198
robot_61
   -22.33718,     -2.03656,            0,            0,            0,   -0.6580315,    0.7529904
robot_30
     1.96464,    -25.66285,            0,            0,            0,    0.8332146,    0.5529497
robot_122
    33.93232,    -5.120978,            0,            0,            0,  0.004424333,    0.9999902
robot_132
    -0.32134,     34.00625,            0,            0,            0,   -0.9966039,   0.08234439
robot_45
   -14.07004,     14.35799,            0,            0,            0,    0.8578989,    0.5138185
robot_21
   -18.03425,    -16.53513,            0,            0,            0,     0.313327,    0.9496453
robot_39
    21.56361,    -1.972855,            0,            0,            0,     -0.21016,     0.977667
robot_134
    13.95137,    -8.065831,            0,            0,            0,   -0.9467149,    0.3220729
robot_15
   -24.35451,    -13.98051,            0,            0,            0,   -0.9976297,   0.06881138
robot_145
    10.00703,    -37.68806,            0,            0,            0,     0.977871,    0.2092088
robot_140
   -38.03336,     27.69857,            0,            0,            0,   -0.9769447,    0.2134926
robot_196
-0.0007018589,     18.01955,            0,            0,            0,    0.5469897,    0.8371393
robot_188
   -30.08505,     21.76963,            0,            0,            0,    0.7119961,    0.7021834
robot_4
    18.74869,     26.00208,            0,            0,            0,    0.2846889,      0.95862
robot_155
    25.91883,     13.63939,            0,            0,            0,    0.6179455,    0.7862209
robot_135
    10.07383,     -18.2034,            0,            0,            0,   -0.1607771,    0.9869907
robot_93
    -29.7517,    -26.01337,            0,            0,            0,   -0.9321075,    0.3621816
robot_111
   -34.18289,     5.787131,            0,            0,            0,   -0.9710834,    0.2387404
robot_0
    3.545422,     21.98578,            0,            0,            0,    0.5101612,    0.8600788
robot_49
   -14.08621,     23.20634,            0,            0,            0,    0.9841271,    0.1774649
robot_113
   -14.04202,    -36.27464,            0,            0,            0,   0.05945599,    0.9982309
