tuw_multi_robot_msgs::RobotGoalsArray @1970-01-01T00:12:13.100000
frame_id: map
         733,    100000000
robot_84
     1.93453,    -18.24137,            0,            0,            0,   -0.5929092,    0.8052693
robot_116
   -10.04253,     5.526881,            0,            0,            0,   -0.7458614,    0.6661012
robot_74
     32.5934,    -9.973376,            0,            0,            0,    0.9993714,   0.03545195
robot_41
    21.92836,    -24.17974,            0,            0,            0,     0.433976,    0.9009244
robot_125
    1.835679,    -25.92516,            0,            0,            0,   -0.2673359,    0.9636034
robot_136
    37.94229,     -7.26185,            0,            0,            0, -0.007792937,    0.9999696
robot_173
    -6.13274,    -21.72454,            0,            0,            0,    0.0911099,    0.9958408
robot_67
   -20.39309,    -22.03008,            0,            0,            0,   -0.6816019,    0.7317233
robot_197
   -34.06977,     -10.0845,            0,            0,            0,   -0.3170786,    0.9483993
robot_119
    17.97999,     21.86908,            0,            0,            0,    0.8830566,    0.4692665
robot_82
    24.79562,    -18.00519,            0,            0,            0,    0.3830163,    0.9237416
robot_77
   -29.91897,      25.8102,            0,            0,            0,    0.5565991,    0.8307812
robot_5
   -33.98308,     5.839957,            0,            0,            0,  0.005695363,    0.9999838
robot_133
   -26.06136,       -35.82,            0,            0,            0,   -0.7105756,    0.7036209
robot_99
   -10.09768,    -5.694243,            0,            0,            0,    0.4545272,    0.8907329
robot_171
   -17.36407,    -26.02788,            0,            0,            0,    -0.129816,    0.9915381
robot_180
   -38.87343,      26.0049,            0,            0,            0,  -0.02153572,    0.9997681
robot_56
   -22.09713,    -25.59373,            0,            0,            0,   -0.9602029,    0.2793034
robot_3
    21.79605,    -2.224124,            0,            0,            0,   -0.6779041,    0.7351504
robot_81
   -29.02254,     34.01914,            0,            0,            0,    0.4206594,    0.9072186
robot_167
   -9.300777,    -33.97959,            0,            0,            0,    0.1862951,    0.9824938
robot_25
   -2.154195,     10.36442,            0,            0,            0,   -0.8173504,    0.5761408
robot_168
   -5.935652,    -18.19476,            0,            0,            0,    0.4756825,    0.8796171
robot_96
    8.519191,     38.01941,            0,            0,            0,   -0.9915617,    0.1296358
robot_166
    33.96278,     33.50838,            0,            0,            0,   -0.9894921,    0.1445872
robot_102
    10.28327,    -38.08185,            0,            0,            0,    0.7401705,    0.6724193
robot_192
   -3.917444,      6.02861,            0,            0,            0,    0.9418525,    0.3360266
robot_179
   -34.38258,     18.01312,            0,            0,            0,   -0.1091908,    0.9940208
robot_142
   -25.90573,     -33.8872,            0,            0,            0,    0.9282572,    0.3719389
robot_1
    21.91605,     22.05119,            0,            0,            0,    0.5978363,    0.8016182
robot_44
    37.44857,    -13.98965,            0,            0,            0,    0.3734503,    0.9276502
robot_163
   -22.09725,   -0.2021547,            0,            0,            0,    0.8894295,    0.4570725
robot_79
    37.60246,     13.97218,            0,            0,            0,    0.2496232,    0.9683431
robot_8
    14.09535,     -13.9823,            0,            0,            0,   -0.9995192,   0.03100742
robot_20
   -22.08377,    -11.50063,            0,            0,            0,  -0.02505961,     0.999686
robot_143
   -12.38255,    -26.01539,            0,            0,            0,   -0.1623995,    0.9867251
robot_138
    33.97495,    -30.05025,            0,            0,            0,   -0.7667614,    0.6419322
robot_123
   0.6894492,    -14.02845,            0,            0,            0,    0.6010262,    0.7992293
robot_193
   -34.09351,     37.52937,            0,            0,            0,   -0.9982118,   0.05977545
robot_187
    5.948053,    -37.96318,            0,            0,            0,    0.9572003,    0.2894264
