tuw_multi_robot_msgs::RobotGoalsArray @1970-01-01T01:36:56.600000
frame_id: map
        5816,    600000000
robot_84
   -14.03388,     -4.72531,            0,            0,            0,    0.1601203,    0.9870975
robot_116
    6.436745,    -13.98045,            0,            0,            0,    0.7880567,    0.6156027
robot_74
   -24.81184,    -29.97237,            0,            0,            0,    0.9094965,    0.4157116
robot_41
    9.870802,     5.904759,            0,            0,            0,   -0.9735432,     0.228503
robot_125
   -34.05822,     6.597907,            0,            0,            0,    0.8745337,    0.4849648
robot_136
   -26.16904,     33.82248,            0,            0,            0,   -0.2396289,    0.9708646
robot_173
    9.111828,     33.98551,            0,            0,            0,    0.7975375,    0.6032694
robot_67
   -19.57722,    -30.01862,            0,            0,            0,    -0.998752,   0.04994497
robot_197
    5.940605,     20.42989,            0,            0,            0,    0.8732116,    0.4873413
robot_119
    14.01469,     -10.3428,            0,            0,            0,    0.7298117,    0.6836482
robot_82
    5.533022,    -18.09379,            0,            0,            0,    0.9868937,    0.1613716
robot_77
    29.90346,     29.56053,            0,            0,            0,     0.925662,    0.3783515
robot_5
   -10.07239,     39.20253,            0,            0,            0,   -0.5546032,    0.8321149
robot_133
    16.22853,     17.97931,            0,            0,            0,    0.2203033,    0.9754314
robot_99
   -1.731875,    -25.98765,            0,            0,            0,    0.9804622,    0.1967074
robot_171
   -17.98558,     33.65255,            0,            0,            0,   -0.9593739,    0.2821379
robot_180
    1.993484,     29.69109,            0,            0,            0,    0.8428452,    0.5381561
robot_56
    18.15557,    -2.026958,            0,            0,            0,   -0.1481917,    0.9889587
robot_3
    21.76813,    -9.854143,            0,            0,            0,   -0.9406055,    0.3395015
robot_81
    35.40064,     17.98591,            0,            0,            0,    0.9947455,    0.1023785
robot_167
    25.92161,    -15.26937,            0,            0,            0,    0.3050354,     0.952341
robot_25
   -18.09193,    -19.46063,            0,            0,            0,    0.2866184,    0.9580448
robot_168
   -33.89784,     21.87658,            0,            0,            0,    0.1948464,    0.9808338
robot_96
     1.84818,     13.76711,            0,            0,            0,    0.9827938,    0.1847061
robot_166
    15.61267,     25.98622,            0,            0,            0,    0.7252566,    0.6884787
robot_102
   -10.14496,     29.73929,            0,            0,            0,   -0.9895437,    0.1442335
robot_192
   -25.96122,    -10.23035,            0,            0,            0,    0.2593621,    0.9657801
robot_179
   -9.195442,    -6.008169,            0,            0,            0,    0.2784017,    0.9604647
robot_142
    6.317331,      2.02642,            0,            0,            0,   -0.9446632,    0.3280418
robot_1
     29.7263,    -26.05895,            0,            0,            0,    0.7762867,      0.63038
robot_44
   -7.156498,     37.99743,            0,            0,            0,    0.3501442,    0.9366958
robot_163
   -18.03563,    -24.74325,            0,            0,            0,   -0.9820221,    0.1887658
robot_79
   -25.85747,    -38.09632,            0,            0,            0,    0.7677466,    0.6407536
robot_8
    2.532425,    -22.00477,            0,            0,            0,    0.9633428,    0.2682734
robot_20
    29.99832,     -22.0849,            0,            0,            0,   0.07877942,    0.9968921
robot_143
    17.64596,     37.97704,            0,            0,            0,   -0.6051383,    0.7961204
robot_138
    21.78823,     22.20274,            0,            0,            0,   -0.1487538,    0.9888743
robot_123
    30.33568,     13.99115,            0,            0,            0,   -0.8844375,    0.4666587
robot_193
   -9.778243,    -14.04504,            0,            0,            0,    0.9949375,    0.1004953
robot_187
   -20.62875,      6.01569,            0,            0,            0,   -0.5180623,    0.8553429
robot_176
    14.01711,     22.09086,            0,            0,            0,    0.0510546,    0.9986959
robot_66
   -3.492347,     29.98467,            0,            0,            0,    0.9149839,    0.4034903
robot_63
    13.91139,    -3.088813,            0,            0,            0,    0.4468537,     0.894607
robot_31
   -14.68489,     30.00345,            0,            0,            0,   -0.5616391,    0.8273824
robot_159
    8.562032,    -17.99986,            0,            0,            0,   -0.4954331,    0.8686461
robot_160
   -6.320349,    -38.04874,            0,            0,            0,   -0.9973011,   0.07342039
robot_151
     7.87357,    -10.00148,            0,            0,            0,    0.1128079,    0.9936168
robot_150
   -32.38343,    -38.03057,            0,            0,            0,    0.6014891,     0.798881
robot_137
   -3.501137,     -14.0021,            0,            0,            0,   -0.4881571,    0.8727558
robot_199
    29.61674,     34.06851,            0,            0,            0,    0.9403878,     0.340104
robot_54
    2.011544,     25.81065,            0,            0,            0,   -0.9952665,   0.09718374
robot_117
   -8.042368,     9.973384,            0,            0,            0,  -0.03134033,    0.9995088
robot_36
    -3.37073,     -18.0205,            0,            0,            0,   -0.1872806,    0.9823065
robot_33
    37.87451,     33.96035,            0,            0,            0,    0.9913046,    0.1315872
robot_146
   -34.08656,    -15.59871,            0,            0,            0,   -0.9837946,     0.179299
robot_156
     21.8105,     1.897804,            0,            0,            0,    0.9977425,    0.0671559
robot_112
   -15.52341,     18.00958,            0,            0,            0,    0.5177922,    0.8555064
robot_19
    -38.0744,    -21.35789,            0,            0,            0,      0.67477,    0.7380281
robot_141
    13.95239,    -24.52868,            0,            0,            0,    0.9879496,    0.1547762
robot_35
    5.240785,    -29.99206,            0,            0,            0,    0.5921076,    0.8058589
robot_184
   -6.083934,     9.092681,            0,            0,            0,   -0.4611861,    0.8873034
robot_98
   -34.61602,    -18.00615,            0,            0,            0,  -0.08090121,    0.9967221
robot_100
   -27.58291,    -6.004379,            0,            0,            0,    0.5500666,    0.8351208
robot_164
   -2.054251,     12.09502,            0,            0,            0,    0.2389942,     0.971021
robot_59
    19.79176,     10.03081,            0,            0,            0,    -0.971072,    0.2387868
robot_144
    34.09319,    -34.00441,            0,            0,            0,   -0.6091965,    0.7930193
robot_101
    -30.0711,    -36.29999,            0,            0,            0,   -0.8299648,    0.5578158
robot_161
    28.68289,    -6.024777,            0,            0,            0,   -0.9939838,    0.1095273
robot_149
    27.36977,    -26.02755,            0,            0,            0,    0.9102266,    0.4141106
robot_86
    20.26907,    -30.00881,            0,            0,            0,    0.1377511,    0.9904669
robot_191
    25.91782,      37.2222,            0,            0,            0,    0.6930817,     0.720859
robot_126
    13.91571,      14.9328,            0,            0,            0,    0.5089111,    0.8608191
robot_190
    20.90763,    -34.03303,            0,            0,            0,    0.5457732,     0.837933
robot_131
   -30.02082,    -34.30918,            0,            0,            0,    0.7943411,     0.607472
robot_154
    9.939585,    -19.97886,            0,            0,            0,   -0.9355423,    0.3532146
robot_9
    14.39475,    -30.06038,            0,            0,            0,    0.9737439,    0.2276461
robot_27
    -22.6354,     2.015823,            0,            0,            0,   -0.9218137,    0.3876333
robot_34
    9.817837,    -29.90825,            0,            0,            0,    0.5315504,    0.8470266
robot_114
    -1.07071,      25.9901,            0,            0,            0,    0.9369271,    0.3495248
robot_51
   -15.25685,     -34.0127,            0,            0,            0,    0.4463942,    0.8948364
robot_108
    33.92096,     27.67109,            0,            0,            0,     0.664689,    0.7471201
robot_147
   -33.31162,      26.0071,            0,            0,            0,   -0.9572533,    0.2892509
robot_183
    14.30003,    -38.04447,            0,            0,            0,   -0.7588396,    0.6512775
robot_48
    17.93637,     6.806804,            0,            0,            0,     0.374545,    0.9272088
robot_60
   -30.04975,     34.73666,            0,            0,            0,   -0.1763489,    0.9843277
robot_75
    21.92139,     6.090881,            0,            0,            0,   -0.6152369,    0.7883423
robot_152
    13.66072,     26.07313,            0,            0,            0,   -0.9610534,    0.2763627
robot_26
    37.67448,     25.91515,            0,            0,            0,    0.2060927,    0.9785325
robot_182
    -38.0429,     22.42204,            0,            0,            0,   -0.9541175,    0.2994323
robot_172
   -10.04901,     36.93548,            0,            0,            0,   -0.9320383,    0.3623598
robot_43
    30.09084,     18.22763,            0,            0,            0,   -0.9903175,    0.1388209
robot_170
     5.96796,     33.96267,            0,            0,            0,   -0.4869669,    0.8734204
robot_177
   -2.010293,      17.6607,            0,            0,            0,   -0.9915667,    0.1295974
robot_80
   -34.29812,      10.0825,            0,            0,            0,   -0.9961161,   0.08804993
robot_16
    -14.2201,     9.890305,            0,            0,            0,   -0.6116032,    0.7911647
robot_13
   -24.50444,    -17.99641,            0,            0,            0,    0.9692728,    0.2459881
robot_178
    17.95585,     23.39506,            0,            0,            0,    0.9967251,   0.08086498
robot_88
    -10.1221,    -9.663594,            0,            0,            0,    0.1709465,    0.9852803
robot_194
   -7.648653,     29.98943,            0,            0,            0,   -0.9096002,    0.4154847
robot_29
   -30.07472,     7.024151,            0,            0,            0,   -0.9762802,    0.2165107
robot_92
    21.95698,    -28.71446,            0,            0,            0,    0.9298131,    0.3680319
robot_87
   -36.62363,    -5.992058,            0,            0,            0,    0.8359706,    0.5487742
robot_68
    33.92648,     23.79365,            0,            0,            0,   -0.4229995,    0.9061299
robot_22
   -26.07664,    -33.40839,            0,            0,            0,    -0.445436,    0.8953138
robot_38
     29.8517,     22.18768,            0,            0,            0,     0.145605,    0.9893428
robot_2
    -18.3819,    -1.968626,            0,            0,            0,    0.4535767,    0.8912173
robot_110
    31.58086,     2.019932,            0,            0,            0,     -0.17851,    0.9839381
robot_14
    -10.0485,    -38.02463,            0,            0,            0,   -0.3862782,    0.9223823
robot_181
   -34.03333,     -21.9577,            0,            0,            0,    -0.944658,    0.3280569
robot_61
   -26.13905,     26.16633,            0,            0,            0,    0.9992608,   0.03844327
robot_30
    25.85924,    -9.662273,            0,            0,            0,   -0.5582552,    0.8296693
robot_122
    13.94874,    -16.56156,            0,            0,            0,    0.9563214,    0.2923172
robot_132
   -14.51395,     33.94886,            0,            0,            0,   -0.9354862,    0.3533631
robot_45
   -13.48362,     37.99313,            0,            0,            0,    0.8664424,    0.4992771
robot_21
    29.77694,    -13.88315,            0,            0,            0,    0.8928972,    0.4502607
robot_39
   -14.21707,    -13.95723,            0,            0,            0,    0.2173566,    0.9760923
robot_134
   -14.22609,     25.99379,            0,            0,            0,    0.8946119,     0.446844
robot_15
    1.435025,    -26.05132,            0,            0,            0,    0.9435545,    0.3312174
robot_145
    25.57973,     18.08943,            0,            0,            0,    0.9934975,    0.1138535
robot_140
    26.01864,     25.79629,            0,            0,            0,    0.9997622,   0.02180795
robot_196
   -18.05265,    -13.94631,            0,            0,            0,    -0.278818,     0.960344
robot_188
    9.875306,    -22.04313,            0,            0,            0,    0.1168949,    0.9931443
robot_4
   -0.415181,    -10.01233,            0,            0,            0,   -0.9900331,    0.1408349
robot_155
   -33.57447,    -2.051976,            0,            0,            0,    0.6635339,    0.7481462
robot_135
   -30.07014,     9.325858,            0,            0,            0,    0.4260756,    0.9046876
robot_93
    29.95734,    -33.41718,            0,            0,            0,   -0.4339552,    0.9009345
robot_111
   -20.98545,     21.99855,            0,            0,            0,   -0.9856454,    0.1688289
robot_0
    25.95518,      8.77184,            0,            0,            0,    0.2573019,    0.9663311
robot_49
      28.156,      14.0174,            0,            0,            0,   -0.9963753,   0.08506664
robot_113
   -22.04307,     12.87901,            0,            0,            0,    0.8486155,    0.5290101
robot_94
   -23.06404,     30.03335,            0,            0,            0,   -0.1907985,    0.9816292
robot_40
    1.930079,     16.02777,            0,            0,            0,    0.7545592,     0.656232
robot_103
    33.81061,    -22.00954,            0,            0,            0,    0.2678464,    0.9634616
robot_6
   -37.97141,     -14.2431,            0,            0,            0,   -0.9516894,    0.3070624
robot_71
   -10.28856,     -29.9637,            0,            0,            0,    -0.285343,    0.9584255
robot_17
    33.91746,      2.45674,            0,            0,            0,    0.6908712,    0.7229779
robot_120
    19.72377,    -17.98449,            0,            0,            0,    0.9922586,    0.1241889
robot_189
   -14.05012,    -39.22099,            0,            0,            0,   -0.9996772,   0.02540529
robot_148
   -14.07634,    -30.22403,            0,            0,            0,    0.9963983,    0.0847961
robot_186
     1.77935,    -14.08932,            0,            0,            0,   -0.8189252,    0.5739002
