tuw_multi_robot_msgs::RobotGoalsArray @1970-01-01T01:48:06.900000
frame_id: map
        6486,    900000000
robot_84
    17.95049,     31.61193,            0,            0,            0,   -0.9764773,      0.21562
robot_116
    30.12793,    -5.984187,            0,            0,            0,    0.7863298,     0.617807
robot_74
   -10.05449,    -22.25681,            0,            0,            0,   -0.9596945,    0.2810454
robot_41
   -38.05686,    -10.75527,            0,            0,            0,     0.797746,    0.6029936
robot_125
   -22.14935,    -17.72433,            0,            0,            0,   -0.2368895,    0.9715366
robot_136
     3.29213,     -29.9782,            0,            0,            0,   -0.1886722,    0.9820401
robot_173
    -6.08041,    -22.89775,            0,            0,            0,   -0.6721987,    0.7403708
robot_67
   -17.91625,     -30.1606,            0,            0,            0,   -0.3066218,    0.9518314
robot_197
    37.49383,     33.98952,            0,            0,            0,    0.9233243,    0.3840211
robot_119
   -30.15338,     2.193846,            0,            0,            0,   -0.1827767,    0.9831545
robot_82
    13.96355,     32.86945,            0,            0,            0,   -0.4874767,     0.873136
robot_77
   -10.91032,     25.96952,            0,            0,            0,    0.8689825,    0.4948428
robot_5
    35.49314,     29.98046,            0,            0,            0,    0.0975419,    0.9952314
robot_133
    11.60084,     25.97314,            0,            0,            0,    0.7709981,    0.6368375
robot_99
    5.667697,      14.0696,            0,            0,            0,    0.7900657,    0.6130221
robot_171
   -10.12986,     33.87958,            0,            0,            0,    0.6938911,    0.7200799
robot_180
    24.10855,     2.011315,            0,            0,            0,    0.7185266,    0.6954994
robot_56
     1.99514,     -9.65274,            0,            0,            0,     0.643033,    0.7658385
robot_3
     -14.156,    -5.840015,            0,            0,            0,   -0.2845278,    0.9586678
robot_81
    -10.0341,    -34.24989,            0,            0,            0,    0.5738414,    0.8189665
