tuw_multi_robot_msgs::RobotGoalsArray @1970-01-01T00:47:45.200000
frame_id: map
        2865,    200000000
robot_84
   -8.094056,    -37.98538,            0,            0,            0,    0.4354237,    0.9002256
robot_116
    10.66248,    -33.97227,            0,            0,            0,    0.7985057,    0.6019873
robot_74
   -36.23243,     26.01113,            0,            0,            0,   -0.5782922,    0.8158297
robot_41
    1.483891,     33.99704,            0,            0,            0,    0.5822241,    0.8130284
robot_125
   -13.80172,    -37.93047,            0,            0,            0,   -0.1876835,    0.9822296
robot_136
    33.53188,     -5.94024,            0,            0,            0,  -0.03019873,    0.9995439
robot_173
    9.953452,     20.33338,            0,            0,            0,    0.9612431,    0.2757021
robot_67
    29.94713,     15.66208,            0,            0,            0,    0.8818043,    0.4716154
robot_197
   -30.07556,    -10.21807,            0,            0,            0,   -0.6713031,    0.7411829
robot_119
    37.86953,    -5.994161,            0,            0,            0,    0.9974764,   0.07099903
robot_82
   -10.14002,     6.233727,            0,            0,            0,   -0.6835695,    0.7298854
robot_77
    22.02105,     21.67612,            0,            0,            0,   -0.5689094,    0.8224002
robot_5
    9.956662,    -36.64869,            0,            0,            0,   0.05141751,    0.9986772
robot_133
   -18.02726,     18.07344,            0,            0,            0,    0.9439595,    0.3300613
robot_99
    21.92091,    -18.60384,            0,            0,            0,    0.9905975,    0.1368083
robot_171
    21.90202,     0.180505,            0,            0,            0,    0.5776069,    0.8163151
robot_180
   -21.83844,     33.84896,            0,            0,            0,     0.986176,    0.1657013
robot_56
    19.16396,     21.96937,            0,            0,            0,     0.233681,    0.9723133
robot_3
    33.90766,    -2.974292,            0,            0,            0,    0.9576818,     0.287829
robot_81
   -29.77397,    -2.059853,            0,            0,            0,    0.2452949,    0.9694485
robot_167
   -18.23204,     22.05423,            0,            0,            0,   -0.6326162,    0.7744654
robot_25
    17.95766,     -11.6582,            0,            0,            0,   0.08428174,     0.996442
robot_168
   -30.08775,     8.974711,            0,            0,            0,   -0.9931747,    0.1166366
robot_96
     38.1583,     -33.8709,            0,            0,            0,    0.9005961,     0.434657
robot_166
    -27.0024,     34.01403,            0,            0,            0,   -0.9580017,    0.2867626
robot_102
    13.90284,     6.851993,            0,            0,            0,    0.7761932,    0.6304952
robot_192
     13.4961,     21.97248,            0,            0,            0,    0.9607001,    0.2775883
robot_179
   -22.03538,     37.45571,            0,            0,            0,    0.5481585,    0.8363744
robot_142
     13.9108,     30.61946,            0,            0,            0,   -0.9156225,    0.4020391
robot_1
    21.96194,      11.2757,            0,            0,            0,    0.5321954,    0.8466216
robot_44
   -10.41558,    -37.97907,            0,            0,            0,   -0.4757347,    0.8795888
robot_163
    5.970361,     25.93658,            0,            0,            0,    0.9686078,     0.248594
robot_79
    17.92528,    -33.93898,            0,            0,            0,   -0.8562093,     0.516629
robot_8
    1.843655,     6.008265,            0,            0,            0,    -0.938108,    0.3463429
robot_20
   -7.667668,     -10.0266,            0,            0,            0,   -0.9227537,    0.3853901
robot_143
    -38.0385,    -19.12813,            0,            0,            0,     0.504517,    0.8634017
robot_138
    21.93247,     29.43085,            0,            0,            0,   -0.1139129,    0.9934907
robot_123
     21.9553,    -34.97886,            0,            0,            0,    0.4898809,    0.8717893
robot_193
    10.34123,     34.05351,            0,            0,            0,   -0.7925867,    0.6097593
robot_187
   -2.067014,    -23.53372,            0,            0,            0,   -0.5022061,    0.8647479
robot_176
    32.79577,    -37.96671,            0,            0,            0,   -0.4194367,    0.9077846
robot_66
   -6.073213,     28.13443,            0,            0,            0,   -0.8156551,    0.5785385
robot_63
   -6.095853,     -11.5435,            0,            0,            0,   -0.9786413,    0.2055753
robot_31
    33.98018,    -29.89633,            0,            0,            0,    0.4865266,    0.8736658
robot_159
    21.42331,    -1.974534,            0,            0,            0,   0.03257194,    0.9994694
robot_160
    37.90644,     22.03751,            0,            0,            0,   -0.2311813,    0.9729107
robot_151
    29.90321,     37.62632,            0,            0,            0,    0.3221362,    0.9466933
robot_150
  -0.3009095,    -29.97448,            0,            0,            0,   -0.3306401,    0.9437569
robot_137
   -34.98142,     10.01334,            0,            0,            0,    0.9996183,   0.02762749
robot_199
   -10.54798,     25.96408,            0,            0,            0,    0.7489569,    0.6626187
