tuw_multi_robot_msgs::RobotGoalsArray @1970-01-01T01:42:28.100000
frame_id: map
        6148,    100000000
robot_84
   -4.520564,     25.99999,            0,            0,            0,   -0.3128255,    0.9498106
robot_116
    36.19633,      34.0302,            0,            0,            0,   -0.1666309,    0.9860193
robot_74
  -0.6187858,    -26.01375,            0,            0,            0,   -0.9985174,   0.05443311
robot_41
   -38.04069,     28.25712,            0,            0,            0,   -0.7701587,    0.6378523
robot_125
    29.96598,     39.07278,            0,            0,            0,     0.353909,    0.9352799
robot_136
    9.979286,     1.945076,            0,            0,            0,   -0.9993381,   0.03637875
robot_173
   -9.976363,    -13.75521,            0,            0,            0,    0.9009593,    0.4339035
robot_67
    2.153467,     34.02114,            0,            0,            0,   -0.6836933,    0.7297694
robot_197
   -7.024159,    -10.00634,            0,            0,            0,   -0.7710048,    0.6368293
robot_119
    8.498116,     38.01529,            0,            0,            0,    0.9998156,   0.01920303
robot_82
    17.92324,    -1.555022,            0,            0,            0,    0.7689079,    0.6393595
robot_77
    2.048588,    -33.87236,            0,            0,            0,    0.1403552,    0.9901012
robot_5
   -18.03477,     29.66141,            0,            0,            0,   -0.2679944,    0.9634205
robot_133
   -13.87313,    -18.16362,            0,            0,            0,    0.4806903,    0.8768904
robot_99
   -26.09036,    -1.282645,            0,            0,            0,    0.5303443,    0.8477824
robot_171
    21.91236,    -34.84332,            0,            0,            0,   -0.5619314,    0.8271838
robot_180
   -10.38205,    -18.04013,            0,            0,            0,    -0.329368,    0.9442016
robot_56
   -10.27632,     5.963213,            0,            0,            0,    0.9896131,    0.1437564
robot_3
    6.081567,      26.0714,            0,            0,            0,   -0.2606399,    0.9654361
robot_81
   -31.01038,     34.00304,            0,            0,            0,    0.4537353,    0.8911365
