tuw_multi_robot_msgs::RobotGoalsArray @1970-01-01T01:28:39.400000
frame_id: map
        5319,    400000000
robot_84
   -1.857608,      14.0469,            0,            0,            0,     0.410014,    0.9120792
robot_116
    -26.1749,    -13.82197,            0,            0,            0,     -0.38604,     0.922482
robot_74
    -25.9282,    -21.90414,            0,            0,            0,   -0.5680432,    0.8229988
robot_41
     23.5374,     13.99749,            0,            0,            0,    -0.676229,    0.7366915
robot_125
    9.651045,     14.01091,            0,            0,            0,   -0.9989743,   0.04527994
robot_136
    9.927347,      2.05077,            0,            0,            0,   -0.4877163,    0.8730022
robot_173
   -10.00206,     37.68728,            0,            0,            0,   -0.3447286,    0.9387024
robot_67
    34.13595,     18.10017,            0,            0,            0,   -0.9846203,     0.174708
robot_197
    29.94638,     32.40848,            0,            0,            0,   -0.9685388,    0.2488624
robot_119
    -1.91807,      -33.837,            0,            0,            0,    0.8731812,    0.4873957
robot_82
   -11.46779,    -9.980314,            0,            0,            0,   -0.9448242,    0.3275779
robot_77
    31.48037,     14.00319,            0,            0,            0,    0.7837907,    0.6210251
robot_5
    2.424854,    -25.91386,            0,            0,            0,    0.9793947,    0.2019554
robot_133
    22.74045,    -34.02537,            0,            0,            0,    0.9625548,    0.2710871
robot_99
   -30.08136,     -38.3694,            0,            0,            0,   -0.7693443,    0.6388344
robot_171
    5.911848,     24.81722,            0,            0,            0,   -0.9634343,    0.2679447
robot_180
   -23.86021,    -13.98275,            0,            0,            0,   -0.9709391,    0.2393267
robot_56
   -10.09844,     35.28273,            0,            0,            0,  0.004195849,    0.9999912
robot_3
    21.93142,    -31.89243,            0,            0,            0,    0.6615516,    0.7498996
robot_81
    26.10743,    -25.84458,            0,            0,            0,   -0.2651222,    0.9642148
robot_167
    22.65651,     26.01737,            0,            0,            0,   -0.5978925,    0.8015763
robot_25
    36.11218,     33.98628,            0,            0,            0,    0.7993482,    0.6008681
robot_168
   -27.53742,    -30.03092,            0,            0,            0,    0.1237945,    0.9923079
robot_96
    5.754434,     29.87647,            0,            0,            0,    0.3737748,    0.9275195
robot_166
   -23.86655,     14.02492,            0,            0,            0,   -0.9352885,    0.3538862
robot_102
   -14.08823,      -25.388,            0,            0,            0,   -0.9061988,    0.4228518
robot_192
    21.65557,    -22.03891,            0,            0,            0,    0.3326529,    0.9430493
robot_179
   -2.104804,    -9.872942,            0,            0,            0,   -0.9979904,   0.06336578
robot_142
    33.52284,     21.94337,            0,            0,            0,   -0.7340349,    0.6791117
robot_1
    6.020013,     14.05787,            0,            0,            0,   -0.9707622,    0.2400431
robot_44
    29.91927,    -10.22071,            0,            0,            0,    0.3361477,    0.9418093
robot_163
    22.00407,     33.90408,            0,            0,            0,    0.4449495,    0.8955556
robot_79
    25.36725,    -34.02485,            0,            0,            0,   -0.4473762,    0.8943459
robot_8
    17.96294,    -14.57641,            0,            0,            0,    0.1658323,     0.986154
robot_20
   -2.068171,    -23.91467,            0,            0,            0,    0.9097069,     0.415251
robot_143
   -12.78585,    -18.03037,            0,            0,            0,   -0.7208983,    0.6930409
robot_138
   -10.03441,    -5.153174,            0,            0,            0,   -0.8268934,    0.5623587
robot_123
   -29.92548,    -29.93459,            0,            0,            0,   -0.5873916,    0.8093028
robot_193
    33.55975,    -25.96401,            0,            0,            0,   -0.5125445,    0.8586607
robot_187
    18.70542,     37.99336,            0,            0,            0,   -0.6756209,    0.7372492
robot_176
    30.58108,    -25.99954,            0,            0,            0,   -0.7071495,    0.7070641
robot_66
   -2.054976,    -6.180957,            0,            0,            0,   -0.4090685,    0.9125037
robot_63
   -26.07034,    -18.63234,            0,            0,            0,    0.9967892,      0.08007
robot_31
   -6.116086,    -9.733122,            0,            0,            0,   -0.5895381,    0.8077405
robot_159
   -18.87934,    -25.99539,            0,            0,            0,    0.7306844,    0.6827154
robot_160
    29.62027,     9.920708,            0,            0,            0,     0.997752,   0.06701424
robot_151
   -4.085626,     13.99484,            0,            0,            0,    0.6140951,     0.789232
robot_150
     16.2763,     37.98941,            0,            0,            0,   -0.6141494,    0.7891898
robot_137
    5.660023,     9.961397,            0,            0,            0,   -0.7076925,    0.7065206
robot_199
   -10.08398,     -2.31131,            0,            0,            0,    0.9909626,    0.1341387
robot_54
     31.3636,     29.98063,            0,            0,            0,   -0.8134236,    0.5816718
robot_117
    17.97875,      13.7898,            0,            0,            0,    0.6374137,    0.7705217
robot_36
   -10.07101,     22.51485,            0,            0,            0,    0.9942592,    0.1069979
robot_33
   -34.10243,     -30.0062,            0,            0,            0,   -0.5537761,    0.8326656
robot_146
    29.93086,     -38.1243,            0,            0,            0,     0.864752,    0.5021991
robot_156
   -30.08918,    -13.68544,            0,            0,            0,   -0.8146311,    0.5799794
robot_112
   -32.57898,     10.01185,            0,            0,            0,    0.8840558,    0.4673813
robot_19
   -17.97409,     10.34337,            0,            0,            0,    -0.265226,    0.9641863
robot_141
     37.8697,     17.77071,            0,            0,            0,   -0.1278624,    0.9917919
robot_35
   -2.064086,     17.08194,            0,            0,            0,     0.448589,    0.8937381
robot_184
   -7.197391,     21.97017,            0,            0,            0,     -0.80442,     0.594061
robot_98
   -26.16278,     38.27199,            0,            0,            0,   -0.9734774,     0.228783
robot_100
   -12.82504,    -14.02092,            0,            0,            0,   -0.2748128,    0.9614977
robot_164
    5.935228,    -29.60147,            0,            0,            0,    0.5483901,    0.8362226
robot_59
     -26.057,     10.27073,            0,            0,            0,   -0.9143875,      0.40484
robot_144
    29.90922,     27.16265,            0,            0,            0,    0.8795971,    0.4757194
robot_101
    6.415823,     37.97884,            0,            0,            0,   -0.5549415,    0.8318894
robot_161
   -18.09705,     13.75155,            0,            0,            0,    0.8027361,    0.5963345
robot_149
    37.95937,    -18.01531,            0,            0,            0,   -0.2738475,    0.9617731
robot_86
   -2.055795,     30.47327,            0,            0,            0,   -0.6034781,    0.7973796
robot_191
    5.600446,    -6.025353,            0,            0,            0,   -0.5673606,    0.8234694
robot_126
   -34.26957,     33.89879,            0,            0,            0,   -0.9440397,    0.3298317
robot_190
   -18.07194,     19.04192,            0,            0,            0,    0.3077158,    0.9514783
robot_131
   -34.04831,    -25.16749,            0,            0,            0,   -0.3444853,    0.9387917
robot_154
    21.95195,     10.17784,            0,            0,            0,   -0.7665232,    0.6422166
robot_9
   -13.86681,    -34.03864,            0,            0,            0,    0.9770178,    0.2131577
robot_27
    26.87906,     17.97744,            0,            0,            0,   -0.9886437,    0.1502788
robot_34
    17.91489,    -1.246459,            0,            0,            0,   -0.9905015,    0.1375021
robot_114
    9.946137,    -37.21218,            0,            0,            0,   -0.2307338,    0.9730169
robot_51
   -37.97096,    -17.63835,            0,            0,            0,    0.7329473,    0.6802854
robot_108
   -22.07339,     12.06758,            0,            0,            0,   -0.9075995,     0.419837
robot_147
    33.90599,     32.60633,            0,            0,            0,   -0.5709757,    0.8209669
robot_183
    21.96383,     7.306646,            0,            0,            0,  -0.06784079,    0.9976962
robot_48
    13.91815,      2.33042,            0,            0,            0,    0.9089153,    0.4169808
robot_60
   -30.17044,    -25.82073,            0,            0,            0,   -0.9968646,   0.07912626
robot_75
    16.34332,     -18.0138,            0,            0,            0,    0.6855698,    0.7280069
robot_152
   -14.08634,    -7.110888,            0,            0,            0,   -0.6217215,    0.7832384
robot_26
   -23.72017,    -26.01777,            0,            0,            0,   -0.9937817,    0.1113459
robot_182
    37.91754,    -14.18216,            0,            0,            0,   -0.9133035,    0.4072796
robot_172
    9.970129,    -9.941378,            0,            0,            0,   -0.1639866,    0.9864626
robot_43
   -25.96062,     34.02234,            0,            0,            0,    0.2413264,     0.970444
robot_170
    25.12179,     5.979299,            0,            0,            0,    0.1444539,    0.9895115
robot_177
   -10.09886,     5.249805,            0,            0,            0,    0.9806625,    0.1957068
robot_80
   -38.08465,    -23.46529,            0,            0,            0,    0.6366894,    0.7711204
robot_16
   -39.37087,    -9.986973,            0,            0,            0,   -0.9844144,    0.1758645
robot_13
   -14.02067,    -30.24912,            0,            0,            0,   -0.2460182,    0.9692652
robot_178
   -14.06791,     -10.0794,            0,            0,            0,    -0.113837,    0.9934994
robot_88
   -29.64187,     22.01192,            0,            0,            0,   -0.3295909,    0.9441238
robot_194
    17.32974,     9.983512,            0,            0,            0,   -0.3402972,    0.9403179
robot_29
    9.902211,      9.10999,            0,            0,            0,    0.8203988,    0.5717918
robot_92
    17.93294,     18.84896,            0,            0,            0,    0.5502665,    0.8349891
robot_87
   -34.89779,     29.99351,            0,            0,            0,    0.2995286,    0.9540873
robot_68
   -20.28756,    -30.00513,            0,            0,            0,    -0.444903,    0.8955788
robot_22
   -35.42767,     9.972018,            0,            0,            0,   -0.3396081,     0.940567
robot_38
    13.53531,    -33.95888,            0,            0,            0,    0.6937455,    0.7202202
robot_2
    5.925637,    -15.84612,            0,            0,            0,    0.6823393,    0.7310357
robot_110
   -6.034218,     11.02005,            0,            0,            0,    -0.937421,     0.348198
robot_14
    25.92047,     11.45668,            0,            0,            0,    0.9950918,   0.09895639
robot_181
   -16.07969,    -33.97698,            0,            0,            0,   -0.9957269,   0.09234671
robot_61
     38.0908,    -33.96555,            0,            0,            0,    0.8634523,    0.5044305
robot_30
    10.18816,    -2.050593,            0,            0,            0,    0.8343858,    0.5511808
robot_122
    17.97016,     5.769047,            0,            0,            0,     0.757861,    0.6524161
robot_132
   -12.07371,     33.99832,            0,            0,            0,    0.9945661,    0.1041068
robot_45
    6.645243,     22.02427,            0,            0,            0,    0.8291628,    0.5590073
robot_21
     29.9051,      36.9546,            0,            0,            0,    0.5261453,    0.8503947
robot_39
    21.95333,    -8.757973,            0,            0,            0,    -0.917439,    0.3978765
robot_134
    1.913729,    -14.58664,            0,            0,            0,   -0.3134159,     0.949616
robot_15
    33.95187,     4.910502,            0,            0,            0,    0.9293383,    0.3692294
robot_145
    37.77833,     22.07927,            0,            0,            0,   -0.5043446,    0.8635025
robot_140
    10.11556,     30.05062,            0,            0,            0,    0.7350541,    0.6780085
