tuw_multi_robot_msgs::RobotGoalsArray @1970-01-01T00:17:25.600000
frame_id: map
        1045,    600000000
robot_84
    8.006924,      10.0287,            0,            0,            0,   -0.9847488,    0.1739821
robot_116
   -10.08216,     30.48342,            0,            0,            0,   -0.4030488,    0.9151785
robot_74
    2.088157,     9.874069,            0,            0,            0,   -0.6403016,    0.7681236
robot_41
     17.9261,    -6.273855,            0,            0,            0,   -0.2289325,    0.9734423
robot_125
   -38.28105,    -25.91004,            0,            0,            0,    0.9937058,    0.1120213
robot_136
   -34.08398,    -13.58739,            0,            0,            0,    0.9398597,    0.3415608
robot_173
    9.931457,     4.407219,            0,            0,            0,   -0.9833341,    0.1818076
robot_67
   -34.88209,     34.00114,            0,            0,            0,    0.5563352,     0.830958
robot_197
    30.74471,    -22.00698,            0,            0,            0,   -0.9066613,    0.4218593
robot_119
   -34.05831,      38.5499,            0,            0,            0,    0.3690031,    0.9294282
robot_82
   -18.03344,     9.605046,            0,            0,            0,   -0.8785648,    0.4776232
robot_77
   -26.33843,     22.09463,            0,            0,            0,   -0.7983513,     0.602192
robot_5
   -18.18647,     13.80933,            0,            0,            0,    0.9345269,    0.3558924
robot_133
     21.9546,    -36.15751,            0,            0,            0,   -0.9918053,    0.1277588
robot_99
   -22.08843,     13.79438,            0,            0,            0,   -0.7488382,    0.6627529
robot_171
    33.83342,     17.94603,            0,            0,            0,    0.9580985,    0.2864388
robot_180
     13.9806,     30.26711,            0,            0,            0,   -0.8162541,    0.5776931
robot_56
   -6.036202,      25.7899,            0,            0,            0,    0.8688437,    0.4950864
robot_3
     7.54095,     1.993535,            0,            0,            0,   -0.6093426,    0.7929071
robot_81
    1.946669,     32.87604,            0,            0,            0,    0.9721771,    0.2342471
robot_167
    21.85471,     5.641117,            0,            0,            0,    0.9777682,    0.2096888
robot_25
   -22.04253,    -21.70346,            0,            0,            0,     0.323446,    0.9462466
robot_168
   -26.76854,    -30.00972,            0,            0,            0,   -0.9767206,    0.2145152
robot_96
    20.68697,     -37.9805,            0,            0,            0,   0.03622083,    0.9993438
robot_166
    34.28158,     33.95724,            0,            0,            0,   -0.7696395,    0.6384787
robot_102
    17.91607,    -36.33455,            0,            0,            0,   -0.4386189,    0.8986732
robot_192
   -18.21826,     33.94724,            0,            0,            0,    0.2924144,    0.9562917
robot_179
    9.823596,     2.196338,            0,            0,            0,  0.005068746,    0.9999872
robot_142
   -34.05705,     -15.6142,            0,            0,            0,   -0.4436992,    0.8961758
robot_1
    17.95959,     32.59158,            0,            0,            0,    -0.985179,    0.1715296
robot_44
    37.96284,      26.3756,            0,            0,            0,    0.6893215,    0.7244555
robot_163
    13.81348,    -38.23276,            0,            0,            0,   -0.8299633,     0.557818
robot_79
    12.83404,    -34.03277,            0,            0,            0,    0.8994821,    0.4369576
robot_8
    9.917532,    -26.98298,            0,            0,            0,   -0.9781005,    0.2081333
robot_20
    17.94542,     25.82892,            0,            0,            0,    0.7271788,    0.6864481
robot_143
   -30.07572,     27.50255,            0,            0,            0,   -0.3475091,    0.9376766
robot_138
    13.96622,     20.41064,            0,            0,            0,  -0.01813712,    0.9998355
robot_123
    33.71669,     29.92323,            0,            0,            0,   -0.9200412,    0.3918217
robot_193
   -6.090446,     -27.5464,            0,            0,            0,    -0.135914,    0.9907206
robot_187
    17.92703,     1.711619,            0,            0,            0,    0.9759059,    0.2181919
