tuw_multi_robot_msgs::RobotGoalsArray @1970-01-01T01:22:22.300000
frame_id: map
        4942,    300000000
robot_84
    9.911787,     4.605383,            0,            0,            0,    0.5431409,    0.8396416
robot_116
   -37.76654,    -9.909931,            0,            0,            0,    0.7936994,    0.6083102
robot_74
   -28.39908,    -34.01147,            0,            0,            0,    0.2686931,    0.9632258
robot_41
    37.17031,    -21.97002,            0,            0,            0,   -0.9690553,    0.2468438
robot_125
    29.92599,      20.2614,            0,            0,            0,    0.3342445,    0.9424864
robot_136
    39.07568,     26.02862,            0,            0,            0,   -0.5653177,    0.8248732
robot_173
    1.912242,     12.10249,            0,            0,            0,    0.9914193,    0.1307206
robot_67
    33.88509,     -37.7109,            0,            0,            0,   -0.9800999,    0.1985051
robot_197
    9.935509,       15.597,            0,            0,            0,    -0.442169,    0.8969318
robot_119
    1.955298,    -6.816359,            0,            0,            0,   -0.9491157,    0.3149277
