tuw_multi_robot_msgs::RobotGoalsArray @1970-01-01T01:37:28.300000
frame_id: map
        5848,    300000000
robot_84
   -3.031951,    -34.00919,            0,            0,            0,    0.9476368,      0.31935
robot_116
    36.05628,    -18.01198,            0,            0,            0,   -0.4014242,    0.9158922
robot_74
    5.937559,     9.399793,            0,            0,            0,   -0.5037372,     0.863857
robot_41
   -10.18458,    -30.13201,            0,            0,            0,    0.2065378,    0.9784386
robot_125
   -22.12152,    -6.315864,            0,            0,            0,   -0.8337206,    0.5521866
robot_136
    37.91459,    -22.36324,            0,            0,            0,    0.6813319,    0.7319746
robot_173
    33.93074,     30.83042,            0,            0,            0,    0.9346517,    0.3555646
robot_67
   -26.50199,     17.99564,            0,            0,            0,   -0.6965516,    0.7175067
robot_197
    2.067957,     13.89887,            0,            0,            0,   -0.7913812,     0.611323
robot_119
   -10.49923,     34.03511,            0,            0,            0,   -0.9933228,    0.1153678
robot_82
   -38.03586,     18.87941,            0,            0,            0,    0.8871846,    0.4614147
robot_77
   -10.06069,    -1.428076,            0,            0,            0,    0.3240218,    0.9460496
robot_5
   -1.838093,    -6.112434,            0,            0,            0,    -0.502215,    0.8647428
robot_133
    17.91913,    -8.074673,            0,            0,            0,    0.9781357,    0.2079679
robot_99
    -38.0739,    -33.91562,            0,            0,            0,    0.9580354,    0.2866498
robot_171
    24.26613,     5.996317,            0,            0,            0,    0.2067528,    0.9783932
robot_180
    33.74821,     37.94888,            0,            0,            0,   -0.7370046,    0.6758878
robot_56
    21.93533,      22.8789,            0,            0,            0,   -0.5469487,    0.8371661
robot_3
    29.79396,    -38.21904,            0,            0,            0,   -0.3810796,    0.9245422
robot_81
   -18.25674,     22.14146,            0,            0,            0,   -0.9593586,    0.2821897
robot_167
    4.193018,     17.99057,            0,            0,            0,    0.8383729,    0.5450972
robot_25
    33.94737,     14.93032,            0,            0,            0,   -0.9999717,  0.007525598
robot_168
    29.94879,    -7.869692,            0,            0,            0,   -0.2624578,    0.9649435
robot_96
   -37.67617,     9.997307,            0,            0,            0,    0.9619801,    0.2731194
robot_166
   -5.496244,     30.01418,            0,            0,            0,   -0.8467208,    0.5320375
robot_102
      0.4554,     30.01677,            0,            0,            0,   -0.7825409,    0.6225991
robot_192
   -34.85153,    -10.01076,            0,            0,            0,   -0.7719602,    0.6356708
robot_179
   -13.73284,     34.01654,            0,            0,            0,    0.4964385,    0.8680719
robot_142
   -37.35924,    -6.023214,            0,            0,            0,   -0.7663734,    0.6423954
robot_1
   -32.53287,     9.971198,            0,            0,            0,  -0.06199765,    0.9980763
robot_44
    2.747646,     6.033286,            0,            0,            0,   -0.9555508,    0.2948265
robot_163
   -26.56433,     13.96481,            0,            0,            0,    0.1109152,    0.9938299
robot_79
    2.122706,     33.95576,            0,            0,            0,   0.02749302,     0.999622
robot_8
   -2.075039,      26.2491,            0,            0,            0,    0.4386426,    0.8986616
robot_20
   -33.92716,    -21.94199,            0,            0,            0,  -0.02005656,    0.9997988
robot_143
    27.17502,     9.988509,            0,            0,            0,   -0.2664458,    0.9638499
robot_138
   -12.80002,    -38.01252,            0,            0,            0,    0.5346767,    0.8450567
robot_123
   -23.45318,     6.006787,            0,            0,            0,  -0.08265707,     0.996578
robot_193
     1.96044,    -6.793901,            0,            0,            0,   -0.8036177,    0.5951459
robot_187
    20.67153,    -13.97752,            0,            0,            0,    0.7587315,    0.6514035
robot_176
    17.89377,    -37.64076,            0,            0,            0,   -0.9684413,    0.2492418
robot_66
    6.953533,    -29.99157,            0,            0,            0,   -0.8307942,    0.5565797
robot_63
   -30.05192,     31.51561,            0,            0,            0,     -0.97645,    0.2157439
robot_31
    -30.4374,     -10.0149,            0,            0,            0,     0.483017,     0.875611
robot_159
   -34.05309,     28.13984,            0,            0,            0,   -0.9978633,   0.06533584
robot_160
   -3.464594,    -22.02656,            0,            0,            0,   -0.7668358,    0.6418433
robot_151
   -7.487768,     26.01856,            0,            0,            0,   0.02763912,     0.999618
robot_150
   -38.07641,     6.867513,            0,            0,            0,    0.8692951,    0.4942934
robot_137
   -10.04083,    -37.79101,            0,            0,            0,   -0.1607764,    0.9869909
robot_199
    5.842394,     25.97986,            0,            0,            0,   -0.7687891,    0.6395024
robot_54
   -2.080349,     15.14181,            0,            0,            0,   -0.2640832,    0.9644999
robot_117
    37.08312,      10.0276,            0,            0,            0,   -0.9729969,    0.2308182
robot_36
    30.45099,    -30.00982,            0,            0,            0,   -0.7974906,    0.6033314
robot_33
    17.95765,    -30.40226,            0,            0,            0,    0.5762985,    0.8172393
robot_146
   -22.17649,     38.02596,            0,            0,            0,    0.4738137,    0.8806251
robot_156
   -10.23907,    -6.096632,            0,            0,            0,   -0.5032525,    0.8641394
robot_112
   -22.05237,    -23.13129,            0,            0,            0,    -0.544898,    0.8385023
robot_19
   -18.97105,     33.96725,            0,            0,            0,    0.9699873,    0.2431556
robot_141
    -14.0769,    -35.71934,            0,            0,            0,    0.9281114,    0.3723026
robot_35
   -6.051143,    -18.94871,            0,            0,            0,   -0.8826375,    0.4700542
robot_184
     11.3067,      1.99469,            0,            0,            0,   0.06836686,    0.9976602
robot_98
   -10.07589,     28.29127,            0,            0,            0,   -0.8637474,     0.503925
robot_100
    25.80395,    -37.88138,            0,            0,            0,    0.6918766,    0.7220158
robot_164
   -9.688223,     18.00065,            0,            0,            0,    -0.644899,    0.7642678
robot_59
   -18.29379,     14.08026,            0,            0,            0,   -0.3341476,    0.9425208
robot_144
    38.25709,    -13.93217,            0,            0,            0,   -0.4596996,    0.8880745
robot_101
    9.938145,    -34.14877,            0,            0,            0,   -0.9235556,    0.3834646
robot_161
    20.15163,     21.98578,            0,            0,            0,    0.9896803,     0.143293
robot_149
   -18.04199,     17.26601,            0,            0,            0,    0.9979244,   0.06439574
robot_86
    13.95821,     33.47828,            0,            0,            0,   -0.4208595,    0.9071258
robot_191
     30.3202,     6.090687,            0,            0,            0,   -0.1936179,     0.981077
robot_126
   -6.348832,     1.970277,            0,            0,            0,   -0.3568233,    0.9341719
robot_190
   -33.32765,    -29.98092,            0,            0,            0,    0.9923515,    0.1234441
robot_131
    9.954529,    -24.73518,            0,            0,            0,     0.951822,    0.3066512
robot_154
    -14.9444,     37.98452,            0,            0,            0,    0.9483658,    0.3171785
robot_9
    34.40495,     26.01771,            0,            0,            0,   -0.7538103,    0.6570921
robot_27
   -22.06683,      26.0739,            0,            0,            0,    0.2674001,    0.9635856
robot_34
    9.912084,     9.381491,            0,            0,            0,    0.7734955,    0.6338019
robot_114
   -37.89118,    -10.11303,            0,            0,            0,   -0.2552912,    0.9668642
robot_51
   -20.59189,    -9.986853,            0,            0,            0,   -0.8445144,    0.5355329
robot_108
   -29.57584,    -33.95309,            0,            0,            0,    0.9975388,   0.07011682
robot_147
   -19.46781,    -30.00945,            0,            0,            0,   -0.6346594,    0.7727919
robot_183
   -5.698839,    -13.98293,            0,            0,            0,   -0.9523731,    0.3049352
robot_48
   -22.05806,    -33.47831,            0,            0,            0,   -0.6327451,    0.7743602
robot_60
      14.216,    -25.94771,            0,            0,            0,    0.2091167,    0.9778907
robot_75
       25.94,     7.748788,            0,            0,            0,    0.9988342,   0.04827241
robot_152
   -14.07159,     4.590961,            0,            0,            0,   -0.8481616,    0.5297376
robot_26
     17.9571,    -33.73391,            0,            0,            0,   -0.9324217,    0.3613722
robot_182
    -29.9568,     18.12138,            0,            0,            0,   -0.7019567,    0.7122196
robot_172
    4.937058,    -14.00923,            0,            0,            0,  0.004778385,    0.9999886
robot_43
   -6.055269,     9.777794,            0,            0,            0,    0.9623845,     0.271691
robot_170
    26.09919,     33.86223,            0,            0,            0,     0.304964,    0.9523639
robot_177
   -18.03482,     1.928168,            0,            0,            0,   -0.7726109,    0.6348798
robot_80
   -13.97915,    -22.20954,            0,            0,            0,    -0.658334,    0.7527259
robot_16
    -2.06741,     21.82392,            0,            0,            0,     0.989302,    0.1458818
robot_13
    21.94038,     28.23004,            0,            0,            0,    0.6408381,     0.767676
robot_178
    33.90038,     33.44087,            0,            0,            0,  -0.07403112,    0.9972559
robot_88
   -22.51955,    -38.09979,            0,            0,            0,   -0.8353375,    0.5497374
robot_194
    6.024447,    -21.63832,            0,            0,            0,    0.3983208,    0.9172462
robot_29
   -2.723894,     33.97531,            0,            0,            0,   -0.8092351,    0.5874849
robot_92
   -6.061282,     32.81448,            0,            0,            0,   -0.1863239,    0.9824884
robot_87
    23.86186,    -10.03046,            0,            0,            0,    0.1165313,     0.993187
robot_68
    10.05072,     18.08379,            0,            0,            0,    0.8953882,    0.4452865
robot_22
   -28.19167,     5.989226,            0,            0,            0,   -0.9998058,   0.01970853
robot_38
    18.55407,     9.986332,            0,            0,            0,   -0.9109937,    0.4124203
robot_2
   -14.17312,    -25.79147,            0,            0,            0,    0.9943813,    0.1058579
robot_110
    33.95085,    -25.68451,            0,            0,            0,    0.7799861,    0.6257968
robot_14
   -34.08274,    -2.318266,            0,            0,            0,    0.7745173,    0.6325527
robot_181
   -13.94323,     26.15106,            0,            0,            0,    0.3036133,    0.9527954
robot_61
    -26.8606,     30.02763,            0,            0,            0,   -0.8687318,    0.4952827
robot_30
    5.488585,     29.97083,            0,            0,            0,  -0.06611019,    0.9978123
robot_122
    37.93153,     23.73477,            0,            0,            0,    0.2807678,    0.9597757
robot_132
   -24.52399,     25.97049,            0,            0,            0,   -0.9228894,     0.385065
robot_45
   -22.09293,    -30.01251,            0,            0,            0,   -0.2847701,    0.9585958
robot_21
   -13.12682,     9.978166,            0,            0,            0,    0.8803286,    0.4743644
robot_39
    13.99916,    -14.30824,            0,            0,            0,    -0.975472,    0.2201236
robot_134
    -5.62087,    -26.06079,            0,            0,            0,   -0.4153704,    0.9096524
robot_15
   -34.04024,    -13.33086,            0,            0,            0,    0.7795592,    0.6263285
robot_145
   -18.16019,    -22.11616,            0,            0,            0,    0.6169999,    0.7869632
robot_140
    17.94709,     2.695714,            0,            0,            0,  -0.04917235,    0.9987903
robot_196
    14.21645,     -17.9323,            0,            0,            0,     0.379888,    0.9250325
robot_188
    21.83772,    -26.31391,            0,            0,            0,    0.7231314,    0.6907105
robot_4
    21.69213,    -33.92863,            0,            0,            0,   -0.7665418,    0.6421944
robot_155
    21.92049,     3.567803,            0,            0,            0,   -0.8272882,    0.5617777
robot_135
   -6.132109,     5.905973,            0,            0,            0,   -0.9960542,   0.08874756
robot_93
   -7.625458,     13.98627,            0,            0,            0,   0.03995183,    0.9992016
robot_111
    26.06001,    -17.81517,            0,            0,            0,     0.356334,    0.9343586
robot_0
   -30.06344,     7.592906,            0,            0,            0,   -0.7340048,    0.6791443
robot_49
   -6.321485,    -34.06748,            0,            0,            0,   -0.9840582,    0.1778467
robot_113
    -30.0063,    -22.32397,            0,            0,            0,     0.393105,    0.9194936
robot_94
   -38.16139,    -26.04897,            0,            0,            0,   -0.9050109,    0.4253883
robot_40
   -38.35285,    -22.09238,            0,            0,            0,    0.8973244,    0.4413715
robot_103
   -9.595372,    -33.96881,            0,            0,            0,   -0.5088319,    0.8608659
robot_6
    -22.2231,     18.01658,            0,            0,            0,   -0.9563589,    0.2921946
robot_71
    2.246649,    -10.06744,            0,            0,            0,    0.4537791,    0.8911142
robot_17
    21.94751,     -20.1046,            0,            0,            0,    0.9930729,    0.1174998
robot_120
   -34.09737,     14.43263,            0,            0,            0,    0.5374768,    0.8432785
robot_189
   -2.099249,    -31.83035,            0,            0,            0,    0.8547199,    0.5190895
robot_148
   -26.03938,     -24.1524,            0,            0,            0,   -0.8607968,    0.5089488
robot_186
    -22.0508,     3.400399,            0,            0,            0,   -0.9580793,    0.2865031
robot_198
    29.90242,    -19.51433,            0,            0,            0,   -0.9284722,    0.3714019
robot_107
    23.57047,     38.02708,            0,            0,            0,   -0.6670782,    0.7449877
robot_18
   0.7144067,    -22.02431,            0,            0,            0,    0.7306397,    0.6827632
robot_23
   -9.599805,    -18.06725,            0,            0,            0,    -0.351552,    0.9361684
robot_46
   -10.08807,    -12.25598,            0,            0,            0,   -0.9995114,   0.03125638
robot_109
    17.94843,    -20.57006,            0,            0,            0,   -0.8184858,    0.5745268
robot_10
   -32.84461,    -37.99332,            0,            0,            0,    -0.229375,    0.9733381
robot_157
    13.62742,    -30.00279,            0,            0,            0,   -0.5323125,     0.846548
robot_70
    24.48548,     10.03191,            0,            0,            0,     0.793313,     0.608814
robot_55
   -38.09641,     28.96359,            0,            0,            0,    0.8786788,    0.4774134
