tuw_multi_robot_msgs::RobotGoalsArray @1970-01-01T01:27:06.100000
frame_id: map
        5226,    100000000
robot_84
   -37.54547,      17.9856,            0,            0,            0,    0.9948608,    0.1012526
robot_116
    8.846965,     6.018248,            0,            0,            0,    0.7689189,    0.6393463
robot_74
    33.86085,      21.9435,            0,            0,            0,     0.667211,    0.7448688
robot_41
    -22.0729,    -9.042165,            0,            0,            0,    0.4807068,    0.8768814
robot_125
    25.06514,    -22.02918,            0,            0,            0,    0.7057117,    0.7084991
robot_136
    18.29956,    -33.92913,            0,            0,            0,   -0.4633479,    0.8861765
robot_173
   -13.72085,     26.00173,            0,            0,            0,   -0.7397554,    0.6728759
robot_67
    5.946082,     8.885724,            0,            0,            0,    0.9973513,    0.0727352
robot_197
       6.222,     5.911022,            0,            0,            0,    0.4116052,    0.9113623
robot_119
   -26.05742,     21.11829,            0,            0,            0,  -0.04537932,    0.9989698
robot_82
    29.17556,     -10.0261,            0,            0,            0,   -0.9185215,    0.3953711
robot_77
    37.04862,    -6.025906,            0,            0,            0,   -0.6417648,    0.7669015
robot_5
   -9.855752,    -37.84738,            0,            0,            0,    0.9107807,    0.4128905
robot_133
   -5.973265,    -17.75342,            0,            0,            0,    0.8998754,     0.436147
robot_99
   -10.09156,     9.878118,            0,            0,            0,    0.3837866,    0.9234218
robot_171
   -18.48891,    -25.96393,            0,            0,            0,      0.72992,    0.6835326
robot_180
    34.74738,     34.01541,            0,            0,            0,    -0.874947,    0.4842187
robot_56
   -2.033485,     31.82727,            0,            0,            0,    0.5210275,    0.8535399
robot_3
   -2.071554,    -22.44066,            0,            0,            0,    0.8350599,     0.550159
robot_81
    17.90706,     3.421379,            0,            0,            0,    -0.930999,    0.3650216
robot_167
    -26.0408,    -26.74002,            0,            0,            0,    0.8517847,     0.523892
robot_25
    -38.5394,     29.97518,            0,            0,            0,  -0.05108922,    0.9986941
robot_168
   -6.050404,    -38.85507,            0,            0,            0,   -0.8233092,    0.5675931
robot_96
    21.94514,    -7.463136,            0,            0,            0,    0.9636861,    0.2670377
robot_166
    17.95277,     33.43019,            0,            0,            0,    0.4870531,    0.8733724
robot_102
   -29.88117,     14.09522,            0,            0,            0,     0.992329,    0.1236247
robot_192
    14.81773,    -30.03162,            0,            0,            0,    0.9133042,    0.4072782
robot_179
   -9.957158,    -13.91609,            0,            0,            0,    -0.381813,    0.9242396
robot_142
   -38.07151,     32.31422,            0,            0,            0,   -0.9287822,    0.3706259
robot_1
    29.94219,     28.65269,            0,            0,            0,    0.2425641,    0.9701354
robot_44
   -13.82893,    -9.935871,            0,            0,            0,  -0.01740879,    0.9998485
robot_163
    11.38055,     10.01474,            0,            0,            0,   -0.9984612,   0.05545419
robot_79
    26.27944,    -13.97891,            0,            0,            0,   -0.5285099,    0.8489272
robot_8
    1.910105,     10.60736,            0,            0,            0,   -0.3778461,    0.9258684
robot_20
    11.42992,     6.033482,            0,            0,            0,   0.06200816,    0.9980756
robot_143
   -26.06616,     7.987384,            0,            0,            0,   -0.2063645,    0.9784752
robot_138
   -10.03698,     5.703842,            0,            0,            0,    0.3325711,    0.9430782
robot_123
   -18.31603,    -37.96373,            0,            0,            0,   -0.9548796,    0.2969931
robot_193
   -35.67162,     14.02149,            0,            0,            0,   -0.9144939,    0.4045997
robot_187
    5.965856,    -19.83037,            0,            0,            0,    0.0825807,    0.9965844
robot_176
    35.52143,    -21.97029,            0,            0,            0,   -0.9499906,    0.3122786
robot_66
   -3.151325,      26.0055,            0,            0,            0,   0.07084547,    0.9974873
robot_63
   -23.87567,     5.969373,            0,            0,            0,    0.4086164,    0.9127062
robot_31
   -23.08396,    -29.99399,            0,            0,            0,   -0.2761448,    0.9611161
robot_159
    26.40015,     17.93443,            0,            0,            0,     0.140677,    0.9900555
robot_160
   -13.97398,    -14.25552,            0,            0,            0,   -0.7227452,    0.6911146
robot_151
    26.06358,    -1.960588,            0,            0,            0,    0.9311957,    0.3645196
robot_150
    1.345934,    -21.96673,            0,            0,            0,    0.7750362,    0.6319168
robot_137
    1.970062,     6.236212,            0,            0,            0,   -0.9992217,   0.03944615
robot_199
   -3.481734,    -33.97986,            0,            0,            0,    0.6828929,    0.7305185
robot_54
    25.90379,     33.27681,            0,            0,            0, -0.007288238,    0.9999734
robot_117
    29.93091,    -21.15485,            0,            0,            0,   -0.4483085,    0.8938789
robot_36
   -16.73391,      18.0196,            0,            0,            0,   0.04922417,    0.9987878
robot_33
    17.92916,    -1.124945,            0,            0,            0,    0.4265588,    0.9044598
robot_146
    1.497976,    -26.02876,            0,            0,            0,   -0.1126979,    0.9936293
robot_156
    4.631645,     34.01917,            0,            0,            0,    0.9988173,   0.04862121
robot_112
    10.42623,     13.97113,            0,            0,            0,    0.9860147,    0.1666582
robot_19
   -17.93288,    -2.232743,            0,            0,            0,   -0.9663405,    0.2572664
robot_141
    37.91631,    -33.16389,            0,            0,            0,    0.6434148,    0.7655178
robot_35
   -30.05997,    -5.493329,            0,            0,            0,   -0.1387621,    0.9903257
robot_184
    21.95276,     -37.6534,            0,            0,            0,   -0.1296376,    0.9915614
robot_98
    4.099331,     22.02752,            0,            0,            0,    0.9966569,    0.0817009
robot_100
    1.950744,     14.58404,            0,            0,            0,   -0.5961647,    0.8028622
robot_164
    17.93531,     25.08567,            0,            0,            0,   -0.4998317,    0.8661226
robot_59
   -0.442282,     21.99662,            0,            0,            0,   -0.9881744,    0.1533342
robot_144
   -10.08241,     -23.0566,            0,            0,            0,   -0.9998368,   0.01806426
robot_101
     14.0421,     26.19393,            0,            0,            0,    0.9924082,    0.1229879
robot_161
   -21.67349,     29.98052,            0,            0,            0,   -0.9940913,    0.1085468
robot_149
    20.76937,    -10.00201,            0,            0,            0,   -0.7337917,    0.6793745
robot_86
   -24.92344,     38.03288,            0,            0,            0,   -0.9555764,    0.2947436
robot_191
   -14.50451,    -18.05148,            0,            0,            0,    0.3987818,    0.9170458
robot_126
   -33.77271,    -34.07195,            0,            0,            0,    0.3519002,    0.9360375
robot_190
   -26.24841,      5.90169,            0,            0,            0,   -0.2756927,    0.9612458
robot_131
   -34.09118,     30.42866,            0,            0,            0,   -0.8138893,    0.5810199
robot_154
   -26.00133,     26.13144,            0,            0,            0,   -0.1864407,    0.9824662
robot_9
   -7.514643,     18.01174,            0,            0,            0,    0.9784269,    0.2065933
robot_27
   -14.03882,      29.7028,            0,            0,            0,   -0.9936679,    0.1123574
robot_34
   -33.89931,     22.08825,            0,            0,            0,    0.3811141,     0.924528
robot_114
   -30.08945,    -20.59249,            0,            0,            0,    0.9975452,   0.07002551
robot_51
   -18.04852,    -8.996101,            0,            0,            0,     0.998737,   0.05024439
robot_108
    38.13751,     21.97598,            0,            0,            0,   -0.9600321,      0.27989
robot_147
   -15.09604,    -33.97929,            0,            0,            0,    0.9692593,    0.2460414
robot_183
    28.53433,     26.03302,            0,            0,            0,   -0.9955552,   0.09417952
robot_48
    38.01007,    -29.88851,            0,            0,            0,   -0.9492009,    0.3146706
robot_60
   -14.04938,    -23.38323,            0,            0,            0,    0.6021648,    0.7983718
robot_75
     33.9792,    -13.94773,            0,            0,            0,   -0.8800294,    0.4749193
robot_152
    9.817727,     -38.0375,            0,            0,            0,  -0.02882329,    0.9995845
robot_26
    13.94437,    -11.90695,            0,            0,            0,  -0.04994327,    0.9987521
robot_182
   -14.06931,    -37.18886,            0,            0,            0,     0.975074,      0.22188
robot_172
   -31.94422,    -10.01738,            0,            0,            0,    0.5676215,    0.8232896
robot_43
    37.91633,     13.22408,            0,            0,            0,    0.6474032,    0.7621477
robot_170
    32.35702,     34.02342,            0,            0,            0,    0.3230309,    0.9463884
robot_177
    21.90904,     20.54243,            0,            0,            0,   -0.6599873,    0.7512767
robot_80
   -18.23035,     13.99471,            0,            0,            0,    0.8323922,     0.554187
robot_16
    19.21778,     13.99985,            0,            0,            0, -0.003726333,    0.9999931
robot_13
   -6.048753,     25.30665,            0,            0,            0,    0.7861556,    0.6180286
robot_178
   -32.71964,    -5.999175,            0,            0,            0,   -0.2489558,    0.9685149
robot_88
    21.77465,    -21.79047,            0,            0,            0,   -0.7880751,    0.6155791
robot_194
   -10.07047,      2.99961,            0,            0,            0,    0.9030872,    0.4294572
robot_29
    33.51018,    -26.09988,            0,            0,            0,   -0.5980184,    0.8014823
robot_92
   -26.03767,    -18.14815,            0,            0,            0,    0.5345405,    0.8451428
robot_87
    25.95402,     30.21973,            0,            0,            0,    0.4495102,    0.8932752
robot_68
    13.74047,    -33.92995,            0,            0,            0,   -0.9625817,    0.2709917
robot_22
    13.98469,     29.91622,            0,            0,            0,   -0.7470565,    0.6647605
robot_38
   -15.77129,     5.986614,            0,            0,            0,   -0.9090652,    0.4166538
robot_2
   -11.95283,    -5.970313,            0,            0,            0,   -0.4819769,    0.8761839
robot_110
   -1.438121,    -34.01062,            0,            0,            0,   -0.2185819,    0.9758186
robot_14
   -2.150001,    -17.77764,            0,            0,            0,   -0.5970365,     0.802214
robot_181
    5.858268,     18.31071,            0,            0,            0,   -0.9205707,     0.390576
robot_61
    29.94042,     7.003953,            0,            0,            0,     0.997518,   0.07041248
robot_30
    25.93642,     26.89431,            0,            0,            0,   -0.7841666,    0.6205503
robot_122
   -8.225366,    -33.97272,            0,            0,            0,   -0.7900702,    0.6130164
robot_132
    25.16364,     9.977728,            0,            0,            0,    0.1092326,    0.9940162
robot_45
   -13.98669,     33.94246,            0,            0,            0,  -0.05032983,    0.9987327
robot_21
    25.90432,    -34.82403,            0,            0,            0,   -0.9803587,     0.197223
robot_39
    21.89008,     30.33181,            0,            0,            0,    -0.739114,    0.6735804
robot_134
    33.86123,     -1.66636,            0,            0,            0,    -0.343266,    0.9392382
robot_15
   -18.20943,    -21.91263,            0,            0,            0,    0.9662433,    0.2576312
robot_145
   -30.09329,    -9.323379,            0,            0,            0,    0.5305795,    0.8476352
robot_140
   -6.066762,     37.85814,            0,            0,            0,   -0.1522229,    0.9883462
