tuw_multi_robot_msgs::RobotGoalsArray @1970-01-01T01:20:20.500000
frame_id: map
        4820,    500000000
robot_84
   -34.43926,    -26.00794,            0,            0,            0,    0.1707915,    0.9853072
robot_116
    13.91584,    -24.68873,            0,            0,            0,   -0.8615271,    0.5077116
robot_74
   -7.484642,    -5.993715,            0,            0,            0,   -0.9764323,    0.2158239
robot_41
   -21.94896,    -38.10463,            0,            0,            0,   -0.9540542,     0.299634
robot_125
   -27.62071,    -14.00772,            0,            0,            0,    0.9949319,    0.1005511
robot_136
   -23.46944,    -30.01816,            0,            0,            0,   -0.7563763,    0.6541368
robot_173
   -29.61205,     29.96602,            0,            0,            0,   -0.5976814,    0.8017337
robot_67
    30.25764,    -10.06765,            0,            0,            0,   -0.2652829,    0.9641706
robot_197
    15.25713,     21.97337,            0,            0,            0,  -0.02782609,    0.9996128
robot_119
   -17.89635,     10.03841,            0,            0,            0,    -0.394096,    0.9190693
robot_82
   -26.08572,    -31.79411,            0,            0,            0,    0.2118374,    0.9773049
robot_77
    29.93291,    -16.61591,            0,            0,            0,    0.9107334,    0.4129948
robot_5
    6.273221,    -18.00943,            0,            0,            0,    0.4211851,    0.9069747
robot_133
   -1.114799,     34.03337,            0,            0,            0,    0.7556758,    0.6549458
robot_99
    9.914167,    -28.56737,            0,            0,            0,   -0.6690838,     0.743187
robot_171
   -22.21752,    -26.20373,            0,            0,            0,    -0.848684,    0.5289002
robot_180
    29.77045,    -38.17595,            0,            0,            0,    0.5506151,    0.8347593
robot_56
    18.00917,    -9.685934,            0,            0,            0,   -0.9648058,    0.2629633
robot_3
   -22.35444,    -17.91854,            0,            0,            0,   -0.1698904,     0.985463
robot_81
    18.31681,      1.95971,            0,            0,            0,   -0.1465271,    0.9892067
robot_167
   -9.835142,    -33.96831,            0,            0,            0,    0.8875683,    0.4606761
robot_25
   -14.31079,     1.929696,            0,            0,            0,    0.8098986,    0.5865699
robot_168
    13.92492,    -37.22689,            0,            0,            0,    0.9958205,   0.09133153
robot_96
   -2.095761,     10.95912,            0,            0,            0,    0.9778412,    0.2093481
robot_166
   -14.04823,    -21.34204,            0,            0,            0,    0.4473757,    0.8943461
robot_102
    5.937641,    -24.33174,            0,            0,            0,    0.7364474,    0.6764948
robot_192
    37.91164,    -33.33327,            0,            0,            0,    0.9929904,    0.1181953
robot_179
   -37.83331,     17.98756,            0,            0,            0,   -0.9706339,    0.2405615
robot_142
    2.006604,    -30.15776,            0,            0,            0,    0.5516446,    0.8340793
robot_1
   -26.08212,    -20.03224,            0,            0,            0,    0.5015637,    0.8651207
robot_44
    -9.33497,    -37.99127,            0,            0,            0,    -0.780519,     0.625132
robot_163
   -10.04812,     -19.2366,            0,            0,            0,    0.8385965,    0.5447531
robot_79
   -10.11469,     30.20542,            0,            0,            0,     0.716418,    0.6976713
robot_8
   -33.97447,    -21.68273,            0,            0,            0,    0.2332029,    0.9724281
robot_20
   -18.20095,     -9.92509,            0,            0,            0,    0.5723597,    0.8200026
robot_143
   -7.630473,     17.98245,            0,            0,            0,  -0.06758026,    0.9977138
robot_138
    22.66024,     14.00721,            0,            0,            0,   -0.6279952,    0.7782172
robot_123
   -14.07896,    -14.84777,            0,            0,            0,    0.8656756,    0.5006054
robot_193
    25.92294,    -3.224118,            0,            0,            0,   -0.1827193,    0.9831651
robot_187
    8.382083,     29.96712,            0,            0,            0,    0.9850797,    0.1720986
robot_176
    31.22305,    -6.011961,            0,            0,            0,   -0.9914499,    0.1304878
robot_66
   -6.050986,    -29.43802,            0,            0,            0,    0.1255776,    0.9920838
robot_63
    25.55116,    -22.09361,            0,            0,            0,    0.8839644,    0.4675543
robot_31
    37.78249,    -21.88699,            0,            0,            0,    0.6002499,    0.7998125
robot_159
     9.80684,    -21.83736,            0,            0,            0,   -0.8899004,    0.4561549
robot_160
    11.23691,    -1.989542,            0,            0,            0,    0.9162615,    0.4005807
robot_151
    16.22214,      -38.025,            0,            0,            0,    -0.956938,    0.2902922
robot_150
   -25.64669,     5.975919,            0,            0,            0,    0.9225561,    0.3858629
robot_137
     -24.775,     17.98818,            0,            0,            0,   -0.9501139,     0.311903
robot_199
   -10.28637,    -2.082662,            0,            0,            0,    0.7565808,    0.6539003
robot_54
   -5.762338,      22.0202,            0,            0,            0,  -0.01284581,    0.9999175
robot_117
   -18.04203,     2.751165,            0,            0,            0,   -0.8905779,    0.4548307
robot_36
    33.74429,    -5.880152,            0,            0,            0,     0.834453,    0.5510791
robot_33
    22.41403,     33.97021,            0,            0,            0,     0.999973,  0.007348871
robot_146
   -38.34152,    -22.08789,            0,            0,            0,    -0.849341,    0.5278445
robot_156
   -10.08164,    -26.05452,            0,            0,            0,   0.03720172,    0.9993078
robot_112
    9.900421,     2.114853,            0,            0,            0,    0.6062728,    0.7952567
robot_19
   -23.72691,     14.01083,            0,            0,            0,    0.5040842,    0.8636545
robot_141
    37.94808,    -18.70758,            0,            0,            0,    -0.602634,    0.7980177
robot_35
   -25.31144,     25.99772,            0,            0,            0,    0.6658631,     0.746074
robot_184
    2.076384,     18.00146,            0,            0,            0,    0.9944619,    0.1050976
robot_98
   -21.86803,     25.87741,            0,            0,            0,   -0.5879147,    0.8089229
robot_100
    19.52728,     9.984469,            0,            0,            0,   0.08405517,    0.9964611
robot_164
    26.73159,    -30.02486,            0,            0,            0,    0.2107171,    0.9775471
robot_59
    5.758129,     14.06943,            0,            0,            0,     0.824657,    0.5656332
robot_144
    32.36834,     18.01661,            0,            0,            0,   -0.6351876,    0.7723579
robot_101
    -14.0945,     39.09991,            0,            0,            0,    0.6555655,    0.7551383
robot_161
      13.847,    -1.800031,            0,            0,            0,    0.7310899,    0.6822812
robot_149
    19.52385,     37.97196,            0,            0,            0,   -0.9748423,    0.2228956
robot_86
   -21.61292,     9.960761,            0,            0,            0,     0.842365,    0.5389074
robot_191
   -2.556061,    -14.00819,            0,            0,            0,    0.5230413,    0.8523074
robot_126
    19.84335,    -29.97747,            0,            0,            0,    0.5088536,    0.8608531
robot_190
    5.928495,     30.30156,            0,            0,            0,   -0.9444727,    0.3285898
robot_131
   -3.796908,     9.992839,            0,            0,            0,   -0.7721957,    0.6353848
robot_154
    13.75218,     13.95825,            0,            0,            0,    0.1716479,    0.9851584
robot_9
   -18.10804,    -21.81326,            0,            0,            0,  -0.01467663,    0.9998923
robot_27
    -12.4726,     18.01732,            0,            0,            0,    0.1488532,    0.9888593
robot_34
   -10.06934,     10.91743,            0,            0,            0,    0.6357207,    0.7719191
robot_114
    -34.4153,     26.02873,            0,            0,            0,   -0.0572446,    0.9983602
robot_51
   -38.07492,     31.62442,            0,            0,            0,    0.1921531,     0.981365
robot_108
   -22.53582,     6.038046,            0,            0,            0,    0.9973806,   0.07233167
robot_147
   -38.12036,    -25.88965,            0,            0,            0,    -0.997162,   0.07528584
robot_183
    21.96182,    -28.71529,            0,            0,            0,    0.7509103,    0.6604042
robot_48
   -20.87746,    -9.997577,            0,            0,            0,    0.9602391,     0.279179
robot_60
    21.85348,     5.644872,            0,            0,            0,   0.05482621,    0.9984959
robot_75
    33.22286,     1.995015,            0,            0,            0,   -0.5823453,    0.8129415
robot_152
   -11.07868,    -30.00787,            0,            0,            0,    0.9627417,    0.2704226
robot_26
   -31.31921,    -9.999518,            0,            0,            0,    0.8884343,    0.4590039
robot_182
    6.245398,    -34.07116,            0,            0,            0,    0.7742019,    0.6329387
robot_172
   -38.06872,     24.36741,            0,            0,            0,   0.04709131,    0.9988906
robot_43
    17.90233,    -29.00229,            0,            0,            0,   -0.4251989,    0.9050999
robot_170
    30.33859,     13.98535,            0,            0,            0,    0.4954855,    0.8686162
robot_177
   -5.961933,     26.22559,            0,            0,            0,   -0.1097179,    0.9939628
robot_80
    30.07529,     17.84593,            0,            0,            0,    0.1306661,    0.9914264
robot_16
   -5.752817,     34.03888,            0,            0,            0,   -0.5346783,    0.8450557
robot_13
   -10.07791,     20.03116,            0,            0,            0,   -0.6642615,    0.7475003
robot_178
   -10.19625,     1.846884,            0,            0,            0,   -0.4228193,     0.906214
robot_88
   -30.06173,    -13.07177,            0,            0,            0,    0.5971118,     0.802158
robot_194
   -18.35178,    -5.916672,            0,            0,            0,  -0.09673114,    0.9953105
robot_29
   -37.92098,    -14.21081,            0,            0,            0,   -0.7738774,    0.6333354
