tuw_multi_robot_msgs::RobotGoalsArray @1970-01-01T00:13:53.600000
frame_id: map
         833,    600000000
robot_84
    1.915076,     11.91339,            0,            0,            0,      0.87714,    0.4802348
robot_116
   -6.042727,     11.36098,            0,            0,            0,   -0.4360734,    0.8999111
robot_74
    17.75846,    -17.94438,            0,            0,            0,    0.3586441,    0.9334744
robot_41
     21.9492,     28.94167,            0,            0,            0,    0.3595544,    0.9331241
robot_125
   -27.49478,     -6.02181,            0,            0,            0,     0.384967,    0.9229304
robot_136
    2.688881,    -34.02021,            0,            0,            0,   -0.9754031,    0.2204286
robot_173
       25.77,    -2.111598,            0,            0,            0,    0.1782029,    0.9839938
robot_67
    21.95397,    -4.472937,            0,            0,            0,    -0.949076,    0.3150472
robot_197
   -30.04462,     5.070537,            0,            0,            0,   0.08439364,    0.9964325
robot_119
   -34.07965,    -7.639262,            0,            0,            0,   -0.4544699,    0.8907621
robot_82
    32.21166,     33.97898,            0,            0,            0,   -0.7136772,    0.7004748
robot_77
   -33.79552,    -14.05211,            0,            0,            0,   -0.3442784,    0.9388676
robot_5
    22.17861,     26.07294,            0,            0,            0,    0.9164352,     0.400183
robot_133
   -34.08047,    -30.54161,            0,            0,            0,    0.8562102,    0.5166276
robot_99
    37.91377,    -15.28197,            0,            0,            0,    0.9351478,    0.3542578
robot_171
   -9.737765,     1.940244,            0,            0,            0,   -0.7060852,    0.7081268
robot_180
    34.07099,     6.047094,            0,            0,            0,   -0.9213116,    0.3888251
robot_56
    9.710439,    -17.90382,            0,            0,            0,    0.2552378,    0.9668783
robot_3
    38.00094,     25.92393,            0,            0,            0,    0.1234419,    0.9923518
robot_81
    14.00176,    -1.804439,            0,            0,            0,   -0.9974837,   0.07089646
robot_167
    13.93067,    -32.74308,            0,            0,            0, -0.002122178,    0.9999977
robot_25
    10.11695,     29.84512,            0,            0,            0,    0.9594061,    0.2820282
robot_168
    14.78709,     6.007693,            0,            0,            0,     0.279976,     0.960007
robot_96
   -37.33531,    -14.01234,            0,            0,            0,   -0.5965212,    0.8025973
robot_166
    -29.5761,    -13.98322,            0,            0,            0,    0.9867826,    0.1620495
robot_102
    1.889732,    -18.17139,            0,            0,            0,    0.9863234,    0.1648216
robot_192
    17.85895,      37.8337,            0,            0,            0,    0.9515778,    0.3074079
robot_179
   -6.236453,     33.87171,            0,            0,            0,    0.1436982,    0.9896216
robot_142
    21.88359,     2.247567,            0,            0,            0,   -0.8709484,    0.4913744
robot_1
   -34.20275,     26.05868,            0,            0,            0,   -0.7955335,    0.6059096
robot_44
    27.23284,     -30.0327,            0,            0,            0,    -0.733024,    0.6802027
robot_163
    25.94527,     4.732735,            0,            0,            0,   -0.8112596,    0.5846862
robot_79
    21.90149,    -28.69338,            0,            0,            0,    0.7685594,    0.6397784
robot_8
   -26.39186,    -17.96072,            0,            0,            0,    0.5637987,    0.8259123
robot_20
    5.893896,     6.362536,            0,            0,            0,   -0.9173969,    0.3979736
robot_143
   -30.05053,    -22.69041,            0,            0,            0,    0.5900831,    0.8073425
robot_138
   -14.83679,     38.02254,            0,            0,            0,    0.8009369,    0.5987488
robot_123
    34.14045,     10.11165,            0,            0,            0,    0.9284595,    0.3714336
robot_193
    17.81052,     17.79381,            0,            0,            0,    0.4905844,    0.8713937
robot_187
   -17.14188,     10.00535,            0,            0,            0,    0.1007985,    0.9949069
