tuw_multi_robot_msgs::RobotGoalsArray @1970-01-01T01:32:33
frame_id: map
        5553,            0
robot_84
    -14.0782,     8.964499,            0,            0,            0,    0.6271824,    0.7788724
robot_116
   -22.24528,     10.09651,            0,            0,            0,    0.6598292,    0.7514156
robot_74
    5.771634,     21.84694,            0,            0,            0,    0.6087928,    0.7933293
robot_41
   -15.38799,    -1.995212,            0,            0,            0,    0.7310969,    0.6822736
robot_125
   -32.73911,     10.02064,            0,            0,            0,   -0.7922467,    0.6102009
robot_136
    9.993306,     21.65013,            0,            0,            0,   -0.8506179,    0.5257843
robot_173
   -18.04273,     1.390736,            0,            0,            0,   -0.5647752,    0.8252448
robot_67
    38.57985,      6.01175,            0,            0,            0,    0.4093808,    0.9123636
robot_197
    38.00552,     17.64912,            0,            0,            0,   -0.7715817,    0.6361302
robot_119
    23.72923,    -9.971872,            0,            0,            0,  0.001063953,    0.9999994
robot_82
    17.96343,    -26.67019,            0,            0,            0,    0.1064104,    0.9943223
robot_77
    30.04188,      30.1301,            0,            0,            0,   -0.8935314,    0.4490006
robot_5
    33.92381,    -24.06669,            0,            0,            0,    0.3049522,    0.9523676
robot_133
    26.81453,     1.985965,            0,            0,            0,   -0.5284118,    0.8489882
robot_99
    21.91728,    -8.040321,            0,            0,            0,   -0.8010033,    0.5986599
robot_171
     22.0004,     18.16981,            0,            0,            0,    0.2272028,    0.9738475
robot_180
    21.08067,    -38.00981,            0,            0,            0,    0.9990124,   0.04443159
robot_56
   -30.08588,    -16.70966,            0,            0,            0,    0.8804222,    0.4741906
robot_3
   -5.946609,     33.89563,            0,            0,            0,   -0.9617899,    0.2737884
robot_81
     32.8703,     5.998402,            0,            0,            0,    0.3987871,    0.9170436
robot_167
    25.84972,    -6.294178,            0,            0,            0,    0.5446834,    0.8386417
robot_25
    11.41639,    -9.989004,            0,            0,            0,   0.03552238,    0.9993689
robot_168
   -21.36066,    -34.00982,            0,            0,            0,  -0.04575223,    0.9989528
robot_96
    13.90584,    -11.13187,            0,            0,            0,    0.9888308,    0.1490425
robot_166
    7.546793,    -26.00749,            0,            0,            0,      0.92719,    0.3745913
robot_102
    26.09821,     26.17565,            0,            0,            0,    0.8041387,    0.5944417
robot_192
    31.43585,    -5.973641,            0,            0,            0,    0.1921094,    0.9813735
robot_179
    22.28377,    -13.95398,            0,            0,            0,    0.6743096,    0.7384488
robot_142
    25.95894,     23.02154,            0,            0,            0,    0.7154121,    0.6987027
robot_1
    18.35414,     6.024352,            0,            0,            0,    0.3305145,    0.9438009
robot_44
    34.03685,    -18.08059,            0,            0,            0,    0.4531962,    0.8914108
robot_163
    1.619413,     10.03575,            0,            0,            0,   -0.7547185,    0.6560488
robot_79
    -6.07565,     8.894958,            0,            0,            0,    0.8095833,     0.587005
robot_8
   -14.30247,     38.03577,            0,            0,            0,   -0.6928389,    0.7210924
robot_20
    29.97962,     34.33337,            0,            0,            0,    0.4871613,     0.873312
robot_143
    9.947317,    0.8442557,            0,            0,            0,   -0.4399865,    0.8980044
robot_138
    29.91067,    -26.29166,            0,            0,            0,    -0.982785,    0.1847527
robot_123
   -2.098172,     31.84524,            0,            0,            0,   -0.7200936,     0.693877
robot_193
   -34.44958,    -14.08677,            0,            0,            0,   -0.1520249,    0.9883767
robot_187
    17.90538,     21.06572,            0,            0,            0,    0.9859455,    0.1670674
robot_176
    -25.2814,     30.02961,            0,            0,            0,     0.993968,    0.1096701
robot_66
   -26.05966,    -1.471836,            0,            0,            0,   -0.9365565,    0.3505166
robot_63
    -6.05041,     1.351828,            0,            0,            0,   -0.5725635,    0.8198603
robot_31
     8.97919,    -14.01773,            0,            0,            0,    0.9206803,    0.3903177
robot_159
    3.643976,    -33.97213,            0,            0,            0,   -0.9813053,    0.1924576
robot_160
   -22.18005,     34.20714,            0,            0,            0,  -0.02195411,     0.999759
robot_151
    16.18514,    -22.01739,            0,            0,            0,    0.8698109,    0.4933852
robot_150
   -22.54947,    -5.953971,            0,            0,            0,   -0.4501338,    0.8929611
robot_137
   -38.39656,     25.97062,            0,            0,            0,    0.1468142,    0.9891641
robot_199
    5.943008,    -27.40547,            0,            0,            0,      0.79889,    0.6014772
robot_54
   -37.74572,    -6.049671,            0,            0,            0,    -0.893239,    0.4495822
robot_117
   -39.15328,     5.983778,            0,            0,            0,   -0.4097717,    0.9121881
robot_36
     29.9424,    -21.61726,            0,            0,            0,   -0.6613132,    0.7501099
robot_33
    26.00488,    -9.966383,            0,            0,            0,    0.2150099,    0.9766119
robot_146
   -38.09557,    -33.87973,            0,            0,            0,   -0.9975465,    0.0700071
robot_156
    10.05219,    -2.073799,            0,            0,            0,   -0.9932201,    0.1162491
robot_112
   -21.73673,    -30.05366,            0,            0,            0,   -0.9872166,    0.1593843
robot_19
    -10.3106,    -30.08959,            0,            0,            0,   -0.9033896,    0.4288208
robot_141
    23.37824,    -33.96691,            0,            0,            0,    -0.169213,    0.9855795
robot_35
    -6.06675,     21.58021,            0,            0,            0,    0.4168545,    0.9089732
robot_184
    16.20518,     21.98912,            0,            0,            0,    0.9355653,    0.3531538
robot_98
    33.89306,     38.11402,            0,            0,            0,    0.4914896,    0.8708834
robot_100
   -14.06314,     30.37849,            0,            0,            0,   0.06374829,     0.997966
robot_164
   -34.09381,    -39.37908,            0,            0,            0,   0.06565075,    0.9978427
robot_59
    33.92543,     21.96726,            0,            0,            0,     0.234406,    0.9721388
robot_144
     32.8421,    -13.98725,            0,            0,            0,     -0.92676,    0.3756539
robot_101
    17.91353,    -13.16219,            0,            0,            0,    0.9832294,    0.1823734
robot_161
    29.91967,     7.658167,            0,            0,            0,   -0.5188792,    0.8548476
robot_149
    -22.4574,     5.986117,            0,            0,            0,  -0.00787095,     0.999969
robot_86
   -11.51416,     34.02554,            0,            0,            0,   -0.7906425,    0.6122781
robot_191
    29.90673,    -35.13881,            0,            0,            0,    0.2224048,    0.9749544
robot_126
   -22.08562,       12.436,            0,            0,            0,    0.7447443,    0.6673499
robot_190
   -2.039697,    -22.63994,            0,            0,            0,   -0.9963232,   0.08567469
robot_131
    1.911721,    -6.700394,            0,            0,            0,    -0.726786,     0.686864
robot_154
   -2.906691,     13.96995,            0,            0,            0,   -0.4137855,    0.9103744
robot_9
   -33.84832,    -33.92838,            0,            0,            0,   -0.9223156,    0.3864375
robot_27
    33.76495,     2.043999,            0,            0,            0,   -0.3891355,    0.9211805
robot_34
   -16.12024,    -14.02486,            0,            0,            0,    0.4132432,    0.9106207
robot_114
   -38.09246,     15.90339,            0,            0,            0,    0.8339676,    0.5518134
robot_51
    25.94836,    -15.97509,            0,            0,            0,   -0.9720647,     0.234713
robot_108
    5.954288,     8.185235,            0,            0,            0,    0.8032802,    0.5956013
robot_147
     17.7949,     17.78329,            0,            0,            0,    0.2694097,    0.9630256
robot_183
   -5.822021,    -18.06858,            0,            0,            0,   -0.6010629,    0.7992017
robot_48
    25.93649,    -29.24579,            0,            0,            0,   -0.8308654,    0.5564735
robot_60
    36.15414,     22.00821,            0,            0,            0,    0.8569784,    0.5153524
robot_75
    10.03971,     -34.0306,            0,            0,            0,   -0.9445143,    0.3284702
robot_152
   -38.08292,     18.68409,            0,            0,            0,   -0.2627196,    0.9648722
robot_26
    22.01188,     5.816446,            0,            0,            0,    0.1469144,    0.9891492
robot_182
   -30.19099,     6.066029,            0,            0,            0,     0.534415,    0.8452222
robot_172
   -35.37717,     34.02414,            0,            0,            0,    0.1950851,    0.9807863
robot_43
    28.79969,    -29.99947,            0,            0,            0,   -0.9025136,    0.4306614
robot_170
    5.917134,     29.58891,            0,            0,            0,   -0.2353121,    0.9719199
robot_177
    17.94508,    -29.77989,            0,            0,            0,   -0.9589077,    0.2837181
robot_80
   -13.40977,    -38.01975,            0,            0,            0,   -0.1920734,    0.9813806
robot_16
    -38.0838,     28.60957,            0,            0,            0,   -0.9897863,    0.1425591
robot_13
    9.709533,     14.00608,            0,            0,            0,    0.9909825,    0.1339913
robot_178
    21.97096,    -21.80645,            0,            0,            0,    0.9723628,    0.2334749
robot_88
    -23.7129,     17.99332,            0,            0,            0,    0.5439294,     0.839131
robot_194
    -22.0628,     27.22806,            0,            0,            0,    0.4572119,    0.8893578
robot_29
    33.47737,    -22.02394,            0,            0,            0,   -0.7003142,    0.7138347
robot_92
   -30.06035,    -21.66201,            0,            0,            0,  -0.08923783,    0.9960103
robot_87
   -10.06037,     4.825458,            0,            0,            0,   -0.6246819,    0.7808794
robot_68
   -9.298105,     10.01711,            0,            0,            0,    0.9969225,   0.07839371
robot_22
   -20.27945,     37.99087,            0,            0,            0,   -0.5907597,    0.8068476
robot_38
   -34.08055,     5.584947,            0,            0,            0,  -0.02660753,     0.999646
robot_2
    4.211756,    -6.013229,            0,            0,            0,  -0.03366863,    0.9994331
robot_110
    34.13768,     -25.9842,            0,            0,            0,    0.7894995,    0.6137512
robot_14
    10.10657,     6.117362,            0,            0,            0,    0.1945122,    0.9809001
robot_181
    36.78385,     29.97657,            0,            0,            0,    0.8574473,    0.5145718
robot_61
    33.96529,     8.097165,            0,            0,            0,   -0.6019105,    0.7985636
robot_30
   -9.653432,     14.02626,            0,            0,            0,   -0.9240815,    0.3821954
robot_122
   -38.08588,     -21.5799,            0,            0,            0,   -0.9251477,    0.3796073
robot_132
   -1.843152,     9.912476,            0,            0,            0,    0.9986317,   0.05229419
robot_45
   -14.06084,    -14.98359,            0,            0,            0,    -0.343861,    0.9390206
robot_21
   -30.02862,     18.23725,            0,            0,            0,   -0.9905297,     0.137299
robot_39
    25.90913,     13.06222,            0,            0,            0,    0.5145259,    0.8574749
robot_134
    13.95802,    -2.919498,            0,            0,            0,    0.1355384,    0.9907721
robot_15
    37.93574,    -11.35051,            0,            0,            0,   -0.3695691,    0.9292032
robot_145
    25.95188,     28.75474,            0,            0,            0,    0.9348824,    0.3549577
robot_140
   -18.19947,     18.00911,            0,            0,            0,    0.9254747,    0.3788094
robot_196
   -4.687901,     30.02745,            0,            0,            0,  -0.05360359,    0.9985623
robot_188
   -30.34655,      25.9165,            0,            0,            0,   -0.9999999, 0.0003446256
robot_4
   -34.04266,     37.13992,            0,            0,            0,    0.9601295,    0.2795556
robot_155
    17.90665,     1.756461,            0,            0,            0,     0.122294,    0.9924939
robot_135
    13.86372,     9.814603,            0,            0,            0,    0.9209307,    0.3897264
robot_93
   -26.20847,     33.85577,            0,            0,            0,   -0.1057796,    0.9943896
robot_111
    5.905415,     17.43443,            0,            0,            0,    0.3720833,    0.9281994
robot_0
    22.14582,     13.92444,            0,            0,            0,    0.6158269,    0.7878815
robot_49
    27.73713,    -13.97553,            0,            0,            0,    0.4062871,    0.9137455
robot_113
   -14.86608,     18.01491,            0,            0,            0,    -0.884671,    0.4662159
