tuw_multi_robot_msgs::RobotGoalsArray @1970-01-01T00:52:28.500000
frame_id: map
        3148,    500000000
robot_84
   -11.69335,    -18.00245,            0,            0,            0,   -0.8364467,    0.5480482
robot_116
   -22.09047,    -10.91195,            0,            0,            0,    0.7667089,    0.6419949
robot_74
   -39.16316,    -14.00315,            0,            0,            0,    -0.257487,    0.9662818
robot_41
    14.05907,    -34.11892,            0,            0,            0,   -0.7089217,    0.7052872
robot_125
    19.13165,    -9.977643,            0,            0,            0,   -0.6279901,    0.7782213
robot_136
    15.00336,     37.99426,            0,            0,            0,    -0.958837,    0.2839571
robot_173
   -22.04332,     33.14861,            0,            0,            0,   -0.6334567,    0.7737781
robot_67
   -31.53117,    -13.98501,            0,            0,            0,    0.8436379,    0.5369126
robot_197
    17.93872,    -36.73254,            0,            0,            0,   -0.5567131,    0.8307048
robot_119
   -5.859352,    -6.050245,            0,            0,            0,   -0.9986812,   0.05134044
robot_82
   -17.77777,     30.03161,            0,            0,            0,     0.815162,     0.579233
robot_77
    11.51645,     6.019276,            0,            0,            0,   -0.9703422,    0.2417355
robot_5
   -18.19726,     10.15281,            0,            0,            0,    0.9645523,    0.2638918
robot_133
    33.92856,     28.26953,            0,            0,            0,    0.7263455,    0.6873297
robot_99
   -37.97154,    -10.20507,            0,            0,            0,    0.4090156,    0.9125274
robot_171
   -18.07037,     20.89043,            0,            0,            0,   -0.7537122,    0.6572046
robot_180
   -12.44194,     21.98026,            0,            0,            0,   -0.9452601,    0.3263178
robot_56
   -38.48642,     9.999219,            0,            0,            0,    0.8973646,      0.44129
robot_3
   -2.107387,     25.85836,            0,            0,            0,   -0.6145356,    0.7888891
robot_81
    7.988103,    -38.03135,            0,            0,            0,    0.5399972,    0.8416668
robot_167
   -9.974281,      29.8231,            0,            0,            0,   -0.8465653,    0.5322849
robot_25
   -14.06776,    -9.380813,            0,            0,            0,    0.9727759,    0.2317478
robot_168
     7.45415,     13.98331,            0,            0,            0,    0.5600196,    0.8284794
robot_96
   -14.05351,    -15.47772,            0,            0,            0,    0.8345738,    0.5508961
robot_166
   -39.37718,     13.98929,            0,            0,            0,    0.8194145,    0.5732014
robot_102
    25.54557,     -33.9148,            0,            0,            0,   -0.1670664,    0.9859456
robot_192
   -6.597188,    -14.02583,            0,            0,            0,    0.5431441,    0.8396395
robot_179
   -22.09708,    -7.084757,            0,            0,            0,    0.9619865,     0.273097
robot_142
   -20.61642,     -37.9705,            0,            0,            0,    0.8798148,    0.4753167
robot_1
    14.03173,     29.70087,            0,            0,            0,    0.6578995,    0.7531057
robot_44
    -22.0676,     31.08321,            0,            0,            0,    0.8217506,    0.5698473
robot_163
   -22.27773,     6.082425,            0,            0,            0,   -0.7301813,    0.6832534
robot_79
    25.10129,    -6.009222,            0,            0,            0,   -0.7668476,    0.6418292
robot_8
   -12.20081,     1.996581,            0,            0,            0,    0.3164014,    0.9486254
robot_20
   -39.66228,     21.96833,            0,            0,            0,    0.6939355,    0.7200371
robot_143
    29.88815,     33.99322,            0,            0,            0,   -0.9459056,     0.324442
robot_138
      26.259,     6.076703,            0,            0,            0,   -0.9999257,   0.01219358
robot_123
    4.677769,    -33.97266,            0,            0,            0,    0.3889178,    0.9212724
robot_193
    25.82955,     18.08213,            0,            0,            0,   0.09002687,    0.9959393
robot_187
    -13.8862,    -6.138922,            0,            0,            0,   -0.9788107,    0.2047672
robot_176
    17.90074,     5.855356,            0,            0,            0,   -0.5194797,    0.8544828
robot_66
   -9.425836,     1.979496,            0,            0,            0,    0.9765559,    0.2152638
robot_63
    34.06779,     34.06081,            0,            0,            0,  -0.06228502,    0.9980584
robot_31
    37.95879,     15.56577,            0,            0,            0,   -0.9975481,   0.06998401
robot_159
  -0.1848753,     14.02764,            0,            0,            0,   -0.4911811,    0.8710575
robot_160
   -18.84945,     13.99805,            0,            0,            0,    0.8980377,    0.4399184
robot_151
    17.96652,     8.755924,            0,            0,            0,    0.4471196,    0.8944742
robot_150
   -10.03445,    -19.94346,            0,            0,            0,    0.6441507,    0.7648986
robot_137
    17.74369,    -25.90483,            0,            0,            0,    0.6193871,    0.7850857
robot_199
   -2.103227,    -29.99345,            0,            0,            0,  -0.08065598,     0.996742
robot_54
   -26.11932,    -6.205545,            0,            0,            0,    0.3817227,    0.9242769
robot_117
     34.2246,    -18.00655,            0,            0,            0,    0.1964305,    0.9805178
robot_36
    21.87591,    -9.763063,            0,            0,            0,    0.9099297,    0.4147626
robot_33
    36.97674,     9.995727,            0,            0,            0,   -0.7785625,    0.6275671
robot_146
    10.10413,    -26.05382,            0,            0,            0,    0.7657555,    0.6431318
robot_156
   -6.171038,    -26.21559,            0,            0,            0,    0.2659914,    0.9639754
robot_112
   -30.57705,    -34.03089,            0,            0,            0,    0.3919359,    0.9199925
robot_19
    8.852199,     33.97569,            0,            0,            0,   -0.8777428,    0.4791322
robot_141
    29.92854,     9.561313,            0,            0,            0,   0.03162086,    0.9994999
robot_35
   -25.58509,     9.935872,            0,            0,            0,   -0.2113901,    0.9774018
