tuw_multi_robot_msgs::RobotGoalsArray @1970-01-01T00:52:55
frame_id: map
        3175,            0
robot_84
    17.48839,     13.90624,            0,            0,            0,    0.1354061,    0.9907902
robot_116
    6.391646,     13.90454,            0,            0,            0,   -0.2847343,    0.9586065
robot_74
    17.60421,    -21.99811,            0,            0,            0,    0.1186816,    0.9929324
robot_41
     25.9025,     34.11424,            0,            0,            0,    0.8867502,    0.4622488
robot_125
   -1.283775,     26.01752,            0,            0,            0,    0.2343208,    0.9721593
robot_136
     21.9027,    -21.44507,            0,            0,            0,    0.9975567,   0.06986135
robot_173
   -12.99208,    -10.01381,            0,            0,            0,   -0.6267182,     0.779246
robot_67
   -18.03747,     12.80405,            0,            0,            0,   -0.9920801,    0.1256069
robot_197
    34.52525,    -14.01394,            0,            0,            0,   -0.8906813,    0.4546283
robot_119
    25.85778,    -25.79873,            0,            0,            0,    0.2698906,     0.962891
robot_82
    9.965445,    -15.77817,            0,            0,            0,   -0.4774883,    0.8786381
robot_77
    9.479366,      9.95734,            0,            0,            0,   -0.9916581,     0.128896
robot_5
    -22.1814,    -29.94256,            0,            0,            0,   -0.8918405,    0.4523501
robot_133
   -6.736248,    -38.02138,            0,            0,            0,    0.7169669,    0.6971072
robot_99
    29.88033,    -13.72174,            0,            0,            0,   0.05174382,    0.9986604
robot_171
   -14.39826,     25.98681,            0,            0,            0,     0.996047,   0.08882824
robot_180
    -10.3072,    -33.90484,            0,            0,            0,   -0.8265652,    0.5628409
robot_56
   -11.66503,     30.01298,            0,            0,            0,    0.4509533,    0.8925476
robot_3
    21.83546,     33.73833,            0,            0,            0,    0.1587093,    0.9873254
robot_81
   -10.04115,    -36.24674,            0,            0,            0,    0.9615194,    0.2747371
robot_167
    29.82205,     26.00181,            0,            0,            0,    0.7441388,    0.6680251
robot_25
   -12.43045,     21.99149,            0,            0,            0,  -0.07967124,    0.9968212
robot_168
   -26.09847,    -12.45046,            0,            0,            0,      0.53198,    0.8467569
robot_96
    1.941006,     26.16377,            0,            0,            0,  -0.05589935,    0.9984364
robot_166
     6.63024,     -5.96776,            0,            0,            0,   -0.6696917,    0.7426393
robot_102
   -26.06549,     27.42367,            0,            0,            0,    0.9372118,    0.3487608
robot_192
    -26.0628,     39.08809,            0,            0,            0,   -0.3140295,    0.9494132
robot_179
   -7.317226,     -17.9837,            0,            0,            0,    0.1158524,    0.9932664
robot_142
    21.60105,     26.08104,            0,            0,            0,    0.4647335,    0.8854506
robot_1
    25.91037,     30.46844,            0,            0,            0,    0.7896089,    0.6136104
robot_44
    9.898172,    -34.06564,            0,            0,            0,    0.8293308,    0.5587579
robot_163
     35.5616,     18.00398,            0,            0,            0,    0.8963417,    0.4433639
robot_79
   -6.683955,    -6.032873,            0,            0,            0,    0.9187597,    0.3948172
robot_8
    25.90388,     13.97083,            0,            0,            0,    0.6230365,    0.7821927
robot_20
   -37.99917,    -34.00411,            0,            0,            0,   -0.1279607,    0.9917792
robot_143
     14.3113,    -1.999982,            0,            0,            0,     0.512721,    0.8585553
robot_138
     5.95667,     9.439276,            0,            0,            0,   -0.3985655,    0.9171399
robot_123
   -2.099488,    -15.65775,            0,            0,            0,   -0.6543876,    0.7561593
robot_193
    33.83828,     -26.2605,            0,            0,            0,    -0.752149,    0.6589931
robot_187
    31.03441,    -6.019398,            0,            0,            0,    0.9507737,     0.309886
robot_176
   -26.06581,     1.676807,            0,            0,            0,   -0.9345829,    0.3557453
robot_66
   -22.47278,      18.0899,            0,            0,            0,    0.3801516,    0.9249242
robot_63
    29.92082,     4.430697,            0,            0,            0,    0.1439968,    0.9895782
robot_31
    17.90497,    -30.62548,            0,            0,            0,    0.5402601,    0.8414981
robot_159
    17.88338,    -37.65485,            0,            0,            0,   -0.7230866,    0.6907573
robot_160
   -14.02078,     30.06432,            0,            0,            0,   -0.7277395,    0.6858536
robot_151
    9.948852,    -23.94757,            0,            0,            0,    0.6853313,    0.7282315
robot_150
    14.95691,    -5.971823,            0,            0,            0,   -0.8393749,    0.5435529
robot_137
    38.02427,     -21.9738,            0,            0,            0,   -0.2845881,    0.9586499
robot_199
    13.93154,      37.2135,            0,            0,            0,    0.9926511,    0.1210113
robot_54
 -0.08895487,     34.00208,            0,            0,            0,   -0.8561342,    0.5167536
robot_117
   -30.06881,    -8.484578,            0,            0,            0,    -0.999278,   0.03799298
robot_36
    23.91096,     18.00997,            0,            0,            0,   -0.5305356,    0.8476627
robot_33
    18.58625,    -13.98906,            0,            0,            0,    0.6995818,    0.7145525
robot_146
    38.39603,    -25.94729,            0,            0,            0,    0.4309889,    0.9023572
robot_156
   -2.459628,      -21.948,            0,            0,            0,   -0.3049463,    0.9523695
robot_112
   -31.42095,     21.97978,            0,            0,            0,     0.482433,    0.8759328
robot_19
    11.45977,      14.0029,            0,            0,            0,   -0.4901911,     0.871615
robot_141
   -17.95524,    -22.03444,            0,            0,            0,   -0.5103284,    0.8599796
robot_35
     13.2477,      26.0012,            0,            0,            0,   -0.5861661,    0.8101909
