tuw_multi_robot_msgs::RobotGoalsArray @1970-01-01T00:00:24.500000
frame_id: map
          24,    500000000
robot_84
    15.31077,     14.03316,            0,            0,            0,   -0.9991798,   0.04049275
robot_116
   -14.04461,    -36.06076,            0,            0,            0,   -0.8800121,    0.4749512
robot_74
   -26.27896,      26.0952,            0,            0,            0,    0.8893163,    0.4572926
robot_41
   -21.70581,     33.94228,            0,            0,            0,   -0.7165032,    0.6975838
robot_125
    4.683138,     -22.0253,            0,            0,            0,   -0.8191082,    0.5736391
robot_136
    11.41151,    -5.971827,            0,            0,            0,    0.1764134,    0.9843162
robot_173
    -9.93691,    -25.90807,            0,            0,            0,   -0.9910038,    0.1338335
robot_67
    25.97193,    -26.26008,            0,            0,            0,    0.5447595,    0.8385923
robot_197
   -18.02287,    -38.03428,            0,            0,            0,    0.8791927,    0.4764663
robot_119
    33.95948,     24.38673,            0,            0,            0,    0.9184163,    0.3956153
robot_82
    34.01366,     5.657594,            0,            0,            0,    0.8276869,    0.5611901
robot_77
    25.68925,    -1.958816,            0,            0,            0,   -0.5040754,    0.8636597
robot_5
    13.83337,     33.87522,            0,            0,            0,    0.4389012,    0.8985353
robot_133
   -1.379355,     29.99199,            0,            0,            0,   -0.3247067,    0.9458148
robot_99
   -38.07673,    -29.37598,            0,            0,            0,    0.7929939,    0.6092296
robot_171
   -34.09214,     6.616496,            0,            0,            0,   -0.8530645,    0.5218055
robot_180
    10.78206,     37.98566,            0,            0,            0,    0.8124505,    0.5830302
robot_56
    33.25652,    -29.97137,            0,            0,            0,    0.9944137,     0.105553
robot_3
    13.95392,    -22.16518,            0,            0,            0,    0.4097771,    0.9121857
robot_81
      13.989,     29.88474,            0,            0,            0,   0.06033098,    0.9981784
robot_167
   -20.90118,     25.98232,            0,            0,            0,   -0.6298917,     0.776683
robot_25
    10.39993,    -26.04372,            0,            0,            0,   -0.1505906,    0.9885962
robot_168
    22.29064,     29.99936,            0,            0,            0,  -0.02995003,    0.9995514
robot_96
    17.31986,     38.02729,            0,            0,            0, -0.009032495,    0.9999592
robot_166
    1.943126,    -30.73914,            0,            0,            0,   -0.9501864,    0.3116823
