tuw_multi_robot_msgs::RobotGoalsArray @1970-01-01T01:17:21
frame_id: map
        4641,            0
robot_84
   -10.08485,    -34.72169,            0,            0,            0,   -0.7551677,    0.6555316
robot_116
    21.96514,     3.518414,            0,            0,            0,   -0.9399164,    0.3414047
robot_74
   -27.58438,    -37.99872,            0,            0,            0,    0.2432198,    0.9699712
robot_41
   -6.544764,    -1.966302,            0,            0,            0,    0.9748406,    0.2229032
robot_125
   -5.850808,    -9.935227,            0,            0,            0,   -0.4670455,    0.8842333
robot_136
   -16.40659,     25.97171,            0,            0,            0,   -0.4225327,    0.9063477
robot_173
    34.02423,    -26.04484,            0,            0,            0,    0.1467198,    0.9891781
robot_67
   -18.04451,    -38.27729,            0,            0,            0,    0.9839416,    0.1784905
robot_197
    9.185789,     -33.9935,            0,            0,            0,   -0.2993534,    0.9541423
robot_119
     -25.594,     21.96327,            0,            0,            0,   -0.2124943,    0.9771623
robot_82
    28.24344,     14.01054,            0,            0,            0,    0.7151241,    0.6989975
robot_77
    9.950015,     17.52289,            0,            0,            0,   -0.9996994,   0.02451843
robot_5
   -33.86691,     22.14714,            0,            0,            0,    0.6350971,    0.7724323
robot_133
   -38.03477,     31.92531,            0,            0,            0,   -0.6758806,    0.7370111
robot_99
    -26.0842,    -15.46327,            0,            0,            0,    0.6534418,    0.7569767
robot_171
   -18.03408,      35.0549,            0,            0,            0,    0.4259335,    0.9047545
robot_180
    33.91772,     6.030751,            0,            0,            0,    0.3928747,     0.919592
robot_56
    18.12967,    -2.057418,            0,            0,            0,   0.03867082,     0.999252
robot_3
   -22.03248,    -1.703095,            0,            0,            0,    0.1746407,    0.9846322
robot_81
    33.97364,    -18.18215,            0,            0,            0,    -0.941085,    0.3381701
robot_167
   -14.02455,     17.80296,            0,            0,            0,   -0.9979667,   0.06373688
robot_25
   -14.28749,     29.86247,            0,            0,            0,    0.7607661,    0.6490261
robot_168
   -26.07147,     27.28749,            0,            0,            0,    0.9939842,    0.1095237
robot_96
    26.26497,     6.032244,            0,            0,            0,    0.9230478,    0.3846852
robot_166
    17.95218,     -31.3823,            0,            0,            0,   -0.8960257,    0.4440022
robot_102
   -30.26048,     25.92559,            0,            0,            0,    0.2061446,    0.9785215
robot_192
   0.6572567,     9.985116,            0,            0,            0,    0.8193275,    0.5733258
robot_179
   -38.05832,    -20.46189,            0,            0,            0,   -0.6620185,    0.7494875
robot_142
    21.03717,      29.9854,            0,            0,            0,   -0.2591485,    0.9658375
robot_1
   -0.177447,     33.99881,            0,            0,            0,   -0.1901229,    0.9817603
robot_44
    7.929774,    -17.97217,            0,            0,            0,   -0.3983478,    0.9172344
robot_163
   -9.949849,     6.118894,            0,            0,            0,    0.1379206,    0.9904433
robot_79
    26.20368,     13.97901,            0,            0,            0,    0.9754547,    0.2202001
robot_8
    25.95818,    -30.58112,            0,            0,            0,    0.9754475,    0.2202321
robot_20
   -6.433756,    -30.07899,            0,            0,            0,    -0.959419,    0.2819842
robot_143
    18.48383,     14.02003,            0,            0,            0,   -0.9772345,     0.212162
robot_138
    30.01422,    -17.73244,            0,            0,            0,    0.5987263,    0.8009537
robot_123
    23.87515,    -18.00539,            0,            0,            0,    0.5041816,    0.8635976
robot_193
    21.51622,    -9.966084,            0,            0,            0,    0.5531022,    0.8331134
robot_187
    5.246205,    -30.01673,            0,            0,            0,   -0.1807537,    0.9835284
robot_176
   -22.18664,     9.994198,            0,            0,            0,   -0.1358001,    0.9907363
robot_66
    34.18279,    -30.06541,            0,            0,            0,    0.7697241,    0.6383767
robot_63
    37.65237,     22.04951,            0,            0,            0,    -0.302493,    0.9531516
robot_31
    6.141784,     34.03428,            0,            0,            0,   -0.8810531,    0.4730174
robot_159
   -2.454465,    -17.91671,            0,            0,            0,   -0.9303355,    0.3667094
robot_160
    -10.0094,     18.28839,            0,            0,            0,    0.9904812,    0.1376478
robot_151
    -29.8936,    -14.04389,            0,            0,            0,   -0.2743233,    0.9616375
robot_150
    10.00938,    -10.33798,            0,            0,            0,   -0.4892089,    0.8721666
robot_137
   -26.09272,     24.54161,            0,            0,            0,  0.002076691,    0.9999978
robot_199
    21.78632,     13.90216,            0,            0,            0,      0.62444,    0.7810727
robot_54
    13.96407,     -21.4305,            0,            0,            0,    -0.884923,    0.4657373
robot_117
    29.94148,     7.700962,            0,            0,            0,    -0.978078,    0.2082387
robot_36
   -22.82795,     17.98335,            0,            0,            0,    0.2837371,    0.9589021
robot_33
    33.95978,     26.52685,            0,            0,            0,    0.5962726,     0.802782
robot_146
    9.961489,    -18.88239,            0,            0,            0,    0.9393213,    0.3430385
robot_156
    7.252955,    -22.02619,            0,            0,            0,   -0.5012095,     0.865326
robot_112
   -11.08179,      34.0033,            0,            0,            0,   -0.8946921,    0.4466835
robot_19
    34.21623,     30.01345,            0,            0,            0,   -0.7522899,    0.6588322
robot_141
    5.916267,     22.90026,            0,            0,            0,    0.6303526,    0.7763089
robot_35
   -18.56238,    -21.99698,            0,            0,            0,   -0.9366447,    0.3502809
robot_184
   -3.200613,     14.00349,            0,            0,            0,    0.9791421,    0.2031768
robot_98
    21.95501,    -39.28288,            0,            0,            0,    0.8573961,     0.514657
robot_100
    19.35031,    -5.967204,            0,            0,            0,   0.04895671,    0.9988009
robot_164
   -34.04674,    -38.69423,            0,            0,            0,  -0.06658958,    0.9977805
robot_59
   -10.09358,    -26.46827,            0,            0,            0,   -0.3327087,    0.9430296
robot_144
   -30.05074,     16.25578,            0,            0,            0,    0.9818069,    0.1898819
robot_101
   -1.630527,    -14.07196,            0,            0,            0,    0.9904206,    0.1380834
robot_161
    9.935061,     31.04547,            0,            0,            0,   -0.3375142,    0.9413205
robot_149
   -25.84653,     -2.12508,            0,            0,            0,    -0.868531,    0.4956349
robot_86
   -33.70377,    -26.09985,            0,            0,            0,   -0.6580086,    0.7530104
robot_191
     -32.321,    -5.972925,            0,            0,            0,   -0.5223357,      0.85274
robot_126
    9.923525,    -4.348483,            0,            0,            0,   -0.3842857,    0.9232142
robot_190
    17.93262,     28.82431,            0,            0,            0,    0.1200063,    0.9927731
robot_131
    9.924447,      -36.624,            0,            0,            0,  -0.07383924,    0.9972702
robot_154
    30.73112,     29.97759,            0,            0,            0,   -0.5807853,    0.8140567
robot_9
    21.94639,     20.53187,            0,            0,            0,   -0.6762056,    0.7367129
robot_27
   -14.24524,    -17.97549,            0,            0,            0,   0.03991521,    0.9992031
robot_34
    14.13994,    -37.96516,            0,            0,            0,    0.3574013,    0.9339509
robot_114
   -30.07084,     28.38174,            0,            0,            0,    0.1257101,     0.992067
robot_51
    17.29053,     5.999363,            0,            0,            0,    0.9856287,    0.1689265
robot_108
   -26.09225,     13.17378,            0,            0,            0,    0.2688299,    0.9631877
robot_147
   -26.06474,     33.83054,            0,            0,            0,   -0.9778029,    0.2095269
robot_183
   -28.04254,    -9.988198,            0,            0,            0,   -0.6640278,    0.7477079
robot_48
   -29.42015,    -22.02183,            0,            0,            0,   -0.3811414,    0.9245168
robot_60
    37.94448,      6.71262,            0,            0,            0,    0.7853388,    0.6190662
robot_75
    26.02207,    -1.749102,            0,            0,            0,    -0.940707,    0.3392201
robot_152
   -36.20939,     30.02449,            0,            0,            0,    0.6205748,    0.7841473
robot_26
   -10.07151,     10.82518,            0,            0,            0,    0.2706652,    0.9626735
robot_182
    13.84071,    -25.77764,            0,            0,            0,    0.9972456,   0.07417028
robot_172
   -26.22802,     6.013352,            0,            0,            0,   -0.9666656,    0.2560421
