tuw_multi_robot_msgs::RobotGoalsArray @1970-01-01T00:50:54
frame_id: map
        3054,            0
robot_84
    25.95224,     13.97564,            0,            0,            0,    0.7091451,    0.7050626
robot_116
    22.19822,     2.074173,            0,            0,            0,    0.1636827,     0.986513
robot_74
    29.82724,     34.07817,            0,            0,            0,   -0.5085288,     0.861045
robot_41
   -6.037778,     6.781831,            0,            0,            0,   -0.9964193,   0.08454897
robot_125
   -25.84454,     25.83573,            0,            0,            0,    -0.956917,    0.2903617
robot_136
   -14.02669,      22.1755,            0,            0,            0,   -0.5694087,    0.8220546
robot_173
   -15.52209,     30.02512,            0,            0,            0,   -0.8810277,    0.4730647
robot_67
    33.91977,     34.23146,            0,            0,            0,   -0.6311911,    0.7756274
robot_197
    37.71689,      25.8573,            0,            0,            0,   -0.8672228,    0.4979203
robot_119
    17.91668,    -10.68846,            0,            0,            0,    0.3972124,    0.9177267
robot_82
    25.83446,     21.90926,            0,            0,            0,   -0.3580779,    0.9336917
robot_77
    -13.9823,     2.314626,            0,            0,            0,     0.689047,    0.7247167
robot_5
    -29.9319,     25.93702,            0,            0,            0,   -0.2069655,    0.9783482
robot_133
    21.29782,    -9.973403,            0,            0,            0,    0.8719145,    0.4896582
robot_99
    33.93466,   -0.3807203,            0,            0,            0,    0.8178666,    0.5754079
robot_171
   -22.05744,    -18.18757,            0,            0,            0,   -0.3223908,    0.9466067
robot_180
    25.87869,     33.76257,            0,            0,            0,    0.7618148,    0.6477949
robot_56
   -26.02316,    -10.12309,            0,            0,            0,    0.9572041,    0.2894136
robot_3
    29.88123,    -14.33705,            0,            0,            0,   -0.5242677,    0.8515535
robot_81
    33.95589,     36.62421,            0,            0,            0,   -0.4247449,    0.9053131
robot_167
    10.12103,     9.869765,            0,            0,            0,    0.7780336,    0.6282227
robot_25
   -32.62977,    -33.96777,            0,            0,            0,    0.3440106,    0.9389658
robot_168
     33.8896,    -38.28084,            0,            0,            0,   -0.1306547,    0.9914279
robot_96
   -34.36025,    -9.996754,            0,            0,            0,     0.605234,    0.7960476
robot_166
    -20.0195,     9.984074,            0,            0,            0,   -0.7313603,    0.6819913
robot_102
   -27.75085,     10.00616,            0,            0,            0,   -0.3003559,    0.9538272
robot_192
   -18.04415,    -17.86679,            0,            0,            0,   -0.8643587,    0.5028758
robot_179
      11.791,    -2.005178,            0,            0,            0,   -0.9568874,     0.290459
robot_142
   -34.08819,     17.97774,            0,            0,            0,    0.1411834,    0.9899835
robot_1
   -34.15118,    -29.65083,            0,            0,            0,    0.3350876,     0.942187
robot_44
    -10.0656,    -37.70809,            0,            0,            0,    0.2342407,    0.9721786
robot_163
   -37.41201,     9.992426,            0,            0,            0,   -0.9642782,    0.2648915
robot_79
   -38.72536,    -5.984219,            0,            0,            0,   -0.4750496,     0.879959
robot_8
    29.94182,    -36.72998,            0,            0,            0,   -0.4862982,    0.8737929
robot_20
   -26.04243,    -13.89848,            0,            0,            0,    0.7217926,    0.6921094
robot_143
    17.93308,    -30.92429,            0,            0,            0,    0.4409232,    0.8975449
robot_138
    21.90906,    -21.58949,            0,            0,            0,    0.7391749,    0.6735135
robot_123
    1.908548,     26.61522,            0,            0,            0,   -0.6127668,    0.7902638
robot_193
    21.95663,    -24.04427,            0,            0,            0,   -0.9490158,    0.3152286
robot_187
    21.95719,    -15.27334,            0,            0,            0,   -0.9256917,    0.3782788
robot_176
     1.94687,    -13.97183,            0,            0,            0,    -0.942482,    0.3342568
robot_66
   -14.66176,     37.99937,            0,            0,            0,    0.7197343,    0.6942496
robot_63
     38.5904,    -13.97095,            0,            0,            0,    0.7586573,    0.6514899
robot_31
   -17.82838,     13.92338,            0,            0,            0,    0.7718635,    0.6357882
robot_159
   -14.07983,       27.417,            0,            0,            0,   -0.9960612,   0.08866877
robot_160
     12.9419,     17.99631,            0,            0,            0,    0.4879003,    0.8728993
robot_151
    4.020555,     30.00744,            0,            0,            0,    0.9659558,     0.258707
robot_150
    21.90952,       6.1642,            0,            0,            0,    0.7469021,     0.664934
robot_137
    29.92153,     21.77897,            0,            0,            0,  -0.07729857,     0.997008
robot_199
    21.54053,     14.03467,            0,            0,            0,   -0.1946781,    0.9808672
robot_54
    37.94081,     7.105264,            0,            0,            0,    0.9188888,    0.3945165
robot_117
    17.90846,     6.203245,            0,            0,            0,   -0.4750618,    0.8799524
robot_36
    9.906242,     2.611477,            0,            0,            0,    0.9633588,    0.2682161
robot_33
   -22.05866,     35.85719,            0,            0,            0,    0.9278181,    0.3730329
robot_146
   -38.07621,     7.297246,            0,            0,            0,     0.934377,    0.3562859
robot_156
    18.41515,     38.08285,            0,            0,            0,   -0.2488531,    0.9685413
robot_112
   -22.84102,     13.98267,            0,            0,            0,     0.992171,    0.1248869
robot_19
    13.96322,    -31.06175,            0,            0,            0,    0.2695802,    0.9629779
robot_141
   -26.17068,    -34.06115,            0,            0,            0,   -0.6136358,    0.7895892
robot_35
   -39.41126,    -17.98657,            0,            0,            0,   -0.2705459,    0.9627071
