tuw_multi_robot_msgs::RobotGoalsArray @1970-01-01T00:00:22.100000
frame_id: map
          22,    100000000
robot_84
   -38.04592,    -22.50662,            0,            0,            0,   -0.5820822,      0.81313
robot_116
    22.26036,    -22.03059,            0,            0,            0,   -0.4823462,    0.8759807
robot_74
    21.69205,     -2.07575,            0,            0,            0,    0.5897258,    0.8076035
robot_41
   -2.901033,     17.96726,            0,            0,            0,   -0.9686515,    0.2484235
robot_125
    21.96185,    -24.07699,            0,            0,            0,    0.4384693,    0.8987462
robot_136
    -13.9068,     25.95364,            0,            0,            0,   -0.6952881,    0.7187312
robot_173
    17.84835,     5.823666,            0,            0,            0,   -0.6619211,    0.7495736
robot_67
    26.02846,     -37.6475,            0,            0,            0,    0.2964575,    0.9550461
robot_197
   -24.79366,    -9.990739,            0,            0,            0,   -0.9571732,    0.2895158
robot_119
    33.96539,     17.87389,            0,            0,            0,    0.6486653,    0.7610738
robot_82
   -13.86767,    -5.937813,            0,            0,            0,    0.9700646,     0.242847
robot_77
    37.91527,     26.93793,            0,            0,            0,   -0.3059019,     0.952063
robot_5
    32.21277,     13.98819,            0,            0,            0,    0.1098482,    0.9939484
robot_133
    13.90045,    -15.51916,            0,            0,            0,    0.8671079,    0.4981204
robot_99
   -21.94076,     10.11937,            0,            0,            0,   -0.9912196,    0.1322256
robot_171
   -30.27047,     38.16115,            0,            0,            0,   -0.8029987,    0.5959808
robot_180
    13.86232,     6.244484,            0,            0,            0,   -0.9808658,    0.1946852
robot_56
    25.94861,     9.688876,            0,            0,            0,    0.4674057,    0.8840429
robot_3
   -34.06317,    -1.444104,            0,            0,            0,    0.8473922,    0.5309674
robot_81
   -5.668791,    -13.90486,            0,            0,            0,   -0.1612904,     0.986907
robot_167
    17.91243,     10.39719,            0,            0,            0,   -0.3114505,    0.9502624
robot_25
    17.90149,    -38.57664,            0,            0,            0,   -0.7979306,    0.6027493
robot_168
    21.90386,     35.30048,            0,            0,            0,    0.1811371,    0.9834578
robot_96
   -21.44936,     22.01469,            0,            0,            0,   -0.2428087,    0.9700742
robot_166
    13.84057,      1.75139,            0,            0,            0,    0.5047741,    0.8632515
