tuw_multi_robot_msgs::RobotGoalsArray @1970-01-01T01:42:20.700000
frame_id: map
        6140,    700000000
robot_84
   -26.55843,     29.91661,            0,            0,            0,   -0.1093396,    0.9940045
robot_116
   -29.18022,     30.02834,            0,            0,            0,   -0.9935026,    0.1138097
robot_74
    1.275727,    -21.98785,            0,            0,            0,   -0.7964758,    0.6046704
robot_41
    35.30786,     29.98401,            0,            0,            0,   -0.7700788,    0.6379488
robot_125
    13.84152,    -26.23182,            0,            0,            0,   -0.5265736,    0.8501295
robot_136
     6.07902,       2.1029,            0,            0,            0,    0.5279691,    0.8492636
robot_173
    29.06939,    -10.00036,            0,            0,            0,     0.976185,    0.2169398
robot_67
    9.884163,     1.880416,            0,            0,            0,   -0.1285622,    0.9917014
robot_197
    21.92805,     23.70516,            0,            0,            0,    -0.762293,     0.647232
robot_119
    25.80323,    -29.80772,            0,            0,            0,    0.8927223,    0.4506073
robot_82
    17.60392,     25.94966,            0,            0,            0,     0.150493,    0.9886111
robot_77
   -38.09846,    -21.47592,            0,            0,            0,    0.9961102,   0.08811601
robot_5
    6.102417,    -2.118094,            0,            0,            0,    0.9454801,    0.3256799
robot_133
    6.105508,     34.14957,            0,            0,            0,   -0.6121811,    0.7907176
robot_99
    5.965266,    -29.66819,            0,            0,            0,    0.5966571,    0.8024963
robot_171
   -13.83772,    -5.905542,            0,            0,            0,   -0.5646306,    0.8253437
robot_180
    1.995771,    -26.06062,            0,            0,            0,  -0.03885032,     0.999245
robot_56
   -30.79729,    -29.96708,            0,            0,            0,    0.8498679,    0.5269958
robot_3
    33.90385,     27.12602,            0,            0,            0,    -0.953148,    0.3025044
robot_81
   -18.12584,     37.95066,            0,            0,            0,    0.6354511,    0.7721411
