tuw_multi_robot_msgs::RobotGoalsArray @1970-01-01T01:16:31.500000
frame_id: map
        4591,    500000000
robot_84
   -8.283939,    -5.999636,            0,            0,            0,    0.9163379,    0.4004058
robot_116
   -20.26277,     37.98556,            0,            0,            0,   -0.6897299,    0.7240668
robot_74
   -25.96519,     37.86946,            0,            0,            0,   -0.7713286,    0.6364372
robot_41
    29.90071,     -35.6405,            0,            0,            0,    0.9928831,    0.1190928
robot_125
   -34.08555,    -31.37434,            0,            0,            0,    0.4695302,    0.8829164
robot_136
    25.78345,    -30.13846,            0,            0,            0,   -0.8635234,    0.5043088
robot_173
    27.40618,     25.99602,            0,            0,            0,    0.9614731,     0.274899
robot_67
   -1.774378,     26.01734,            0,            0,            0,    0.1382768,    0.9903936
robot_197
   -26.15577,    -6.278396,            0,            0,            0,   -0.4032402,    0.9150942
robot_119
   -6.120215,    -34.02295,            0,            0,            0,    -0.346365,    0.9380998
robot_82
     25.9611,    -25.10664,            0,            0,            0,   -0.2325808,    0.9725771
robot_77
   -33.84309,     21.85297,            0,            0,            0,   -0.8996637,    0.4365836
robot_5
    9.926229,     6.669739,            0,            0,            0,   -0.2875598,    0.9577627
robot_133
   -8.493788,     18.00191,            0,            0,            0,    0.6301759,    0.7764524
robot_99
    34.80823,    -33.99812,            0,            0,            0,   -0.9915222,    0.1299374
robot_171
    26.41722,    -21.93021,            0,            0,            0,     -0.70339,    0.7108042
robot_180
    29.95281,    -7.458389,            0,            0,            0,    0.4830764,    0.8755782
robot_56
    1.793612,    -13.94367,            0,            0,            0,    0.9953085,   0.09675201
robot_3
    17.84301,     18.04351,            0,            0,            0,   -0.7452548,    0.6667797
robot_81
     14.0237,    -9.668262,            0,            0,            0,    0.9978327,    0.0658018
robot_167
    21.73289,     13.96572,            0,            0,            0,   -0.5781044,    0.8159628
robot_25
   -14.05777,     25.00381,            0,            0,            0,   -0.8913744,    0.4532678
robot_168
    37.74822,     6.133977,            0,            0,            0,   0.07540067,    0.9971533
robot_96
    -32.9134,     26.00911,            0,            0,            0,   -0.9796097,    0.2009101
robot_166
    38.13646,     18.13954,            0,            0,            0,   -0.9733017,    0.2295295
robot_102
   -10.55579,     -34.0822,            0,            0,            0,    0.8263495,    0.5631577
robot_192
    25.95687,     7.559749,            0,            0,            0,   -0.9994445,    0.0333273
robot_179
    25.95827,     28.07717,            0,            0,            0,   -0.8950052,    0.4460557
robot_142
   -13.61948,    -17.97323,            0,            0,            0,    0.5327032,    0.8463022
robot_1
    11.79176,    -30.00905,            0,            0,            0,  -0.03752469,    0.9992957
robot_44
    29.18467,    -37.99637,            0,            0,            0,    0.9999182,   0.01278885
robot_163
    29.72942,     9.859222,            0,            0,            0,   -0.9412494,    0.3377122
robot_79
    13.92622,    -12.26584,            0,            0,            0,   -0.9388433,    0.3443447
robot_8
   -17.76431,     5.941198,            0,            0,            0,     0.439136,    0.8984206
robot_20
    6.418698,     18.07249,            0,            0,            0,      0.91414,    0.4053987
robot_143
     13.9324,    -15.74528,            0,            0,            0,    0.8590666,    0.5118639
robot_138
   -26.80071,    -33.97161,            0,            0,            0,   -0.9967637,   0.08038713
robot_123
     24.1542,     21.99524,            0,            0,            0,   -0.9973499,   0.07275374
robot_193
    21.90074,    -8.214726,            0,            0,            0,     0.638448,     0.769665
robot_187
    34.90303,     21.99169,            0,            0,            0,   -0.6009893,    0.7992571
robot_176
    13.93402,      18.3722,            0,            0,            0,   -0.2505175,    0.9681121
robot_66
    29.82881,     1.866453,            0,            0,            0,   -0.2482709,    0.9686906
robot_63
    20.11164,     34.01532,            0,            0,            0,    0.7305886,     0.682818
robot_31
    1.962599,    -30.92837,            0,            0,            0,    0.3255584,    0.9455219
robot_159
   -34.25418,    -10.15312,            0,            0,            0,   -0.5572776,    0.8303262
robot_160
    9.952536,     39.37045,            0,            0,            0,   -0.5646075,    0.8253596
robot_151
    13.95444,     26.81688,            0,            0,            0,   -0.8886598,    0.4585671
robot_150
   -18.09607,     8.666578,            0,            0,            0,    0.7721626,     0.635425
robot_137
   -2.077311,    -26.13729,            0,            0,            0,    0.8806787,     0.473714
robot_199
    25.93662,     10.02339,            0,            0,            0,    0.4586082,    0.8886386
robot_54
   -4.302367,     33.99096,            0,            0,            0,     0.133951,     0.990988
robot_117
   -19.15261,     -30.0291,            0,            0,            0,    0.9824905,    0.1863125
robot_36
    5.909847,    -11.44846,            0,            0,            0,   -0.2178878,    0.9759738
robot_33
    8.380684,    -26.00329,            0,            0,            0,   -0.5993402,    0.8004944
robot_146
   -6.071885,    -2.530165,            0,            0,            0,   -0.5000981,    0.8659687
robot_156
     34.3901,    -25.95151,            0,            0,            0,    0.9069255,     0.421291
robot_112
    -33.7534,       34.056,            0,            0,            0,   -0.9692014,    0.2462696
robot_19
   -38.06033,    -9.619056,            0,            0,            0,   -0.2958848,    0.9552236
robot_141
    21.93414,     -38.5563,            0,            0,            0,    0.1837667,    0.9829699
robot_35
   -10.41487,     10.10018,            0,            0,            0,    0.4644224,    0.8856138
robot_184
   -2.079032,    -13.03862,            0,            0,            0,    0.6703209,    0.7420713
robot_98
   -18.12973,     1.860878,            0,            0,            0,    0.5702359,     0.821481
robot_100
   -9.995651,    -10.16564,            0,            0,            0,   -0.8211824,    0.5706659
robot_164
    11.59098,    -21.97682,            0,            0,            0,    0.9941021,    0.1084485
robot_59
    1.982649,     14.19742,            0,            0,            0,    0.5539883,    0.8325245
robot_144
    33.92425,     16.48928,            0,            0,            0,    0.6335087,    0.7737355
robot_101
    33.95738,    -23.12749,            0,            0,            0,   0.04758505,    0.9988672
robot_161
   -2.060258,       12.773,            0,            0,            0,   -0.9982342,   0.05940071
robot_149
    24.43965,     6.016149,            0,            0,            0,   -0.9947316,    0.1025137
robot_86
    5.957563,     21.65947,            0,            0,            0,   -0.3097094,    0.9508313
robot_191
    37.85172,    -30.27357,            0,            0,            0,    0.5140095,    0.8577845
robot_126
   -10.04789,    -7.972259,            0,            0,            0,   -0.9951138,   0.09873426
robot_190
   -22.03771,     9.402283,            0,            0,            0,    0.5599736,    0.8285105
robot_131
   -14.03745,     21.20485,            0,            0,            0,    0.1991909,    0.9799607
robot_154
    5.487777,    -30.09351,            0,            0,            0,    0.5190636,    0.8547356
robot_9
   -22.09802,    -8.651684,            0,            0,            0,   -0.9964142,    0.0846095
robot_27
    6.741193,     5.981078,            0,            0,            0,   -0.9863153,    0.1648703
robot_34
    25.97608,    -1.706177,            0,            0,            0,   -0.5292217,    0.8484836
robot_114
    13.16512,      38.0141,            0,            0,            0,   -0.8848908,    0.4657985
robot_51
   -14.43467,     34.01148,            0,            0,            0,    0.8089203,    0.5879183
robot_108
   -17.87733,     -17.8765,            0,            0,            0,    0.9663061,    0.2573955
robot_147
   -29.93698,     37.80641,            0,            0,            0,    -0.999535,   0.03049285
robot_183
   -30.40277,    -33.92703,            0,            0,            0,    0.9943445,    0.1062026
robot_48
     33.9304,     12.66536,            0,            0,            0,   -0.4719742,    0.8816123
robot_60
    5.925005,     9.498394,            0,            0,            0,    0.9960705,   0.08856399
robot_75
    14.38663,     22.03692,            0,            0,            0,    0.6147316,    0.7887364
robot_152
    -26.2797,     33.99455,            0,            0,            0,   -0.6447479,    0.7643953
robot_26
   -30.27153,    -5.843279,            0,            0,            0,    0.4169438,    0.9089322
robot_182
   -5.946095,     9.776183,            0,            0,            0,    0.9314202,    0.3639455
robot_172
   -38.39057,      33.9146,            0,            0,            0,     0.660976,    0.7504071
