tuw_multi_robot_msgs::RobotGoalsArray @1970-01-01T01:27:44.600000
frame_id: map
        5264,    600000000
robot_84
   -7.795624,    -2.027018,            0,            0,            0,    0.9106144,    0.4132571
robot_116
   -10.02629,     -14.1679,            0,            0,            0,    0.3522392,      0.93591
robot_74
   -1.781885,    -13.98788,            0,            0,            0,   -0.3059423,    0.9520501
robot_41
    27.56998,     18.03356,            0,            0,            0,   -0.6005343,     0.799599
robot_125
   -34.47357,    -13.98307,            0,            0,            0,   -0.9899585,    0.1413584
robot_136
    4.925961,     22.01046,            0,            0,            0,   -0.9905869,    0.1368854
robot_173
   -2.054306,     29.17469,            0,            0,            0,   -0.8956623,    0.4447347
robot_67
    2.401123,    -21.99987,            0,            0,            0,    0.5165496,    0.8562573
robot_197
   -6.115829,    -33.96201,            0,            0,            0,    0.1246436,    0.9922016
robot_119
    -21.9642,    -6.099768,            0,            0,            0,    -0.912129,    0.4099032
robot_82
   -6.034822,     31.09961,            0,            0,            0,   -0.9595297,    0.2816075
robot_77
    21.79565,     30.20027,            0,            0,            0,    0.1842598,    0.9828776
robot_5
     34.0844,      18.1927,            0,            0,            0,   -0.9793604,     0.202122
robot_133
   -14.04455,    -19.89314,            0,            0,            0,    0.7896027,    0.6136185
robot_99
   -15.30439,      21.9717,            0,            0,            0,   -0.6087888,    0.7933324
robot_171
   -15.05384,    -21.99153,            0,            0,            0,    0.9804513,    0.1967619
robot_180
   -36.61842,     22.00599,            0,            0,            0,   -0.1134107,    0.9935482
robot_56
    9.891462,    -21.92463,            0,            0,            0,    0.3947138,    0.9188041
robot_3
   -11.23353,    -30.02098,            0,            0,            0,   -0.4842622,    0.8749229
robot_81
    19.25886,    -22.01038,            0,            0,            0,    0.5209773,    0.8535705
robot_167
   -5.880629,     25.83866,            0,            0,            0,    0.9595914,    0.2813973
robot_25
   -10.18313,    -33.94694,            0,            0,            0,    0.9119769,    0.4102416
robot_168
    14.00834,      21.9266,            0,            0,            0,   -0.7486649,    0.6629486
robot_96
   -38.08582,     26.90497,            0,            0,            0,   -0.1042741,    0.9945486
robot_166
    20.44517,     10.01319,            0,            0,            0,   -0.7765043,     0.630112
robot_102
   -22.52932,     30.02799,            0,            0,            0,    -0.458864,    0.8885065
robot_192
    29.88584,     -14.1173,            0,            0,            0,    0.1980283,    0.9801963
robot_179
   -13.90989,    -13.96824,            0,            0,            0,    0.9465426,    0.3225788
robot_142
   -6.217196,     37.88538,            0,            0,            0,    0.1682448,    0.9857452
robot_1
    1.928892,    -25.56592,            0,            0,            0,    0.5231089,    0.8522659
robot_44
   -2.424789,     6.004526,            0,            0,            0,   -0.6068488,    0.7948173
robot_163
   -18.07686,     32.91802,            0,            0,            0,   -0.3838844,    0.9233812
robot_79
   -27.81753,    -17.99094,            0,            0,            0,    0.6725253,    0.7400741
robot_8
   -26.04209,      1.44806,            0,            0,            0,    0.5966954,    0.8024678
robot_20
    25.93882,    -38.48748,            0,            0,            0,   -0.2720837,    0.9622736
robot_143
    21.94583,    -19.42261,            0,            0,            0,   -0.9710215,    0.2389921
robot_138
    33.93384,     7.752391,            0,            0,            0,   -0.1954481,     0.980714
robot_123
    21.77085,    -26.09037,            0,            0,            0,   -0.8395337,    0.5433077
robot_193
    21.02329,     22.03182,            0,            0,            0,   -0.3503009,    0.9366372
robot_187
    21.92328,     -21.7146,            0,            0,            0,     0.716357,    0.6977339
robot_176
    30.07862,    -25.81915,            0,            0,            0,    0.7795854,    0.6262959
robot_66
    37.61715,     6.069399,            0,            0,            0,   -0.2976845,    0.9546643
robot_63
    10.95834,     17.98018,            0,            0,            0,    0.3825015,    0.9239549
robot_31
  -0.2240929,     9.968934,            0,            0,            0,    0.3868876,    0.9221269
robot_159
   -26.15885,     5.764511,            0,            0,            0,    0.9484818,    0.3168317
robot_160
    9.919823,    -32.67511,            0,            0,            0,   -0.9762805,    0.2165094
robot_151
   -20.38102,    -17.97804,            0,            0,            0,     0.615814,    0.7878916
robot_150
    9.632619,     1.949845,            0,            0,            0,    0.2434412,    0.9699157
robot_137
   -10.09871,    -10.96012,            0,            0,            0,     0.585747,     0.810494
robot_199
    13.91366,    -25.98518,            0,            0,            0,    0.9776568,    0.2102076
robot_54
    18.29067,    -13.96657,            0,            0,            0,   -0.1956442,    0.9806749
robot_117
    -10.1019,    -18.04453,            0,            0,            0,   -0.9814633,    0.1916503
robot_36
     29.9464,    -31.69861,            0,            0,            0,   -0.9328463,    0.3602746
robot_33
   -2.250399,     18.01156,            0,            0,            0,    0.3311957,    0.9435621
robot_146
   -34.28116,    -10.08301,            0,            0,            0,   -0.5101951,    0.8600587
robot_156
   -14.45774,     9.967051,            0,            0,            0,   -0.6786449,    0.7344665
robot_112
    30.05661,    -6.136591,            0,            0,            0,    0.3517913,    0.9360785
robot_19
   -30.18086,     37.99677,            0,            0,            0,   -0.9505664,    0.3105212
robot_141
    -9.57088,     10.04792,            0,            0,            0,  0.003792863,    0.9999928
robot_35
   -25.95526,     14.01269,            0,            0,            0,   -0.5460708,    0.8377391
robot_184
    -10.0377,     26.29951,            0,            0,            0,   -0.9564635,    0.2918521
robot_98
    37.94176,    -13.14769,            0,            0,            0,   -0.1258181,    0.9920533
robot_100
    17.94399,    0.6304157,            0,            0,            0,    -0.658718,    0.7523899
robot_164
    14.06293,    -38.05246,            0,            0,            0,    0.4073998,    0.9132499
robot_59
   -6.066056,     12.65111,            0,            0,            0,   -0.2588159,    0.9659267
robot_144
    17.74051,    -10.01277,            0,            0,            0,   -0.3609186,    0.9325973
robot_101
    29.94295,    -37.65899,            0,            0,            0,    0.6754816,    0.7373768
robot_161
   -18.01239,    -34.14231,            0,            0,            0,   -0.1654201,    0.9862232
robot_149
   -9.504192,    -21.97329,            0,            0,            0,   -0.6318724,    0.7750724
robot_86
   -13.86107,     -5.97449,            0,            0,            0,    0.9999953,  0.003057735
robot_191
   -25.91863,     29.86529,            0,            0,            0,    0.4063594,    0.9137133
robot_126
    -38.0659,    -29.02557,            0,            0,            0,    0.9943991,    0.1056906
robot_190
   -30.09934,     20.37131,            0,            0,            0,    0.6175185,    0.7865563
robot_131
   -23.69502,     21.97036,            0,            0,            0,   -0.5784104,    0.8157459
robot_154
    8.482464,    -38.00725,            0,            0,            0,   -0.8100089,    0.5864176
robot_9
   -15.27929,    -25.97188,            0,            0,            0,    0.0819295,    0.9966381
robot_27
   -38.25995,    -21.96464,            0,            0,            0,    0.9578433,     0.287291
robot_34
    29.55189,    -9.980829,            0,            0,            0,   -0.3485501,    0.9372901
robot_114
   -19.73586,    -6.031528,            0,            0,            0,   -0.1012233,    0.9948637
robot_51
   -18.28335,    -14.14811,            0,            0,            0,    0.7624565,    0.6470395
robot_108
   -7.000261,     10.00651,            0,            0,            0,    0.9676407,     0.252332
robot_147
   -38.07975,     32.16508,            0,            0,            0,   -0.4192785,    0.9078577
robot_183
    27.79154,    -22.01436,            0,            0,            0,   -0.6614865,    0.7499571
robot_48
    22.95515,     6.025124,            0,            0,            0,    0.1967472,    0.9804543
robot_60
   -24.33795,    -5.971665,            0,            0,            0,    0.9908818,    0.1347343
robot_75
    17.85205,    -25.76912,            0,            0,            0,   -0.1322143,    0.9912212
robot_152
    13.58428,    -6.023052,            0,            0,            0,   -0.9853344,    0.1706346
robot_26
   -22.43985,    -33.95064,            0,            0,            0,    0.6700037,    0.7423577
robot_182
   -17.84213,    -37.90379,            0,            0,            0,   -0.7801783,    0.6255572
robot_172
     5.95419,     6.119955,            0,            0,            0,     -0.29353,    0.9559499
robot_43
     33.8514,    -25.86167,            0,            0,            0,    0.9306283,    0.3659659
robot_170
   -26.08376,    -1.414818,            0,            0,            0,    0.5041592,    0.8636107
robot_177
   -38.16451,     -10.0843,            0,            0,            0,    0.9985836,   0.05320464
robot_80
   -9.860373,     21.84016,            0,            0,            0,   -0.9764821,    0.2155987
robot_16
   -30.08047,     34.32673,            0,            0,            0,    0.8829273,    0.4695096
robot_13
    29.34257,     21.97132,            0,            0,            0,   -0.5465924,    0.8373988
robot_178
    29.98375,    -33.75232,            0,            0,            0,    0.9926305,    0.1211808
robot_88
   -30.08192,    -16.15612,            0,            0,            0,    0.8903606,     0.455256
robot_194
    6.277181,    -29.92035,            0,            0,            0,   -0.1391559,    0.9902705
robot_29
   -1.950923,     26.16076,            0,            0,            0,    -0.794511,    0.6072498
robot_92
    -10.0597,    -0.691962,            0,            0,            0,    0.4610691,    0.8873643
robot_87
    -27.3664,     25.98297,            0,            0,            0,    0.9083877,    0.4181289
robot_68
    22.08851,    -5.847871,            0,            0,            0,    0.8211431,    0.5707224
robot_22
    13.96131,     9.635506,            0,            0,            0,   -0.9955947,   0.09376128
robot_38
    5.864646,    -17.71646,            0,            0,            0,   -0.9879471,    0.1547919
robot_2
    38.09882,    -29.84696,            0,            0,            0,    0.9672497,    0.2538269
robot_110
    21.93932,    -30.62007,            0,            0,            0,    0.5297694,    0.8481417
robot_14
   -34.07577,     32.93666,            0,            0,            0,    0.9234575,    0.3837006
robot_181
    25.95428,    -2.300815,            0,            0,            0,    0.8398109,     0.542879
robot_61
    2.687217,     30.03048,            0,            0,            0,    0.8283931,    0.5601471
robot_30
   -30.08687,    -33.33511,            0,            0,            0,    0.9017289,     0.432302
robot_122
   -10.06641,     33.57723,            0,            0,            0,   -0.8968841,    0.4422657
robot_132
   -30.52206,    -37.94912,            0,            0,            0,   -0.9274316,    0.3739928
robot_45
   -19.57905,    -26.01015,            0,            0,            0,    0.8112924,    0.5846406
robot_21
    12.09469,     5.980162,            0,            0,            0,    -0.995471,   0.09506597
robot_39
    13.94897,    -18.37685,            0,            0,            0,   -0.7614555,    0.6482172
robot_134
   -27.68905,    -10.00219,            0,            0,            0,    0.7405444,    0.6720075
robot_15
   -10.08339,     -26.1522,            0,            0,            0,   -0.0138013,    0.9999048
robot_145
    25.91314,    -5.525452,            0,            0,            0,    0.1459017,    0.9892991
robot_140
   -15.72125,    -38.00615,            0,            0,            0,    0.3524217,    0.9358413
