tuw_multi_robot_msgs::RobotGoalsArray @1970-01-01T01:38:51.900000
frame_id: map
        5931,    900000000
robot_84
    -18.0458,      21.9022,            0,            0,            0,    0.4921843,     0.870491
robot_116
   -13.93464,     10.09455,            0,            0,            0,    0.9961806,   0.08731729
robot_74
     33.4998,    -25.92978,            0,            0,            0,    0.9966643,   0.08161079
robot_41
      13.956,     24.07114,            0,            0,            0,    -0.996035,   0.08896242
robot_125
   -18.38614,      26.0793,            0,            0,            0,   -0.1262847,     0.991994
robot_136
   -18.03363,     29.90014,            0,            0,            0,     0.922332,    0.3863984
robot_173
   -13.90722,    -21.97127,            0,            0,            0,    0.8967779,    0.4424809
robot_67
   -10.54413,     9.908579,            0,            0,            0,    0.5970173,    0.8022284
robot_197
   -18.54509,    -2.067141,            0,            0,            0,   0.07741463,     0.996999
robot_119
   -25.42757,     29.97191,            0,            0,            0,   -0.1482052,    0.9889566
robot_82
    9.604083,    -29.95236,            0,            0,            0,   -0.5888883,    0.8082144
robot_77
    -39.3667,    -22.01745,            0,            0,            0,    0.9981058,   0.06152078
robot_5
    25.94736,    -19.88819,            0,            0,            0,   -0.7022091,    0.7119708
robot_133
    25.93576,    -15.56665,            0,            0,            0,    0.8035533,    0.5952327
robot_99
   -6.036923,     -15.3915,            0,            0,            0,    0.8066377,    0.5910462
robot_171
    21.83912,     13.93723,            0,            0,            0,    0.8815189,    0.4721488
robot_180
   -26.07864,    -4.835975,            0,            0,            0,   -0.4999722,    0.8660415
robot_56
    13.83198,    -5.795176,            0,            0,            0,  -0.08278073,    0.9965678
robot_3
    21.95009,    -26.08521,            0,            0,            0,    0.8423583,    0.5389179
robot_81
    9.727248,     33.94217,            0,            0,            0,     0.892268,    0.4515061
robot_167
   -11.39215,       29.989,            0,            0,            0,    0.9978407,   0.06568107
robot_25
   -36.47149,    -33.97627,            0,            0,            0,    0.2996992,    0.9540337
robot_168
   -32.22005,     33.98963,            0,            0,            0,    0.9792533,    0.2026398
robot_96
    26.42182,     -5.90562,            0,            0,            0,   -0.9906583,    0.1363676
robot_166
    29.91686,    -36.69689,            0,            0,            0,    0.6878508,    0.7258521
robot_102
    33.90135,     10.46368,            0,            0,            0,   -0.9999874,  0.005014786
robot_192
   -29.93983,     13.79459,            0,            0,            0,  -0.06878766,    0.9976313
robot_179
   -8.372577,     -29.9843,            0,            0,            0,   -0.1160168,    0.9932473
robot_142
   -34.07482,    -19.99038,            0,            0,            0,     0.364414,     0.931237
robot_1
    1.947626,     28.45191,            0,            0,            0,    0.5889012,    0.8082051
robot_44
   -10.08823,     34.92513,            0,            0,            0,   -0.2464584,    0.9691534
robot_163
    23.11031,     37.97527,            0,            0,            0,   -0.6437936,    0.7651992
robot_79
   -36.42073,     6.030793,            0,            0,            0,    0.6284137,    0.7778793
robot_8
   -2.086404,     -17.9121,            0,            0,            0,    0.9185694,    0.3952598
robot_20
    38.90727,     26.02247,            0,            0,            0,    0.4080295,    0.9129687
robot_143
   -22.07738,    -3.681451,            0,            0,            0,    0.9903267,    0.1387551
robot_138
   -27.54078,     30.01616,            0,            0,            0,     0.994828,    0.1015741
robot_123
   -14.07318,    -18.46256,            0,            0,            0,   -0.9372631,    0.3486228
robot_193
   -25.71991,    -25.98304,            0,            0,            0,   -0.5425553,    0.8400201
robot_187
   -26.07587,      11.2084,            0,            0,            0,    0.2752684,    0.9613674
robot_176
   -30.03387,    -25.25067,            0,            0,            0,      0.99619,   0.08720898
robot_66
    27.95045,     1.967457,            0,            0,            0,    0.4469647,    0.8945516
robot_63
    33.86018,     6.093674,            0,            0,            0,    0.9009561,    0.4339102
robot_31
    9.903824,     28.24353,            0,            0,            0,    0.1594968,    0.9871984
robot_159
    -30.1492,     -9.69153,            0,            0,            0,    0.9850637,    0.1721904
robot_160
    33.68387,    -14.01474,            0,            0,            0,   0.03029947,    0.9995409
robot_151
    14.41213,     29.94765,            0,            0,            0,    0.6250417,    0.7805914
robot_150
    1.771726,    -17.88818,            0,            0,            0,   -0.9012609,    0.4332769
robot_137
   -25.41379,    -21.99161,            0,            0,            0,   -0.6436135,    0.7653506
robot_199
   -14.42525,     38.01304,            0,            0,            0,    0.5065325,    0.8622209
robot_54
    37.84509,    -17.67934,            0,            0,            0,   -0.2316999,    0.9727873
robot_117
    17.88332,    -30.26128,            0,            0,            0,    0.6400616,    0.7683236
robot_36
   -33.92821,    -6.193713,            0,            0,            0,    0.9610445,    0.2763937
robot_33
   -26.53879,    -38.00501,            0,            0,            0,    0.1107564,    0.9938476
robot_146
    37.94245,      33.0701,            0,            0,            0,   -0.2298368,    0.9732292
robot_156
     32.0859,     14.02269,            0,            0,            0,   -0.3875923,    0.9218309
robot_112
    22.04362,      26.0362,            0,            0,            0,    0.1897324,    0.9818358
robot_19
    21.72263,    -14.15502,            0,            0,            0,   -0.8593781,    0.5113407
robot_141
   -21.99311,      2.22786,            0,            0,            0,   -0.1906766,    0.9816529
robot_35
    33.92581,      37.0757,            0,            0,            0,    0.8975393,    0.4409345
robot_184
    29.95351,    -5.256921,            0,            0,            0,    0.9882606,    0.1527774
robot_98
    2.196995,    -5.968418,            0,            0,            0,   -0.9988622,   0.04769005
robot_100
   -26.12223,    -9.941306,            0,            0,            0,   -0.4338416,    0.9009892
robot_164
   -2.074266,     -21.7189,            0,            0,            0,    0.6211898,    0.7836602
robot_59
    21.95897,     19.55272,            0,            0,            0,   -0.8471223,     0.531398
robot_144
    29.90467,     -20.2477,            0,            0,            0,   -0.9456844,     0.325086
robot_101
   -14.06476,     35.95837,            0,            0,            0,    0.4511486,    0.8924488
robot_161
    25.94855,    -10.69774,            0,            0,            0,    0.9448649,    0.3274603
robot_149
   -4.770893,     29.97864,            0,            0,            0,   0.06103139,    0.9981358
robot_86
    29.92822,    -27.08871,            0,            0,            0,    0.9879372,    0.1548554
robot_191
    37.94621,    -21.56555,            0,            0,            0,   -0.1889164,    0.9819932
robot_126
   -38.06416,     -13.4542,            0,            0,            0,    0.6140709,    0.7892509
robot_190
   -38.05636,     16.59222,            0,            0,            0,    0.9492759,    0.3144445
robot_131
    14.37304,     33.98842,            0,            0,            0,   -0.6942801,    0.7197049
robot_154
   -5.967762,     -9.98217,            0,            0,            0,    0.7055736,    0.7086367
robot_9
   -26.07926,     20.47811,            0,            0,            0,   -0.9997552,   0.02212557
robot_27
     5.97447,     18.03955,            0,            0,            0,    0.2493368,    0.9684168
robot_34
   -9.617852,     13.98377,            0,            0,            0,    0.9754119,    0.2203899
robot_114
    25.94252,     36.05446,            0,            0,            0,    0.9436105,    0.3310578
robot_51
    22.13201,     9.922199,            0,            0,            0,    0.9991948,   0.04012257
robot_108
    29.91036,    -8.223346,            0,            0,            0,    0.4439242,    0.8960644
robot_147
    25.94225,    -23.27406,            0,            0,            0,   -0.9667413,    0.2557562
robot_183
    32.94676,    -17.99925,            0,            0,            0,    0.5052236,    0.8629885
robot_48
    9.483031,    -34.09568,            0,            0,            0,   -0.9010599,    0.4336946
robot_60
    29.90586,     14.92849,            0,            0,            0,    0.3292078,    0.9442575
robot_75
    -2.06071,    -11.08103,            0,            0,            0,   -0.4295537,    0.9030413
robot_152
    9.867951,     25.76711,            0,            0,            0,    0.7738776,    0.6333352
robot_26
   -14.06473,     2.039771,            0,            0,            0,   0.09579853,    0.9954007
robot_182
    21.86526,    -5.978794,            0,            0,            0,    0.9080735,    0.4188109
robot_172
    29.90468,     28.91367,            0,            0,            0,    0.4341941,    0.9008193
robot_43
    33.90208,     3.825006,            0,            0,            0,    0.9789559,    0.2040717
robot_170
   -14.23712,    -26.11705,            0,            0,            0,   -0.8874566,    0.4608913
robot_177
   -22.11628,     18.26206,            0,            0,            0,   -0.9932906,    0.1156448
robot_80
   -12.73409,    -6.017632,            0,            0,            0,    0.8848782,    0.4658225
robot_16
   -39.46273,     22.02226,            0,            0,            0,   -0.1150469,    0.9933601
robot_13
   -26.06872,    -29.96638,            0,            0,            0,    0.9575401,    0.2883002
robot_178
   -21.88896,    -38.11806,            0,            0,            0,   -0.6444089,    0.7646811
robot_88
   -16.43836,     17.97317,            0,            0,            0,    0.7435607,    0.6686684
robot_194
    33.63431,     25.97329,            0,            0,            0,    0.5763971,    0.8171698
robot_29
    30.30314,     22.08105,            0,            0,            0,   -0.7015789,    0.7125918
robot_92
   -14.04352,     19.65909,            0,            0,            0,   -0.8746752,    0.4847095
robot_87
   -22.05566,    -23.91154,            0,            0,            0,    -0.339464,    0.9406191
robot_68
    1.965828,    -29.13324,            0,            0,            0,   0.06776234,    0.9977015
robot_22
   -31.20176,     5.995213,            0,            0,            0,   -0.9956705,    0.0929527
robot_38
    30.03436,     33.87526,            0,            0,            0,    0.3967887,      0.91791
robot_2
   -30.03823,    -0.200926,            0,            0,            0, -0.009057907,     0.999959
robot_110
   -22.15185,    -30.20535,            0,            0,            0,   -0.8493469,    0.5278351
robot_14
    38.90546,      21.9799,            0,            0,            0,   -0.3042284,    0.9525991
robot_181
    9.865297,     17.93783,            0,            0,            0,   -0.9388797,    0.3442454
robot_61
   -9.803407,     -34.0821,            0,            0,            0,     0.136761,    0.9906041
robot_30
   -10.05943,    -16.60945,            0,            0,            0,    0.9984178,   0.05623089
robot_122
     21.8764,    -21.77003,            0,            0,            0,   -0.8456165,    0.5337909
robot_132
   -26.33539,      17.9976,            0,            0,            0,    0.9924178,    0.1229105
robot_45
    -2.35459,     6.009229,            0,            0,            0,   -0.4896054,    0.8719441
robot_21
   -30.44354,     29.95182,            0,            0,            0,    0.3581837,    0.9336511
robot_39
    23.47397,     18.00756,            0,            0,            0,   -0.1716312,    0.9851613
robot_134
   -14.05316,     5.471443,            0,            0,            0,    0.6398039,    0.7685382
robot_15
   -31.47305,     -30.0176,            0,            0,            0,    0.9988722,   0.04747899
robot_145
    23.85772,    -37.99734,            0,            0,            0,    0.1902612,    0.9817335
robot_140
   -26.10056,    -34.02246,            0,            0,            0,    0.4376979,    0.8991221
robot_196
   -38.07058,    -6.363431,            0,            0,            0,    -0.541722,    0.8405577
robot_188
   -14.08753,      33.6933,            0,            0,            0,    0.9411808,    0.3379034
robot_4
   -6.076954,    -20.13944,            0,            0,            0, -0.005111574,    0.9999869
robot_155
    7.700292,    -1.999148,            0,            0,            0,    0.9604364,    0.2784992
robot_135
   -17.21766,     13.99679,            0,            0,            0,    0.9448392,    0.3275345
robot_93
   -24.51916,    -38.03123,            0,            0,            0,   -0.6842878,    0.7292121
robot_111
    5.959611,    -26.03388,            0,            0,            0,   -0.8945609,     0.446946
robot_0
    26.31387,     34.07968,            0,            0,            0,    0.5172135,    0.8558564
robot_49
    -6.21968,    -17.97276,            0,            0,            0,   -0.9990952,   0.04253031
robot_113
    37.91123,     9.387724,            0,            0,            0,    0.9098482,    0.4149413
robot_94
    3.128575,     21.97999,            0,            0,            0,    0.6849089,    0.7286287
robot_40
   -34.30656,     10.08255,            0,            0,            0,   -0.9502242,    0.3115669
robot_103
   -27.71726,    -2.009588,            0,            0,            0,   -0.2660898,    0.9639482
robot_6
   -10.45519,    -5.904405,            0,            0,            0,   -0.5900597,    0.8073596
robot_71
   -34.03588,     6.614537,            0,            0,            0,    0.4475113,    0.8942783
robot_17
    31.20904,     9.976896,            0,            0,            0,   -0.8188278,    0.5740393
robot_120
   -28.72678,    -6.019696,            0,            0,            0,   -0.5723432,    0.8200142
robot_189
    37.75231,     30.12298,            0,            0,            0,   -0.8537498,    0.5206834
robot_148
    17.51518,     1.923687,            0,            0,            0,   -0.4253056,    0.9050498
robot_186
    18.16455,    -10.13021,            0,            0,            0,    0.9987771,   0.04944087
robot_198
   -2.157613,    -26.08002,            0,            0,            0,   -0.4123741,    0.9110146
robot_107
   -17.92182,     1.858231,            0,            0,            0,   -0.6857372,    0.7278492
robot_18
    3.126298,     10.02716,            0,            0,            0,   -0.9638084,    0.2665958
robot_23
    17.92982,     6.173111,            0,            0,            0,    0.8566805,    0.5158474
robot_46
    1.850012,    -10.32873,            0,            0,            0,    0.8377156,    0.5461067
robot_109
   -26.02398,     1.970396,            0,            0,            0,     0.995454,     0.095244
robot_10
    34.08149,    -6.084675,            0,            0,            0,    -0.293461,    0.9559711
robot_157
    12.35757,    -22.03092,            0,            0,            0,   0.07763851,    0.9969816
robot_70
     9.96173,     20.51879,            0,            0,            0,    0.8595353,    0.5110764
robot_55
    35.06415,    -29.97299,            0,            0,            0,    0.6798709,    0.7333318
