tuw_multi_robot_msgs::RobotGoalsArray @1970-01-01T00:13:01.900000
frame_id: map
         781,    900000000
robot_84
    21.94127,    -33.61964,            0,            0,            0,  -0.08224938,    0.9966118
robot_116
    9.882274,     14.27446,            0,            0,            0,    0.9821561,    0.1880677
robot_74
   -10.27645,     30.13801,            0,            0,            0,    0.9999231,   0.01240462
robot_41
    35.92791,    -22.01599,            0,            0,            0,   -0.6618899,    0.7496011
robot_125
   -30.27644,    -22.01931,            0,            0,            0,    0.9770299,    0.2131024
robot_136
    18.11872,    -9.836263,            0,            0,            0,    0.8883902,    0.4590891
robot_173
   -38.04463,     17.07995,            0,            0,            0,    -0.701409,     0.712759
robot_67
    37.73504,    -10.10907,            0,            0,            0,   -0.9966766,   0.08145987
robot_197
   -6.081275,     2.612096,            0,            0,            0,    0.9906967,    0.1360887
robot_119
   -26.16644,     6.123712,            0,            0,            0,    0.8533265,    0.5213769
robot_82
    -26.0702,    -4.649584,            0,            0,            0,   -0.2282334,    0.9736065
robot_77
    1.952165,    -26.51443,            0,            0,            0,   -0.9178603,    0.3969035
robot_5
   -18.04596,     20.98903,            0,            0,            0,    0.9651862,    0.2615638
robot_133
    20.35533,      18.0252,            0,            0,            0,    0.4771942,    0.8787979
robot_99
    -10.0011,    -13.65617,            0,            0,            0,   -0.9165657,    0.3998842
robot_171
     24.6768,     21.99191,            0,            0,            0,    0.9229294,    0.3849692
robot_180
    9.890898,    -26.18664,            0,            0,            0,    0.7237923,    0.6900179
robot_56
   -38.30985,     -18.0369,            0,            0,            0,   -0.9963484,   0.08538049
robot_3
   -6.100015,     9.897903,            0,            0,            0,   -0.6258243,     0.779964
robot_81
   -14.07382,    -20.39055,            0,            0,            0,    0.9965158,   0.08340415
robot_167
   -17.97209,    -21.74018,            0,            0,            0,    0.7937583,    0.6082333
robot_25
    25.62421,     30.04424,            0,            0,            0,   -0.9884685,    0.1514268
robot_168
    21.96415,     1.760474,            0,            0,            0,  -0.01518474,    0.9998847
robot_96
   -23.88775,    -1.985555,            0,            0,            0,    0.3612344,    0.9324751
robot_166
   -26.62934,     -30.0269,            0,            0,            0,   -0.6412041,    0.7673704
robot_102
   -9.989905,     -18.3324,            0,            0,            0,  -0.04419005,    0.9990231
robot_192
    9.926248,     4.372523,            0,            0,            0,    0.2487493,    0.9685679
robot_179
   -6.057542,     25.01525,            0,            0,            0,   -0.7725738,     0.634925
robot_142
    25.94767,    -39.40027,            0,            0,            0,    0.6938163,    0.7201521
robot_1
   -34.89778,    -18.01468,            0,            0,            0,   -0.6451871,    0.7640246
robot_44
   -34.23916,     21.96517,            0,            0,            0,    0.2293727,    0.9733387
robot_163
    21.64223,     26.01978,            0,            0,            0,   -0.9871592,    0.1597398
robot_79
   -1.692978,     9.937871,            0,            0,            0,   -0.3560514,    0.9344664
robot_8
    30.12756,     34.05273,            0,            0,            0,   -0.9946815,    0.1029981
robot_20
   -35.72064,     17.97869,            0,            0,            0,    0.1327164,    0.9911541
robot_143
    14.08904,    -29.92353,            0,            0,            0,   -0.2956136,    0.9553076
robot_138
   -16.84102,     10.00092,            0,            0,            0,    0.9183601,    0.3957458
robot_123
   -8.337516,     21.99366,            0,            0,            0,   -0.9512544,    0.3084074
robot_193
    25.95864,     34.01556,            0,            0,            0,   -0.9435716,    0.3311685
robot_187
   -9.612312,     34.00026,            0,            0,            0,   -0.8569955,    0.5153239
