tuw_multi_robot_msgs::RobotGoalsArray @1970-01-01T01:38:27.500000
frame_id: map
        5907,    500000000
robot_84
    16.06774,     34.02222,            0,            0,            0,     0.896462,    0.4431206
robot_116
    18.11377,    -2.037275,            0,            0,            0,   -0.8285526,    0.5599112
robot_74
    -22.0861,     -33.8635,            0,            0,            0,     0.995242,   0.09743396
robot_41
    -10.0508,     4.447108,            0,            0,            0,    0.5542655,    0.8323399
robot_125
   -20.28801,     18.03068,            0,            0,            0,    0.9873816,     0.158359
robot_136
    28.25313,     33.97733,            0,            0,            0,    -0.772948,    0.6344694
robot_173
   -24.22805,      29.9949,            0,            0,            0,   -0.4621757,    0.8867884
robot_67
   -26.06686,    -21.98393,            0,            0,            0,   -0.9038471,    0.4278556
robot_197
   -2.085817,     32.32232,            0,            0,            0,   0.03901434,    0.9992387
robot_119
   -12.82973,     38.00314,            0,            0,            0,    0.9325875,    0.3609439
robot_82
    21.91217,     -2.24401,            0,            0,            0,    0.8969571,    0.4421175
robot_77
   -14.18078,    -10.11388,            0,            0,            0,   -0.4038842,    0.9148101
robot_5
    9.454948,     38.00945,            0,            0,            0,     0.797079,     0.603875
robot_133
   -6.053475,     7.235699,            0,            0,            0,    0.4854346,     0.874273
robot_99
    37.95167,     22.14031,            0,            0,            0,   0.07844939,    0.9969181
robot_171
   -6.274535,    -29.86991,            0,            0,            0,   -0.8123885,    0.5831166
robot_180
    -22.3263,     1.930853,            0,            0,            0,    0.4660346,    0.8847665
robot_56
    24.63567,    -25.97629,            0,            0,            0,   -0.3745561,    0.9272042
robot_3
   -9.665114,     17.95631,            0,            0,            0,    0.9700142,    0.2430484
robot_81
    3.786503,    -10.01429,            0,            0,            0,   -0.8086438,    0.5882986
robot_167
   -13.74864,     30.03356,            0,            0,            0,   -0.2240278,    0.9745828
robot_25
   -18.03704,    -4.577132,            0,            0,            0,  -0.05221834,    0.9986357
robot_168
    9.960733,     36.08761,            0,            0,            0,   -0.2261729,    0.9740872
robot_96
    13.14396,    -18.00247,            0,            0,            0,    0.9788114,    0.2047638
robot_166
   -22.08012,     -16.7713,            0,            0,            0,    0.1353161,    0.9908025
robot_102
    -38.1352,     29.83098,            0,            0,            0,   -0.2736962,    0.9618162
robot_192
    21.95798,     -12.0728,            0,            0,            0,    0.4693381,    0.8830185
robot_179
    33.91553,    -23.77964,            0,            0,            0,   -0.8922615,    0.4515191
robot_142
   -2.061041,    -8.146616,            0,            0,            0,    0.9046794,    0.4260929
robot_1
    29.80942,     13.98558,            0,            0,            0,   -0.7804166,    0.6252598
robot_44
    2.338529,     22.06345,            0,            0,            0,   -0.8494165,     0.527723
robot_163
    -10.0668,     33.32038,            0,            0,            0,   -0.9714688,    0.2371673
robot_79
   -18.44357,    -21.99712,            0,            0,            0,   -0.9997658,   0.02163996
robot_8
    6.009301,     17.85035,            0,            0,            0,   -0.9399795,    0.3412309
robot_20
     20.6854,    -10.03295,            0,            0,            0,    0.3237265,    0.9461507
robot_143
    -6.04901,    -36.42222,            0,            0,            0,    0.5340258,    0.8454682
robot_138
    25.95281,     25.76351,            0,            0,            0,    0.9949285,    0.1005845
robot_123
   -10.04534,    -33.57928,            0,            0,            0,   -0.7522094,    0.6589242
robot_193
    9.935422,    -24.15661,            0,            0,            0,    0.9979519,   0.06396801
robot_187
   -30.06926,    -8.844085,            0,            0,            0,    0.6757839,    0.7370998
robot_176
   -26.18597,     9.943121,            0,            0,            0,   -0.9771098,    0.2127356
robot_66
    17.95332,     22.81618,            0,            0,            0,    0.5548735,    0.8319347
robot_63
   -22.09716,     29.57671,            0,            0,            0,   -0.5914056,    0.8063742
robot_31
    38.43319,    -26.03793,            0,            0,            0,     0.654668,    0.7559165
robot_159
    33.80642,    -30.21909,            0,            0,            0,      0.99329,      0.11565
robot_160
   -30.05552,     6.768732,            0,            0,            0,    0.9175466,    0.3976282
robot_151
   -33.99759,     10.36476,            0,            0,            0,   -0.9882313,    0.1529671
robot_150
    16.10709,    -38.02345,            0,            0,            0,    0.9753785,    0.2205373
robot_137
    20.24266,      14.0324,            0,            0,            0,   -0.9689377,    0.2473051
robot_199
   -21.07071,    -38.02536,            0,            0,            0,    0.9771614,    0.2124986
robot_54
    37.94016,      11.7912,            0,            0,            0,   -0.4245149,     0.905421
robot_117
    21.90042,    -20.26886,            0,            0,            0,    0.5612093,    0.8276739
robot_36
    17.61968,    -5.901646,            0,            0,            0,    0.5405421,     0.841317
robot_33
   -9.687934,    -21.96179,            0,            0,            0,   -0.0698549,    0.9975572
robot_146
   -38.83687,    -14.00133,            0,            0,            0,   -0.8609969,    0.5086102
robot_156
   -33.71476,     6.083598,            0,            0,            0,    0.8184974,    0.5745103
robot_112
   -30.07187,     29.80202,            0,            0,            0,    0.3502417,    0.9366594
robot_19
   -10.41679,     14.07512,            0,            0,            0,   -0.6450372,    0.7641512
robot_141
   -28.86935,    -6.000533,            0,            0,            0,     0.942778,     0.333421
robot_35
    6.108001,    -25.90548,            0,            0,            0,   -0.4686063,    0.8834071
robot_184
     -34.036,     13.58844,            0,            0,            0,    0.4965982,    0.8679805
robot_98
    29.92273,    -26.44236,            0,            0,            0,    -0.925521,    0.3786964
robot_100
   -38.64463,     22.02933,            0,            0,            0,    0.8209146,    0.5710509
robot_164
    31.62499,    -9.977509,            0,            0,            0,   -0.7995017,    0.6006639
robot_59
    25.19409,    -13.96907,            0,            0,            0,    -0.955291,    0.2956671
robot_144
   -30.07717,     21.78185,            0,            0,            0,   -0.6953992,    0.7186237
robot_101
   -29.59529,    -1.903638,            0,            0,            0,   -0.9820025,    0.1888681
robot_161
   -38.71492,    -25.98839,            0,            0,            0,   -0.9583046,    0.2857488
robot_149
    12.07427,    -30.00603,            0,            0,            0,    0.6533118,    0.7570889
robot_86
    33.76268,     30.13732,            0,            0,            0,   -0.9462856,    0.3233319
robot_191
   -14.07847,     23.36088,            0,            0,            0,    0.6219093,    0.7830893
robot_126
    21.94511,     28.18536,            0,            0,            0,   -0.2748169,    0.9614966
robot_190
   -16.19813,     25.99743,            0,            0,            0,    0.9980577,   0.06229669
robot_131
    33.90604,     28.01026,            0,            0,            0,   -0.5068354,    0.8620429
robot_154
   -6.092939,    -38.86019,            0,            0,            0,   -0.9820888,    0.1884185
robot_9
   -14.04841,     13.51703,            0,            0,            0,    0.6951045,    0.7189087
robot_27
    5.940815,      7.57674,            0,            0,            0,   -0.9771951,    0.2123437
robot_34
   -21.04031,     26.00789,            0,            0,            0,    0.9995702,   0.02931433
robot_114
    5.927298,     35.24461,            0,            0,            0,    0.6897412,     0.724056
robot_51
     31.2643,     6.005271,            0,            0,            0,    0.9723058,    0.2337124
robot_108
    25.94099,    -6.406826,            0,            0,            0,    0.8909611,    0.4540797
robot_147
    -20.3243,      9.97653,            0,            0,            0,   -0.7341035,    0.6790376
robot_183
    29.79155,    -5.855032,            0,            0,            0,    0.5088074,    0.8608804
robot_48
   -34.01381,      30.3361,            0,            0,            0,    0.9798863,    0.1995566
robot_60
   -18.06581,     14.79303,            0,            0,            0,    0.9681052,    0.2505441
robot_75
    9.946792,     -31.2113,            0,            0,            0,    0.8942825,    0.4475029
robot_152
    26.08022,     33.95629,            0,            0,            0,   -0.5369295,    0.8436271
robot_26
     30.8448,     18.00816,            0,            0,            0,    0.4135415,    0.9104853
robot_182
   -7.885366,    -37.97673,            0,            0,            0,   -0.9792422,    0.2026938
robot_172
   -18.75086,    -14.02113,            0,            0,            0,    0.9989422,   0.04598445
robot_43
   -37.76219,    -18.08782,            0,            0,            0,   -0.2051024,    0.9787405
robot_170
   -30.13487,    -13.94454,            0,            0,            0,    0.1812543,    0.9834363
robot_177
   -10.08249,      25.6498,            0,            0,            0,   -0.9997617,    0.0218299
robot_80
    5.925604,     37.45315,            0,            0,            0,   -0.9807687,    0.1951737
robot_16
   -9.585801,    -30.06207,            0,            0,            0,   -0.7441134,    0.6680533
robot_13
   -32.98907,     33.98666,            0,            0,            0,    -0.884888,    0.4658039
robot_178
    6.273019,    -37.90655,            0,            0,            0,    -0.199309,    0.9799367
robot_88
   0.7723476,     14.00443,            0,            0,            0,   -0.9601875,    0.2793565
robot_194
   -18.09739,    -8.815878,            0,            0,            0,   -0.6225613,     0.782571
robot_29
    -13.9984,     34.19337,            0,            0,            0,    0.8637827,    0.5038645
robot_92
   -12.10356,     9.981966,            0,            0,            0,    -0.489969,    0.8717399
robot_87
    9.053687,     21.97321,            0,            0,            0,   0.02656478,    0.9996471
robot_68
    17.91072,      1.90653,            0,            0,            0,   -0.4030406,    0.9151821
robot_22
    29.93497,    -34.33044,            0,            0,            0,   -0.9791519,    0.2031293
robot_38
    13.91532,    -31.17978,            0,            0,            0,    0.2576757,    0.9662315
robot_2
    19.94599,     10.02049,            0,            0,            0,   -0.9188918,    0.3945096
robot_110
   -22.03491,     -20.7512,            0,            0,            0,    0.9312384,    0.3644104
robot_14
   -35.85937,    -6.025115,            0,            0,            0,    0.5947369,    0.8039204
robot_181
   -1.694398,    -34.01458,            0,            0,            0,   -0.7547288,    0.6560369
robot_61
    37.90606,     9.733317,            0,            0,            0,   -0.3214565,    0.9469243
robot_30
    1.612194,    -29.94938,            0,            0,            0,     0.936533,    0.3505795
robot_122
   -30.04479,    -33.14184,            0,            0,            0,    0.3723672,    0.9280855
robot_132
   -2.484664,    -10.08099,            0,            0,            0,   0.05676948,    0.9983873
robot_45
    10.20103,     33.96575,            0,            0,            0,    0.1485533,    0.9889044
robot_21
    13.83121,     25.96853,            0,            0,            0,    0.9410163,    0.3383613
robot_39
   -11.42246,    -13.98526,            0,            0,            0,   -0.3960381,    0.9182341
robot_134
    7.682165,    -2.022476,            0,            0,            0,   -0.2096998,    0.9777658
robot_15
   -38.08208,     25.54087,            0,            0,            0,   -0.1354346,    0.9907863
robot_145
   -13.98818,    -38.23689,            0,            0,            0,  -0.06733752,    0.9977303
robot_140
    21.92967,     16.73993,            0,            0,            0,    0.9993048,   0.03728232
robot_196
   -10.00705,    -6.024016,            0,            0,            0,   -0.9975828,   0.06948794
robot_188
     22.6754,     -5.97845,            0,            0,            0,   -0.5169257,    0.8560303
robot_4
   -19.61512,     30.00094,            0,            0,            0,   -0.7093764,    0.7048298
robot_155
    5.817341,     21.89345,            0,            0,            0,   -0.3067407,    0.9517931
robot_135
    20.15669,     6.000904,            0,            0,            0,    0.9830505,    0.1833347
robot_93
    33.95209,     36.94769,            0,            0,            0,    0.4902142,     0.871602
robot_111
   -14.06087,    -31.77276,            0,            0,            0,    0.5142572,     0.857636
robot_0
   -34.00131,     1.905028,            0,            0,            0,   -0.4356437,    0.9001192
robot_49
   -27.17089,     1.993554,            0,            0,            0,    0.9885594,     0.150832
robot_113
   -2.132175,    -29.92066,            0,            0,            0,    0.7971389,     0.603796
robot_94
   -3.032319,     18.01155,            0,            0,            0,   -0.9804505,    0.1967657
robot_40
   -21.98245,    -13.75345,            0,            0,            0,    0.3817367,    0.9242711
robot_103
   -6.143244,    -33.78603,            0,            0,            0,    0.9999891,  0.004674187
robot_6
    -25.8689,    -33.95985,            0,            0,            0,    0.5083025,    0.8611786
robot_71
   -18.05912,     2.192877,            0,            0,            0,    0.9980328,   0.06269392
robot_17
    20.11711,     34.01223,            0,            0,            0,    0.8245941,    0.5657249
robot_120
   -17.78128,     34.09495,            0,            0,            0,   -0.9576479,    0.2879418
robot_189
   -36.33055,     6.007162,            0,            0,            0,   -0.8348076,    0.5505418
robot_148
   -26.07792,     -14.6982,            0,            0,            0,    0.3735876,    0.9275949
robot_186
    10.42579,     26.03598,            0,            0,            0,   -0.9962593,   0.08641459
robot_198
     17.4424,     18.10024,            0,            0,            0,    0.7282254,    0.6853377
robot_107
    3.351699,    -13.99143,            0,            0,            0,   -0.6610886,    0.7503078
robot_18
    25.91553,     38.30312,            0,            0,            0,    0.5567127,    0.8307051
robot_23
   -29.89738,    -30.09029,            0,            0,            0,   -0.9839353,    0.1785256
robot_46
    1.955514,      26.7535,            0,            0,            0,    0.9272686,    0.3743968
robot_109
    33.91972,     24.54763,            0,            0,            0,   -0.3095766,    0.9508745
robot_10
    9.923584,      -10.386,            0,            0,            0,    0.6596073,    0.7516104
robot_157
    -30.0392,     15.89643,            0,            0,            0,    0.9464392,    0.3228821
robot_70
    21.96216,     4.292181,            0,            0,            0,   -0.6072792,    0.7944885
robot_55
   -18.09679,     11.54578,            0,            0,            0,    -0.695655,     0.718376
