tuw_multi_robot_msgs::RobotGoalsArray @1970-01-01T01:48:56.100000
frame_id: map
        6536,    100000000
robot_84
    37.96987,     22.27212,            0,            0,            0,    0.0692353,    0.9976004
robot_116
    20.92426,     2.005791,            0,            0,            0,    0.7327372,    0.6805117
robot_74
   -5.568341,    -22.09751,            0,            0,            0, -0.002986325,    0.9999955
robot_41
   -29.33439,     17.98994,            0,            0,            0,    0.9917228,    0.1283973
robot_125
   -6.066004,    -36.04587,            0,            0,            0,   -0.9926445,    0.1210654
robot_136
    9.901561,     29.65213,            0,            0,            0,   -0.4335009,    0.9011531
robot_173
   -1.855841,    -26.03243,            0,            0,            0,    0.2359657,    0.9717614
robot_67
   -9.609635,    -9.961311,            0,            0,            0,   -0.9346421,    0.3555898
robot_197
    13.94499,     38.86306,            0,            0,            0,   -0.5194755,    0.8544853
robot_119
   -34.05465,    -22.09845,            0,            0,            0,    -0.960394,    0.2786457
robot_82
    33.96444,     22.81344,            0,            0,            0,   -0.9815297,    0.1913099
robot_77
    39.24685,    -5.981056,            0,            0,            0,   -0.5774822,    0.8164033
robot_5
    5.906795,     2.505988,            0,            0,            0,    0.8328098,    0.5535593
robot_133
     -32.157,     34.02666,            0,            0,            0,   -0.9988148,   0.04867212
robot_99
   -9.922027,     33.92011,            0,            0,            0,   -0.8604299,    0.5095689
robot_171
   -31.15787,    -10.01913,            0,            0,            0,    0.8932891,    0.4494825
robot_180
   -17.66636,    -25.90376,            0,            0,            0,    0.4794571,    0.8775653
robot_56
     5.96405,    -27.55518,            0,            0,            0,    0.3536037,    0.9353953
robot_3
    29.89615,     5.943953,            0,            0,            0,    0.4677492,    0.8838612
robot_81
   -10.41119,    -21.90416,            0,            0,            0,   -0.4033173,    0.9150602
