tuw_multi_robot_msgs::RobotGoalsArray @1970-01-01T01:15:52.900000
frame_id: map
        4552,    900000000
robot_84
   -38.02496,     14.31353,            0,            0,            0,   -0.6532897,    0.7571081
robot_116
    34.13318,     14.01855,            0,            0,            0,    0.9998381,   0.01799524
robot_74
    22.22452,     25.93989,            0,            0,            0,   -0.1344661,    0.9909182
robot_41
    25.90807,     29.77711,            0,            0,            0,   -0.4875673,    0.8730854
robot_125
    1.934321,     11.62504,            0,            0,            0,   -0.6497843,    0.7601187
robot_136
    6.156814,     29.90305,            0,            0,            0,    0.6461326,    0.7632252
robot_173
    1.955535,     33.35406,            0,            0,            0,   -0.9515298,    0.3075564
robot_67
   -33.97463,     9.755127,            0,            0,            0,  -0.02487307,    0.9996906
robot_197
    1.729131,     25.99032,            0,            0,            0,   -0.2630956,    0.9647698
robot_119
   -26.03844,     23.13745,            0,            0,            0,     0.812767,    0.5825889
robot_82
     30.3899,     -18.0202,            0,            0,            0,    0.5698241,    0.8217667
robot_77
   -7.845122,     -6.00069,            0,            0,            0,    0.9264313,    0.3764639
robot_5
    33.92041,     -27.9646,            0,            0,            0,    0.9713326,    0.2377245
robot_133
    24.96104,    -2.001288,            0,            0,            0,    0.9914797,    0.1302614
robot_99
   -18.06021,     -3.83737,            0,            0,            0,  -0.01881847,    0.9998229
robot_171
    14.83983,     10.00445,            0,            0,            0,   -0.7201777,    0.6937897
robot_180
   -26.03939,     16.52023,            0,            0,            0,    -0.979217,    0.2028154
robot_56
   -22.14866,     21.95835,            0,            0,            0,   -0.9223497,     0.386356
robot_3
   -38.06771,    -32.03488,            0,            0,            0,    0.9996471,   0.02656496
robot_81
   -13.72017,    -6.064705,            0,            0,            0,   -0.3824613,    0.9239715
robot_167
    33.95961,    -19.19824,            0,            0,            0,    0.3052161,    0.9522831
robot_25
   -13.98521,    -9.723772,            0,            0,            0,    0.8889702,    0.4579651
robot_168
    25.88767,    -6.325525,            0,            0,            0,   -0.9924054,    0.1230102
robot_96
   -30.09432,     -13.5145,            0,            0,            0,    0.8656348,    0.5006759
robot_166
    21.97566,     38.21568,            0,            0,            0,    0.9896424,    0.1435545
robot_102
   -19.57111,    -25.97332,            0,            0,            0,   -0.5007319,    0.8656024
robot_192
     29.9269,     1.527016,            0,            0,            0,    0.4444093,    0.8958239
robot_179
   -6.226111,    -14.02178,            0,            0,            0,   -0.8251304,    0.5649424
robot_142
    13.91866,     37.04413,            0,            0,            0,  -0.06225078,    0.9980605
robot_1
   -6.067042,     17.47535,            0,            0,            0,     0.437505,     0.899216
robot_44
   -6.047112,     12.37036,            0,            0,            0,     0.999386,   0.03503747
robot_163
     1.95762,    -17.92641,            0,            0,            0,    0.1755362,     0.984473
robot_79
   -9.743932,    -25.98349,            0,            0,            0,    -0.233938,    0.9722515
robot_8
    9.895533,    -2.102811,            0,            0,            0,    0.5789017,    0.8153973
robot_20
   -22.06792,     9.367677,            0,            0,            0,    0.9057972,    0.4237116
robot_143
   -26.03955,     4.501792,            0,            0,            0,    0.9933369,    0.1152469
robot_138
    33.91611,    -10.28886,            0,            0,            0,    0.9967404,   0.08067621
robot_123
   -4.336772,     5.989183,            0,            0,            0,    0.9666715,      0.25602
robot_193
    18.03381,     1.773663,            0,            0,            0,   0.09007171,    0.9959353
robot_187
    22.30018,    -29.97433,            0,            0,            0,   -0.1709962,    0.9852717
robot_176
   -2.068244,     32.22877,            0,            0,            0,   -0.7486811,    0.6629303
robot_66
   -14.90499,    -2.013365,            0,            0,            0,    0.8759772,    0.4823526
robot_63
    17.91276,      20.6124,            0,            0,            0,   -0.2985834,    0.9543835
robot_31
   -22.54643,    -17.93292,            0,            0,            0,    0.0492998,     0.998784
robot_159
    17.84054,    -33.77856,            0,            0,            0,   -0.6599472,     0.751312
robot_160
   -10.04734,   0.03009567,            0,            0,            0,   -0.5541708,     0.832403
robot_151
    -14.0485,     1.560871,            0,            0,            0,   -0.9668077,    0.2555052
robot_150
    12.93732,     29.97987,            0,            0,            0,   -0.6486774,    0.7610635
robot_137
    32.45444,    -38.01239,            0,            0,            0,    0.2858256,    0.9582816
robot_199
    28.11513,    -1.973937,            0,            0,            0,     0.395605,    0.9184208
robot_54
  -0.9222562,     13.99901,            0,            0,            0,    0.9908047,       0.1353
robot_117
   -38.08906,     29.74015,            0,            0,            0,   -0.9830983,    0.1830784
robot_36
   -22.18168,    -21.99824,            0,            0,            0,    0.9997788,   0.02103186
robot_33
    29.91968,     36.12441,            0,            0,            0,   -0.9350275,    0.3545753
robot_146
    -25.3274,     38.02999,            0,            0,            0,   -0.7552296,    0.6554603
robot_156
    31.59013,    -13.96754,            0,            0,            0,    0.7134768,    0.7006789
robot_112
    30.93518,    -9.980197,            0,            0,            0,   -0.6920911,    0.7218101
robot_19
    -30.1117,     29.82603,            0,            0,            0,    0.7649071,    0.6441406
robot_141
    29.58423,     14.09763,            0,            0,            0,   -0.5117119,    0.8591571
robot_35
     6.48395,     17.99041,            0,            0,            0,    0.1305121,    0.9914467
robot_184
   -19.18385,     25.97432,            0,            0,            0,    0.6060673,    0.7954134
robot_98
   -34.00599,    -29.72636,            0,            0,            0,    0.1446569,    0.9894819
robot_100
    6.393151,     9.941885,            0,            0,            0,   -0.5726168,    0.8198231
robot_164
    13.92892,    -15.53622,            0,            0,            0,    0.4968893,    0.8678139
robot_59
   -31.97804,     34.02406,            0,            0,            0,    0.9967168,   0.08096645
robot_144
      3.8466,     22.02444,            0,            0,            0,    0.7548628,    0.6558827
robot_101
   -32.02915,    -30.02327,            0,            0,            0,    0.9647279,     0.263249
robot_161
    21.43548,    -14.07183,            0,            0,            0,    0.2433633,    0.9699352
robot_149
    22.17537,    -1.903673,            0,            0,            0,     0.640229,    0.7681841
robot_86
   -38.96554,    -6.006507,            0,            0,            0,    0.2454376,    0.9694124
robot_191
   -17.89487,     29.95713,            0,            0,            0,    0.1676027,    0.9858546
robot_126
   -18.03857,     35.95486,            0,            0,            0,   -0.4257436,    0.9048438
robot_190
    13.91462,     7.768269,            0,            0,            0,    0.6168505,    0.7870803
robot_131
    16.44201,     21.98686,            0,            0,            0,    0.9755931,    0.2195863
robot_154
   -30.34568,    -33.97485,            0,            0,            0,    0.8371915,    0.5469098
robot_9
    17.75189,    -13.95776,            0,            0,            0,   -0.5073888,    0.8617172
robot_27
   -13.98209,    -34.15857,            0,            0,            0,   -0.9939505,    0.1098292
robot_34
   -34.05022,    -25.36229,            0,            0,            0,   -0.7365852,    0.6763448
robot_114
    25.73957,     10.06476,            0,            0,            0,    -0.631807,    0.7751257
robot_51
   -16.26052,    -13.98084,            0,            0,            0,    0.1182645,    0.9929821
robot_108
   -10.18717,    -1.964203,            0,            0,            0,   -0.9953733,   0.09608377
robot_147
    36.48954,    -33.98205,            0,            0,            0,   -0.4090642,    0.9125056
robot_183
   -6.150467,    -33.76438,            0,            0,            0,    0.9998747,   0.01582712
robot_48
    10.03113,    -30.35416,            0,            0,            0,    0.8315338,    0.5554742
robot_60
    32.83191,    -22.00841,            0,            0,            0,  -0.01877062,    0.9998238
robot_75
    -34.0643,     25.33177,            0,            0,            0,   -0.9829099,    0.1840871
robot_152
   -12.32003,    -25.98116,            0,            0,            0,    0.9087887,    0.4172566
robot_26
   -10.09074,     15.62236,            0,            0,            0,    0.9736196,    0.2281774
robot_182
    33.91642,     -5.80176,            0,            0,            0,   -0.7448608,    0.6672199
robot_172
   -18.26914,     38.04868,            0,            0,            0,   -0.6785493,    0.7345548
