tuw_multi_robot_msgs::RobotGoalsArray @1970-01-01T01:35:14.500000
frame_id: map
        5714,    500000000
robot_84
    17.49948,    -33.98775,            0,            0,            0,   -0.4317453,    0.9019956
robot_116
     33.9611,    -32.16769,            0,            0,            0,    0.9240214,    0.3823409
robot_74
      29.951,    -2.142267,            0,            0,            0,    0.9539337,    0.3000175
robot_41
    8.409331,    -6.002894,            0,            0,            0,    0.7887922,    0.6146599
robot_125
    17.95126,     11.95676,            0,            0,            0,    0.7331462,    0.6800711
robot_136
    5.948764,    -20.11936,            0,            0,            0,   -0.5204371,       0.8539
robot_173
    33.84847,    -17.69828,            0,            0,            0,    0.9223958,    0.3862461
robot_67
    26.40882,     10.04536,            0,            0,            0,   -0.9786986,    0.2053025
robot_197
   -26.13745,    -37.97752,            0,            0,            0,    0.8245222,    0.5658296
robot_119
     25.9566,     22.16548,            0,            0,            0,    0.8703167,    0.4924924
robot_82
    29.96016,     1.377019,            0,            0,            0,   -0.1773178,    0.9841536
robot_77
   -23.70593,     22.02816,            0,            0,            0,   -0.4441762,    0.8959395
robot_5
   -18.56284,     30.07821,            0,            0,            0,    0.9850223,     0.172427
robot_133
    2.203038,     10.09708,            0,            0,            0,     0.934659,    0.3555455
robot_99
   -21.17919,     22.01086,            0,            0,            0,    0.8311769,    0.5560081
robot_171
   0.2871798,    -9.972368,            0,            0,            0,   -0.1418396,    0.9898896
robot_180
    29.75025,    -33.92484,            0,            0,            0,    0.3274115,    0.9448819
robot_56
   -26.10991,     29.88383,            0,            0,            0,    0.9999628,  0.008622527
robot_3
    32.14964,     22.01225,            0,            0,            0,    0.9945339,    0.1044145
robot_81
    37.81689,    -29.81936,            0,            0,            0,    0.2407137,    0.9705962
robot_167
   -13.62844,     29.91771,            0,            0,            0,    0.2725596,    0.9621389
robot_25
   -3.217593,     26.01366,            0,            0,            0,    0.3854134,     0.922744
robot_168
   -16.86881,     -21.9822,            0,            0,            0,    0.9907897,    0.1354098
robot_96
    17.96114,     24.84129,            0,            0,            0,    0.7735924,    0.6336835
robot_166
    1.962113,    -8.102303,            0,            0,            0,    0.1383746,      0.99038
robot_102
    7.856687,     22.01867,            0,            0,            0,   -0.7365304,    0.6764045
robot_192
   -18.07445,     -8.89134,            0,            0,            0,    0.9493278,    0.3142877
robot_179
   -17.83613,       6.0556,            0,            0,            0,    0.7589819,    0.6511117
robot_142
    22.30838,    -2.064422,            0,            0,            0,   -0.5115347,    0.8592626
robot_1
    25.93986,    0.6534513,            0,            0,            0,   -0.5049502,    0.8631485
robot_44
    21.72772,     29.92992,            0,            0,            0,   -0.8477358,    0.5304187
robot_163
   -30.25111,     26.13222,            0,            0,            0,    0.9848102,    0.1736343
robot_79
    1.525616,     25.95626,            0,            0,            0,   -0.9946538,    0.1032656
robot_8
   -10.31047,     13.93257,            0,            0,            0,    0.8475927,    0.5306474
robot_20
    5.930504,    -39.14369,            0,            0,            0,   -0.7424959,    0.6698506
robot_143
    25.93637,     32.65617,            0,            0,            0,   -0.9782756,    0.2073086
robot_138
   -20.08563,    -34.02676,            0,            0,            0,   -0.3806116,     0.924735
robot_123
    14.41202,     25.99657,            0,            0,            0,    0.9556579,    0.2944793
robot_193
    37.91302,    -16.87013,            0,            0,            0,   -0.9976436,   0.06860959
robot_187
     1.92467,     17.59138,            0,            0,            0,     0.388989,    0.9212424
robot_176
   -6.095717,    -3.432688,            0,            0,            0,    0.5328905,    0.8461842
robot_66
    21.92481,    -18.75547,            0,            0,            0,    0.6698467,    0.7424994
robot_63
    18.33361,    -18.06695,            0,            0,            0,    0.4149016,    0.9098663
robot_31
   -10.94055,    -26.00003,            0,            0,            0,   0.05848385,    0.9982884
robot_159
    12.59711,    -1.971431,            0,            0,            0,    0.8366226,    0.5477797
robot_160
    -33.9903,    -30.32338,            0,            0,            0,   -0.2486473,    0.9685941
robot_151
    -18.2116,     1.891512,            0,            0,            0,   -0.1915186,     0.981489
robot_150
   -14.76215,     38.03241,            0,            0,            0,   -0.8319986,    0.5547778
robot_137
   -38.03527,    -28.16302,            0,            0,            0,    0.9993492,   0.03607055
robot_199
     33.9444,     17.92897,            0,            0,            0,    0.5002795,     0.865864
robot_54
    6.269275,     10.08846,            0,            0,            0,   -0.6216561,    0.7832903
robot_117
   -22.89204,    -10.01057,            0,            0,            0,   -0.9949635,    0.1002378
robot_36
    21.69133,    -38.00881,            0,            0,            0,     0.995815,   0.09139202
robot_33
   -14.06899,    -16.46785,            0,            0,            0,   -0.4778427,    0.8784454
robot_146
    37.91498,    -11.88475,            0,            0,            0,    0.9964128,   0.08462572
robot_156
     6.24341,    -1.906167,            0,            0,            0,     0.159117,    0.9872597
robot_112
   -38.04365,    -18.13356,            0,            0,            0,   -0.7900871,    0.6129946
robot_19
   -3.412212,    -5.977011,            0,            0,            0,   -0.5493105,    0.8356183
robot_141
      -29.95,     2.068616,            0,            0,            0,   -0.8404368,    0.5419096
robot_35
    9.750031,    -37.87877,            0,            0,            0,    0.4345802,    0.9006331
robot_184
   -14.05621,     18.81893,            0,            0,            0,   -0.9918598,    0.1273348
robot_98
   -37.83409,     14.14869,            0,            0,            0,    0.9435949,    0.3311023
robot_100
   -19.76774,    -22.00663,            0,            0,            0,   -0.9643877,    0.2644925
robot_164
   -22.07421,     9.422077,            0,            0,            0,   -0.8015148,     0.597975
robot_59
    6.149093,     30.08801,            0,            0,            0,    0.7737089,    0.6335413
robot_144
     29.8685,    -17.70364,            0,            0,            0,   -0.3337192,    0.9426725
robot_101
   -5.763943,    -9.975346,            0,            0,            0,    0.8578544,    0.5138929
robot_161
   -22.07688,       12.003,            0,            0,            0,   -0.4409187,     0.897547
robot_149
     21.9059,     19.27105,            0,            0,            0,   -0.6642254,    0.7475323
robot_86
   -29.56847,     -13.9295,            0,            0,            0,    0.2828501,    0.9591641
robot_191
    21.93643,     25.20496,            0,            0,            0,     0.959919,    0.2802776
robot_126
   -33.72846,     25.98099,            0,            0,            0,    -0.963742,     0.266836
robot_190
    9.919789,    -15.36997,            0,            0,            0,     -0.87977,    0.4753996
robot_131
    25.95321,     13.56763,            0,            0,            0,    0.9560544,    0.2931892
robot_154
    29.92212,    -24.36765,            0,            0,            0,   -0.9968483,   0.07933092
robot_9
   -6.010182,    -30.24109,            0,            0,            0,   -0.9188664,    0.3945689
robot_27
    6.386741,    -5.961125,            0,            0,            0,    0.8433176,    0.5374155
robot_34
   -38.04216,     19.89741,            0,            0,            0,    0.9896455,    0.1435333
robot_114
     13.9307,     13.71127,            0,            0,            0,   0.02272926,    0.9997417
robot_51
   -11.86457,     33.98536,            0,            0,            0,    0.1589285,    0.9872901
robot_108
    34.26396,     9.992519,            0,            0,            0,   -0.9896299,    0.1436408
robot_147
   -18.09941,     18.61919,            0,            0,            0,    0.6646022,    0.7471974
robot_183
   -10.01021,    -9.785682,            0,            0,            0,    0.9614531,    0.2749689
robot_48
    -29.6745,     10.02788,            0,            0,            0,   -0.9109881,    0.4124326
robot_60
    5.934637,    -11.40877,            0,            0,            0,   -0.9999852,  0.005448918
robot_75
   -26.33839,     37.96406,            0,            0,            0,   -0.8796981,    0.4755325
robot_152
   -6.119255,     29.78817,            0,            0,            0,   -0.1043335,    0.9945424
robot_26
    14.33698,    -17.99555,            0,            0,            0,   -0.7508192,    0.6605078
robot_182
   -26.02406,    -29.95479,            0,            0,            0,   -0.9514567,    0.3077825
robot_172
   -28.75408,     30.01399,            0,            0,            0,    0.5007696,    0.8655806
robot_43
    -14.0431,     21.33261,            0,            0,            0,   -0.4908981,     0.871217
robot_170
     17.9466,    -13.28537,            0,            0,            0,    0.1058523,    0.9943819
robot_177
    37.86209,     5.993576,            0,            0,            0,   -0.2486319,     0.968598
robot_80
   -1.022223,     26.01603,            0,            0,            0,   -0.8877804,    0.4602673
robot_16
   -30.05493,    -1.257409,            0,            0,            0,    0.6869906,    0.7266663
robot_13
   -29.97341,     33.84346,            0,            0,            0,   -0.9855389,    0.1694494
robot_178
   -30.02854,    -37.94697,            0,            0,            0, -0.0002565071,            1
robot_88
   -1.963698,    -26.07968,            0,            0,            0,   -0.4635251,    0.8860838
robot_194
   -10.24233,    -34.01834,            0,            0,            0,    0.4656741,    0.8849563
robot_29
   -34.00204,     -21.8442,            0,            0,            0,   -0.3028046,    0.9530527
robot_92
   -32.87031,     17.97216,            0,            0,            0,    0.7942514,    0.6075892
robot_87
   -10.14315,    -13.95109,            0,            0,            0,    0.4453759,    0.8953437
robot_68
    10.12562,    -29.90952,            0,            0,            0,  -0.06198438,    0.9980771
robot_22
     35.9577,    -9.976595,            0,            0,            0,   -0.8390339,    0.5440792
robot_38
   -16.06147,    -2.001451,            0,            0,            0,    0.4567305,    0.8896051
robot_2
   -30.19769,     17.92217,            0,            0,            0,    0.3669568,     0.930238
robot_110
    13.50998,    -34.03842,            0,            0,            0,    0.9404884,    0.3398259
robot_14
   -25.63485,    -34.02717,            0,            0,            0,   -0.7735844,    0.6336933
robot_181
   -22.00401,    -25.64963,            0,            0,            0,   -0.5487721,     0.835972
robot_61
   -2.596885,    -10.02837,            0,            0,            0,    0.2316183,    0.9728067
robot_30
   -2.775786,    -34.00514,            0,            0,            0,      0.94055,    0.3396552
robot_122
    13.92696,    -10.63676,            0,            0,            0,   -0.6465642,    0.7628596
robot_132
    5.919376,      34.1887,            0,            0,            0,   -0.1494711,    0.9887661
robot_45
    5.958377,    -33.01006,            0,            0,            0,   0.01744435,    0.9998478
robot_21
   -26.09274,    -19.61941,            0,            0,            0,    0.9956772,    0.0928807
robot_39
     13.8545,     17.77609,            0,            0,            0,   -0.9738855,    0.2270397
robot_134
   -22.05699,     -38.0278,            0,            0,            0,    0.8529798,     0.521944
robot_15
    13.94035,     33.23993,            0,            0,            0,   -0.6722119,    0.7403588
robot_145
   -18.03744,    -14.71164,            0,            0,            0,    0.9999201,    0.0126448
robot_140
   -22.05104,      26.9091,            0,            0,            0,     0.412023,    0.9111734
robot_196
   -30.07645,    -27.98716,            0,            0,            0,    0.5919306,     0.805989
robot_188
    36.96568,     21.98916,            0,            0,            0,   -0.7373438,    0.6755177
robot_4
   -38.07258,     29.55821,            0,            0,            0,   -0.4591731,    0.8883468
robot_155
   -19.76414,     13.97146,            0,            0,            0,    -0.338315,    0.9410329
robot_135
    14.04729,     10.02868,            0,            0,            0,    0.6369827,    0.7708781
robot_93
   -18.05261,     -11.0064,            0,            0,            0,   -0.9607118,     0.277548
robot_111
   -12.29958,     13.98058,            0,            0,            0,    -0.552875,    0.8332642
robot_0
   -18.05637,     34.78444,            0,            0,            0,    0.3945603,      0.91887
robot_49
   -22.22999,    -29.97978,            0,            0,            0,    0.9518894,    0.3064418
robot_113
     17.9326,     4.592698,            0,            0,            0,    -0.398598,    0.9171258
robot_94
    20.15149,     25.97161,            0,            0,            0,   0.02552244,    0.9996742
robot_40
    28.05421,     29.98531,            0,            0,            0,    0.1965996,    0.9804839
robot_103
    7.992511,     2.009331,            0,            0,            0,    0.9816176,    0.1908582
robot_6
    -11.4027,     1.998272,            0,            0,            0,   -0.3522239,    0.9359158
robot_71
    33.93883,     5.583885,            0,            0,            0,    0.9960953,   0.08828406
robot_17
   -36.45352,    -29.99865,            0,            0,            0,    0.8820824,    0.4710951
robot_120
    18.22452,    -22.07193,            0,            0,            0,    0.8083841,    0.5886554
robot_189
    9.838816,     6.354344,            0,            0,            0,   -0.8706128,    0.4919689
robot_148
   -6.131276,     34.21626,            0,            0,            0,   -0.7964203,    0.6047435
robot_186
    9.963624,     10.80978,            0,            0,            0,    0.4560154,    0.8899719
