tuw_multi_robot_msgs::RobotGoalsArray @1970-01-01T00:16:04.900000
frame_id: map
           0,            0
robot_84
    -17.9221,    -26.18623,            0,            0,            0,   -0.2033568,    0.9791047
robot_116
   -14.07734,    -38.66485,            0,            0,            0,   -0.6450173,     0.764168
robot_74
   -26.18712,     17.86223,            0,            0,            0,    0.2529265,    0.9674855
robot_41
   -5.686728,     33.95114,            0,            0,            0,   -0.9263558,    0.3766496
robot_125
   -6.511685,    -17.90785,            0,            0,            0,   -0.9865169,    0.1636592
robot_136
    -21.2231,    -33.99429,            0,            0,            0,     0.997336,   0.07294451
robot_173
    22.37614,    -13.96848,            0,            0,            0,   -0.9469312,    0.3214363
robot_67
    34.08142,     5.858012,            0,            0,            0,   -0.9996514,   0.02640214
robot_197
    29.17294,     37.98303,            0,            0,            0,     0.395488,    0.9184711
robot_119
   -5.654097,     25.94587,            0,            0,            0,     -0.31328,    0.9496608
robot_82
    9.949264,    -23.57324,            0,            0,            0,   -0.4377442,    0.8990996
robot_77
    21.89169,    -5.972842,            0,            0,            0,   0.09938656,    0.9950489
robot_5
   -30.04217,     9.785275,            0,            0,            0,    0.2646006,    0.9643581
robot_133
    25.92877,     -4.79155,            0,            0,            0,    0.9984123,   0.05632839
robot_99
    1.977084,     6.245842,            0,            0,            0,    -0.728644,    0.6848926
robot_171
   -22.06971,    -36.72143,            0,            0,            0,   -0.7249055,    0.6888483
robot_180
    1.686028,     10.05547,            0,            0,            0,    0.9954362,   0.09542993
robot_56
    37.82399,      6.23316,            0,            0,            0,    0.9596076,    0.2813419
robot_3
    21.92807,     35.02112,            0,            0,            0,   -0.8670461,     0.498228
robot_81
   -2.047395,     8.316564,            0,            0,            0,   -0.3284032,    0.9445376
robot_167
   -9.086609,     10.00534,            0,            0,            0,   -0.6536078,    0.7568334
robot_25
   -6.039762,    -30.90854,            0,            0,            0,   -0.9999341,   0.01148058
robot_168
   -29.93162,    -26.21645,            0,            0,            0,    0.9442489,    0.3292323
robot_96
    29.92831,    -33.44483,            0,            0,            0,    0.4946583,    0.8690875
robot_166
    17.66848,     34.08623,            0,            0,            0,    0.9888386,    0.1489905
robot_102
   -33.50867,      22.0018,            0,            0,            0,    0.7921124,    0.6103753
robot_192
    25.94983,    -26.82659,            0,            0,            0,  0.007498029,    0.9999719
robot_179
    17.95646,    -7.305856,            0,            0,            0,    0.7696407,    0.6384772
robot_142
   -10.05802,     12.80259,            0,            0,            0,    0.9522923,    0.3051875
robot_1
    27.33368,    -13.99086,            0,            0,            0,   -0.6580976,    0.7529327
robot_44
   -32.79421,    -30.02388,            0,            0,            0,   -0.5443064,    0.8388865
robot_163
   -10.08488,     28.06144,            0,            0,            0,   -0.3147612,    0.9491709
robot_79
   -38.01638,    -25.72227,            0,            0,            0,   -0.3643615,    0.9312576
robot_8
   -26.40218,     1.910558,            0,            0,            0,    0.9227281,    0.3854515
robot_20
   -38.49763,     26.07281,            0,            0,            0,   -0.4887541,    0.8724216
robot_143
    25.95867,     20.60892,            0,            0,            0,   -0.7643133,     0.644845
robot_138
    11.94445,    -37.96918,            0,            0,            0,   -0.7276338,    0.6859658
robot_123
   -10.09265,    -35.27552,            0,            0,            0,    0.8668709,    0.4985327
robot_193
    -39.1594,    -34.03026,            0,            0,            0,    0.1716377,    0.9851601
robot_187
   -26.11916,     22.04906,            0,            0,            0,     0.188377,    0.9820968
