tuw_multi_robot_msgs::RobotGoalsArray @1970-01-01T00:56:11.600000
frame_id: map
        3371,    600000000
robot_84
   -26.38582,    -9.972216,            0,            0,            0,   -0.5819615,    0.8132163
robot_116
   -13.98025,     34.34098,            0,            0,            0,     0.781619,    0.6237561
robot_74
   -34.07024,    -20.09941,            0,            0,            0,    0.8434389,    0.5372251
robot_41
   -28.31293,     33.98464,            0,            0,            0,   -0.7236941,    0.6901209
robot_125
   -10.06239,      25.8737,            0,            0,            0,    0.9774914,    0.2109754
robot_136
    26.00612,     21.65235,            0,            0,            0,    0.6704083,    0.7419924
robot_173
   -38.12598,     6.127025,            0,            0,            0,   -0.5090792,    0.8607197
robot_67
    5.943903,    -26.45215,            0,            0,            0,   -0.1424468,    0.9898025
robot_197
    24.02627,    -10.00722,            0,            0,            0,    0.8983884,    0.4392018
robot_119
   -17.97252,     25.79833,            0,            0,            0,   -0.8082098,    0.5888946
robot_82
   -26.04121,     -25.1665,            0,            0,            0,   -0.4390169,    0.8984788
robot_77
    24.46216,     14.01534,            0,            0,            0,   -0.5821842,    0.8130569
robot_5
   -16.65939,    -17.99448,            0,            0,            0,   -0.9835455,    0.1806604
robot_133
    29.90253,     15.71145,            0,            0,            0,   -0.9728484,    0.2314431
robot_99
    33.92443,     3.287686,            0,            0,            0,     0.995116,   0.09871253
robot_171
    14.14463,     17.97028,            0,            0,            0,    0.6282018,    0.7780505
robot_180
   -30.58862,     14.03256,            0,            0,            0,    0.9953302,   0.09652821
robot_56
   -3.476463,    -9.968866,            0,            0,            0,    0.9976183,   0.06897693
robot_3
   -26.08547,    -1.783013,            0,            0,            0,   -0.9977955,   0.06636356
robot_81
    -26.1273,    -13.90203,            0,            0,            0,    0.4410575,    0.8974789
robot_167
   -28.76003,    -13.97567,            0,            0,            0,    0.9025618,    0.4305604
robot_25
    -14.1697,    -30.00269,            0,            0,            0,    0.3849846,     0.922923
robot_168
    17.90141,    -10.91176,            0,            0,            0,    0.9647455,    0.2631847
robot_96
    6.503789,    -38.03316,            0,            0,            0,    0.9179563,    0.3966816
robot_166
    9.957246,    -16.31237,            0,            0,            0,   -0.5764519,    0.8171311
robot_102
    11.62519,     33.98929,            0,            0,            0,   -0.6845492,    0.7289667
robot_192
    13.73754,    -17.91562,            0,            0,            0,   -0.3276692,    0.9447925
robot_179
     4.09199,    -9.982192,            0,            0,            0,    0.9781604,    0.2078516
robot_142
    22.88824,     37.99428,            0,            0,            0,   -0.8947128,    0.4466418
robot_1
    37.94684,     16.06268,            0,            0,            0,   -0.8650142,    0.5017474
robot_44
   -32.84177,    -14.02603,            0,            0,            0,   -0.7396441,    0.6729982
robot_163
    25.94119,    -4.285189,            0,            0,            0,   -0.9999995, 0.0009853636
robot_79
    9.904502,    -4.711829,            0,            0,            0,   -0.5045507,     0.863382
robot_8
   -20.45084,     -14.0074,            0,            0,            0,   -0.6126733,    0.7903363
robot_20
    37.94405,     19.18341,            0,            0,            0,    0.4338329,    0.9009934
robot_143
    28.88136,     38.01059,            0,            0,            0,    0.5436409,    0.8393179
robot_138
    33.90223,     -37.8039,            0,            0,            0,   -0.2765178,    0.9610088
robot_123
    25.96241,    -26.03098,            0,            0,            0,    0.2753552,    0.9613425
robot_193
   -26.48311,     30.01425,            0,            0,            0,    0.9773739,    0.2115188
robot_187
    33.94886,      37.0293,            0,            0,            0,    0.9357825,    0.3525777
robot_176
   -34.05871,    -38.43523,            0,            0,            0,   -0.8651037,     0.501593
robot_66
    33.94931,     14.23445,            0,            0,            0,   -0.4649915,    0.8853151
robot_63
    37.45609,     29.97929,            0,            0,            0,            1, 0.0002169932
robot_31
   -14.01556,     1.650993,            0,            0,            0,   -0.6160749,    0.7876876
robot_159
   -29.98523,     30.13181,            0,            0,            0,    0.8608675,    0.5088291
robot_160
   -9.704613,     9.902908,            0,            0,            0,   -0.7218091,    0.6920922
robot_151
    37.85731,    -17.86366,            0,            0,            0,    0.9532621,    0.3021446
robot_150
   -13.03619,    -33.97694,            0,            0,            0,   -0.1926021,    0.9812769
robot_137
     20.2171,     14.01985,            0,            0,            0,   -0.9995393,   0.03034982
robot_199
   -34.08727,     -3.76031,            0,            0,            0,    0.1691804,    0.9855851
robot_54
   -17.96281,     33.92018,            0,            0,            0,    0.8831059,    0.4691738
robot_117
   -6.086438,    -20.15452,            0,            0,            0,    0.9410738,    0.3382012
robot_36
    1.944153,    -19.99438,            0,            0,            0,    0.9841083,    0.1775692
robot_33
   -5.921031,    -6.097789,            0,            0,            0,   -0.5395282,    0.8419676
robot_146
    5.916773,     8.927003,            0,            0,            0,    0.8030073,    0.5959692
robot_156
    13.54234,    -29.92543,            0,            0,            0,     0.504164,    0.8636079
robot_112
   -25.25361,     26.01516,            0,            0,            0,    0.4288612,    0.9033704
robot_19
     6.39872,     2.010087,            0,            0,            0,     0.824515,    0.5658401
robot_141
   -14.09098,    -23.51115,            0,            0,            0,   -0.5234004,    0.8520869
robot_35
   -36.10117,     22.02612,            0,            0,            0,    0.9455709,     0.325416
robot_184
   -18.08036,     -6.24408,            0,            0,            0,   -0.6555663,    0.7551376
robot_98
    29.88103,    -26.34419,            0,            0,            0,   -0.9483287,    0.3172896
robot_100
   -33.74232,      9.90823,            0,            0,            0,   -0.9830934,    0.1831047
robot_164
   -26.08347,      3.04441,            0,            0,            0,   -0.5584837,    0.8295155
robot_59
   -17.43794,    -37.99001,            0,            0,            0,   0.06742422,    0.9977244
robot_144
   -18.08787,    -21.72737,            0,            0,            0,   -0.9614885,     0.274845
robot_101
   -2.048896,    -13.21907,            0,            0,            0,    0.7311345,    0.6822334
robot_161
    1.908633,    -18.00127,            0,            0,            0,    0.7342169,     0.678915
robot_149
    22.40701,     10.03291,            0,            0,            0,   -0.1190885,    0.9928836
robot_86
    9.934498,    -13.99703,            0,            0,            0,   -0.9058037,    0.4236976
