tuw_multi_robot_msgs::RobotGoalsArray @1970-01-01T00:00:07.300000
frame_id: map
           7,    300000000
robot_84
    9.066192,     29.97686,            0,            0,            0,    -0.670658,    0.7417667
robot_116
   -30.06713,    -24.20279,            0,            0,            0,  -0.05141523,    0.9986774
robot_74
    33.61576,    -26.08844,            0,            0,            0,   -0.9258076,    0.3779952
robot_41
    26.15392,     13.84931,            0,            0,            0,   -0.1655464,     0.986202
robot_125
    17.95397,    -26.39307,            0,            0,            0,     0.416368,    0.9091962
robot_136
   -36.69018,     18.02632,            0,            0,            0,   -0.3825202,    0.9239471
robot_173
    32.86599,    -1.972611,            0,            0,            0,   -0.2203344,    0.9754244
robot_67
    19.85729,    -18.03131,            0,            0,            0,    0.9703936,     0.241529
robot_197
   -10.03973,    -4.184097,            0,            0,            0,   -0.9999809,  0.006177302
robot_119
    21.95199,    -35.43267,            0,            0,            0,    0.8755106,    0.4831989
robot_82
   -38.25957,    -14.03971,            0,            0,            0,    0.3177278,     0.948182
robot_77
    37.93627,     26.64522,            0,            0,            0,   -0.5948115,    0.8038652
robot_5
     26.1292,    -22.11634,            0,            0,            0,    0.4153328,    0.9096695
robot_133
   -17.91173,     14.03228,            0,            0,            0,   -0.4774488,    0.8786596
robot_99
    5.952681,    -34.09018,            0,            0,            0,     -0.99292,    0.1187849
robot_171
   -25.96134,     37.98096,            0,            0,            0,   -0.4119216,    0.9112193
robot_180
    33.91844,     25.95995,            0,            0,            0,   -0.9209993,    0.3895643
robot_56
      23.485,     9.968005,            0,            0,            0,    0.9098485,    0.4149406
robot_3
    15.22247,     30.00076,            0,            0,            0,    0.3374885,    0.9413296
robot_81
    37.55497,     6.068992,            0,            0,            0,    0.1614114,    0.9868872
robot_167
   -22.06575,     31.26587,            0,            0,            0,    -0.999457,   0.03295055
robot_25
   -34.06108,    -4.703352,            0,            0,            0,    0.9961699,   0.08743826
robot_168
   -33.91191,      37.8459,            0,            0,            0,    0.9909367,    0.1343293
robot_96
    -16.3419,    -33.96804,            0,            0,            0,   -0.4665549,    0.8844922
robot_166
   -6.073425,    -23.31574,            0,            0,            0,     0.157547,    0.9875115
