tuw_multi_robot_msgs::RobotGoalsArray @1970-01-01T00:15:01
frame_id: map
         901,            0
robot_84
     -33.926,     25.79999,            0,            0,            0,   -0.9970471,   0.07679235
robot_116
    9.916091,     14.45229,            0,            0,            0,    0.7146047,    0.6995285
robot_74
   -17.64862,     -9.95022,            0,            0,            0,   -0.7120281,     0.702151
robot_41
   -38.13694,     21.94172,            0,            0,            0,   -0.8932256,    0.4496088
robot_125
   -37.92584,      34.0071,            0,            0,            0,    0.4295238,    0.9030555
robot_136
    1.871387,       22.064,            0,            0,            0,    0.9705759,    0.2407952
robot_173
   -34.34736,    -6.099409,            0,            0,            0,   -0.7871148,    0.6168066
robot_67
    5.942131,     -13.9775,            0,            0,            0,    -0.998415,    0.0562806
robot_197
    9.939415,    -14.55154,            0,            0,            0,   -0.7854183,    0.6189653
robot_119
   -13.25586,    -26.00162,            0,            0,            0,   -0.4499297,     0.893064
robot_82
     11.3759,    -10.01896,            0,            0,            0,   -0.9249825,    0.3800096
robot_77
    25.94082,     26.39849,            0,            0,            0,   -0.2516208,    0.9678259
robot_5
   -34.06653,      7.59797,            0,            0,            0,   -0.7527261,    0.6583339
robot_133
    17.93676,     22.05679,            0,            0,            0,   -0.9791173,    0.2032961
robot_99
    38.06414,     18.05481,            0,            0,            0,   -0.9312748,    0.3643176
robot_171
    1.959476,    -6.030553,            0,            0,            0,      0.38122,    0.9244843
robot_180
    33.91033,      9.78121,            0,            0,            0,   -0.9479845,    0.3183164
robot_56
   -31.87074,    -6.009173,            0,            0,            0,   -0.7490474,    0.6625164
robot_3
    33.56557,    -17.98855,            0,            0,            0,   -0.4130682,    0.9107001
robot_81
   -5.652025,     22.07448,            0,            0,            0,   -0.6414164,    0.7671929
robot_167
     8.57998,     -1.97032,            0,            0,            0,    0.7321668,    0.6811254
robot_25
    30.77649,    -30.01253,            0,            0,            0,   -0.1208944,    0.9926654
robot_168
   -14.16076,    -5.857857,            0,            0,            0,   0.05033977,    0.9987321
robot_96
    2.118277,    -17.85605,            0,            0,            0,    0.8145412,    0.5801058
robot_166
   -27.73722,    -33.96983,            0,            0,            0,   -0.5389796,    0.8423188
robot_102
   -9.989023,     -33.7548,            0,            0,            0,   -0.8274397,    0.5615546
robot_192
   -14.09886,    -8.645882,            0,            0,            0,    -0.891589,    0.4528456
robot_179
    17.94327,    -28.02701,            0,            0,            0,   -0.6857691,    0.7278192
robot_142
    28.02802,     34.03008,            0,            0,            0,    0.9991847,   0.04037204
robot_1
   -21.74969,    -13.90642,            0,            0,            0,   -0.1594216,    0.9872106
robot_44
    6.869043,     34.03349,            0,            0,            0,   -0.1592535,    0.9872377
robot_163
    30.64594,    -18.02851,            0,            0,            0,    0.3905841,    0.9205672
robot_79
    23.26421,    -18.00858,            0,            0,            0,    0.1404332,    0.9900902
robot_8
    8.717989,    -29.99068,            0,            0,            0,  -0.08419639,    0.9964492
robot_20
   -10.06035,    -36.41994,            0,            0,            0,    0.7541684,    0.6566811
robot_143
   -32.49125,     1.969339,            0,            0,            0,    0.9112767,    0.4117946
robot_138
   -38.05002,    -10.64575,            0,            0,            0,    0.1445831,    0.9894927
robot_123
   -6.192198,     6.001224,            0,            0,            0,    0.1372623,    0.9905347
robot_193
    29.77503,     38.23054,            0,            0,            0,   -0.6979048,    0.7161905
robot_187
    6.074984,     26.01079,            0,            0,            0,    0.2081395,    0.9780992
