tuw_multi_robot_msgs::RobotGoalsArray @1970-01-01T01:36:29.500000
frame_id: map
        5789,    500000000
robot_84
     13.6382,     10.00459,            0,            0,            0,    0.3150875,    0.9490626
robot_116
    6.054397,     -25.9611,            0,            0,            0,    0.7666304,    0.6420887
robot_74
    25.85692,     26.28975,            0,            0,            0,   -0.2470395,    0.9690054
robot_41
   -33.93134,     22.13168,            0,            0,            0,   -0.9756779,    0.2192092
robot_125
   -22.05508,     14.10006,            0,            0,            0,   -0.4297848,    0.9029314
robot_136
    5.956129,    -34.64669,            0,            0,            0,    0.9854839,     0.169769
robot_173
    30.88175,     14.01228,            0,            0,            0,   -0.9080678,    0.4188232
robot_67
    -14.4902,    -2.003463,            0,            0,            0,    0.9478667,     0.318667
robot_197
    37.26207,    -21.96922,            0,            0,            0,   -0.1267464,    0.9919351
robot_119
    29.79352,    -37.79921,            0,            0,            0,    0.9817699,    0.1900732
robot_82
    2.085839,    -9.944045,            0,            0,            0,   -0.9667039,    0.2558976
robot_77
    9.981208,     33.71083,            0,            0,            0,   -0.4392925,    0.8983441
robot_5
    8.846083,    -2.001742,            0,            0,            0,    0.5501441,    0.8350697
robot_133
   -20.56143,     21.99165,            0,            0,            0,    0.2675291,    0.9635498
robot_99
   -2.035756,     9.795479,            0,            0,            0,   -0.5839356,       0.8118
robot_171
    37.98037,     17.63829,            0,            0,            0,    0.6892998,    0.7244762
robot_180
   -26.14702,     38.25432,            0,            0,            0,    0.6384539,      0.76966
robot_56
    9.946287,     28.95079,            0,            0,            0,    0.3388085,    0.9408553
robot_3
    -2.56312,     -6.02126,            0,            0,            0,    0.5012545,    0.8652999
robot_81
   -7.936646,    -34.00971,            0,            0,            0,   -0.6349826,    0.7725265
robot_167
    13.97739,     38.28665,            0,            0,            0,    0.9997609,   0.02186715
robot_25
   -38.55247,    -18.05692,            0,            0,            0,   -0.8353532,    0.5497135
robot_168
   -14.15941,     18.00094,            0,            0,            0,    0.6662588,    0.7457206
robot_96
  -0.0922601,     -18.0259,            0,            0,            0,   -0.9920946,    0.1254921
robot_166
    33.90419,    -1.608228,            0,            0,            0,   -0.8830853,    0.4692125
robot_102
    37.91855,    -8.696318,            0,            0,            0,    0.8989909,    0.4379673
robot_192
   -30.23698,    -13.89277,            0,            0,            0,   -0.3608302,    0.9326315
robot_179
    29.61945,    -10.09488,            0,            0,            0,    0.9533589,    0.3018389
robot_142
    21.90974,     9.228397,            0,            0,            0,   -0.1124579,    0.9936565
robot_1
   -26.06544,     19.42566,            0,            0,            0,   -0.3381404,    0.9410957
robot_44
   -10.51779,    -6.019637,            0,            0,            0,   0.07175727,    0.9974221
robot_163
    24.99876,     22.00903,            0,            0,            0,   -0.8378454,    0.5459076
robot_79
    29.26505,     -18.0239,            0,            0,            0,   -0.9670719,    0.2545035
robot_8
   -29.88818,     9.997872,            0,            0,            0,   -0.9576315,    0.2879963
robot_20
   -21.90156,     37.77259,            0,            0,            0,   -0.3945761,    0.9188633
robot_143
   -32.39872,    -29.99358,            0,            0,            0,    0.5568684,    0.8306007
robot_138
    30.28428,     33.90058,            0,            0,            0,     0.826392,    0.5630953
robot_123
    4.199341,    -6.020532,            0,            0,            0,  -0.04026429,    0.9991891
robot_193
   -23.90183,     21.97047,            0,            0,            0,    0.5224725,    0.8526562
robot_187
   -33.97939,    -38.26903,            0,            0,            0,    0.5489632,    0.8358465
robot_176
    1.945344,     18.26345,            0,            0,            0,   -0.9447086,    0.3279112
robot_66
   -34.06782,     6.271167,            0,            0,            0,    0.6032739,     0.797534
robot_63
   -1.890993,    -9.978242,            0,            0,            0,  0.009324995,    0.9999565
robot_31
    -6.19698,     1.923246,            0,            0,            0,   -0.9398143,    0.3416856
robot_159
   -26.03322,    -29.66324,            0,            0,            0,  -0.04269339,    0.9990882
robot_160
    14.38494,    -33.94798,            0,            0,            0,   -0.9411231,    0.3380641
robot_151
    24.30201,     18.03013,            0,            0,            0,   -0.3191275,    0.9477118
robot_150
   -9.669794,     18.00598,            0,            0,            0,    0.3882586,    0.9215505
robot_137
    12.05347,    -14.01591,            0,            0,            0,    0.4633723,    0.8861637
robot_199
     -30.289,     -1.87244,            0,            0,            0,   -0.5203941,    0.8539262
robot_54
    9.917876,     15.70621,            0,            0,            0,    0.9990553,   0.04345717
robot_117
    25.98333,    -29.75266,            0,            0,            0,   -0.3741598,    0.9273643
robot_36
    1.499375,     30.06352,            0,            0,            0,    0.7519756,    0.6591909
robot_33
   -14.11413,    -17.67731,            0,            0,            0,    0.9918872,    0.1271211
robot_146
    20.22232,    -2.006588,            0,            0,            0,    0.9199353,    0.3920701
robot_156
    26.47541,     29.97414,            0,            0,            0,    0.9764426,    0.2157771
robot_112
    10.00363,     5.898115,            0,            0,            0,     0.750761,    0.6605739
robot_19
   -18.24281,     13.98462,            0,            0,            0,   -0.4704394,    0.8824323
robot_141
    5.931312,    -20.57009,            0,            0,            0,    0.7596106,    0.6503781
robot_35
    5.966663,     18.33935,            0,            0,            0,   -0.9507433,    0.3099795
robot_184
   -30.08868,     27.72456,            0,            0,            0,   -0.2548651,    0.9669766
robot_98
    6.137329,    -29.89472,            0,            0,            0,   0.09690145,     0.995294
robot_100
   -22.45606,     29.90974,            0,            0,            0,   -0.4429952,     0.896524
robot_164
    13.95139,    -12.74633,            0,            0,            0,    0.2882476,    0.9575559
robot_59
   -30.08571,     33.57423,            0,            0,            0,    0.3198723,    0.9474606
robot_144
   -27.69644,     6.030597,            0,            0,            0,    0.9984251,   0.05610076
robot_101
   -10.04385,     25.78023,            0,            0,            0,    0.9890622,    0.1474989
robot_161
   -33.62934,     -1.90412,            0,            0,            0,    0.2425564,    0.9701373
robot_149
    1.915568,    -18.30064,            0,            0,            0,    0.7095734,    0.7046315
robot_86
     25.6142,    -26.07283,            0,            0,            0,   -0.9359938,    0.3520165
robot_191
    21.99795,     34.35397,            0,            0,            0,   -0.9620501,    0.2728729
robot_126
   -6.053656,    -39.35238,            0,            0,            0,    0.4373854,    0.8992742
robot_190
   -30.04902,     12.64784,            0,            0,            0,   -0.6920182,      0.72188
robot_131
    21.91075,     6.724026,            0,            0,            0,    0.9686274,    0.2485175
robot_154
    30.03034,    -1.960545,            0,            0,            0,    0.2678537,    0.9634596
robot_9
    25.95507,  -0.09848808,            0,            0,            0,  -0.08933706,    0.9960015
robot_27
   -28.33184,    -13.98473,            0,            0,            0,    0.9998279,   0.01855285
robot_34
    13.87122,    -26.21365,            0,            0,            0,   -0.9998067,   0.01966119
robot_114
    17.92445,     16.27481,            0,            0,            0,   -0.9853749,    0.1704003
robot_51
   -17.99312,    -13.72474,            0,            0,            0,     0.882508,    0.4702973
robot_108
    26.26318,    -5.976903,            0,            0,            0,   0.07843921,    0.9969189
robot_147
    -6.06711,    -36.20216,            0,            0,            0,    0.8821686,    0.4709337
robot_183
    29.91224,     6.902788,            0,            0,            0,    -0.266155,    0.9639303
robot_48
   -19.23343,    -30.00995,            0,            0,            0,   -0.8540395,    0.5202082
robot_60
    32.48986,     30.01623,            0,            0,            0,    0.6060806,    0.7954032
robot_75
   -22.07988,     25.56734,            0,            0,            0,    0.9272929,    0.3743365
robot_152
   -34.05369,     15.42801,            0,            0,            0,    0.9094835,    0.4157401
robot_26
     -28.027,    -33.99517,            0,            0,            0,    0.8087269,    0.5881843
robot_182
    22.07523,     -21.9443,            0,            0,            0,    0.9919251,    0.1268251
robot_172
    29.99003,     26.24983,            0,            0,            0,   -0.9994063,   0.03445458
robot_43
   -34.01367,     26.04189,            0,            0,            0,   -0.8125132,    0.5829427
robot_170
    38.09856,     13.99921,            0,            0,            0,   -0.8859274,     0.463824
robot_177
   -17.14642,      17.9918,            0,            0,            0,    0.8391223,    0.5439428
robot_80
    2.653445,     6.029506,            0,            0,            0,   -0.3486275,    0.9372614
robot_16
    18.08323,     9.897766,            0,            0,            0,    0.6840333,    0.7294508
robot_13
    29.96245,     30.33312,            0,            0,            0,    0.9959255,    0.0901801
robot_178
   -7.204559,    -14.00978,            0,            0,            0,    0.9996169,   0.02767627
robot_88
 -0.02151856,    -30.01692,            0,            0,            0,   -0.3506545,    0.9365049
robot_194
    17.85041,     14.04889,            0,            0,            0,   -0.8948256,    0.4464158
robot_29
   -34.09923,      32.8982,            0,            0,            0,   -0.9321397,    0.3620988
robot_92
   -14.41646,    -21.92731,            0,            0,            0,     0.756917,     0.653511
robot_87
   -6.398814,    -10.03172,            0,            0,            0,    0.9883152,    0.1524238
robot_68
    -18.0305,     5.922784,            0,            0,            0,   -0.5459509,    0.8378172
robot_22
    16.64056,    -17.97088,            0,            0,            0,   -0.6999806,    0.7141618
robot_38
    14.83293,     34.00682,            0,            0,            0,  -0.01833079,     0.999832
robot_2
   -13.72185,    -6.062566,            0,            0,            0,    0.1971149,    0.9803804
robot_110
     5.94212,    -2.218565,            0,            0,            0,   -0.6425133,    0.7662745
robot_14
    12.24948,     34.00007,            0,            0,            0,    0.8316246,    0.5553382
robot_181
   -19.85992,     26.01692,            0,            0,            0,    0.7627447,    0.6466998
robot_61
   -29.79755,     38.08701,            0,            0,            0,   -0.9961406,   0.08777154
robot_30
    33.80655,     6.184697,            0,            0,            0,     0.297408,    0.9547505
robot_122
   -37.98053,     9.780025,            0,            0,            0, -0.006089978,    0.9999815
robot_132
    33.90105,     -24.3109,            0,            0,            0,    -0.473617,    0.8807309
robot_45
    33.90397,     25.94647,            0,            0,            0,   -0.7705103,    0.6374276
robot_21
   -17.68736,     9.964254,            0,            0,            0,    0.9787527,     0.205044
robot_39
     17.1088,    -29.99894,            0,            0,            0,    0.4903374,    0.8715327
robot_134
    11.78559,    -2.008338,            0,            0,            0,    0.9880964,    0.1538358
robot_15
    10.42887,    -17.94007,            0,            0,            0,   0.01166616,    0.9999319
robot_145
   -14.36219,    -30.02906,            0,            0,            0,    0.5501071,    0.8350941
robot_140
    6.043954,     21.79116,            0,            0,            0,    0.6180035,    0.7861753
robot_196
    21.46095,    -9.908533,            0,            0,            0,   -0.8975979,    0.4408152
robot_188
   -34.04269,     35.60694,            0,            0,            0,    0.3880972,    0.9216185
robot_4
    33.93689,    -33.47446,            0,            0,            0,   -0.5057883,    0.8626576
robot_155
    21.83728,    -34.34942,            0,            0,            0,    0.9452026,    0.3264844
robot_135
    26.13248,    -38.04911,            0,            0,            0,   -0.4639523,    0.8858602
robot_93
    1.956765,        25.37,            0,            0,            0,    0.9834186,    0.1813501
robot_111
   -22.39272,      10.0202,            0,            0,            0,    0.5693862,    0.8220702
robot_0
     18.2634,     34.04416,            0,            0,            0,  -0.09702592,    0.9952819
robot_49
    13.87447,     -38.2683,            0,            0,            0,    0.7721808,    0.6354029
robot_113
   -10.00977,    -17.65375,            0,            0,            0,   -0.2376889,    0.9713413
robot_94
    -18.0461,     2.469746,            0,            0,            0,   -0.9874423,    0.1579798
robot_40
    13.90956,     29.53444,            0,            0,            0,   -0.5187352,     0.854935
robot_103
   -20.62052,    -38.02059,            0,            0,            0,    0.9992269,   0.03931411
robot_6
    33.18624,    -9.994018,            0,            0,            0,   -0.7404968,    0.6720599
robot_71
     17.9496,    -5.691457,            0,            0,            0,   -0.7900021,    0.6131042
robot_17
   -38.07384,     23.35392,            0,            0,            0,   -0.2754784,    0.9613073
robot_120
    10.34536,     17.96969,            0,            0,            0,    0.7639941,    0.6452233
robot_189
    21.94577,     -26.2701,            0,            0,            0,   -0.3932932,    0.9194131
robot_148
   -9.933558,    -34.22597,            0,            0,            0,    0.7116776,    0.7025062
robot_186
   -6.256834,     9.910037,            0,            0,            0,    0.0294173,    0.9995672
