tuw_multi_robot_msgs::RobotGoalsArray @1970-01-01T01:24:24.700000
frame_id: map
        5064,    700000000
robot_84
   -18.06538,    -9.558557,            0,            0,            0,    0.2461169,    0.9692402
robot_116
   -29.94104,     5.851948,            0,            0,            0,    0.7917414,    0.6108565
robot_74
   -21.14771,     1.984254,            0,            0,            0,    0.9876661,    0.1565746
robot_41
    2.016913,    -21.64462,            0,            0,            0,   -0.8158459,    0.5782694
robot_125
    25.93542,     25.20244,            0,            0,            0,   -0.1479253,    0.9889985
robot_136
    30.38476,     22.08765,            0,            0,            0,   -0.9143907,    0.4048329
robot_173
   -21.76619,     10.00746,            0,            0,            0,      0.94263,    0.3338393
robot_67
   -37.19146,    -22.02687,            0,            0,            0,   -0.1227931,    0.9924323
robot_197
    24.18419,    -14.02953,            0,            0,            0,    -0.979123,    0.2032688
robot_119
   -14.12448,    -18.35432,            0,            0,            0,    0.4828276,    0.8757154
robot_82
   -3.528147,     33.97179,            0,            0,            0,    -0.790488,    0.6124775
robot_77
    -23.4115,    -10.02073,            0,            0,            0,   -0.9773207,    0.2117645
robot_5
   -2.087437,    -17.29201,            0,            0,            0,   -0.8249931,    0.5651428
robot_133
    -35.2666,    -13.99704,            0,            0,            0,   -0.9974528,   0.07132978
robot_99
    21.91591,     -30.0824,            0,            0,            0,   -0.4618886,    0.8869379
robot_171
    5.763491,     26.13261,            0,            0,            0,   -0.2532192,    0.9674089
robot_180
    6.407344,    -34.02233,            0,            0,            0,    0.7679222,    0.6405431
robot_56
    1.932966,     23.15721,            0,            0,            0,   -0.3952779,    0.9185616
robot_3
    21.92317,     5.919672,            0,            0,            0,   -0.6786718,    0.7344416
robot_81
   -30.13381,    -21.99314,            0,            0,            0,    0.8843942,    0.4667408
robot_167
   -30.07286,     16.80482,            0,            0,            0,    0.8978267,     0.440349
robot_25
    1.784633,     26.10511,            0,            0,            0,    0.5245972,    0.8513505
robot_168
   -29.77116,    -6.044063,            0,            0,            0,   -0.9720459,    0.2347907
robot_96
    13.97553,     22.21479,            0,            0,            0,    0.1884635,    0.9820802
robot_166
   -26.20392,     30.02428,            0,            0,            0,    0.1639808,    0.9864635
robot_102
   -21.75033,     25.98161,            0,            0,            0,   -0.6992682,    0.7148595
robot_192
    33.91172,     20.17611,            0,            0,            0,    0.3506606,    0.9365026
robot_179
   -18.26047,     37.85864,            0,            0,            0,     0.999975,  0.007067089
robot_142
   -5.272772,      25.9968,            0,            0,            0,    0.9999803,  0.006276427
robot_1
    30.16044,    -18.16381,            0,            0,            0,   -0.5306936,    0.8475637
robot_44
    9.925568,     24.50176,            0,            0,            0,    0.3468208,    0.9379314
robot_163
    17.93618,     7.164986,            0,            0,            0,   -0.7545749,    0.6562139
robot_79
   -6.030259,    -26.30867,            0,            0,            0,    0.9993558,   0.03588832
robot_8
    -15.6938,     34.00839,            0,            0,            0,  -0.01017728,    0.9999482
robot_20
     17.9305,    -36.96594,            0,            0,            0,    0.8690552,    0.4947152
robot_143
    33.73799,    -10.08565,            0,            0,            0,    0.2843086,    0.9587328
robot_138
   -18.09028,    -20.16574,            0,            0,            0,    0.9922403,    0.1243353
robot_123
   -2.095027,    -9.705456,            0,            0,            0,    0.8675437,    0.4973609
robot_193
   -30.03688,    -19.50587,            0,            0,            0,   -0.5841592,    0.8116391
robot_187
   -10.09274,     31.88189,            0,            0,            0,   -0.9019381,    0.4318654
robot_176
   -20.38188,     18.00347,            0,            0,            0,    0.3916246,    0.9201251
robot_66
    1.749588,    -18.02017,            0,            0,            0,    0.6831742,    0.7302555
robot_63
    22.02994,    -33.79045,            0,            0,            0,    0.2848509,    0.9585718
robot_31
   -6.034693,     11.77845,            0,            0,            0,    0.7243296,    0.6894539
robot_159
    21.81975,    -22.09618,            0,            0,            0,    -0.924652,    0.3808133
robot_160
   -5.702168,     29.92029,            0,            0,            0,    0.3781844,    0.9257303
robot_151
   -27.89671,     13.98896,            0,            0,            0,   -0.8524333,     0.522836
robot_150
    15.98236,    -14.02009,            0,            0,            0,     0.958092,    0.2864606
robot_137
   -38.15639,    -30.21272,            0,            0,            0,   -0.3140896,    0.9493933
robot_199
   -26.06458,    -17.56832,            0,            0,            0,   -0.9480034,    0.3182603
robot_54
    25.56973,    -10.01531,            0,            0,            0,    0.9805054,    0.1964924
robot_117
    12.84667,    -18.01588,            0,            0,            0,   -0.4826126,    0.8758339
robot_36
   -6.058892,     15.99435,            0,            0,            0,   -0.9688127,    0.2477944
robot_33
    38.14577,    -30.07963,            0,            0,            0,   -0.7869585,    0.6170059
robot_146
   -18.00881,     -1.73519,            0,            0,            0,    0.9319641,    0.3625507
robot_156
    25.74206,     18.00872,            0,            0,            0,   -0.5827086,    0.8126812
robot_112
   -33.92849,     1.962262,            0,            0,            0,   -0.9158363,    0.4015517
robot_19
    29.92676,     36.87978,            0,            0,            0,   -0.9922131,    0.1245523
robot_141
    31.69381,    -14.00741,            0,            0,            0,   -0.9101082,    0.4143706
robot_35
   -21.91727,    -34.06384,            0,            0,            0,    0.8235885,    0.5671877
robot_184
    -30.0706,     23.34129,            0,            0,            0,   -0.7335049,    0.6796842
robot_98
   -14.16749,     22.05185,            0,            0,            0,    0.9881526,    0.1534745
robot_100
     21.9444,    -26.27089,            0,            0,            0, -0.002922577,    0.9999957
robot_164
   -30.39549,    -34.02794,            0,            0,            0,    0.8268722,    0.5623899
robot_59
     38.1613,     14.02541,            0,            0,            0,   -0.7605274,    0.6493059
robot_144
    8.754477,     33.99963,            0,            0,            0,   -0.8496798,     0.527299
robot_101
    5.945692,     39.22468,            0,            0,            0,  -0.02648884,    0.9996491
robot_161
   -17.99899,    -5.875837,            0,            0,            0,    -0.842378,     0.538887
robot_149
   -34.07244,     17.17963,            0,            0,            0,    0.2232453,    0.9747623
robot_86
   -14.45939,     38.03457,            0,            0,            0,    0.5699589,    0.8216732
robot_191
    28.35954,     26.01087,            0,            0,            0,   -0.9971088,   0.07598754
robot_126
    2.173913,     17.90141,            0,            0,            0,   -0.4096799,    0.9122294
robot_190
    36.89447,    -26.02671,            0,            0,            0,   -0.3068344,    0.9517629
robot_131
   -26.06062,    -26.18939,            0,            0,            0,   -0.8327568,     0.553639
robot_154
   -34.09696,     36.26371,            0,            0,            0,   -0.8763222,    0.4817255
robot_9
    17.92512,     10.92565,            0,            0,            0,    0.6189237,    0.7854511
robot_27
    6.140007,     9.892767,            0,            0,            0,    0.9557274,    0.2942535
robot_34
     9.93931,     11.28233,            0,            0,            0,    0.7806732,    0.6249395
robot_114
    5.851957,     22.20481,            0,            0,            0,     0.501105,    0.8653865
robot_51
   -30.07713,      36.6988,            0,            0,            0,   -0.9795079,    0.2014059
robot_108
   -29.64624,     33.95874,            0,            0,            0,   -0.2577668,    0.9662072
robot_147
    30.16248,     30.00485,            0,            0,            0,    0.3964795,    0.9180436
robot_183
    21.91356,     27.21457,            0,            0,            0,    0.9662514,    0.2576009
robot_48
   -18.14456,    -14.29615,            0,            0,            0,    0.6699439,    0.7424117
robot_60
    9.040175,     38.01886,            0,            0,            0,   -0.6028391,    0.7978628
robot_75
   -37.75484,     17.94448,            0,            0,            0,   -0.9949948,   0.09992638
robot_152
   -33.65727,    -18.05635,            0,            0,            0,    0.7458832,    0.6660768
robot_26
    1.945909,    -25.63712,            0,            0,            0,    0.4989273,    0.8666438
robot_182
    13.91243,     7.381445,            0,            0,            0,    0.8473329,    0.5310621
robot_172
    17.85781,    -25.68734,            0,            0,            0,   -0.8898128,    0.4563258
robot_43
    5.911316,    -1.383455,            0,            0,            0,    0.9989582,   0.04563471
robot_170
   -24.08655,    -17.98732,            0,            0,            0,   -0.6177023,     0.786412
robot_177
    37.48109,     29.95793,            0,            0,            0,   -0.9526738,    0.3039944
robot_80
    -2.08126,    -14.61238,            0,            0,            0,   -0.9939741,    0.1096148
robot_16
    24.36422,     14.00618,            0,            0,            0,    0.9254494,    0.3788712
robot_13
    34.16486,      13.9673,            0,            0,            0,    0.9866979,    0.1625647
robot_178
    13.94311,    -9.419151,            0,            0,            0,   -0.8593829,    0.5113326
robot_88
    33.89242,    -2.353924,            0,            0,            0,    0.5743823,    0.8185871
robot_194
   -14.14395,     1.992042,            0,            0,            0,   -0.9793685,    0.2020824
robot_29
    33.94966,     32.98118,            0,            0,            0,   -0.9999955,  0.003009489
robot_92
   -22.26458,     14.08112,            0,            0,            0,   -0.4632205,    0.8862431
robot_87
    21.95858,    -17.56256,            0,            0,            0,    0.9344134,    0.3561903
robot_68
   -6.204902,     -6.00917,            0,            0,            0,    0.9409729,    0.3384818
robot_22
     36.9599,    -5.982994,            0,            0,            0,    0.9990065,   0.04456573
robot_38
    -14.1745,    -29.82924,            0,            0,            0,    0.5540684,    0.8324711
robot_2
    13.94898,     38.52106,            0,            0,            0,    0.9999895,  0.004583205
robot_110
   -11.33162,     2.027623,            0,            0,            0,    0.4087641,    0.9126401
robot_14
    34.00946,     25.93988,            0,            0,            0,    0.9690137,    0.2470069
robot_181
   -26.12349,     2.178491,            0,            0,            0,    0.2319669,    0.9727237
robot_61
    9.929497,    0.1409286,            0,            0,            0,   -0.5495723,    0.8354461
