tuw_multi_robot_msgs::RobotGoalsArray @1970-01-01T00:54:24.700000
frame_id: map
        3264,    700000000
robot_84
    33.93656,     34.78654,            0,            0,            0,  -0.01203275,    0.9999276
robot_116
   -7.839939,     21.97089,            0,            0,            0,   -0.3459551,    0.9382511
robot_74
    13.96379,    -6.454198,            0,            0,            0,    0.9351957,    0.3541314
robot_41
   -19.55555,    -38.01666,            0,            0,            0,   -0.6244144,    0.7810933
robot_125
     7.30872,     30.03173,            0,            0,            0,    0.8785929,    0.4775714
robot_136
    26.03413,    -30.08955,            0,            0,            0,   -0.8145522,    0.5800902
robot_173
   -37.98235,    -9.669644,            0,            0,            0,    0.2152652,    0.9765556
robot_67
    30.76454,    -1.983935,            0,            0,            0,     0.675805,    0.7370804
robot_197
   -31.45765,     -18.0322,            0,            0,            0,   -0.7335726,     0.679611
robot_119
   -1.986545,     -14.2939,            0,            0,            0,    0.9443887,    0.3288313
robot_82
    30.05784,     10.13361,            0,            0,            0,   -0.7361142,    0.6768574
robot_77
   -34.43268,    -25.91444,            0,            0,            0,    0.4286827,    0.9034551
robot_5
    37.76579,    -22.07135,            0,            0,            0,   -0.8991942,    0.4375497
robot_133
   -3.132396,     25.99254,            0,            0,            0,   -0.9887031,    0.1498873
robot_99
   -19.24072,     25.97106,            0,            0,            0,    -0.499095,    0.8665473
robot_171
    7.288906,    -1.968748,            0,            0,            0,    0.9287882,     0.370611
robot_180
    29.91889,     20.72967,            0,            0,            0,   -0.1113291,    0.9937836
robot_56
   -14.05459,    -15.27286,            0,            0,            0,    0.8153678,    0.5789432
robot_3
   -26.05274,     36.83728,            0,            0,            0,   -0.7936223,    0.6084107
robot_81
   -29.39471,      10.0264,            0,            0,            0,   -0.5665114,    0.8240539
robot_167
   -37.94686,    -26.06918,            0,            0,            0,   -0.8561013,    0.5168081
robot_25
   -30.67915,     -22.0174,            0,            0,            0,    0.9706192,    0.2406208
robot_168
   -26.11142,     13.93604,            0,            0,            0,    0.9999179,   0.01281462
robot_96
   -12.44969,    -34.01267,            0,            0,            0,   -0.9984613,    0.0554536
robot_166
   -13.90795,    -17.89845,            0,            0,            0,    0.8003581,    0.5995222
robot_102
    5.777479,    -25.91946,            0,            0,            0,    0.9585102,    0.2850582
robot_192
   -29.19309,     2.022771,            0,            0,            0,   -0.9934754,    0.1140463
robot_179
    21.91717,    -32.86584,            0,            0,            0,   0.09791733,    0.9951946
robot_142
   -29.38007,       6.0315,            0,            0,            0,   -0.7026477,    0.7115379
robot_1
   -14.29502,     10.02287,            0,            0,            0,   -0.9471778,    0.3207089
robot_44
   -37.56327,     14.00381,            0,            0,            0,    0.9566295,    0.2913073
robot_163
    18.05547,    -34.13504,            0,            0,            0,    0.6793085,    0.7338528
robot_79
    24.97938,    -21.98574,            0,            0,            0,   -0.9491513,    0.3148201
robot_8
   -22.07166,    -3.755629,            0,            0,            0,    0.5861016,    0.8102376
robot_20
    9.991486,    -1.966687,            0,            0,            0,   -0.3256443,    0.9454924
robot_143
    13.91327,    -20.86691,            0,            0,            0,   -0.9150877,    0.4032549
robot_138
   -22.06667,      29.5774,            0,            0,            0,    0.9990667,     0.043194
robot_123
   -14.03622,    -32.49394,            0,            0,            0,   -0.2255751,    0.9742258
robot_193
    22.69079,    -1.978177,            0,            0,            0,    0.1604278,    0.9870476
robot_187
    5.925657,     37.84395,            0,            0,            0,   -0.9926394,    0.1211077
robot_176
   -9.678858,    -30.04662,            0,            0,            0,   -0.4037585,    0.9148656
robot_66
    18.03101,    -17.74976,            0,            0,            0,  -0.01687271,    0.9998576
robot_63
   -4.747574,     33.98353,            0,            0,            0,   -0.9935216,    0.1136435
robot_31
   -33.72978,     26.06397,            0,            0,            0,   -0.9839257,    0.1785783
robot_159
   -14.09783,     12.71328,            0,            0,            0,   -0.4808183,    0.8768203
robot_160
   -5.736272,    -6.056619,            0,            0,            0,    0.7587088,    0.6514299
robot_151
   -3.215547,    -33.98495,            0,            0,            0,    0.4902946,    0.8715568
robot_150
    28.62899,    -34.01138,            0,            0,            0,    0.1169978,    0.9931322
robot_137
    -26.0457,    -29.28551,            0,            0,            0,    0.8773154,    0.4799143
robot_199
   -26.08366,     20.82334,            0,            0,            0,   -0.8088235,    0.5880515
robot_54
    9.925634,    -6.061851,            0,            0,            0,   -0.2976487,    0.9546755
robot_117
    5.708261,     18.01136,            0,            0,            0,   -0.5507508,    0.8346698
robot_36
    17.44585,     14.05426,            0,            0,            0,    0.9999864,  0.005223826
robot_33
     37.9407,    -26.99431,            0,            0,            0,   -0.5314118,    0.8471136
robot_146
   -34.14631,     17.89146,            0,            0,            0,    0.9937636,    0.1115074
robot_156
   -14.06574,     29.36719,            0,            0,            0,    0.5440356,    0.8390622
robot_112
    13.90228,     28.74342,            0,            0,            0,    0.9890375,    0.1476645
robot_19
     33.9072,     16.77612,            0,            0,            0,   0.04173791,    0.9991286
robot_141
  -0.1670246,    -33.99665,            0,            0,            0,  -0.02424579,     0.999706
robot_35
   -9.642983,    -18.01266,            0,            0,            0,   -0.5164235,    0.8563333
robot_184
    -8.40814,     29.97674,            0,            0,            0,   -0.9420407,    0.3354985
robot_98
    5.955852,     22.64064,            0,            0,            0,    0.4248352,    0.9052707
robot_100
     29.9669,    -4.645993,            0,            0,            0,    0.8991904,    0.4375575
robot_164
   -6.056522,     -30.3579,            0,            0,            0,    0.1590639,    0.9872683
robot_59
   -2.092082,     33.78837,            0,            0,            0,   -0.4716119,    0.8818062
robot_144
   -38.21999,    -17.81463,            0,            0,            0,    0.7625353,    0.6469466
robot_101
    1.923247,     -6.21586,            0,            0,            0,    0.9335603,    0.3584203
robot_161
    13.98333,    -34.18052,            0,            0,            0,   -0.9391408,    0.3435326
robot_149
   -10.32082,     33.95467,            0,            0,            0,    0.8994584,    0.4370064
robot_86
   -29.78476,    -26.00696,            0,            0,            0,     0.984084,    0.1777039
