tuw_multi_robot_msgs::RobotGoalsArray @1970-01-01T00:12:09.500000
frame_id: map
         729,    500000000
robot_84
    29.92524,    -29.47381,            0,            0,            0,    0.9987897,   0.04918455
robot_116
    2.314241,     17.93899,            0,            0,            0,   -0.3378331,     0.941206
robot_74
   -25.22242,    -26.01251,            0,            0,            0,   -0.1595813,    0.9871848
robot_41
   -17.87135,     34.09666,            0,            0,            0,   -0.9995911,   0.02859281
robot_125
   -38.90566,    -21.99778,            0,            0,            0,   -0.1251349,    0.9921397
robot_136
   -10.08619,     8.638448,            0,            0,            0,    0.5216385,    0.8531666
robot_173
    1.907874,     -25.2937,            0,            0,            0,   -0.4955186,    0.8685973
robot_67
    13.93211,     30.17492,            0,            0,            0,    0.8192234,    0.5734745
robot_197
   -13.01574,    -18.01792,            0,            0,            0,   -0.8671784,    0.4979975
robot_119
   -10.04837,     3.533704,            0,            0,            0,    0.9589567,    0.2835526
robot_82
    -11.1083,    -5.971275,            0,            0,            0,    0.3763159,    0.9264914
robot_77
   -14.10762,    -14.10366,            0,            0,            0,    0.3335194,    0.9427432
robot_5
   -22.04492,    -21.81867,            0,            0,            0,   -0.4738398,    0.8806111
robot_133
    13.99719,    -22.13145,            0,            0,            0,   -0.7291255,      0.68438
robot_99
     8.84212,     14.02478,            0,            0,            0,     0.922271,    0.3865439
robot_171
    18.73117,     -29.9994,            0,            0,            0,    0.3146607,    0.9492042
robot_180
   -10.08806,    -25.98802,            0,            0,            0,    0.9057582,    0.4237948
robot_56
    29.92323,     24.77981,            0,            0,            0,   -0.8929467,    0.4501624
robot_3
   -37.87437,    -14.04584,            0,            0,            0,    0.3570968,    0.9340674
robot_81
   -18.05217,     20.45048,            0,            0,            0,    0.7004174,    0.7137335
robot_167
   -29.34911,    -29.99701,            0,            0,            0,     0.646366,    0.7630275
robot_25
   -30.00947,    -13.95766,            0,            0,            0,   -0.2175769,    0.9760432
robot_168
   -22.11327,    -26.01025,            0,            0,            0,    -0.451062,    0.8924926
robot_96
   -30.24722,    -18.07859,            0,            0,            0,   -0.8754794,    0.4832555
robot_166
   -18.05078,    -26.37992,            0,            0,            0,    0.3154026,     0.948958
robot_102
   -33.44432,     13.99727,            0,            0,            0,   -0.8230098,    0.5680271
robot_192
   -12.89414,     25.97141,            0,            0,            0,    0.7968295,    0.6042043
robot_179
   -18.03909,    -11.07555,            0,            0,            0,   -0.0782733,    0.9969319
robot_142
     32.2212,     2.022461,            0,            0,            0,    0.6817535,     0.731582
robot_1
    37.96977,     29.67147,            0,            0,            0,    0.1682323,    0.9857474
robot_44
   -38.14304,     26.25431,            0,            0,            0,    0.9995639,   0.02953031
robot_163
   -29.99815,     22.18268,            0,            0,            0,   -0.2580827,    0.9661228
robot_79
  -0.9584576,    -6.027737,            0,            0,            0,    0.7636419,    0.6456401
robot_8
    26.28205,     13.93733,            0,            0,            0,    0.8935354,    0.4489927
robot_20
    -37.6892,    -18.04245,            0,            0,            0,   -0.5495061,    0.8354897
robot_143
    13.92804,    -10.43385,            0,            0,            0,    0.8571706,    0.5150325
robot_138
   -30.14845,     14.13549,            0,            0,            0,    0.9240093,    0.3823699
robot_123
    25.76981,    -38.18259,            0,            0,            0,       0.8195,    0.5730791
robot_193
    21.91526,     6.807068,            0,            0,            0,   -0.1622948,    0.9867423
robot_187
    2.506324,     29.96876,            0,            0,            0,   -0.1159424,    0.9932559
