tuw_multi_robot_msgs::RobotGoalsArray @1970-01-01T01:27:35.600000
frame_id: map
        5255,    600000000
robot_84
    -6.08833,    -2.382689,            0,            0,            0,   -0.9818969,    0.1894161
robot_116
    24.22356,     25.97208,            0,            0,            0,    0.2305082,    0.9730704
robot_74
    17.72026,      13.8972,            0,            0,            0,    0.9451724,    0.3265718
robot_41
   -26.07153,     27.50445,            0,            0,            0,    0.9286806,    0.3708805
robot_125
   -22.05332,    -10.16865,            0,            0,            0,  -0.04976535,    0.9987609
robot_136
    33.82747,    -21.93186,            0,            0,            0,   -0.9530101,    0.3029386
robot_173
    9.915218,     31.29382,            0,            0,            0,    0.7194795,    0.6945137
robot_67
   -13.50064,    -2.025596,            0,            0,            0,    0.7792521,    0.6267106
robot_197
    28.97137,     25.99616,            0,            0,            0,   -0.9375861,    0.3477532
robot_119
    35.04325,     17.99448,            0,            0,            0,    0.5440753,    0.8390364
robot_82
    21.91975,    -39.37281,            0,            0,            0,    0.1765045,    0.9842998
robot_77
    29.94771,     18.24117,            0,            0,            0,    0.9431085,    0.3324852
robot_5
    -14.1122,     25.76195,            0,            0,            0,    -0.384071,    0.9233035
robot_133
    8.086401,     38.01247,            0,            0,            0,     0.408804,    0.9126222
robot_99
    25.46927,    -5.970753,            0,            0,            0,    0.2946408,    0.9556081
robot_171
   -18.12004,    -37.76066,            0,            0,            0,    0.8896865,    0.4565719
robot_180
    17.93065,     25.42958,            0,            0,            0,    0.4986445,    0.8668066
robot_56
    37.55796,    -5.979773,            0,            0,            0,    0.9314957,    0.3637522
robot_3
   -1.868706,     30.00573,            0,            0,            0,   -0.6075526,    0.7942795
robot_81
    37.80258,     13.77586,            0,            0,            0,   -0.3691122,    0.9293849
robot_167
   -22.43946,     -13.9083,            0,            0,            0,   -0.9127056,    0.4086179
robot_25
    21.69667,      17.9021,            0,            0,            0,    0.9347296,    0.3553599
robot_168
   -34.48447,     29.98065,            0,            0,            0,    0.4642436,    0.8857076
robot_96
   -5.758007,     10.00807,            0,            0,            0,    0.7972738,    0.6036178
robot_166
   -28.11663,    -17.98197,            0,            0,            0,   -0.3761534,    0.9265574
robot_102
   -6.167656,    -30.03828,            0,            0,            0,   -0.9221263,    0.3868889
robot_192
   -1.931515,    -9.902413,            0,            0,            0,    0.1289246,    0.9916544
robot_179
    5.835119,     10.33546,            0,            0,            0,   -0.9234243,    0.3837807
robot_142
   -39.47594,    -34.00627,            0,            0,            0,   -0.1177255,    0.9930462
robot_1
    1.988216,    -17.99541,            0,            0,            0,    0.1878684,    0.9821942
robot_44
    29.88636,    -33.69761,            0,            0,            0,    0.7012726,    0.7128932
robot_163
   -18.09139,    -32.23518,            0,            0,            0,     0.863592,    0.5041912
robot_79
    7.149935,    -5.986025,            0,            0,            0,   -0.9131329,    0.4076621
robot_8
    15.83821,     29.96912,            0,            0,            0,    0.8367208,    0.5476298
robot_20
   -13.10744,     14.01125,            0,            0,            0,    0.8399802,     0.542617
robot_143
   -30.13671,    -14.22771,            0,            0,            0,   -0.8696419,    0.4936831
robot_138
     10.1135,     -1.95346,            0,            0,            0,    0.3165112,    0.9485888
robot_123
   -37.16218,     29.97689,            0,            0,            0,     0.973353,    0.2293117
robot_193
   -34.06451,    -11.08185,            0,            0,            0,     0.419811,    0.9076115
robot_187
   -9.644916,     17.98437,            0,            0,            0,   -0.8885355,    0.4588079
robot_176
    25.90323,     19.45258,            0,            0,            0,   -0.2103808,    0.9776195
robot_66
    9.902635,    -3.946128,            0,            0,            0,    0.1489392,    0.9888464
robot_63
    29.91695,     6.130714,            0,            0,            0,     0.999855,   0.01702895
robot_31
   -38.17985,     -22.0893,            0,            0,            0,    0.1242436,    0.9922518
robot_159
   -2.023906,    -29.65077,            0,            0,            0,   -0.8800292,    0.4749195
robot_160
    9.598277,    -29.99456,            0,            0,            0,    0.9972516,   0.07408965
robot_151
   -34.01594,    -1.999275,            0,            0,            0,   -0.9989033,     0.046821
robot_150
    5.829719,       29.911,            0,            0,            0,    0.9395444,    0.3424271
robot_137
   -10.97883,    -18.02561,            0,            0,            0,  -0.08708219,    0.9962011
robot_199
    37.35997,     22.03292,            0,            0,            0,   0.09920285,    0.9950672
robot_54
    -25.4278,      33.9866,            0,            0,            0,   -0.8598519,    0.5105436
robot_117
   -25.67283,    -10.02999,            0,            0,            0,   -0.9226628,    0.3856077
robot_36
   -2.087551,    -6.540235,            0,            0,            0,   -0.8450253,    0.5347264
robot_33
    26.00707,    -26.00177,            0,            0,            0,   -0.5530329,    0.8331594
robot_146
    24.97625,     14.03312,            0,            0,            0,   -0.5227643,    0.8524773
robot_156
     -17.943,     14.04844,            0,            0,            0,    0.1501925,    0.9886568
robot_112
    13.93177,     39.39885,            0,            0,            0,   -0.9072868,    0.4205124
robot_19
   -14.28039,    -33.92602,            0,            0,            0,    0.9701661,    0.2424413
robot_141
    14.06527,     17.92638,            0,            0,            0,   -0.9980849,    0.0618587
robot_35
   -2.070484,    -19.81988,            0,            0,            0,     0.841604,     0.540095
robot_184
   -6.462196,     25.95757,            0,            0,            0,   -0.7094804,    0.7047252
robot_98
    25.86411,    -10.06441,            0,            0,            0,    0.8337983,    0.5520692
robot_100
    37.91563,    -22.99114,            0,            0,            0,    0.2202256,     0.975449
robot_164
   -30.17713,     33.77272,            0,            0,            0,    -0.942234,    0.3349553
robot_59
   -11.36118,    -37.99537,            0,            0,            0,     0.969565,    0.2448341
robot_144
   -3.648109,    -14.02134,            0,            0,            0,    0.9967548,   0.08049821
robot_101
   -33.97181,     33.73847,            0,            0,            0,    0.4957653,    0.8684565
robot_161
   -29.99587,    -10.33999,            0,            0,            0,   -0.3390533,    0.9407672
robot_149
   -37.58775,     6.097621,            0,            0,            0,    0.5898375,    0.8075219
robot_86
   -38.03462,    -29.27383,            0,            0,            0,    0.3578816,     0.933767
robot_191
    26.09023,    -14.05098,            0,            0,            0,    0.4771136,    0.8788417
robot_126
     37.9433,    -16.29601,            0,            0,            0,   -0.9688383,    0.2476939
robot_190
    17.84171,     33.73401,            0,            0,            0,   -0.7249248,     0.688828
robot_131
   -31.48589,     30.00923,            0,            0,            0,  -0.03107954,    0.9995169
robot_154
   -34.06458,     -6.65345,            0,            0,            0,   -0.5798834,    0.8146995
robot_9
   -6.340004,     -33.9719,            0,            0,            0,   -0.7317278,    0.6815969
robot_27
    37.98387,     30.12191,            0,            0,            0,    0.7405334,    0.6720195
robot_34
    4.250578,     6.019923,            0,            0,            0,    0.9809015,     0.194505
robot_114
   -18.03579,    -34.74253,            0,            0,            0,   0.02500745,    0.9996873
robot_51
     17.4607,    -25.99145,            0,            0,            0,   0.03017009,    0.9995448
robot_108
   -21.91946,    -18.15898,            0,            0,            0,   -0.9911583,    0.1326844
robot_147
   -6.009238,    -21.97773,            0,            0,            0,   -0.3243497,    0.9459372
robot_183
   -4.190145,     13.97726,            0,            0,            0,   -0.6732532,     0.739412
robot_48
   -18.04924,    -8.565875,            0,            0,            0,    0.9249353,    0.3801245
robot_60
    34.37426,     6.027321,            0,            0,            0,    0.1953392,    0.9807357
robot_75
   -19.31372,     -18.0155,            0,            0,            0,   -0.7107152,    0.7034799
robot_152
   -10.56363,     10.05095,            0,            0,            0,   -0.7706991,    0.6371992
robot_26
    17.96529,     39.06266,            0,            0,            0,   -0.7555463,    0.6550952
robot_182
    29.94839,     3.545954,            0,            0,            0,  -0.02193865,    0.9997593
robot_172
    24.31401,    -34.02706,            0,            0,            0,    0.3460667,    0.9382099
robot_43
    21.85493,     21.71499,            0,            0,            0,   -0.3570157,    0.9340984
robot_170
    12.03961,     18.03189,            0,            0,            0,   -0.2847202,    0.9586107
robot_177
   -6.089076,     23.19269,            0,            0,            0,   -0.7916477,    0.6109778
robot_80
    13.91665,    -11.05133,            0,            0,            0,   -0.8576705,    0.5141997
robot_16
    21.79971,     5.992103,            0,            0,            0,   -0.7265632,    0.6870996
robot_13
    21.91037,     37.88069,            0,            0,            0,     0.174827,    0.9845992
robot_178
     17.9458,     31.63131,            0,            0,            0,    0.6603131,    0.7509904
robot_88
    17.95048,    -11.39386,            0,            0,            0,   -0.7249335,    0.6888189
robot_194
   -34.08453,    -33.64487,            0,            0,            0,   -0.1748653,    0.9845924
robot_29
    2.247273,      13.9046,            0,            0,            0,    0.1652605,      0.98625
robot_92
    21.82648,    -5.998743,            0,            0,            0,   -0.4814572,    0.8764696
robot_87
    30.64598,     13.97476,            0,            0,            0,   -0.5743785,    0.8185898
robot_68
    17.94199,     21.32065,            0,            0,            0,   -0.9998075,   0.01962088
robot_22
   -25.61122,      10.0338,            0,            0,            0,   -0.7097307,     0.704473
robot_38
    21.91463,     34.60231,            0,            0,            0,    0.9986214,   0.05249086
robot_2
   -26.07486,    -15.97638,            0,            0,            0,   -0.3444681,     0.938798
robot_110
   -5.408363,    -26.02033,            0,            0,            0,    0.9491572,    0.3148026
robot_14
   -2.169707,    -21.77597,            0,            0,            0,   -0.6585128,    0.7525695
robot_181
    10.02278,    -33.66083,            0,            0,            0,    0.6380113,     0.770027
robot_61
   -30.67118,     14.02069,            0,            0,            0,    0.3274278,    0.9448762
robot_30
     3.89999,     29.99326,            0,            0,            0,    0.3304034,    0.9438398
robot_122
   -2.095041,     7.178534,            0,            0,            0,      0.78914,    0.6142134
robot_132
    1.918523,     20.36665,            0,            0,            0,    0.6224838,    0.7826327
robot_45
   -20.04476,     14.03112,            0,            0,            0,   -0.8413327,    0.5405176
robot_21
   -14.37706,    -10.09926,            0,            0,            0,   -0.9725812,    0.2325634
robot_39
   -14.05999,     29.52984,            0,            0,            0,    0.1294832,    0.9915816
robot_134
   -25.20435,    -34.01807,            0,            0,            0,   0.06740243,    0.9977259
robot_15
   -14.04565,    -26.42755,            0,            0,            0,   -0.9934001,    0.1147009
robot_145
    1.948538,    -30.14535,            0,            0,            0,    0.1847153,    0.9827921
robot_140
    -38.6453,     13.98147,            0,            0,            0,    0.9693312,    0.2457579
