tuw_multi_robot_msgs::RobotGoalsArray @1970-01-01T01:38:09.900000
frame_id: map
        5889,    900000000
robot_84
   -30.04202,     4.324945,            0,            0,            0,    0.9961413,   0.08776435
robot_116
   -5.896116,    -34.06667,            0,            0,            0,    0.8163412,    0.5775699
robot_74
   -13.41482,    -13.98017,            0,            0,            0,    0.8625533,    0.5059663
robot_41
    10.08063,    -9.916819,            0,            0,            0,   -0.2363398,    0.9716705
robot_125
    13.93452,    -25.44576,            0,            0,            0,   -0.6961898,    0.7178578
robot_136
   -13.86083,     5.968626,            0,            0,            0,     0.857565,    0.5143755
robot_173
  -0.9227045,    -34.02377,            0,            0,            0,   -0.9623773,    0.2717167
robot_67
    25.95931,    -8.154398,            0,            0,            0,    0.7606808,    0.6491261
robot_197
   -26.05894,     3.871046,            0,            0,            0,   -0.8901322,    0.4557023
robot_119
    -5.97566,     22.06424,            0,            0,            0,    0.6809271,    0.7323512
robot_82
    14.08402,     -29.7733,            0,            0,            0,    0.6180883,    0.7861087
robot_77
    13.81557,     14.08517,            0,            0,            0,   -0.2762729,    0.9610792
robot_5
    9.827067,    -34.17929,            0,            0,            0,    -0.523695,    0.8519058
robot_133
    29.96564,    -31.01912,            0,            0,            0,    0.6596054,     0.751612
robot_99
    17.95588,    -35.41925,            0,            0,            0,      0.40861,    0.9127091
robot_171
     30.0277,    -13.76015,            0,            0,            0,   -0.3943556,    0.9189579
robot_180
    17.94643,    -22.79073,            0,            0,            0,    -0.981435,     0.191795
robot_56
    18.02536,     33.74446,            0,            0,            0,    0.8653247,    0.5012117
robot_3
   -9.993034,    -6.361346,            0,            0,            0,   -0.1628445,    0.9866517
robot_81
   -14.08519,     1.342379,            0,            0,            0,   0.07104829,    0.9974729
robot_167
   -2.095495,     17.55911,            0,            0,            0,  -0.03285522,    0.9994601
robot_25
    29.91781,      22.0816,            0,            0,            0,    0.9687018,    0.2482272
robot_168
    28.11516,    -18.01681,            0,            0,            0,   -0.7477404,    0.6639912
robot_96
    25.90962,    -28.30076,            0,            0,            0,    0.5996415,    0.8002687
robot_166
    37.70428,     30.02065,            0,            0,            0,     -0.14473,    0.9894712
robot_102
   -11.24886,     25.97309,            0,            0,            0,    0.1026518,    0.9947174
robot_192
    14.34653,    -9.900261,            0,            0,            0,   -0.7313412,    0.6820117
robot_179
    37.92684,     10.09143,            0,            0,            0,   -0.1808919,     0.983503
robot_142
      25.911,     23.10906,            0,            0,            0,   0.09212111,    0.9957478
robot_1
   -30.06757,   -0.9366673,            0,            0,            0,    0.5365509,    0.8438679
robot_44
   -26.06681,    -38.80604,            0,            0,            0,    0.9255681,    0.3785812
robot_163
    1.942162,     22.92961,            0,            0,            0,    0.1233959,    0.9923575
robot_79
   -5.842965,     6.102373,            0,            0,            0,    0.5243733,    0.8514885
robot_8
    33.92949,      34.2687,            0,            0,            0,   -0.7581337,    0.6520991
robot_20
     33.9436,    -28.68013,            0,            0,            0,    0.8174672,    0.5759751
robot_143
    25.71914,    -2.113266,            0,            0,            0,   -0.7776753,    0.6286661
robot_138
    38.77339,    -34.01329,            0,            0,            0,  -0.06671665,     0.997772
robot_123
    13.82872,    -38.19703,            0,            0,            0,    0.0325658,    0.9994696
robot_193
   -30.05406,    -4.539424,            0,            0,            0,   -0.2859968,    0.9582306
robot_187
   -17.72014,    -14.01357,            0,            0,            0,    0.9942883,    0.1067272
robot_176
   -2.389675,    -13.94991,            0,            0,            0,   -0.6695694,    0.7427495
robot_66
      15.799,    -34.01912,            0,            0,            0,    -0.915419,    0.4025023
robot_63
    21.90196,    -22.64792,            0,            0,            0,  0.002624451,    0.9999966
robot_31
    29.90323,     20.08191,            0,            0,            0,   -0.8295105,    0.5584912
robot_159
    25.92621,     17.80858,            0,            0,            0,    0.2426475,    0.9701145
robot_160
    29.48947,     5.907938,            0,            0,            0,   -0.7833443,    0.6215881
robot_151
    10.26361,     38.09879,            0,            0,            0,    0.7484567,    0.6631837
robot_150
   -6.062909,     28.69813,            0,            0,            0,    0.4058439,    0.9139424
robot_137
    -22.2757,     10.13443,            0,            0,            0,    0.7362453,    0.6767147
robot_199
   -18.35509,    -17.91737,            0,            0,            0,  -0.09554165,    0.9954254
robot_54
    6.017921,    -9.822787,            0,            0,            0,    0.9981508,   0.06078624
robot_117
   -6.960158,      14.0193,            0,            0,            0,    0.4391616,    0.8984081
robot_36
   -18.10588,    -37.94572,            0,            0,            0,    0.2589169,    0.9658996
robot_33
    18.00019,    -6.112509,            0,            0,            0,   -0.9892193,    0.1464418
robot_146
   -34.04339,    -12.89939,            0,            0,            0,    0.9985502,   0.05382904
robot_156
   -37.93236,     -30.0265,            0,            0,            0,   -0.9612872,    0.2755485
robot_112
   -29.88277,    -18.14058,            0,            0,            0,    0.8301564,    0.5575306
robot_19
   -24.96122,      -25.982,            0,            0,            0,   -0.5156171,    0.8568191
robot_141
   -34.03978,    -38.07949,            0,            0,            0,   -0.7937287,    0.6082719
robot_35
    21.91684,    -15.44464,            0,            0,            0,    0.3132766,    0.9496619
robot_184
    1.933475,     29.02325,            0,            0,            0,   -0.9378528,    0.3470332
robot_98
   -19.74917,     33.96987,            0,            0,            0,   -0.4795945,    0.8774903
robot_100
   -6.363392,    -18.07113,            0,            0,            0,    0.9130105,     0.407936
robot_164
    5.930844,     7.490588,            0,            0,            0,    0.9942694,    0.1069038
robot_59
    10.32987,     18.04531,            0,            0,            0,   -0.8121632,    0.5834304
robot_144
    -25.9846,     5.789867,            0,            0,            0,   -0.5268667,    0.8499479
robot_101
    21.92314,     14.37304,            0,            0,            0,    0.3384025,    0.9410014
robot_161
    5.955887,     19.36207,            0,            0,            0,    0.9851696,    0.1715837
robot_149
    -21.4482,     18.02264,            0,            0,            0,   -0.7073121,    0.7069014
robot_86
    22.06189,    -26.14713,            0,            0,            0,   -0.8178451,    0.5754384
robot_191
    21.80345,    -34.15365,            0,            0,            0,    0.3474174,    0.9377106
robot_126
    14.24445,     10.07686,            0,            0,            0,   -0.8121789,    0.5834084
robot_190
    18.67636,     5.988624,            0,            0,            0,   -0.4488743,    0.8935949
robot_131
   -27.07331,     -10.0102,            0,            0,            0,   -0.9952722,   0.09712525
robot_154
    13.92474,    -27.66315,            0,            0,            0,   -0.8350703,    0.5501432
robot_9
   -9.784475,    -29.92195,            0,            0,            0,   -0.8613551,    0.5080033
robot_27
    8.616259,    -25.99649,            0,            0,            0,    0.9989225,   0.04640886
robot_34
   -10.08021,    -34.84327,            0,            0,            0,    0.9950827,   0.09904775
robot_114
    4.681042,    -33.98359,            0,            0,            0,   -0.3289069,    0.9443623
robot_51
   -20.28677,    -17.99678,            0,            0,            0,    0.7454084,     0.666608
robot_108
    -10.1415,     21.71348,            0,            0,            0,   -0.0979517,    0.9951912
robot_147
   -18.07387,     9.062491,            0,            0,            0,    0.9795317,    0.2012898
robot_183
    5.596606,     34.09767,            0,            0,            0,   -0.9746946,    0.2235409
robot_48
    34.31437,     30.06002,            0,            0,            0,    0.9957438,   0.09216463
robot_60
    29.53881,    -6.053409,            0,            0,            0,  -0.06905243,     0.997613
robot_75
    -30.0581,    -35.98057,            0,            0,            0,    0.1061099,    0.9943544
robot_152
   -9.989307,    -22.14989,            0,            0,            0,    0.8884623,    0.4589496
robot_26
    26.44001,     5.979858,            0,            0,            0,    -0.860326,    0.5097443
robot_182
    5.901108,    -36.44797,            0,            0,            0,   -0.8452852,    0.5343153
robot_172
    9.947811,     8.872979,            0,            0,            0,    0.6660271,    0.7459276
robot_43
    1.928552,      9.96417,            0,            0,            0,    -0.937345,    0.3484025
robot_170
    23.71445,     21.96827,            0,            0,            0,    0.6287764,    0.7775861
robot_177
   -34.16361,    -18.00425,            0,            0,            0,    0.9999858,  0.005333634
robot_80
   -26.23349,     25.95164,            0,            0,            0,    0.1784108,    0.9839561
robot_16
    -25.9049,    -21.83494,            0,            0,            0,    -0.883992,     0.467502
robot_13
   -34.83583,     22.01537,            0,            0,            0,   -0.5531432,    0.8330862
robot_178
     32.2927,     -14.0277,            0,            0,            0,   -0.1542875,     0.988026
robot_88
   -10.03573,    -25.99679,            0,            0,            0,   0.07682651,    0.9970445
robot_194
   -3.571528,     34.00645,            0,            0,            0,   -0.9571848,    0.2894777
robot_29
   -26.07409,     11.40397,            0,            0,            0,    0.7151537,    0.6989672
robot_92
   -29.82262,     17.99607,            0,            0,            0,   0.01783595,    0.9998409
robot_87
   -1.821962,    -22.05679,            0,            0,            0,    0.6266263,    0.7793199
robot_68
    21.94702,    -4.316304,            0,            0,            0,    0.9969249,   0.07836327
robot_22
    25.94192,      28.5726,            0,            0,            0,    0.7239262,    0.6898775
robot_38
   -1.874635,     26.01496,            0,            0,            0,   -0.4623822,    0.8866807
robot_2
     37.9071,    -12.46476,            0,            0,            0,   0.05229526,    0.9986317
robot_110
    -30.0523,     38.28684,            0,            0,            0,    0.4773653,     0.878705
robot_14
   -36.78229,     33.99415,            0,            0,            0,   -0.8051266,    0.5931029
robot_181
   -1.228438,     14.00264,            0,            0,            0,   -0.0305007,    0.9995347
robot_61
    13.97909,     2.142347,            0,            0,            0,    0.8915726,    0.4528777
robot_30
   -15.53209,    -34.02191,            0,            0,            0,    0.9883224,    0.1523775
robot_122
     28.5855,     10.02917,            0,            0,            0,    0.9764584,    0.2157056
robot_132
   -30.04644,     23.71145,            0,            0,            0,   -0.3255996,    0.9455078
robot_45
   -30.04961,     21.19685,            0,            0,            0,    0.2748429,    0.9614891
robot_21
  -0.8553852,     33.98065,            0,            0,            0,   -0.9999999, 0.0005380909
robot_39
    19.03635,    -2.027097,            0,            0,            0,    0.7748881,    0.6320985
robot_134
   -22.05824,    -37.41033,            0,            0,            0,    -0.934612,     0.355669
robot_15
   -15.18793,    -2.025635,            0,            0,            0,    0.8107287,    0.5854221
robot_145
   -17.46453,     14.03064,            0,            0,            0,   -0.9886035,    0.1505427
robot_140
    39.28158,     14.01794,            0,            0,            0,   -0.6045266,    0.7965849
robot_196
    9.910091,     23.71931,            0,            0,            0,  -0.03983481,    0.9992063
robot_188
   -6.081093,    -11.76526,            0,            0,            0,   -0.4008997,    0.9161219
robot_4
    33.42658,     -22.0156,            0,            0,            0,   -0.6500619,    0.7598812
robot_155
   -38.00026,     25.69607,            0,            0,            0,   -0.7242025,    0.6895874
robot_135
   -34.06787,     -23.0223,            0,            0,            0,    0.9952125,   0.09773444
robot_93
    29.93871,     -10.6305,            0,            0,            0,   -0.5284059,    0.8489919
robot_111
    2.533074,    -21.99365,            0,            0,            0,    -0.204287,     0.978911
robot_0
    37.91081,    -24.96249,            0,            0,            0,    0.1965243,     0.980499
robot_49
   -16.96064,     5.999779,            0,            0,            0,    0.8696425,     0.493682
robot_113
    3.999899,     10.02648,            0,            0,            0,    0.9887166,    0.1497979
robot_94
   -20.64584,     26.03277,            0,            0,            0,   -0.8855767,    0.4644931
robot_40
   -14.17445,     -18.0171,            0,            0,            0,    0.4141164,    0.9102239
robot_103
   -14.00108,     26.26196,            0,            0,            0,  -0.03384174,    0.9994272
robot_6
   -38.02863,     6.328823,            0,            0,            0,    0.6564648,    0.7543566
robot_71
     35.6132,     17.97056,            0,            0,            0,   -0.9840417,    0.1779381
robot_17
   -22.37444,     -21.9686,            0,            0,            0,    -0.445625,    0.8952197
robot_120
    25.19593,     38.01465,            0,            0,            0,    0.4471901,    0.8944389
robot_189
    25.94171,      15.0285,            0,            0,            0,   -0.8701807,    0.4927327
robot_148
   -10.15036,    -9.801671,            0,            0,            0,    -0.110712,    0.9938525
robot_186
   -34.08967,     35.04188,            0,            0,            0,   -0.3506714,    0.9364986
robot_198
    39.16172,     34.01744,            0,            0,            0,   -0.1307304,    0.9914179
robot_107
   -31.45147,    -37.96782,            0,            0,            0,    -0.905219,    0.4249453
robot_18
   -2.050766,     -16.4927,            0,            0,            0,   -0.4323772,    0.9016928
robot_23
    17.12177,    -10.01239,            0,            0,            0,   -0.7628472,    0.6465788
robot_46
   -18.13094,    -5.902455,            0,            0,            0,     0.530264,    0.8478326
robot_109
    8.486485,    -5.990686,            0,            0,            0,   0.07305372,     0.997328
robot_10
   -10.04641,     12.63057,            0,            0,            0,   -0.5322321,    0.8465985
robot_157
    22.08441,      34.1709,            0,            0,            0,    0.8867402,    0.4622681
robot_70
    17.90964,     37.08753,            0,            0,            0,   -0.2354921,    0.9718763
robot_55
    26.08336,    -10.09851,            0,            0,            0,   -0.9938102,    0.1110913
