tuw_multi_robot_msgs::RobotGoalsArray @1970-01-01T01:36:52.800000
frame_id: map
        5812,    800000000
robot_84
   -13.78001,     30.05389,            0,            0,            0,   -0.4166195,     0.909081
robot_116
    -30.1355,    -5.919082,            0,            0,            0,   -0.7316688,    0.6816603
robot_74
    30.69209,    -34.00626,            0,            0,            0,    0.9610393,    0.2764119
robot_41
   -30.03704,    -21.15785,            0,            0,            0,    0.7588999,    0.6512073
robot_125
    17.92005,    -6.888915,            0,            0,            0,   -0.7439156,    0.6682736
robot_136
    4.511286,    -25.99718,            0,            0,            0,    0.9766269,    0.2149416
robot_173
   -2.198201,     14.03132,            0,            0,            0,    0.8247576,    0.5654864
robot_67
    31.16569,    -17.99495,            0,            0,            0,    0.9758241,    0.2185574
robot_197
    4.923402,    -22.02443,            0,            0,            0,   -0.5781077,    0.8159605
robot_119
   -29.94457,    -14.12926,            0,            0,            0,    0.9943515,    0.1061375
robot_82
   -37.96817,    -30.00697,            0,            0,            0,   0.05765048,    0.9983368
robot_77
    38.12111,    -33.94609,            0,            0,            0,    0.9064812,    0.4222462
robot_5
   -22.00407,     13.71697,            0,            0,            0,    0.5859424,    0.8103527
robot_133
   -23.67239,    -13.96669,            0,            0,            0, -0.009865353,    0.9999513
robot_99
   -30.08586,      33.1515,            0,            0,            0,    0.6743449,    0.7384165
robot_171
    13.90443,     25.44287,            0,            0,            0,    0.9848732,    0.1732768
robot_180
     33.9245,    -9.961811,            0,            0,            0,   -0.1801832,    0.9836331
robot_56
   -2.085849,    -27.00515,            0,            0,            0,    0.2010976,    0.9795712
robot_3
    17.91846,     32.87731,            0,            0,            0,   -0.1392702,    0.9902544
robot_81
   -2.041324,     25.45053,            0,            0,            0,    0.8791062,     0.476626
robot_167
    -26.0417,     30.52015,            0,            0,            0,   -0.8833861,    0.4686458
robot_25
    33.92683,    -34.20962,            0,            0,            0,    0.5052971,    0.8629455
robot_168
     26.0725,    -10.05492,            0,            0,            0,    0.9775217,    0.2108347
robot_96
    5.970747,      1.79759,            0,            0,            0,   -0.5154044,    0.8569471
robot_166
    36.27563,     5.979606,            0,            0,            0,   -0.5890841,    0.8080717
robot_102
   -14.48041,    -18.04166,            0,            0,            0,    0.9686493,    0.2484323
robot_192
    31.08074,     18.00687,            0,            0,            0,    0.5117105,    0.8591579
robot_179
    30.29528,      38.0392,            0,            0,            0,   0.08515257,    0.9963679
robot_142
    -10.2209,    -1.961311,            0,            0,            0,   -0.6029788,    0.7977572
robot_1
    37.72654,    -26.04259,            0,            0,            0,    0.1561038,    0.9877407
robot_44
    9.038843,    -2.017462,            0,            0,            0,    0.2701314,    0.9628235
robot_163
    -14.2459,     21.94575,            0,            0,            0,    0.9911958,     0.132404
robot_79
   -18.07652,    -29.63381,            0,            0,            0,    0.5011769,    0.8653449
robot_8
   -33.56748,     13.96083,            0,            0,            0,    0.4444154,    0.8958208
robot_20
   -6.059797,     32.00154,            0,            0,            0,   -0.1542892,    0.9880257
robot_143
   -33.60559,     25.99506,            0,            0,            0,    0.4736795,    0.8806973
robot_138
   -35.23711,     9.992251,            0,            0,            0,    0.9791986,     0.202904
robot_123
   -38.07384,     27.51664,            0,            0,            0,    0.2645759,    0.9643649
robot_193
    5.794785,     17.83591,            0,            0,            0,    0.2846086,    0.9586438
robot_187
    -14.9263,     14.01169,            0,            0,            0,   -0.8830003,    0.4693725
robot_176
   -10.05403,    -20.38424,            0,            0,            0,   -0.8146353,    0.5799736
robot_66
   -10.03818,     31.43276,            0,            0,            0,    0.2521854,    0.9676789
robot_63
    37.94333,     7.639761,            0,            0,            0,  -0.02102451,     0.999779
robot_31
    9.910851,    -30.72175,            0,            0,            0,    0.8623729,    0.5062736
robot_159
    17.93307,      -17.171,            0,            0,            0,    0.5990001,     0.800749
robot_160
    -37.9577,    -33.96073,            0,            0,            0,   -0.9834863,    0.1809825
robot_151
   -30.03838,     21.50398,            0,            0,            0,   -0.3937127,    0.9192335
robot_150
    34.32863,     33.96499,            0,            0,            0,    0.9348262,    0.3551057
robot_137
   -25.97348,     22.16232,            0,            0,            0,    0.1111659,    0.9938019
robot_199
    26.29248,    -2.071072,            0,            0,            0,   -0.8652444,    0.5013503
robot_54
   -9.910346,     1.901083,            0,            0,            0,   0.08511621,     0.996371
robot_117
    22.13997,     9.934821,            0,            0,            0,    0.4146561,    0.9099782
robot_36
   -30.08795,    -17.13334,            0,            0,            0,   -0.5116864,    0.8591723
robot_33
   -34.04251,    -20.27756,            0,            0,            0,   -0.5516379,    0.8340837
robot_146
   -14.24274,    -37.96438,            0,            0,            0,    0.7745826,    0.6324728
robot_156
   -28.26749,    -10.00116,            0,            0,            0,   -0.1262716,    0.9919957
robot_112
   -22.26058,     1.946152,            0,            0,            0,    0.9269495,    0.3751861
robot_19
    37.96011,    -23.91524,            0,            0,            0,   -0.8132979,    0.5818475
robot_141
     5.95701,    -17.95811,            0,            0,            0,    0.9224259,     0.386174
robot_35
   -14.07875,    -33.89288,            0,            0,            0,   -0.2918993,    0.9564491
robot_184
      -14.05,     7.174639,            0,            0,            0,   -0.5157843,    0.8567185
robot_98
    9.958217,    -28.47846,            0,            0,            0,    0.7661405,    0.6426731
robot_100
     22.9421,    -21.99539,            0,            0,            0,   -0.9998166,   0.01915242
robot_164
   -10.05996,     11.36893,            0,            0,            0,   -0.5459297,     0.837831
robot_59
    19.93374,     37.99172,            0,            0,            0,   -0.5272808,    0.8496911
robot_144
    5.982807,     13.77001,            0,            0,            0,   -0.3497194,    0.9368545
robot_101
   -38.04793,    -13.62875,            0,            0,            0,   -0.7398093,    0.6728166
robot_161
    4.620843,     22.01198,            0,            0,            0,    0.7099589,    0.7042432
robot_149
   -18.10898,     21.64564,            0,            0,            0,    0.9577972,    0.2874448
robot_86
   -37.98972,    -18.12918,            0,            0,            0,    0.7775996,    0.6287598
robot_191
    13.62858,    -9.939999,            0,            0,            0,    0.8903096,    0.4553557
robot_126
    5.657693,    -34.02951,            0,            0,            0,    0.9745285,    0.2242638
robot_190
    6.949848,     -29.9868,            0,            0,            0,   -0.5916032,    0.8062293
robot_131
    14.71523,     5.984916,            0,            0,            0,   -0.9949262,    0.1006076
robot_154
    21.92701,    -28.77925,            0,            0,            0,   -0.5316636,    0.8469556
robot_9
    6.300669,    -37.95662,            0,            0,            0,     0.295133,    0.9554562
robot_27
    38.35331,     10.03168,            0,            0,            0,   -0.9935391,    0.1134902
robot_34
   -30.15198,     18.11607,            0,            0,            0,   -0.8145188,    0.5801372
robot_114
    37.00011,      -14.021,            0,            0,            0,   -0.9904198,    0.1380892
robot_51
   -18.18386,     30.23031,            0,            0,            0,   -0.9312013,    0.3645053
robot_108
    7.707785,     30.00688,            0,            0,            0,   -0.7877801,    0.6159566
robot_147
   -7.931834,    -21.99416,            0,            0,            0,    0.8694444,    0.4940309
robot_183
   -26.51339,     37.90074,            0,            0,            0,   -0.8494136,    0.5277277
robot_48
    17.95451,     34.93644,            0,            0,            0,   -0.7575465,    0.6527812
robot_60
    1.929604,    -22.67515,            0,            0,            0,   -0.9892697,    0.1461005
robot_75
    -6.04191,     20.26016,            0,            0,            0,    0.1790041,    0.9838483
robot_152
    15.12428,     9.996413,            0,            0,            0,   -0.9057693,    0.4237712
robot_26
    -22.0823,    -34.99597,            0,            0,            0,     0.561042,    0.8277874
robot_182
   -25.54164,     9.980375,            0,            0,            0,   -0.2633212,    0.9647082
robot_172
   -10.03828,     -32.3862,            0,            0,            0,  -0.08535632,    0.9963505
robot_43
    13.93628,     33.97768,            0,            0,            0,      0.50735,    0.8617401
robot_170
    32.54981,     22.01097,            0,            0,            0,      -0.9915,    0.1301066
robot_177
    22.19463,     2.059235,            0,            0,            0,    0.9231231,    0.3845046
robot_80
    29.24063,      -21.972,            0,            0,            0,    0.4429775,    0.8965327
robot_16
   -3.182381,    -21.98225,            0,            0,            0,    0.2987351,    0.9543361
robot_13
    29.94848,     20.74025,            0,            0,            0,    0.8010954,    0.5985367
robot_178
   -10.13968,     25.84419,            0,            0,            0,    0.0173252,    0.9998499
robot_88
   -26.22533,    -9.795997,            0,            0,            0,   -0.2287764,     0.973479
robot_194
     12.4164,    -1.985775,            0,            0,            0,    -0.739207,    0.6734783
robot_29
    -4.88541,    -6.013922,            0,            0,            0,    0.9367446,    0.3500137
robot_92
    8.346067,     22.01157,            0,            0,            0,   -0.9835095,    0.1808563
robot_87
   -17.02157,    -14.00183,            0,            0,            0,   -0.9842368,    0.1768558
robot_68
   -22.47534,     34.06464,            0,            0,            0,    -0.315822,    0.9488184
robot_22
    21.97589,    -5.891749,            0,            0,            0,   0.06003549,    0.9981962
robot_38
   -29.79368,     29.94491,            0,            0,            0,    0.6141062,    0.7892234
robot_2
   -14.02461,    -9.979806,            0,            0,            0,   -0.5129132,    0.8584405
robot_110
    21.91782,     16.09843,            0,            0,            0,    0.8478729,    0.5301995
robot_14
   -35.76189,    -9.984924,            0,            0,            0,    0.6857955,    0.7277943
robot_181
    25.91943,     32.60591,            0,            0,            0,    0.3275229,    0.9448433
robot_61
   -22.03726,    -18.10208,            0,            0,            0,    -0.815394,    0.5789065
robot_30
    26.46091,    -17.97393,            0,            0,            0,   -0.4756706,    0.8796235
robot_122
   -25.96773,    -34.00994,            0,            0,            0,    0.7693887,    0.6387808
robot_132
   -14.90497,    -26.02322,            0,            0,            0,    0.9996807,   0.02526936
robot_45
    23.16085,    -14.01592,            0,            0,            0,    0.9785778,    0.2058774
robot_21
    37.65937,    -9.903583,            0,            0,            0,    0.8400256,    0.5425468
robot_39
    18.30187,    -22.06056,            0,            0,            0,    0.3550053,    0.9348643
robot_134
    34.03623,     6.208531,            0,            0,            0,      0.53449,    0.8451748
robot_15
   -33.98827,      -17.655,            0,            0,            0,    0.7703604,    0.6376087
robot_145
    25.39925,     30.02767,            0,            0,            0,    0.8870829,    0.4616101
robot_140
   -17.69057,     1.947918,            0,            0,            0,    0.9068223,    0.4215131
robot_196
   -4.263244,     13.97777,            0,            0,            0,   -0.9182745,    0.3959444
robot_188
    38.20461,    -5.966521,            0,            0,            0,    0.9999726,    0.0074015
robot_4
   -30.12243,    -38.01008,            0,            0,            0,    0.7248038,    0.6889553
robot_155
   -8.224687,    -5.997641,            0,            0,            0,    0.5121319,    0.8589068
robot_135
   -22.20486,     29.76832,            0,            0,            0,    0.9998229,    0.0188171
robot_93
   -38.54637,     30.03736,            0,            0,            0,   -0.1099836,    0.9939334
robot_111
    17.93811,    -20.13789,            0,            0,            0,   -0.9046904,    0.4260697
robot_0
    2.139109,     13.91114,            0,            0,            0,    0.8275996,    0.5613189
robot_49
   -14.17362,    -14.19035,            0,            0,            0,   -0.9694165,    0.2454212
robot_113
    -5.74634,    -25.90187,            0,            0,            0,    0.9003194,    0.4352298
robot_94
   -5.954852,     25.79008,            0,            0,            0,   -0.4942226,    0.8693354
robot_40
    21.72214,     21.85125,            0,            0,            0,    0.2476186,    0.9688576
robot_103
    13.94656,     2.756228,            0,            0,            0,   -0.4703116,    0.8825004
robot_6
   -25.93446,     26.07689,            0,            0,            0,    0.5567961,    0.8306492
robot_71
    -38.0049,    -9.766467,            0,            0,            0,    -0.768391,    0.6399807
robot_17
     17.5653,     22.08953,            0,            0,            0,    0.9999792,  0.006443706
robot_120
   -17.62639,     10.02439,            0,            0,            0,   -0.2303415,    0.9731099
robot_189
    33.68938,     13.92781,            0,            0,            0,   -0.9151405,     0.403135
robot_148
   -9.998785,     6.083562,            0,            0,            0,    0.5880691,    0.8088107
robot_186
    2.032349,    -10.20517,            0,            0,            0,    0.2789289,    0.9603118
