tuw_multi_robot_msgs::RobotGoalsArray @1970-01-01T00:52:14.500000
frame_id: map
        3134,    500000000
robot_84
    20.60749,    -18.00814,            0,            0,            0,   -0.6518302,     0.758365
robot_116
   -22.04066,     7.057893,            0,            0,            0,    0.6827226,    0.7306777
robot_74
   -21.95947,    -34.18769,            0,            0,            0,     0.999235,   0.03910887
robot_41
   -26.09315,    -4.397768,            0,            0,            0,   -0.9902681,     0.139173
robot_125
   -30.08374,    -4.953137,            0,            0,            0,    0.5565067,    0.8308431
robot_136
   -34.05226,    -16.92948,            0,            0,            0,    0.6495225,    0.7603424
robot_173
   -2.979176,    -5.989713,            0,            0,            0,   -0.4532356,    0.8913907
robot_67
   -25.90983,    -21.79528,            0,            0,            0,    0.6631802,    0.7484597
robot_197
    -21.8433,    -10.02953,            0,            0,            0,    0.7785033,    0.6276405
robot_119
   -26.26555,     5.899576,            0,            0,            0,    0.6704945,    0.7419145
robot_82
   -18.08988,    -38.79292,            0,            0,            0,    0.6899337,    0.7238725
robot_77
    21.91992,    -34.41927,            0,            0,            0,     0.483447,    0.8753736
robot_5
   -19.06404,     38.00031,            0,            0,            0,   -0.3332668,    0.9428326
robot_133
   -10.07923,     5.270585,            0,            0,            0,    0.9608624,    0.2770259
robot_99
    38.10386,    -33.86504,            0,            0,            0,   -0.7581056,    0.6521318
robot_171
   -6.204492,    -38.01499,            0,            0,            0,    0.9993409,   0.03630024
robot_180
   -6.067507,     1.724119,            0,            0,            0,    0.4588798,    0.8884983
robot_56
    10.06016,    -9.922546,            0,            0,            0,     0.987974,      0.15462
robot_3
   -20.29415,     17.97541,            0,            0,            0,    0.6548435,    0.7557645
robot_81
    -36.4334,     5.974136,            0,            0,            0,   -0.1177382,    0.9930447
robot_167
    28.30068,    -34.01003,            0,            0,            0,    0.9112857,    0.4117746
robot_25
   -39.34785,     10.00888,            0,            0,            0,   -0.9658149,    0.2592327
robot_168
   -30.44042,     17.95356,            0,            0,            0,   -0.8022282,    0.5970176
robot_96
    39.22093,    -29.97429,            0,            0,            0,    0.9915493,    0.1297301
robot_166
    3.409673,     34.01872,            0,            0,            0,   -0.3815461,    0.9243498
robot_102
    34.85255,     22.00223,            0,            0,            0,   -0.9886582,    0.1501832
robot_192
   -18.06679,     31.37289,            0,            0,            0,    0.9804579,    0.1967289
robot_179
    26.07308,     29.86978,            0,            0,            0,    0.9317539,    0.3630904
robot_142
   -1.962034,     21.97902,            0,            0,            0,    -0.193171,    0.9811651
robot_1
    10.02173,     6.361203,            0,            0,            0,    0.7402325,     0.672351
robot_44
   -34.55851,     33.95073,            0,            0,            0,    0.3358326,    0.9419217
robot_163
   -32.13475,    -14.03216,            0,            0,            0,     0.461608,     0.887084
robot_79
    26.20534,     26.01608,            0,            0,            0,    0.7776509,    0.6286963
robot_8
   -2.123424,     10.14064,            0,            0,            0,   -0.9950917,   0.09895703
robot_20
   -29.95317,    -29.85825,            0,            0,            0,      0.12619,    0.9920061
robot_143
    -5.87609,     34.12463,            0,            0,            0,   -0.7314972,    0.6818444
robot_138
    33.95645,    -7.064219,            0,            0,            0,    0.6464839,    0.7629276
robot_123
   -18.09531,    -3.215522,            0,            0,            0,   -0.6796473,    0.7335391
robot_193
    5.906809,    -35.73319,            0,            0,            0,   -0.9422113,    0.3350193
robot_187
   -10.09563,     -33.3634,            0,            0,            0,    0.4213144,    0.9069147
robot_176
   -30.07474,     5.489958,            0,            0,            0,   -0.9596299,     0.281266
robot_66
    28.77968,    -14.00375,            0,            0,            0,   -0.8195276,    0.5730397
robot_63
    13.21482,     14.02595,            0,            0,            0,   -0.8921649,    0.4517099
robot_31
   -11.63855,     -14.0066,            0,            0,            0,    0.4752192,    0.8798675
robot_159
    25.20366,      1.98732,            0,            0,            0,     0.407501,    0.9132047
robot_160
   -30.08974,     27.92668,            0,            0,            0,  0.004163173,    0.9999913
robot_151
    13.92265,     35.75299,            0,            0,            0,    0.9575252,    0.2883495
robot_150
    32.61159,    -14.03258,            0,            0,            0,  -0.09891784,    0.9950956
robot_137
    32.55853,     18.03045,            0,            0,            0,   -0.9993886,   0.03496227
robot_199
   -16.06198,    -2.021681,            0,            0,            0,   -0.3669127,    0.9302554
robot_54
    17.58968,    -18.04905,            0,            0,            0,   -0.1435822,    0.9896384
robot_117
   -34.15681,     9.845191,            0,            0,            0,    0.2902592,    0.9569481
robot_36
    29.68768,      30.0242,            0,            0,            0,   -0.4690516,    0.8831708
robot_33
    13.92099,     21.58774,            0,            0,            0,   -0.9702312,    0.2421806
robot_146
   -22.12261,    -25.86564,            0,            0,            0,   -0.9250876,    0.3797539
robot_156
   -1.760487,    -21.96056,            0,            0,            0,   -0.9991296,    0.0417127
robot_112
    23.13103,    -13.96801,            0,            0,            0,     0.359074,    0.9333091
robot_19
   -2.017062,    -33.93743,            0,            0,            0,     0.293587,    0.9559323
robot_141
    33.93468,      3.31863,            0,            0,            0,   -0.9703844,     0.241566
robot_35
    1.087121,    -9.990515,            0,            0,            0,   -0.6971578,    0.7169177
