tuw_multi_robot_msgs::RobotGoalsArray @1970-01-01T01:40:51.500000
frame_id: map
           0,            0
robot_84
   -35.06622,    -34.02265,            0,            0,            0,    0.7864258,    0.6176848
robot_116
   -26.42413,     -30.0459,            0,            0,            0,  0.002655532,    0.9999965
robot_74
     13.3024,     6.026285,            0,            0,            0,   -0.7825882,    0.6225397
robot_41
    29.69639,     25.90109,            0,            0,            0,   -0.9990413,   0.04377709
robot_125
   -10.09964,    -21.77257,            0,            0,            0,    0.9932884,    0.1156638
robot_136
     22.3938,    -22.00579,            0,            0,            0,   -0.7754982,    0.6313498
robot_173
    1.929084,     8.537425,            0,            0,            0,   -0.2403771,    0.9706796
robot_67
   -25.98889,    -21.77128,            0,            0,            0,    0.8204289,    0.5717485
robot_197
    2.032172,    -33.86747,            0,            0,            0,    0.9456723,    0.3251212
robot_119
    33.91033,      36.3545,            0,            0,            0,   -0.5021824,    0.8647617
robot_82
   -38.05685,     31.92254,            0,            0,            0,    0.8073021,    0.5901384
robot_77
    26.06691,    -14.10945,            0,            0,            0,   -0.1039512,    0.9945824
robot_5
    5.975542,    -17.84115,            0,            0,            0,   -0.1311961,    0.9913564
robot_133
    25.97697,     9.746584,            0,            0,            0,   -0.4555179,    0.8902266
robot_99
    -30.0937,    -30.09836,            0,            0,            0,   -0.8439348,    0.5364458
robot_171
    -38.5026,    -25.98609,            0,            0,            0,   -0.1970371,     0.980396
robot_180
    10.04857,    -22.16053,            0,            0,            0,    -0.624385,    0.7811168
robot_56
    32.88061,     13.96784,            0,            0,            0,    -0.960524,    0.2781971
robot_3
    5.476049,     10.00968,            0,            0,            0,   -0.9795683,    0.2011119
robot_81
    18.41894,     25.99192,            0,            0,            0,    0.9621014,     0.272692
robot_167
    1.504322,    -21.94396,            0,            0,            0,   0.07976211,    0.9968139
robot_25
    -33.9838,    -30.09406,            0,            0,            0,    0.9736883,    0.2278839
robot_168
   -6.498305,     9.952589,            0,            0,            0,   -0.7157945,     0.698311
robot_96
   -31.24232,    -9.995545,            0,            0,            0,   -0.9863989,     0.164369
robot_166
   -26.66325,     6.028452,            0,            0,            0,    0.7656506,    0.6432566
robot_102
   -26.50553,    -13.96717,            0,            0,            0,    0.9006516,    0.4345419
robot_192
    30.49521,    -33.98835,            0,            0,            0,    0.5290393,    0.8485973
robot_179
    20.00443,    -17.99608,            0,            0,            0,   -0.1638095,     0.986492
robot_142
   -33.94879,    -38.08125,            0,            0,            0,    0.7807592,     0.624832
robot_1
   -38.83595,     33.99452,            0,            0,            0,    0.1910252,    0.9815851
robot_44
   -11.78138,    -26.02126,            0,            0,            0,   -0.9732796,    0.2296232
robot_163
   -13.13916,     13.98098,            0,            0,            0,    0.9947088,    0.1027344
robot_79
    2.125969,     14.06284,            0,            0,            0,    0.9993678,   0.03555263
robot_8
    26.41992,    -25.93199,            0,            0,            0,   -0.7218405,    0.6920595
robot_20
   -26.06012,     28.41215,            0,            0,            0,    0.8752347,    0.4836985
robot_143
    33.91446,    -9.497833,            0,            0,            0,   -0.8715746,    0.4902629
robot_138
    1.492659,     25.97875,            0,            0,            0,     0.391734,    0.9200785
robot_123
    19.21614,     2.003974,            0,            0,            0,    0.9973797,   0.07234455
robot_193
     13.9315,     38.05699,            0,            0,            0,   -0.7155037,    0.6986089
robot_187
   -10.09247,    -38.83651,            0,            0,            0,    0.8460491,     0.533105
robot_176
    9.927149,    -17.36511,            0,            0,            0,    0.4909148,    0.8712076
robot_66
    17.78285,    -22.04773,            0,            0,            0,    0.5749488,    0.8181894
robot_63
   -2.293422,     25.98657,            0,            0,            0,   -0.8889107,    0.4580805
robot_31
    34.69348,    -13.99912,            0,            0,            0,    0.9998381,   0.01799309
robot_159
   -22.05647,     21.48602,            0,            0,            0,   -0.7296547,    0.6838158
robot_160
   -22.05923,     18.91748,            0,            0,            0,    0.7431405,    0.6691354
robot_151
   -24.55413,    -34.03062,            0,            0,            0,    0.9031558,     0.429313
robot_150
    21.91977,    -3.285333,            0,            0,            0,    0.9985409,    0.0540013
robot_137
    5.983858,    -9.670374,            0,            0,            0,    0.8756531,    0.4829406
robot_199
    1.925861,     16.10915,            0,            0,            0,    0.5403149,    0.8414629
robot_54
   -17.95857,     25.95314,            0,            0,            0,    -0.392253,    0.9198574
robot_117
     32.3259,    -6.029972,            0,            0,            0,   -0.9879551,     0.154741
robot_36
     29.9278,     22.54092,            0,            0,            0,   -0.4178651,    0.9085091
robot_33
    19.28585,     -38.0079,            0,            0,            0,    0.2366384,    0.9715978
robot_146
   -20.65583,     29.97807,            0,            0,            0,    0.8042994,    0.5942243
robot_156
   -10.05207,    -28.93991,            0,            0,            0,   -0.9687577,    0.2480091
robot_112
   -2.074811,    -21.68527,            0,            0,            0,   -0.8649843,     0.501799
robot_19
    -34.4766,    -17.93576,            0,            0,            0,    0.1052526,    0.9944455
robot_141
   -6.070854,    -18.58091,            0,            0,            0,    0.7591955,    0.6508626
robot_35
   -9.895115,     22.06865,            0,            0,            0,    0.9751875,    0.2213807
robot_184
   -30.18185,    -6.045269,            0,            0,            0,   -0.7511904,    0.6600856
robot_98
    33.79334,     5.812981,            0,            0,            0,    0.6417328,    0.7669283
robot_100
   -22.16316,    -34.22998,            0,            0,            0,    0.8881648,     0.459525
robot_164
   -2.081816,    -19.51062,            0,            0,            0,    0.6939943,    0.7199805
robot_59
    6.565685,     2.011844,            0,            0,            0,   -0.4864016,    0.8737354
robot_144
    21.90131,     1.585882,            0,            0,            0,    0.8244407,    0.5659483
robot_101
    1.768994,    -10.18154,            0,            0,            0,     -0.21024,    0.9776498
robot_161
    33.93334,     21.11614,            0,            0,            0, -0.004141005,    0.9999914
robot_149
    22.19508,     37.97935,            0,            0,            0,    0.9562085,    0.2926865
robot_86
    9.964476,    -5.348915,            0,            0,            0,   -0.7048467,    0.7093596
robot_191
   -34.09111,    -24.04386,            0,            0,            0,    0.5197901,     0.854294
robot_126
    13.64538,     10.09796,            0,            0,            0,   -0.8390977,    0.5439808
robot_190
    17.91247,     22.96542,            0,            0,            0,   -0.5798793,    0.8147024
robot_131
    17.91302,    -15.58215,            0,            0,            0,  -0.01401888,    0.9999017
robot_154
    9.945847,     20.83997,            0,            0,            0,    0.9546658,    0.2976797
robot_9
    10.14195,    -38.08238,            0,            0,            0,     0.328752,    0.9444163
robot_27
    28.97042,     38.03291,            0,            0,            0,   -0.8860513,    0.4635872
robot_34
    17.95487,    -36.12567,            0,            0,            0,   -0.9999957,  0.002939777
robot_114
    5.931938,    -27.61193,            0,            0,            0,    0.9281855,    0.3721177
robot_51
    1.948875,     21.19428,            0,            0,            0,   -0.7539455,     0.656937
robot_108
   -30.09461,     7.694747,            0,            0,            0,   -0.9612031,    0.2758418
robot_147
    4.999771,     34.01783,            0,            0,            0,     0.610416,     0.792081
robot_183
   -6.245657,     22.04287,            0,            0,            0,   -0.3824278,    0.9239854
robot_48
    6.157886,     22.01195,            0,            0,            0,    0.1421419,    0.9898463
robot_60
   -22.03659,    -22.30174,            0,            0,            0,    0.1610711,    0.9869428
robot_75
   -22.14998,    -9.764498,            0,            0,            0,   -0.9517692,    0.3068148
robot_152
    33.61987,    -22.08525,            0,            0,            0,    0.9998736,   0.01590063
robot_26
   -13.79407,    -10.08434,            0,            0,            0,   -0.2543223,    0.9671195
robot_182
   -6.055311,    -23.24037,            0,            0,            0,   0.03136816,    0.9995079
robot_172
    5.919463,    -20.26523,            0,            0,            0,    0.1669003,    0.9859738
robot_43
    26.00898,     26.26604,            0,            0,            0,   -0.9783281,    0.2070605
robot_170
   -22.14112,     26.09573,            0,            0,            0,   -0.9194781,    0.3931412
robot_177
    29.59827,     33.94262,            0,            0,            0,   -0.8005002,    0.5993324
robot_80
   -2.246705,     13.88648,            0,            0,            0,   -0.8279092,    0.5608622
robot_16
    34.10874,     34.10022,            0,            0,            0,   -0.9884074,    0.1518248
robot_13
     26.0676,    -2.139437,            0,            0,            0,   -0.3412434,     0.939975
robot_178
   -29.70454,     26.05867,            0,            0,            0,   -0.3380472,    0.9411291
robot_88
    32.56587,    -18.01963,            0,            0,            0,   -0.4929069,    0.8700821
robot_194
    29.16363,    -13.99271,            0,            0,            0,    0.4938709,    0.8695352
robot_29
    8.918361,     26.01704,            0,            0,            0,   -0.5509085,    0.8345657
robot_92
   -20.49296,    -17.97095,            0,            0,            0,    0.9544012,    0.2985269
robot_87
    10.11087,    -25.99236,            0,            0,            0,   -0.9938065,    0.1111246
robot_68
    5.953176,     24.44051,            0,            0,            0,    0.9265369,     0.376204
robot_22
   -5.964528,    -26.22697,            0,            0,            0,   -0.8764613,    0.4814722
robot_38
   -13.49695,     1.989395,            0,            0,            0,    -0.403198,    0.9151128
robot_2
    30.11504,    -38.02961,            0,            0,            0,    0.7827744,    0.6223056
robot_110
     17.9628,    -9.889624,            0,            0,            0,   -0.9005548,    0.4347426
robot_14
   -22.06947,   -0.8491524,            0,            0,            0,   -0.9841739,    0.1772053
robot_181
   -33.91885,    -26.18609,            0,            0,            0,   -0.1647658,    0.9863327
robot_61
   -8.041831,     17.96809,            0,            0,            0,   -0.7896019,    0.6136195
robot_30
    3.372568,    -14.01865,            0,            0,            0,    0.6468288,    0.7626353
robot_122
    14.45496,     2.011213,            0,            0,            0,   -0.7777362,    0.6285908
robot_132
   -19.84692,    -33.97475,            0,            0,            0,   -0.9136417,    0.4065204
robot_45
   -26.08078,    -6.190401,            0,            0,            0,   -0.9913072,    0.1315677
robot_21
    13.94806,    -34.83105,            0,            0,            0,    0.5243704,    0.8514902
robot_39
    19.07121,     10.00874,            0,            0,            0,   -0.3969928,    0.9178217
robot_134
   -29.79407,     37.97243,            0,            0,            0,    0.9420606,    0.3354428
robot_15
    -18.2393,    -18.03197,            0,            0,            0,   -0.2902588,    0.9569482
robot_145
   -5.749816,    -5.904836,            0,            0,            0,   -0.0253708,    0.9996781
robot_140
    10.15743,    -10.07956,            0,            0,            0,    0.2871043,    0.9578993
robot_196
    35.30973,    -33.98892,            0,            0,            0,    -0.998339,   0.05761372
robot_188
    13.90985,     22.43285,            0,            0,            0,   -0.8652489,    0.5013425
robot_4
   -18.06828,       36.673,            0,            0,            0,   -0.8950523,    0.4459612
robot_155
    -10.3731,     30.00682,            0,            0,            0,   -0.3353795,    0.9420831
robot_135
    1.916718,     33.39974,            0,            0,            0,   -0.4581913,    0.8888536
robot_93
   -14.08143,    -30.77804,            0,            0,            0,   -0.9901457,     0.140041
robot_111
   -36.94902,      13.9922,            0,            0,            0,    0.1982403,    0.9801535
robot_0
    27.89204,     17.97176,            0,            0,            0,   -0.9939936,    0.1094381
robot_49
    17.91736,     35.30228,            0,            0,            0,   -0.2228269,     0.974858
robot_113
    12.05806,    -34.01478,            0,            0,            0,   -0.7428375,    0.6694717
robot_94
   -38.10146,    -29.68763,            0,            0,            0,   -0.8936843,    0.4486964
robot_40
    9.303049,      37.9807,            0,            0,            0,   -0.9572417,    0.2892893
robot_103
    13.44264,    -26.03011,            0,            0,            0,    0.4485613,    0.8937521
robot_6
    9.926567,     13.68362,            0,            0,            0,    0.9954076,    0.0957273
robot_71
    37.92934,    -11.56495,            0,            0,            0,    0.9585063,    0.2850714
robot_17
   -17.98953,    -25.78742,            0,            0,            0,   -0.2440681,    0.9697581
robot_120
   -18.04473,     4.816514,            0,            0,            0,   -0.6943801,    0.7196084
robot_189
    13.96441,     15.11708,            0,            0,            0,     0.406291,    0.9137437
robot_148
    1.642885,     30.00414,            0,            0,            0,   -0.9691173,    0.2466003
robot_186
   -21.75181,     5.961336,            0,            0,            0,   -0.9264444,    0.3764315
robot_198
   -38.06721,     22.14898,            0,            0,            0,   -0.7854906,    0.6188735
robot_107
    22.58089,    -34.01966,            0,            0,            0,   -0.9949612,    0.1002611
robot_18
    9.905183,    -29.14757,            0,            0,            0,   -0.8156951,    0.5784821
robot_23
    23.49003,     33.96932,            0,            0,            0,    0.7628214,    0.6466092
robot_46
    21.77147,    -5.904057,            0,            0,            0,  -0.02327916,     0.999729
robot_109
    5.963281,    -31.37544,            0,            0,            0,   -0.5076303,     0.861575
robot_10
    34.24804,     9.937696,            0,            0,            0,    0.4914323,    0.8709158
robot_157
   -6.052823,     37.80569,            0,            0,            0,   -0.8553886,    0.5179868
robot_70
    37.62987,     13.96986,            0,            0,            0,   -0.9852539,    0.1710986
robot_55
   -30.45474,     14.08636,            0,            0,            0,   -0.1444922,    0.9895059
robot_73
   -38.36913,     -14.0158,            0,            0,            0,    0.3967235,    0.9179382
robot_69
    25.99728,    -38.08973,            0,            0,            0,   -0.2715659,    0.9624198
robot_65
    18.01503,     37.89675,            0,            0,            0,   0.01414034,       0.9999
robot_124
   -10.05296,    -1.518679,            0,            0,            0,   -0.9538076,    0.3004181
robot_115
    38.42903,    -6.008444,            0,            0,            0,   -0.6502625,    0.7597096
robot_130
   -29.83127,    -1.964189,            0,            0,            0,     0.996586,   0.08256077
robot_85
   -13.97007,     38.25888,            0,            0,            0,   -0.8818398,    0.4715491
robot_91
    30.01074,    -18.27743,            0,            0,            0,   -0.5915744,    0.8062504
robot_47
   -2.094864,     -23.9939,            0,            0,            0,   -0.9830783,    0.1831857
robot_52
  -0.1017017,     34.01701,            0,            0,            0,   -0.9938242,    0.1109661
robot_195
  -0.2860508,     -14.0028,            0,            0,            0,   -0.6932328,    0.7207138
robot_72
   -22.07494,    -27.58787,            0,            0,            0,   -0.8495996,    0.5274283
robot_158
   -31.71363,     33.98319,            0,            0,            0,    0.4220435,    0.9065756
robot_153
   -34.02388,     10.33533,            0,            0,            0,    0.9405881,    0.3395498
robot_105
   -26.08531,     23.08131,            0,            0,            0,    0.1096622,    0.9939689
robot_162
   -10.20569,     13.91092,            0,            0,            0,    -0.997701,   0.06776945
robot_97
   -8.125541,    -29.98238,            0,            0,            0,    0.8901764,     0.455616
robot_90
    11.28122,    -14.00302,            0,            0,            0,    0.4819766,    0.8761841
robot_165
   -10.08629,     4.752052,            0,            0,            0,    0.1454109,    0.9893714
robot_42
   -22.09802,     28.06629,            0,            0,            0,   -0.7569644,    0.6534561
robot_7
   -34.04274,     24.96902,            0,            0,            0,    0.4401762,    0.8979114
robot_28
      2.2077,    -6.010994,            0,            0,            0,    0.9280199,    0.3725307
robot_118
   -34.07754,    -11.78649,            0,            0,            0,    0.6538598,    0.7566157
robot_139
    -16.2062,    -22.01243,            0,            0,            0,    0.8448979,    0.5349277
robot_129
   -18.14802,    -22.11381,            0,            0,            0,    0.3437798,    0.9390503
robot_57
    35.40421,     26.01428,            0,            0,            0,   -0.3795192,    0.9251839
robot_24
   -14.04239,    -17.18684,            0,            0,            0,    0.8053118,    0.5928515
robot_106
    37.93464,     11.73428,            0,            0,            0,    0.1616925,    0.9868412
robot_185
   -9.928099,    -18.14296,            0,            0,            0,  -0.05092643,    0.9987024
robot_174
   -29.85001,    -14.05766,            0,            0,            0,    -0.975898,     0.218227
robot_58
    30.23333,    -9.965386,            0,            0,            0,    0.9572478,    0.2892692
robot_12
   -15.00817,     33.97106,            0,            0,            0,    0.9237035,    0.3831081
robot_95
    11.66102,     17.98122,            0,            0,            0,    0.6485818,     0.761145
robot_78
   -18.05655,     -30.4776,            0,            0,            0,    0.2462094,    0.9692167
robot_62
   -18.08285,    -9.312062,            0,            0,            0,   -0.9642428,    0.2650204
robot_121
   -30.11924,    -17.71136,            0,            0,            0,   0.03118187,    0.9995137
robot_83
    29.76487,     -5.89223,            0,            0,            0,    0.4839313,     0.875106
robot_127
    13.88296,    -30.06894,            0,            0,            0,    0.5238599,    0.8518044
robot_128
   -22.05656,     34.76774,            0,            0,            0,    0.8239187,     0.566708
robot_32
    -1.97184,     22.28397,            0,            0,            0,    0.7883379,    0.6152425
robot_89
   -2.039136,     16.66132,            0,            0,            0,     0.179635,    0.9837333
robot_11
    37.94683,     6.407502,            0,            0,            0,   -0.8781616,    0.4783641
robot_37
    9.818992,     30.01014,            0,            0,            0,    0.2449047,    0.9695472
robot_175
   -10.07385,    -8.539373,            0,            0,            0,    0.4070559,    0.9134033
robot_50
    26.28401,     38.05636,            0,            0,            0,    0.7145073,     0.699628
robot_64
    25.74961,    -10.14208,            0,            0,            0,   -0.4437941,    0.8961288
robot_76
    30.21695,     9.979398,            0,            0,            0,    0.3769515,     0.926233
robot_104
    26.03763,    -6.105183,            0,            0,            0,    0.9911941,    0.1324167
robot_169
     14.3623,     30.06469,            0,            0,            0,    0.1757092,    0.9844421
robot_53
    25.81249,     18.13633,            0,            0,            0,   -0.1432678,     0.989684
