tuw_multi_robot_msgs::RobotGoalsArray @1970-01-01T01:40:44.100000
frame_id: map
        6044,    100000000
robot_84
    -2.07823,     9.929266,            0,            0,            0,   -0.7433118,    0.6689451
robot_116
    13.43802,      25.9178,            0,            0,            0,   -0.8277769,    0.5610574
robot_74
   -25.96972,     22.24541,            0,            0,            0,   -0.2992356,    0.9541792
robot_41
   -6.053883,     12.36557,            0,            0,            0,    0.8782106,    0.4782741
robot_125
    17.72541,     -18.0534,            0,            0,            0,    0.9624083,    0.2716069
robot_136
    26.09589,     26.04135,            0,            0,            0,   -0.6271349,    0.7789107
robot_173
    30.45605,    -2.000294,            0,            0,            0,   -0.6289291,    0.7774626
robot_67
    21.47025,     25.90036,            0,            0,            0,    0.2013594,    0.9795174
robot_197
    8.747581,     17.98599,            0,            0,            0,   -0.2166644,    0.9762462
robot_119
    -14.0005,     2.253267,            0,            0,            0,   -0.9887278,     0.149724
robot_82
    5.923848,    -23.00339,            0,            0,            0,    -0.466782,    0.8843724
robot_77
    13.90027,    -7.599268,            0,            0,            0,   -0.6115334,    0.7912186
robot_5
    38.05747,       21.898,            0,            0,            0,  -0.04098811,    0.9991596
robot_133
    29.94733,      31.4479,            0,            0,            0,   -0.8477426,    0.5304079
robot_99
   -10.07651,    0.3211669,            0,            0,            0,   -0.7543802,    0.6564377
robot_171
    13.95298,      31.7016,            0,            0,            0,    0.6845434,    0.7289721
robot_180
   -14.04391,      29.8903,            0,            0,            0,   -0.8037448,    0.5949743
robot_56
   -14.06007,    -12.48178,            0,            0,            0,   -0.2776946,    0.9606694
robot_3
   -12.93733,     -34.0217,            0,            0,            0,   -0.2715403,    0.9624271
robot_81
   -6.312718,    -9.925827,            0,            0,            0,   -0.7474984,    0.6642636
robot_167
   -22.03456,     37.97927,            0,            0,            0,    0.7913332,    0.6113851
robot_25
    29.92662,      -32.392,            0,            0,            0,   -0.2917216,    0.9565033
robot_168
   -30.09142,    -34.75042,            0,            0,            0,    -0.240732,    0.9705916
robot_96
    17.90978,     -30.0421,            0,            0,            0,   -0.9997054,   0.02427141
robot_166
   -37.94125,     29.97586,            0,            0,            0,    -0.581224,    0.8137436
robot_102
   -6.618797,    -18.02107,            0,            0,            0,    -0.959975,    0.2800857
robot_192
    6.063325,     22.23071,            0,            0,            0,    0.6927721,    0.7211565
robot_179
    5.967793,    -1.962738,            0,            0,            0,   -0.9980124,   0.06301801
robot_142
    32.05887,      38.0332,            0,            0,            0,    0.2493432,    0.9684152
robot_1
    6.131125,     5.982757,            0,            0,            0,   -0.9999984,  0.001761816
robot_44
   -38.14646,     13.97794,            0,            0,            0,   -0.9011309,    0.4335471
robot_163
   -25.30397,     38.01014,            0,            0,            0,   -0.4415096,    0.8972565
robot_79
   -10.03567,     28.72122,            0,            0,            0,    0.6704036,    0.7419966
robot_8
   -26.04232,     32.62791,            0,            0,            0,     0.181399,    0.9834096
robot_20
    6.743899,    -38.00556,            0,            0,            0,   -0.3045564,    0.9524943
robot_143
   -21.83476,     21.87507,            0,            0,            0,    0.9869889,    0.1607886
robot_138
   -6.058033,     5.806982,            0,            0,            0,     0.699716,    0.7144211
robot_123
    28.06315,    -34.01083,            0,            0,            0,    0.9505832,    0.3104699
robot_193
   -34.05671,    -9.546962,            0,            0,            0,    0.2013625,    0.9795168
robot_187
   -17.66887,    -1.921273,            0,            0,            0,    0.7748265,     0.632174
robot_176
   -30.46486,      5.97629,            0,            0,            0,   -0.2631561,    0.9647533
robot_66
   -38.07743,     -14.8063,            0,            0,            0,    -0.671671,    0.7408496
robot_63
    29.94589,      17.2924,            0,            0,            0,    0.3013472,    0.9535145
robot_31
   -38.09518,    -31.65244,            0,            0,            0,    0.6340471,    0.7732944
robot_159
   -10.56503,    -6.014315,            0,            0,            0,    0.7857517,    0.6185421
robot_160
    -33.6458,    -37.98144,            0,            0,            0,    0.9485606,    0.3165956
robot_151
   -4.003676,      18.0201,            0,            0,            0,    -0.745022,    0.6670399
robot_150
   -34.13675,    -18.35631,            0,            0,            0,   -0.3305315,     0.943795
robot_137
    8.337596,      29.9771,            0,            0,            0,    0.5167116,    0.8561595
robot_199
   -6.132713,       18.076,            0,            0,            0,   -0.7254796,    0.6882437
robot_54
   -22.04471,    -15.63743,            0,            0,            0,   -0.7853416,    0.6190627
robot_117
   -22.13708,     26.13453,            0,            0,            0,    0.9648241,    0.2628963
robot_36
   -13.66752,     34.09934,            0,            0,            0,   -0.9226247,    0.3856988
robot_33
    29.92927,     9.454312,            0,            0,            0,   -0.5172292,    0.8558469
robot_146
    33.58121,     -10.0979,            0,            0,            0,   -0.9407711,    0.3390423
robot_156
   -18.00307,     18.23107,            0,            0,            0,    0.9108185,    0.4128071
robot_112
    14.06922,    -33.94838,            0,            0,            0,    -0.231096,    0.9729309
robot_19
   -10.25817,     6.073526,            0,            0,            0,   -0.9952354,   0.09750098
robot_141
    17.93759,     27.71267,            0,            0,            0,    0.7442329,    0.6679202
robot_35
   -26.05733,     35.81766,            0,            0,            0,    0.8853698,    0.4648874
robot_184
    13.80073,    -1.908507,            0,            0,            0,    0.4417344,    0.8971459
robot_98
   -10.10818,    -17.68681,            0,            0,            0,    0.9796439,    0.2007432
robot_100
    9.966012,    -9.404278,            0,            0,            0,    0.1537646,    0.9881075
robot_164
   -14.49606,    -18.06415,            0,            0,            0,   -0.2350539,    0.9719823
robot_59
    1.906225,     11.64235,            0,            0,            0,   -0.9891946,    0.1466088
robot_144
   -22.01561,    -29.74066,            0,            0,            0,    -0.657111,    0.7537938
robot_101
    -28.2864,     21.99417,            0,            0,            0,    0.3736621,    0.9275649
robot_161
    1.965826,    -14.27257,            0,            0,            0,   -0.8042385,    0.5943067
robot_149
    25.93997,     2.191046,            0,            0,            0,    0.4786742,    0.8779926
robot_86
    34.07808,     21.77491,            0,            0,            0,   -0.1391878,     0.990266
robot_191
    1.919299,      30.2234,            0,            0,            0,    0.7342504,    0.6788788
robot_126
    25.94976,     4.178609,            0,            0,            0,    0.4592935,    0.8882846
robot_190
    9.964842,     27.59045,            0,            0,            0,    0.5793076,     0.815109
robot_131
   -14.94343,     18.03176,            0,            0,            0,   -0.9845096,    0.1753309
robot_154
    1.545161,     21.96042,            0,            0,            0,    0.6228858,    0.7823128
robot_9
   -34.08944,     8.310733,            0,            0,            0,   -0.7947426,    0.6069466
robot_27
    5.903661,    -18.56023,            0,            0,            0,    0.7942587,    0.6075798
robot_34
   -30.15833,     9.970151,            0,            0,            0,  -0.07904966,    0.9968707
robot_114
     9.93523,    -25.30232,            0,            0,            0,   -0.7446372,    0.6674694
robot_51
   -14.29304,     14.05087,            0,            0,            0,   -0.8217104,    0.5699053
robot_108
   -2.076469,     27.59916,            0,            0,            0,   -0.3093063,    0.9509625
robot_147
    22.08407,    -22.05494,            0,            0,            0,    0.6306034,    0.7761052
robot_183
   -39.75816,    -9.999897,            0,            0,            0,    0.3700723,     0.929003
robot_48
    25.93281,    -15.20164,            0,            0,            0,  -0.02765236,    0.9996176
robot_60
    10.13034,     22.13632,            0,            0,            0,   -0.8594993,     0.511137
robot_75
   -2.036949,     17.89894,            0,            0,            0,    0.2584452,    0.9660259
robot_152
    16.11294,    -26.00139,            0,            0,            0,    0.8419632,    0.5395349
robot_26
     24.8223,    -34.01586,            0,            0,            0,    0.5157867,     0.856717
robot_182
   -26.08806,    -6.945887,            0,            0,            0,   -0.9340397,    0.3571692
robot_172
   -6.074649,     26.79615,            0,            0,            0,    0.4770672,    0.8788668
robot_43
    26.14121,    -37.83759,            0,            0,            0,   -0.1425915,    0.9897816
robot_170
   -6.078908,     -27.6682,            0,            0,            0,    0.2010768,    0.9795755
robot_177
    5.951295,     36.77783,            0,            0,            0,     0.999994,  0.003450351
robot_80
    -18.1391,     -6.16362,            0,            0,            0,    0.9177197,    0.3972286
robot_16
   -26.05511,    -17.38151,            0,            0,            0,    -0.245324,    0.9694411
robot_13
   -34.05051,    -25.09957,            0,            0,            0,   -0.8568362,    0.5155887
robot_178
   -2.514965,     21.93799,            0,            0,            0,   -0.9937971,    0.1112086
robot_88
   -37.37438,    -6.003328,            0,            0,            0,    0.8701143,    0.4928501
robot_194
   -25.98448,     14.25443,            0,            0,            0,   -0.8865311,     0.462669
robot_29
    26.00676,     21.96983,            0,            0,            0,   -0.8595368,    0.5110738
robot_92
    25.94493,     36.57713,            0,            0,            0,    0.5363789,    0.8439773
robot_87
   -11.78879,    -21.96668,            0,            0,            0,    0.4425237,    0.8967568
robot_68
    -9.02757,    -34.00983,            0,            0,            0,    0.9795455,    0.2012227
robot_22
    33.91144,    -3.544222,            0,            0,            0,    -0.877926,    0.4787964
robot_38
     13.9776,     6.092414,            0,            0,            0,    0.9900502,    0.1407144
robot_2
    37.48531,     13.94863,            0,            0,            0,  -0.04175709,    0.9991278
robot_110
    36.12993,    -33.99738,            0,            0,            0,   0.04115863,    0.9991526
robot_14
    30.01102,     2.300057,            0,            0,            0,   -0.1534924,    0.9881498
robot_181
   -31.25479,    -14.03118,            0,            0,            0,    0.1367644,    0.9906036
robot_61
   -33.98178,    -21.64334,            0,            0,            0,   -0.5264405,     0.850212
robot_30
   -26.03663,     -10.2882,            0,            0,            0,   0.01151623,    0.9999337
robot_122
   -6.034888,    -20.41266,            0,            0,            0,    0.4318323,    0.9019539
robot_132
    30.75019,     14.02398,            0,            0,            0,   -0.8599893,     0.510312
robot_45
   -10.10804,    -1.785503,            0,            0,            0,    0.8895172,    0.4569017
robot_21
    25.95334,    -25.09518,            0,            0,            0,   -0.8890969,    0.4577189
robot_39
    7.346785,    -30.02902,            0,            0,            0,    0.7893429,    0.6139526
robot_134
   -30.23763,     21.88982,            0,            0,            0,    0.9986583,   0.05178401
robot_15
   -33.91402,    -5.793046,            0,            0,            0,    -0.547858,    0.8365713
robot_145
   0.2545969,    -34.01338,            0,            0,            0,    0.4623708,    0.8866867
robot_140
    13.18829,    -14.01307,            0,            0,            0,    0.9954619,   0.09516142
robot_196
   -10.04731,     12.76291,            0,            0,            0,   -0.9697487,    0.2441056
robot_188
   -27.69323,    -1.968595,            0,            0,            0,   -0.6809842,    0.7322981
robot_4
    33.92092,     17.80331,            0,            0,            0,   -0.4235096,    0.9058916
robot_155
    1.611746,    -29.93452,            0,            0,            0,  -0.09806169,    0.9951803
robot_135
    29.93391,    -28.51585,            0,            0,            0,    0.4958021,    0.8684355
robot_93
    27.19029,      17.9677,            0,            0,            0,   -0.8683076,    0.4960261
robot_111
    37.96257,    -14.69731,            0,            0,            0,   0.04513507,    0.9989809
robot_0
    38.16187,    -21.97507,            0,            0,            0,   -0.5066223,    0.8621681
robot_49
    5.190833,     -30.0097,            0,            0,            0,   -0.8184421,     0.574589
robot_113
    13.91255,     22.30889,            0,            0,            0,    0.9993966,   0.03473516
robot_94
    33.97978,     9.893304,            0,            0,            0,     0.615088,    0.7884584
robot_40
     9.88554,     -17.6653,            0,            0,            0,   -0.2622362,    0.9650037
robot_103
    9.543298,     -33.9871,            0,            0,            0,    0.5079369,    0.8613943
robot_6
   -3.048297,     5.983748,            0,            0,            0,    0.8430454,    0.5378425
robot_71
    13.93425,     28.09467,            0,            0,            0,   -0.1229415,    0.9924139
robot_17
   -22.08103,     18.95456,            0,            0,            0,    0.7023161,    0.7118652
robot_120
    37.85633,     9.724175,            0,            0,            0,     0.839225,    0.5437843
robot_189
   -9.571688,     17.99402,            0,            0,            0,  -0.05689678,    0.9983801
robot_148
    10.42693,     13.94235,            0,            0,            0,    0.5188798,    0.8548472
robot_186
   -6.066447,    -5.848475,            0,            0,            0,   -0.3414216,    0.9399103
robot_198
   -15.30046,    -14.00887,            0,            0,            0,   -0.1064898,    0.9943138
robot_107
    -8.16136,     14.00254,            0,            0,            0,   -0.4153481,    0.9096626
robot_18
    -24.6908,     2.008027,            0,            0,            0,     -0.58281,    0.8126084
robot_23
    33.91982,     13.25759,            0,            0,            0,    0.5537855,    0.8326594
robot_46
   -22.07632,    -37.86688,            0,            0,            0,   -0.6512075,    0.7588997
robot_109
    22.01026,    -5.806775,            0,            0,            0,  0.009665358,    0.9999533
robot_10
   -27.54783,     37.97767,            0,            0,            0,    0.6802926,    0.7329407
robot_157
   -36.07925,    -10.03075,            0,            0,            0,   -0.9144924,     0.404603
robot_70
    21.75533,    -29.98625,            0,            0,            0,  -0.07285415,    0.9973426
robot_55
   -27.01589,     6.003649,            0,            0,            0,     0.536231,    0.8440713
robot_73
   -11.82447,     29.97063,            0,            0,            0,   -0.9632304,    0.2686768
robot_69
    1.851792,    -9.705043,            0,            0,            0,    0.9133652,    0.4071412
robot_65
    17.94508,    -34.74401,            0,            0,            0,    0.3517373,    0.9360987
robot_124
    13.85677,      10.2424,            0,            0,            0,   -0.5886299,    0.8084027
robot_115
    -2.03981,     -28.3116,            0,            0,            0,    0.4606335,    0.8875904
robot_130
    2.326545,     6.000221,            0,            0,            0,   -0.5071291,    0.8618701
robot_85
    27.93754,     5.990741,            0,            0,            0,   -0.7297214,    0.6837446
robot_91
    15.62846,    -22.00459,            0,            0,            0,    0.8774651,    0.4796405
robot_47
   -14.86014,    -1.972239,            0,            0,            0,    0.8572424,     0.514913
robot_52
   -34.05857,     10.80738,            0,            0,            0,   -0.6544667,    0.7560908
robot_195
   -18.57602,      38.0317,            0,            0,            0,   -0.9197969,    0.3923948
robot_72
    17.71767,    -10.11587,            0,            0,            0,   -0.3915787,    0.9201446
robot_158
   -6.098269,     31.27109,            0,            0,            0,    0.7085432,    0.7056674
robot_153
   -10.07329,    -24.17032,            0,            0,            0,   -0.3589288,    0.9333649
robot_105
    37.90487,     32.98532,            0,            0,            0,   -0.7131163,    0.7010458
robot_162
   -18.03463,     -14.1263,            0,            0,            0,    -0.269885,    0.9628926
robot_97
   -10.60023,     37.99817,            0,            0,            0,   -0.5906601,    0.8069205
robot_90
    24.48023,    -1.980607,            0,            0,            0,   -0.9362403,    0.3513603
robot_165
    24.48303,      33.9971,            0,            0,            0,    0.8576338,    0.5142609
robot_42
   -31.09258,    -18.00322,            0,            0,            0,   -0.3456439,    0.9383657
robot_7
   -34.09301,     5.030402,            0,            0,            0,    0.3109567,    0.9504241
robot_28
    -25.7324,     30.04868,            0,            0,            0,   -0.7175859,      0.69647
robot_118
   -36.94971,     9.973169,            0,            0,            0,   0.01311512,     0.999914
robot_139
    17.91355,    -21.24241,            0,            0,            0,    -0.074115,    0.9972497
robot_129
    33.72446,     30.07541,            0,            0,            0,   -0.5801889,    0.8144819
robot_57
    17.94341,     23.58926,            0,            0,            0,   -0.7147111,    0.6994198
robot_24
    33.93505,    -20.12569,            0,            0,            0,   -0.4834915,    0.8753491
robot_106
    18.08269,    -5.879377,            0,            0,            0,    0.9845564,    0.1750679
robot_185
    1.928128,    -20.73518,            0,            0,            0,   -0.9998977,    0.0143066
robot_174
    25.93252,    -7.654296,            0,            0,            0,    0.6434336,    0.7655019
robot_58
   -37.99169,     33.73196,            0,            0,            0,    0.4481026,    0.8939821
robot_12
    21.90643,     38.16475,            0,            0,            0,    0.9447036,    0.3279255
robot_95
    13.92894,    -16.79019,            0,            0,            0,    0.6648884,    0.7469428
robot_78
    24.83308,     18.01161,            0,            0,            0,   -0.9325215,    0.3611144
robot_62
   -14.09391,     36.56869,            0,            0,            0,   -0.9507177,    0.3100577
robot_121
   -24.90734,     26.00061,            0,            0,            0,   -0.9991106,   0.04216759
robot_83
    29.93781,    -20.13212,            0,            0,            0,  -0.05639839,    0.9984083
robot_127
   -36.71784,    -34.01121,            0,            0,            0,    0.9795429,    0.2012355
robot_128
   -17.64475,     26.02727,            0,            0,            0,   -0.2661211,    0.9639396
robot_32
    33.92481,     34.58235,            0,            0,            0,    0.2766804,     0.960962
robot_89
    -7.75363,     1.980846,            0,            0,            0,   0.09003522,    0.9959386
robot_11
    7.621847,    -13.96924,            0,            0,            0,    0.2708239,    0.9626289
robot_37
   -13.92933,    -30.20878,            0,            0,            0,    0.5848946,    0.8111093
robot_175
   -26.09722,    -4.437791,            0,            0,            0,   0.03189281,    0.9994913
robot_50
    21.90161,      31.8809,            0,            0,            0,     0.651382,    0.7587499
robot_64
    1.956207,    -32.38133,            0,            0,            0,    0.9804477,    0.1967798
robot_76
   -8.965786,    -26.01081,            0,            0,            0,   -0.3354375,    0.9420624
robot_104
   -25.29405,    -21.98969,            0,            0,            0,   -0.2952775,    0.9554115
robot_169
   -17.96452,    -26.03322,            0,            0,            0,   -0.3068262,    0.9517656
robot_53
     10.0909,     1.992743,            0,            0,            0,    -0.131027,    0.9913788
