tuw_multi_robot_msgs::RobotGoalsArray @1970-01-01T00:01:48.500000
frame_id: map
         108,    500000000
robot_0
   -2.715877,     2.824696,            0,            0,            0,   -0.9997411,   0.02275169
robot_1
    1.587719,     -1.95471,            0,            0,            0,   -0.9999999, 0.0003932891
robot_2
   -2.082627,     5.757932,            0,            0,            0,   -0.8907689,    0.4544566
robot_3
    1.963647,    -3.088902,            0,            0,            0,    0.3119465,    0.9500997
robot_4
     5.98768,     2.029977,            0,            0,            0,    0.9966706,   0.08153406
robot_5
    1.725096,     2.137245,            0,            0,            0,    0.6909931,    0.7228613
robot_6
   -6.147628,     6.261045,            0,            0,            0,   -0.9450617,     0.326892
robot_7
   -6.279239,    -6.165618,            0,            0,            0,   -0.8301182,    0.5575874
