tuw_multi_robot_msgs::RobotGoalsArray @1970-01-01T00:03:16.200000
frame_id: map
         196,    200000000
robot_0
   -5.915388,      2.11228,            0,            0,            0,    0.1392827,    0.9902527
robot_1
   -1.609378,      2.80284,            0,            0,            0,    0.7122445,    0.7019315
robot_2
   -3.143049,     6.010213,            0,            0,            0,  -0.06525351,    0.9978687
robot_3
   -2.026557,    -6.202076,            0,            0,            0,    0.4377325,    0.8991053
robot_4
   -7.417406,      2.01201,            0,            0,            0,   -0.1036007,     0.994619
robot_5
   -2.084965,    -1.095254,            0,            0,            0,    0.9912882,    0.1317106
robot_6
   -6.039182,    -7.168484,            0,            0,            0,   -0.6566305,    0.7542124
robot_7
   -2.058348,    -2.153798,            0,            0,            0,   -0.4175249,    0.9086655
