tuw_multi_robot_msgs::RobotGoalsArray @1970-01-01T00:03:45.900000
frame_id: map
         225,    900000000
robot_0
   -3.022583,     3.138902,            0,            0,            0,  -0.01225448,    0.9999249
robot_1
    1.622155,    -1.947211,            0,            0,            0,   -0.9708165,    0.2398234
robot_2
   -1.301172,      5.96877,            0,            0,            0,    0.2989397,     0.954272
robot_3
    5.841728,    -2.283206,            0,            0,            0,   -0.7894425,    0.6138246
robot_4
   -2.039369,      3.58074,            0,            0,            0,    -0.994785,    0.1019941
robot_5
   -1.298787,      2.20033,            0,            0,            0,       0.5753,    0.8179425
robot_6
    5.907487,    -6.880077,            0,            0,            0,     0.786504,    0.6175852
robot_7
    1.936651,       2.6741,            0,            0,            0,     0.274516,    0.9615825
