tuw_multi_robot_msgs::RobotGoalsArray @1970-01-01T00:01:34.500000
frame_id: map
          94,    500000000
robot_0
   -6.533637,    -6.021163,            0,            0,            0,     0.800678,    0.5990949
robot_1
   -1.244888,     -6.00161,            0,            0,            0,    0.8759545,    0.4823937
robot_2
    -6.08131,     3.614855,            0,            0,            0,   -0.9570747,    0.2898413
robot_3
   -2.913242,     2.229373,            0,            0,            0,   -0.2573457,    0.9663194
robot_4
    5.821403,     5.829518,            0,            0,            0,   0.04923359,    0.9987873
robot_5
  -0.5772192,     5.974354,            0,            0,            0,   -0.4107133,    0.9117646
robot_6
    -1.95314,     5.852358,            0,            0,            0,   -0.9973643,   0.07255649
robot_7
   -1.312726,     3.156812,            0,            0,            0,    0.6164436,    0.7873991
