tuw_multi_robot_msgs::RobotGoalsArray @1970-01-01T00:02:48.200000
frame_id: map
         168,    200000000
robot_0
    5.703504,    -2.024049,            0,            0,            0,    -0.950976,    0.3092647
robot_1
   -1.321383,     1.979855,            0,            0,            0,    0.9348164,    0.3551314
robot_2
     6.05728,     5.798826,            0,            0,            0,   -0.6181826,    0.7860345
robot_3
    1.990055,    -5.876603,            0,            0,            0,   -0.5804448,    0.8142996
robot_4
   0.3704364,     -5.97434,            0,            0,            0,    0.9064869,    0.4222339
robot_5
   -2.069018,     6.183096,            0,            0,            0,    0.9944776,    0.1049487
robot_6
    1.847575,     2.148748,            0,            0,            0,   -0.9031779,    0.4292664
robot_7
   -6.065164,      -1.4901,            0,            0,            0,    0.7044666,    0.7097371
