tuw_multi_robot_msgs::RobotGoalsArray @1970-01-01T00:04:33.800000
frame_id: map
         273,    800000000
robot_0
   -2.995066,      2.67696,            0,            0,            0,   -0.1099337,    0.9939389
robot_1
   -6.010432,     2.001397,            0,            0,            0,    0.7981345,    0.6024794
robot_2
    6.009478,     5.695538,            0,            0,            0,    0.7105734,    0.7036231
robot_3
    5.717835,     2.093754,            0,            0,            0,   0.06068832,    0.9981568
robot_4
    1.539737,    -1.906377,            0,            0,            0,   0.05695941,    0.9983765
robot_5
   0.1196549,    -5.986291,            0,            0,            0,   -0.7468434,    0.6649999
robot_6
   -1.136855,     3.090788,            0,            0,            0,   -0.9001292,     0.435623
robot_7
   -6.377454,    -6.007646,            0,            0,            0,     0.602837,    0.7978643
