tuw_multi_robot_msgs::RobotGoalsArray @1970-01-01T00:02:50.200000
frame_id: map
         170,    200000000
robot_0
   -2.147236,     2.081168,            0,            0,            0,   -0.6921084,    0.7217935
robot_1
   0.4252277,    -2.032496,            0,            0,            0,    0.6222543,    0.7828152
robot_2
   -6.080372,    -4.060827,            0,            0,            0,    0.5516928,    0.8340474
robot_3
   -2.129241,     3.482412,            0,            0,            0,   -0.8455996,    0.5338177
robot_4
    -2.01429,     -5.89738,            0,            0,            0,   -0.8278259,    0.5609851
robot_5
    5.968775,    -2.201407,            0,            0,            0,   -0.6425261,    0.7662638
robot_6
    5.065463,     6.018717,            0,            0,            0,   -0.4091842,    0.9124518
robot_7
   -4.224912,     6.021085,            0,            0,            0,   -0.9626599,    0.2707137
