tuw_multi_robot_msgs::RobotGoalsArray @1970-01-01T00:03:59.900000
frame_id: map
         239,    900000000
robot_0
   -1.183123,     2.543167,            0,            0,            0,    0.9746028,    0.2239406
robot_1
   -2.429498,     2.425703,            0,            0,            0,     0.446095,    0.8949856
robot_2
   -2.049905,   -0.8931175,            0,            0,            0, -0.0002710091,            1
robot_3
   0.4914964,     1.989912,            0,            0,            0,   -0.0769756,     0.997033
robot_4
     1.98215,    -2.219741,            0,            0,            0,    0.9442345,    0.3292738
robot_5
   -2.061502,    -5.737811,            0,            0,            0,    0.2481124,    0.9687312
robot_6
    7.317693,     2.026284,            0,            0,            0,  -0.05549039,    0.9984592
robot_7
   -6.068404,      2.61188,            0,            0,            0,    0.4288365,    0.9033821
