tuw_multi_robot_msgs::RobotGoalsArray @1970-01-01T00:02:24.300000
frame_id: map
         144,    300000000
robot_0
   -2.037022,  -0.07683666,            0,            0,            0,   -0.6387587,    0.7694071
robot_1
   -2.589633,     2.178206,            0,            0,            0,    0.7852293,     0.619205
robot_2
    1.701327,    -5.891483,            0,            0,            0,     0.624268,    0.7812103
robot_3
  -0.9263116,      2.33347,            0,            0,            0,   -0.9047251,    0.4259959
robot_4
    2.078385,     5.926011,            0,            0,            0,   -0.5747557,     0.818325
robot_5
    3.707238,    -1.983023,            0,            0,            0,   -0.8280177,    0.5607019
robot_6
    1.942199,     4.092768,            0,            0,            0,   -0.8537434,    0.5206939
robot_7
   -2.286584,     6.014874,            0,            0,            0,  -0.06426113,    0.9979331
