tuw_multi_robot_msgs::RobotGoalsArray @1970-01-01T00:04:15.900000
frame_id: map
         255,    900000000
robot_0
   0.6360474,    -6.026893,            0,            0,            0,   -0.9715404,    0.2368738
robot_1
    1.492845,     6.041527,            0,            0,            0,   -0.4647808,    0.8854258
robot_2
    6.021833,     5.647841,            0,            0,            0,    -0.967668,    0.2522272
robot_3
    3.989523,     -5.99123,            0,            0,            0,   -0.9683757,    0.2494963
robot_4
   -6.262178,     1.944011,            0,            0,            0,   -0.9269971,    0.3750684
robot_5
    5.759137,    -1.894195,            0,            0,            0,     -0.94059,    0.3395444
robot_6
   -3.083555,     2.049704,            0,            0,            0,    0.7899456,     0.613177
robot_7
   -6.036767,     5.181719,            0,            0,            0,    0.7652566,    0.6437253
