tuw_multi_robot_msgs::RobotGoalsArray @1970-01-01T00:02:18.300000
frame_id: map
         138,    300000000
robot_0
    2.469604,    -5.996239,            0,            0,            0,    0.9509785,     0.309257
robot_1
    1.917289,    -7.339006,            0,            0,            0,    0.2768227,     0.960921
robot_2
    1.034193,    -6.010511,            0,            0,            0,    0.6145565,    0.7888728
robot_3
   -1.176818,     2.424439,            0,            0,            0,   -0.9576097,    0.2880689
robot_4
   -2.016578,    -5.809285,            0,            0,            0,    0.7370436,    0.6758452
robot_5
   -5.995062,    -2.155226,            0,            0,            0,    0.5647411,    0.8252681
robot_6
   -2.434388,     6.042583,            0,            0,            0,   0.02927478,    0.9995714
robot_7
    -3.08975,     2.555141,            0,            0,            0,   -0.4022532,    0.9155284
