tuw_multi_robot_msgs::RobotGoalsArray @1970-01-01T00:02:26.300000
frame_id: map
         146,    300000000
robot_0
    6.677368,    -6.014424,            0,            0,            0,   -0.6655052,    0.7463932
robot_1
   -5.870926,    -5.866465,            0,            0,            0,    0.9269927,    0.3750794
robot_2
    1.612553,     6.063167,            0,            0,            0,    0.1240176,      0.99228
robot_3
 -0.03374697,    -6.023164,            0,            0,            0,    0.2793745,    0.9601822
robot_4
    4.942981,     6.015518,            0,            0,            0,    0.9780219,    0.2085022
robot_5
   -7.443792,    -2.028142,            0,            0,            0,   -0.9996385,   0.02688753
robot_6
   -3.162082,     2.254854,            0,            0,            0,   0.03092301,    0.9995218
robot_7
   -6.040034,     5.978292,            0,            0,            0,    0.5778665,    0.8161313
