tuw_multi_robot_msgs::RobotGoalsArray @1970-01-01T00:04:01.800000
frame_id: map
         241,    800000000
robot_0
   0.4399581,    -2.028589,            0,            0,            0,  -0.08744632,    0.9961692
robot_1
   -6.563027,     6.050073,            0,            0,            0,   -0.9250499,    0.3798456
robot_2
   -5.334558,      2.01758,            0,            0,            0,   -0.6755438,    0.7373199
robot_3
   0.9680976,     1.967743,            0,            0,            0,   -0.1449901,    0.9894331
robot_4
   -1.723767,     2.902346,            0,            0,            0,    0.8693203,    0.4942491
robot_5
   -6.367763,     -5.99838,            0,            0,            0,    0.4989164,    0.8666501
robot_6
    -1.97623,    -5.734266,            0,            0,            0,    -0.998089,    0.0617927
robot_7
    5.930611,    -1.709056,            0,            0,            0, -0.005607679,    0.9999843
