tuw_multi_robot_msgs::RobotGoalsArray @1970-01-01T00:02:00.400000
frame_id: map
         120,    400000000
robot_0
   -1.221329,     2.554659,            0,            0,            0,    0.9933197,    0.1153947
robot_1
    1.901049,    -1.906101,            0,            0,            0,    0.7826802,    0.6224241
robot_2
   -1.885708,     3.261279,            0,            0,            0,   -0.5736912,    0.8190717
robot_3
    5.963479,     -2.79035,            0,            0,            0,   -0.6509301,    0.7591377
robot_4
    5.923293,     6.975047,            0,            0,            0,   -0.9705388,    0.2409449
robot_5
    1.902009,    -3.113749,            0,            0,            0,   -0.5233443,    0.8521213
robot_6
   -3.009005,     2.460957,            0,            0,            0,   0.05077847,    0.9987099
robot_7
    5.915816,     1.110866,            0,            0,            0,   -0.8168836,    0.5768025
