tuw_multi_robot_msgs::RobotGoalsArray @1970-01-01T00:03:36.100000
frame_id: map
         216,    100000000
robot_0
   -1.728124,    -6.020634,            0,            0,            0,   -0.9718885,    0.2354416
robot_1
   -2.745511,     2.145143,            0,            0,            0,     0.282325,    0.9593188
robot_2
    5.926944,   -0.9726156,            0,            0,            0,   -0.4473473,    0.8943604
robot_3
   0.7341769,    -5.966711,            0,            0,            0,     0.915693,    0.4018786
robot_4
    1.802837,    -1.888791,            0,            0,            0,    0.4897103,    0.8718852
robot_5
   -2.077225,     3.755731,            0,            0,            0,   -0.5851792,     0.810904
robot_6
    5.914226,    -3.701503,            0,            0,            0,   -0.6833317,    0.7301081
robot_7
    6.015537,     1.873561,            0,            0,            0,   -0.5663216,    0.8241844
