tuw_multi_robot_msgs::RobotGoalsArray @1970-01-01T00:02:32.300000
frame_id: map
         152,    300000000
robot_0
    -1.82158,     2.963594,            0,            0,            0,    0.9311143,    0.3647275
robot_1
     -6.0495,     -4.84575,            0,            0,            0,    0.6805916,     0.732663
robot_2
   -6.083406,     1.220029,            0,            0,            0,   -0.3835185,    0.9235332
robot_3
    5.923298,     7.069709,            0,            0,            0,   -0.8612078,    0.5082531
robot_4
   -3.105425,     2.876985,            0,            0,            0,    0.9291791,    0.3696298
robot_5
    5.499647,     -1.98424,            0,            0,            0,   -0.7823757,    0.6228068
robot_6
   -2.065021,    -3.624718,            0,            0,            0,  -0.08778981,     0.996139
robot_7
   -2.094968,     1.765977,            0,            0,            0,   -0.5761101,    0.8173721
