tuw_multi_robot_msgs::RobotGoalsArray @1970-01-01T00:01:56.500000
frame_id: map
         116,    500000000
robot_0
    1.941953,    -3.463604,            0,            0,            0,   -0.9096367,    0.4154048
robot_1
    -4.46019,    -2.008663,            0,            0,            0,    -0.108619,    0.9940835
robot_2
   -1.686622,    -5.981717,            0,            0,            0,   -0.5696575,    0.8218822
robot_3
   -1.566721,     2.296987,            0,            0,            0,   -0.9643182,    0.2647458
robot_4
    5.678392,    -2.054795,            0,            0,            0,   -0.8422638,    0.5390655
robot_5
   -2.354524,     3.004048,            0,            0,            0,    0.3230963,    0.9463661
robot_6
    6.111986,    -6.133818,            0,            0,            0,   -0.4713032,    0.8819712
robot_7
   -5.960084,    -2.189383,            0,            0,            0,    0.9923689,     0.123304
