tuw_multi_robot_msgs::RobotGoalsArray @1970-01-01T00:04:03.800000
frame_id: map
         243,    800000000
robot_0
   -2.080775,    -3.696026,            0,            0,            0,    0.9668149,    0.2554778
robot_1
    1.834039,     1.633486,            0,            0,            0,   -0.1255799,    0.9920835
robot_2
   -1.905198,     2.730891,            0,            0,            0,    0.7360766,    0.6768983
robot_3
    5.929121,     6.704593,            0,            0,            0,   -0.0374728,    0.9992976
robot_4
   -6.340811,     1.950443,            0,            0,            0,    0.9952245,   0.09761244
robot_5
     -7.6231,       1.9948,            0,            0,            0,   -0.6679172,    0.7442356
robot_6
   -6.078969,    -5.609221,            0,            0,            0,    0.9243053,     0.381654
robot_7
   -7.423802,     6.022153,            0,            0,            0,    0.7853826,    0.6190106
