tuw_multi_robot_msgs::RobotGoalsArray @1970-01-01T00:04:13.900000
frame_id: map
         253,    900000000
robot_0
    1.561435,     2.050361,            0,            0,            0,   -0.9919466,    0.1266566
robot_1
   -2.016989,     3.358764,            0,            0,            0,   -0.8948493,    0.4463683
robot_2
    5.870183,     1.879841,            0,            0,            0,   -0.3411043,    0.9400255
robot_3
    2.636925,    -5.977319,            0,            0,            0,    0.4724595,    0.8813524
robot_4
   -2.053573,    -1.710661,            0,            0,            0,   -0.6960922,    0.7179524
robot_5
   -6.073138,    -1.405904,            0,            0,            0,   -0.9145198,    0.4045411
robot_6
   -6.033522,    -6.505804,            0,            0,            0,   -0.7999363,     0.600085
robot_7
    -2.18165,     2.194766,            0,            0,            0,    0.9981574,   0.06067838
