tuw_multi_robot_msgs::RobotGoalsArray @1970-01-01T00:01:38.500000
frame_id: map
          98,    500000000
robot_0
    5.636137,     1.962136,            0,            0,            0,    0.9889462,    0.1482746
robot_1
  -0.7697778,     2.059908,            0,            0,            0,    0.5228893,    0.8524006
robot_2
   -7.017625,      1.97919,            0,            0,            0,    0.1284203,    0.9917198
robot_3
    1.942927,    -4.796937,            0,            0,            0,   -0.9118877,    0.4104397
robot_4
   -5.865287,     1.965815,            0,            0,            0,    0.0330361,    0.9994542
robot_5
    7.135811,     2.026472,            0,            0,            0,    -0.448125,    0.8939709
robot_6
   -2.803431,     2.279536,            0,            0,            0,    0.7530797,    0.6579293
robot_7
   -6.123703,    -1.749097,            0,            0,            0,    0.3735656,    0.9276038
