tuw_multi_robot_msgs::RobotGoalsArray @1970-01-01T00:03:44.900000
frame_id: map
         224,    900000000
robot_0
   -17.37493,     1.973994,            0,            0,            0,    0.7809817,     0.624554
robot_1
    -2.77665,    -18.02488,            0,            0,            0,   -0.3240684,    0.9460337
robot_2
   -10.04425,    -5.187709,            0,            0,            0,    0.6925328,    0.7213864
robot_3
   -1.953943,    -1.880889,            0,            0,            0,    0.4377211,    0.8991108
robot_4
   -15.20974,    -14.00349,            0,            0,            0,     0.986518,    0.1636527
robot_5
    17.90409,     7.943801,            0,            0,            0,    0.5540102,    0.8325099
robot_6
   -14.07033,    -13.65147,            0,            0,            0,    0.8123135,     0.583221
robot_7
    5.908473,     18.38682,            0,            0,            0,    -0.487435,    0.8731593
robot_8
    9.468903,    -9.918498,            0,            0,            0,    0.9999996, 0.0008942489
robot_9
   -17.84068,     6.035958,            0,            0,            0,     0.957329,    0.2890004
robot_10
   -17.47744,    -9.988713,            0,            0,            0,    0.9709635,    0.2392279
robot_11
    1.770492,    -2.152997,            0,            0,            0,   -0.6698742,    0.7424747
robot_12
    1.907357,    -9.848032,            0,            0,            0,    0.7664336,    0.6423235
robot_13
    4.197053,    -13.97149,            0,            0,            0,    0.8060186,    0.5918902
robot_14
    17.87026,     -9.97865,            0,            0,            0,   -0.0633966,    0.9979884
robot_15
    9.454808,    -14.05903,            0,            0,            0,    0.3717386,    0.9283375
robot_16
   0.6096869,    -1.983933,            0,            0,            0,    0.5459669,    0.8378067
robot_17
   -19.11239,    -2.024941,            0,            0,            0,   -0.7974996,    0.6033195
robot_18
    17.73505,     1.984192,            0,            0,            0,   -0.4098357,    0.9121593
robot_19
    13.93396,    -8.272487,            0,            0,            0,    0.4863384,    0.8737706
robot_20
   -18.72371,    -10.02989,            0,            0,            0,   -0.8076439,    0.5896705
robot_21
    1.947142,    -19.13484,            0,            0,            0,   -0.5225428,    0.8526131
robot_22
   -6.062201,     17.54053,            0,            0,            0,    0.6742106,    0.7385391
robot_23
    -1.97995,    -6.188668,            0,            0,            0,   -0.6586619,     0.752439
robot_24
    5.601532,    -1.964393,            0,            0,            0,   -0.3405944,    0.9402103
robot_25
    5.945143,    -16.49606,            0,            0,            0,   -0.9793758,    0.2020473
robot_26
   -15.40366,    -2.020223,            0,            0,            0,    0.2348653,    0.9720279
robot_27
      10.088,     10.14681,            0,            0,            0,    0.0782778,    0.9969316
robot_28
   -10.04791,    -15.21931,            0,            0,            0,   -0.6237116,    0.7816545
robot_29
    14.08265,    -6.012406,            0,            0,            0,   -0.5805024,    0.8142586
robot_30
    6.911878,     -2.03265,            0,            0,            0,   -0.9966353,   0.08196374
robot_31
    12.65665,     14.01038,            0,            0,            0,   -0.9952726,   0.09712123
robot_32
    8.663872,    -2.007823,            0,            0,            0,    0.9644453,    0.2642825
robot_33
     18.0918,     6.153907,            0,            0,            0,   -0.6126431,    0.7903597
robot_34
   -2.098194,     1.489554,            0,            0,            0,    0.2885951,    0.9574512
robot_35
   -5.888758,     10.01341,            0,            0,            0,    0.6710967,    0.7413698
robot_36
    13.94845,    -11.55336,            0,            0,            0,   -0.9535642,    0.3011898
robot_37
   -19.50971,     1.989592,            0,            0,            0,   -0.6996598,    0.7144762
robot_38
    1.875241,     10.00729,            0,            0,            0,    0.9727732,     0.231759
robot_39
   -10.03784,     8.606368,            0,            0,            0,    0.9908677,     0.134838
robot_40
    17.92275,     13.33847,            0,            0,            0,   -0.4319967,    0.9018752
robot_41
    13.93805,    -1.922408,            0,            0,            0,    0.5575328,    0.8301549
robot_42
   -12.91992,     17.99131,            0,            0,            0,   -0.2150336,    0.9766066
robot_43
    3.623458,     13.96731,            0,            0,            0,    0.9813559,    0.1921996
robot_44
   -17.71883,    -5.948698,            0,            0,            0,   -0.9418049,    0.3361599
robot_45
    9.719822,     2.094541,            0,            0,            0,   -0.9553007,    0.2956358
robot_46
   -14.04049,    -5.625191,            0,            0,            0,    0.2094241,    0.9778249
robot_47
   -10.08829,     12.73667,            0,            0,            0,   -0.9803917,    0.1970588
robot_48
    -2.26887,    -14.03439,            0,            0,            0,   -0.1746595,    0.9846289
robot_49
   -18.06889,     12.57743,            0,            0,            0,   -0.9068406,    0.4214737
robot_50
   -12.36989,    -17.98656,            0,            0,            0,    0.2577429,    0.9662135
robot_51
    -9.77472,    -1.982537,            0,            0,            0,   -0.7798026,    0.6260255
robot_52
   -10.09579,    -16.38416,            0,            0,            0,   -0.1174343,    0.9930807
robot_53
    11.73301,     18.00645,            0,            0,            0,   -0.9487513,    0.3160237
robot_54
    -10.4157,     14.05403,            0,            0,            0,     0.622692,     0.782467
robot_55
    17.98407,     9.867522,            0,            0,            0,    0.7683207,    0.6400651
robot_56
    10.60567,    -9.973651,            0,            0,            0,     0.961817,    0.2736934
robot_57
    13.95665,     9.959655,            0,            0,            0,   -0.4405303,    0.8977378
robot_58
   -18.11087,    -13.85111,            0,            0,            0,   -0.3060067,    0.9520293
robot_59
   -10.51585,    -10.07707,            0,            0,            0,    0.6445509,    0.7645614
robot_60
    -7.33362,    -13.99073,            0,            0,            0,   -0.9997298,   0.02324678
robot_61
   -8.527562,      2.01016,            0,            0,            0,    0.7429756,    0.6693185
robot_62
    13.94089,     1.939927,            0,            0,            0,   -0.9998992,   0.01419737
robot_63
      9.9079,    -15.11844,            0,            0,            0,   -0.3892855,    0.9211171
robot_64
    11.34732,      -17.987,            0,            0,            0,   -0.8789575,       0.4769
robot_65
   -14.06622,     13.04737,            0,            0,            0,   -0.9937837,    0.1113286
robot_66
    1.960102,    -14.68557,            0,            0,            0,    0.9602643,    0.2790922
robot_67
    5.925207,    -14.06537,            0,            0,            0,    0.9167355,    0.3994946
robot_68
    13.91101,      3.59565,            0,            0,            0,   -0.1933338,     0.981133
robot_69
    17.83425,    -6.342205,            0,            0,            0,   -0.3268692,    0.9450696
robot_70
   -14.03736,     14.90751,            0,            0,            0,   -0.6892145,    0.7245573
robot_71
    15.72254,    -10.00635,            0,            0,            0,   -0.4493152,    0.8933733
robot_72
   -3.806407,    -14.00649,            0,            0,            0,    0.3505908,    0.9365287
robot_73
    9.936656,    -2.402446,            0,            0,            0,    0.8256413,    0.5641953
robot_74
  -0.8384268,     9.967785,            0,            0,            0,    0.3751368,    0.9269694
robot_75
    5.700754,    -17.90216,            0,            0,            0,   -0.9978795,   0.06508797
robot_76
   -14.05839,      19.1726,            0,            0,            0,   -0.9999942,  0.003409011
robot_77
   -8.195357,     14.02183,            0,            0,            0,    0.9939829,    0.1095352
robot_78
   -13.64018,    -18.05039,            0,            0,            0,    0.9626374,    0.2707936
robot_79
   -1.849998,     18.12514,            0,            0,            0,    0.7790902,    0.6269119
robot_80
    1.905171,      16.3283,            0,            0,            0,   -0.8898177,    0.4563162
robot_81
     13.9313,    -14.97685,            0,            0,            0,   -0.9091447,    0.4164805
robot_82
    2.523627,     18.01321,            0,            0,            0,   -0.5396414,     0.841895
robot_83
    8.214361,    -18.03213,            0,            0,            0,    -0.177621,     0.984099
robot_84
    -11.5583,     13.97777,            0,            0,            0,   -0.5565436,    0.8308184
robot_85
   -4.225084,    -9.966945,            0,            0,            0,   -0.9208518,    0.3899128
robot_86
    9.926036,     3.094461,            0,            0,            0,   -0.8558504,    0.5172235
robot_87
   -6.672103,     -10.0172,            0,            0,            0,   -0.6219041,    0.7830934
robot_88
    9.908077,     12.61673,            0,            0,            0,    0.6494727,    0.7603849
robot_89
   -14.03591,    -15.10592,            0,            0,            0,    0.5211236,    0.8534812
robot_90
   -6.474472,     2.028761,            0,            0,            0,   -0.7733744,    0.6339496
robot_91
    4.091347,    -10.00531,            0,            0,            0, -0.004615023,    0.9999894
robot_92
   -15.58542,      9.98918,            0,            0,            0,   -0.9998177,   0.01909489
robot_93
    9.925167,     6.351863,            0,            0,            0,    0.2380699,     0.971248
robot_94
   -14.04398,    -9.412328,            0,            0,            0,    0.6832272,    0.7302058
robot_95
   -2.883758,     -10.0066,            0,            0,            0,   0.02297057,    0.9997361
robot_96
    13.92978,    0.9528846,            0,            0,            0,   -0.6952215,    0.7187956
robot_97
   0.1727051,    -18.02869,            0,            0,            0,   -0.6468683,    0.7626018
robot_98
   -6.524161,      -1.9099,            0,            0,            0,   -0.7788178,    0.6272502
robot_99
   -14.08242,     4.511711,            0,            0,            0,   -0.6151833,    0.7883841
