tuw_multi_robot_msgs::RobotGoalsArray @1970-01-01T00:03:05.300000
frame_id: map
         185,    300000000
robot_0
   -2.246168,     10.01135,            0,            0,            0,    0.8397268,    0.5430091
robot_1
   -14.39168,     9.980253,            0,            0,            0,   -0.3823403,    0.9240216
robot_2
    -19.1651,     9.976596,            0,            0,            0,   -0.6850881,    0.7284602
robot_3
    19.15974,     6.019586,            0,            0,            0,   -0.6238433,    0.7815495
robot_4
    6.187151,     1.956746,            0,            0,            0,     0.203292,    0.9791182
robot_5
    4.891574,      17.9765,            0,            0,            0,   -0.2339379,    0.9722515
robot_6
    17.96542,     9.795191,            0,            0,            0,    0.9945769,    0.1040035
robot_7
   -17.72486,    -9.989746,            0,            0,            0,    0.5576686,    0.8300637
robot_8
    14.02337,    -9.942649,            0,            0,            0,    0.5205872,    0.8538085
robot_9
    9.193833,     13.98652,            0,            0,            0,   -0.8030443,    0.5959194
robot_10
   -1.866475,    -5.899648,            0,            0,            0,    0.8611678,    0.5083207
robot_11
    11.64017,    -10.02925,            0,            0,            0,  -0.09543611,    0.9954356
robot_12
    10.79194,     14.00374,            0,            0,            0,     0.838496,    0.5449077
robot_13
   -5.072809,    -9.979865,            0,            0,            0,   -0.9994186,   0.03409506
robot_14
   -10.11657,    -13.76681,            0,            0,            0,    0.8058101,     0.592174
robot_15
   -13.99098,    -18.10713,            0,            0,            0,    0.1131239,    0.9935809
robot_16
   -6.114276,     17.76529,            0,            0,            0,   -0.1276194,    0.9918232
robot_17
    9.946227,     15.14658,            0,            0,            0,    0.4110884,    0.9115955
robot_18
   -7.105071,     1.993579,            0,            0,            0,   0.06740837,    0.9977255
robot_19
   -10.09729,     -2.06086,            0,            0,            0,   -0.9070583,     0.421005
robot_20
    10.18292,    -14.07689,            0,            0,            0,   -0.6623429,    0.7492008
robot_21
    5.699462,     14.05048,            0,            0,            0,   -0.7813136,    0.6241387
robot_22
   -3.175498,     17.98062,            0,            0,            0,   -0.6442079,    0.7648504
robot_23
   -13.60179,      14.0614,            0,            0,            0,    0.9680988,    0.2505689
robot_24
    17.92541,    -5.885799,            0,            0,            0,    0.5613293,    0.8275925
robot_25
    -1.75939,     -18.0663,            0,            0,            0,    -0.390214,    0.9207242
robot_26
    17.95261,     11.83253,            0,            0,            0,    0.7392938,     0.673383
robot_27
    13.83941,     18.02185,            0,            0,            0,    0.9973815,   0.07231968
robot_28
    14.05901,    -14.13375,            0,            0,            0,    0.9095635,     0.415565
robot_29
   -12.66657,     10.02054,            0,            0,            0,   -0.8615613,    0.5076536
robot_30
    -10.0951,    -18.95218,            0,            0,            0,   -0.6086114,    0.7934684
robot_31
   -6.229463,    -17.79354,            0,            0,            0,    -0.762695,    0.6467583
robot_32
    14.22307,     2.031749,            0,            0,            0,    0.1163612,     0.993207
robot_33
    5.172851,     2.026943,            0,            0,            0,    0.9909684,    0.1340957
robot_34
  -0.4523397,     13.98062,            0,            0,            0,   -0.9946909,     0.102908
robot_35
   -10.04361,     8.079268,            0,            0,            0,    0.2489778,    0.9685092
robot_36
    13.92607,     13.73217,            0,            0,            0,    0.6934013,    0.7205516
robot_37
   -6.098268,     15.79427,            0,            0,            0,  -0.09622889,    0.9953592
robot_38
   -10.48286,     10.02553,            0,            0,            0,   -0.9997097,   0.02409558
robot_39
    9.878578,    -9.765709,            0,            0,            0,    0.7860115,    0.6182119
robot_40
    -8.70946,     -14.0074,            0,            0,            0,   -0.2825529,    0.9592517
robot_41
   -5.173069,    -2.000257,            0,            0,            0,   0.02265348,    0.9997434
robot_42
   -18.08997,   0.06780117,            0,            0,            0,    0.4479585,    0.8940544
robot_43
   -9.775847,     14.02323,            0,            0,            0,     -0.77937,     0.626564
robot_44
    17.89829,     6.254961,            0,            0,            0,  -0.04657303,    0.9989149
robot_45
    8.122869,    -14.00084,            0,            0,            0,    0.6434814,    0.7654617
robot_46
   -18.15309,    -1.824526,            0,            0,            0,    0.9915185,    0.1299654
robot_47
   -1.674707,     2.044498,            0,            0,            0,    0.4692361,    0.8830728
robot_48
    10.12526,     10.09337,            0,            0,            0,    0.6296731,    0.7768602
robot_49
    3.580597,    -13.98849,            0,            0,            0,     0.376021,    0.9266111
robot_50
     11.1619,    -13.97153,            0,            0,            0,    0.8526348,    0.5225073
robot_51
   -18.55116,     6.075238,            0,            0,            0,   -0.3342693,    0.9424776
robot_52
   -10.15447,     18.07745,            0,            0,            0,     0.461478,    0.8871516
robot_53
   -2.063655,     17.39369,            0,            0,            0,    0.8555677,    0.5176909
robot_54
    2.270924,    -18.08856,            0,            0,            0,     -0.17022,    0.9854061
robot_55
     13.9479,     6.204826,            0,            0,            0,    0.1011246,    0.9948738
robot_56
   0.4713379,     10.00864,            0,            0,            0,   -0.9779792,    0.2087023
robot_57
    5.288256,    -9.971129,            0,            0,            0,    0.4185807,    0.9081796
robot_58
   -10.04825,    -5.550181,            0,            0,            0,   -0.1721345,    0.9850735
robot_59
   -14.24177,      1.90592,            0,            0,            0,    0.8886869,    0.4585146
robot_60
    9.929745,     8.317987,            0,            0,            0,   0.02029251,    0.9997941
robot_61
    6.092754,     18.13379,            0,            0,            0,   -0.9742037,    0.2256703
robot_62
   -2.423667,    -2.099256,            0,            0,            0,   -0.4244005,    0.9054746
robot_63
     6.58961,    -10.01378,            0,            0,            0,     0.514344,     0.857584
robot_64
    17.08288,    -13.99038,            0,            0,            0,    0.8064494,    0.5913031
robot_65
    9.187074,    -17.97024,            0,            0,            0,    0.8939498,    0.4481671
robot_66
    3.491264,    -9.979107,            0,            0,            0,    -0.866871,    0.4985325
robot_67
    1.905752,    -1.211947,            0,            0,            0,    0.7995132,    0.6006485
robot_68
    1.957381,    -14.63346,            0,            0,            0,    0.5067705,     0.862081
robot_69
    2.475163,     9.972595,            0,            0,            0,   -0.8854533,    0.4647283
robot_70
    9.916487,     18.69951,            0,            0,            0,   -0.9948865,    0.1009992
robot_71
   -6.098618,    -18.89495,            0,            0,            0,    0.7683598,    0.6400181
robot_72
    9.903565,    -2.769824,            0,            0,            0,    0.2376035,    0.9713622
robot_73
    12.07828,     10.02822,            0,            0,            0,   -0.3475159,    0.9376741
robot_74
   -10.31766,    -10.09563,            0,            0,            0,    0.7228086,    0.6910483
robot_75
   -1.817426,    -9.917069,            0,            0,            0,    -0.490316,    0.8715447
robot_76
    8.184861,    -9.969678,            0,            0,            0,   -0.9793759,    0.2020467
robot_77
    1.914183,    0.6214613,            0,            0,            0,    0.5709809,    0.8209633
robot_78
   -18.03985,    -6.147307,            0,            0,            0,    0.8667728,    0.4987031
robot_79
     18.0095,    -1.762331,            0,            0,            0,   -0.9249315,    0.3801337
robot_80
    13.91629,     8.051641,            0,            0,            0,     0.998939,   0.04605322
robot_81
   -12.08667,    -14.01449,            0,            0,            0,     0.697003,    0.7170682
robot_82
   -13.67832,     17.92335,            0,            0,            0,   -0.1423145,    0.9898215
robot_83
  -0.8798019,     9.977689,            0,            0,            0,    0.7893109,    0.6139938
robot_84
    19.31623,     13.96776,            0,            0,            0,    0.1181544,    0.9929952
robot_85
    -5.60828,     14.03928,            0,            0,            0,   -0.5992745,    0.8005436
robot_86
    5.914005,      15.0094,            0,            0,            0,    0.7398589,     0.672762
robot_87
    9.330089,     2.008362,            0,            0,            0,   -0.7545246,    0.6562718
robot_88
   -18.06537,    -3.638696,            0,            0,            0,    0.9807953,    0.1950401
robot_89
   -10.04422,    -12.61036,            0,            0,            0,    0.6641702,    0.7475814
robot_90
   -2.088124,     1.142095,            0,            0,            0,      0.81766,    0.5757014
robot_91
   -11.43742,     14.01406,            0,            0,            0,    0.9897826,    0.1425851
robot_92
    1.559945,     -5.91431,            0,            0,            0,   0.05837688,    0.9982946
robot_93
   -16.12756,    -10.02765,            0,            0,            0,   -0.9633341,    0.2683047
robot_94
   -18.24799,    -13.85596,            0,            0,            0,   -0.9959861,   0.08950773
robot_95
   -18.23812,     1.957141,            0,            0,            0,    -0.147943,    0.9889959
robot_96
    17.90123,     1.460384,            0,            0,            0,   -0.8240954,    0.5664511
robot_97
   -14.03615,     11.45711,            0,            0,            0,    0.6897733,    0.7240254
robot_98
    -11.2363,    -18.00534,            0,            0,            0,   -0.1766987,     0.984265
robot_99
    17.92152,     4.216807,            0,            0,            0,    0.5684869,    0.8226923
