tuw_multi_robot_msgs::RobotGoalsArray @1970-01-01T00:04:02.800000
frame_id: map
         242,    800000000
robot_0
    5.486235,     -1.98869,            0,            0,            0,   -0.5428738,    0.8398143
robot_1
   -10.07597,     -10.5438,            0,            0,            0,    0.9991678,   0.04078808
robot_2
   -14.25135,    -14.08739,            0,            0,            0,   -0.9776003,    0.2104703
robot_3
   -9.989472,     1.659586,            0,            0,            0,    0.9996004,   0.02826722
robot_4
   -10.05312,    -18.57671,            0,            0,            0,    0.7806823,    0.6249281
robot_5
   -13.98061,     17.75193,            0,            0,            0,    -0.409243,    0.9124254
robot_6
    9.390417,    -10.01781,            0,            0,            0,    -0.634118,    0.7732363
robot_7
   -10.20543,     17.79853,            0,            0,            0,    0.9971053,   0.07603285
robot_8
   -5.856914,     14.04373,            0,            0,            0,    0.3205982,    0.9472153
robot_9
    9.992251,     17.94074,            0,            0,            0,   -0.0782262,    0.9969356
robot_10
   -18.05818,     9.299109,            0,            0,            0,    0.9241013,    0.3821477
robot_11
    17.91587,    -1.229562,            0,            0,            0,    0.9486288,    0.3163913
robot_12
   -10.31749,     10.08803,            0,            0,            0,      0.25302,     0.967461
robot_13
    13.64563,    -17.94792,            0,            0,            0,   -0.9505776,     0.310487
robot_14
   -18.43841,     5.938283,            0,            0,            0,   -0.5860041,    0.8103081
robot_15
    11.15226,     14.02734,            0,            0,            0,   -0.3493375,     0.936997
robot_16
   -5.686293,    -13.98812,            0,            0,            0,    0.7586826,    0.6514604
robot_17
    17.57708,      5.97374,            0,            0,            0,    0.7520234,    0.6591364
robot_18
    9.923625,     7.445547,            0,            0,            0,   -0.9885773,    0.1507148
robot_19
   -14.11615,    -1.937549,            0,            0,            0,    -0.942117,    0.3352842
robot_20
    9.913232,    -13.93045,            0,            0,            0,   -0.8909448,    0.4541117
robot_21
    5.954148,    -15.50159,            0,            0,            0,   -0.7554469,    0.6552098
robot_22
    2.064021,     14.01536,            0,            0,            0,   -0.8490639,    0.5282902
robot_23
    5.831029,     18.13935,            0,            0,            0,    0.4162411,    0.9092543
robot_24
    13.93951,     2.816172,            0,            0,            0,   -0.8734563,    0.4869026
robot_25
    17.92956,    -2.260174,            0,            0,            0,   -0.9990749,   0.04300309
robot_26
    13.93783,    -4.056547,            0,            0,            0,   -0.8608363,     0.508882
robot_27
   -14.09909,     4.518439,            0,            0,            0,   -0.8887981,     0.458299
robot_28
    -10.0651,      16.4133,            0,            0,            0,   -0.9501184,    0.3118895
robot_29
   -14.26605,      10.0195,            0,            0,            0,   -0.3279351,    0.9447002
robot_30
   -2.084533,     16.51778,            0,            0,            0,    0.2738898,    0.9617611
robot_31
    17.79077,    -10.07218,            0,            0,            0,   -0.5349253,    0.8448994
robot_32
    14.03272,    -6.345186,            0,            0,            0,    0.9307143,     0.365747
robot_33
     19.1461,    -2.021733,            0,            0,            0,    -0.258682,    0.9659625
robot_34
   -14.09992,      -7.2071,            0,            0,            0,    0.8958662,    0.4443239
robot_35
    13.95806,     6.875082,            0,            0,            0,   -0.1653891,    0.9862284
robot_36
   0.2377238,    -5.970535,            0,            0,            0,   -0.9886956,    0.1499367
robot_37
    9.799871,     9.768142,            0,            0,            0,    0.9312278,    0.3644376
robot_38
   -15.23631,     2.017821,            0,            0,            0,   -0.9691989,    0.2462793
robot_39
   -10.06362,    -15.07374,            0,            0,            0,    0.9390077,     0.343896
robot_40
   -10.09773,     11.35861,            0,            0,            0,   -0.9381166,    0.3463196
robot_41
   -10.07987,     5.280376,            0,            0,            0,    0.1481033,    0.9889719
robot_42
   -1.590372,     1.953924,            0,            0,            0,    0.8863042,    0.4631035
robot_43
   0.9552389,    -9.996554,            0,            0,            0,   -0.4499289,    0.8930644
robot_44
     10.1471,    -17.84705,            0,            0,            0,   -0.8634392,    0.5044529
robot_45
    13.92822,     -12.2771,            0,            0,            0,    0.9996211,   0.02752506
robot_46
   -10.05645,     7.572526,            0,            0,            0,    0.3401048,    0.9403876
robot_47
    17.02484,     9.967203,            0,            0,            0,    0.8336776,    0.5522514
robot_48
   -13.83352,     13.98975,            0,            0,            0, -0.0007844731,    0.9999997
robot_49
   -14.19033,    -6.099236,            0,            0,            0,   -0.1198954,    0.9927865
robot_50
    1.851286,     1.891308,            0,            0,            0,   -0.3262858,    0.9452712
robot_51
   -14.09079,    -10.99095,            0,            0,            0,    -0.974596,    0.2239702
robot_52
    5.904202,    -16.93156,            0,            0,            0,   -0.6363204,    0.7714249
robot_53
    14.06555,    -14.11809,            0,            0,            0,   -0.4609692,    0.8874162
robot_54
    12.65402,     17.97763,            0,            0,            0,   -0.5223728,    0.8527172
robot_55
   -2.124145,     14.06918,            0,            0,            0,    0.1117399,    0.9937375
robot_56
     14.2785,     14.01626,            0,            0,            0,   -0.3663543,    0.9304754
robot_57
    2.656905,     10.00988,            0,            0,            0,   -0.9825984,    0.1857427
robot_58
    13.95511,      11.2445,            0,            0,            0,   -0.8673513,    0.4976964
robot_59
   -18.32611,    -5.940013,            0,            0,            0,   -0.8962789,    0.4434909
robot_60
    9.603275,    -2.003619,            0,            0,            0,    0.9188216,     0.394673
robot_61
  -0.8141508,     10.01783,            0,            0,            0,   -0.9277536,    0.3731934
robot_62
   -2.095027,    -19.32435,            0,            0,            0,   -0.9946895,    0.1029213
robot_63
   -10.08989,    -6.807445,            0,            0,            0,   -0.3164719,    0.9486019
robot_64
   -4.879714,    -10.02885,            0,            0,            0,   -0.8804783,    0.4740865
robot_65
   -12.65844,     10.01966,            0,            0,            0,    0.7034805,    0.7107145
robot_66
    17.91457,    0.6472432,            0,            0,            0,    -0.409033,    0.9125196
robot_67
   -5.981214,    -18.22953,            0,            0,            0,   -0.9183981,    0.3956576
robot_68
   -7.605906,     9.977167,            0,            0,            0,   -0.4296903,    0.9029763
robot_69
    -7.19691,     13.97987,            0,            0,            0,    0.4721087,    0.8815403
robot_70
    6.054845,     14.16878,            0,            0,            0,   -0.9534333,     0.301604
robot_71
    1.708085,    -17.86844,            0,            0,            0,    0.9551473,    0.2961311
robot_72
    12.30137,     14.01095,            0,            0,            0,   -0.8763239,    0.4817223
robot_73
   -19.02316,    -14.00607,            0,            0,            0,   -0.6822721,    0.7310983
robot_74
   -1.969273,    -14.26382,            0,            0,            0,    0.8854314,      0.46477
robot_75
    -2.04585,    -9.911503,            0,            0,            0,    0.9974618,   0.07120295
robot_76
  -0.3234647,      17.9717,            0,            0,            0,    0.9705348,    0.2409611
robot_77
   0.9906092,      -2.0279,            0,            0,            0,    0.2819884,    0.9594178
robot_78
   -14.04333,     7.801721,            0,            0,            0,   0.04424847,    0.9990206
robot_79
    9.949918,    -12.29746,            0,            0,            0,    0.2028191,    0.9792162
robot_80
   -9.641737,     13.98017,            0,            0,            0,   -0.1683417,    0.9857287
robot_81
    -2.05271,     19.29215,            0,            0,            0,    0.9729187,    0.2311475
robot_82
    4.957837,     13.97491,            0,            0,            0,   -0.4824152,    0.8759427
robot_83
    13.67085,     10.05318,            0,            0,            0,    -0.595564,    0.8033079
robot_84
     1.96439,    -13.99926,            0,            0,            0,   -0.6872731,    0.7263991
robot_85
   -6.058793,     16.01991,            0,            0,            0,    0.1101856,     0.993911
robot_86
   -10.15298,    -13.78874,            0,            0,            0,   -0.5793264,    0.8150957
robot_87
     13.9378,     12.85913,            0,            0,            0,   -0.2915249,    0.9565632
robot_88
   -7.491189,    -9.993261,            0,            0,            0,    0.6194737,    0.7850174
robot_89
    7.930784,    -13.97315,            0,            0,            0,   -0.9597013,    0.2810222
robot_90
   0.2531756,    -13.99372,            0,            0,            0,   -0.8974253,    0.4411664
robot_91
    12.51667,    -13.98347,            0,            0,            0,    0.9377053,    0.3474318
robot_92
     6.95704,    -10.02565,            0,            0,            0,    0.9289069,    0.3703134
robot_93
   -14.04042,     16.55355,            0,            0,            0,   -0.9085386,     0.417801
robot_94
    12.05034,    -17.98441,            0,            0,            0,   -0.8770638,     0.480374
robot_95
   -7.268672,    -1.999197,            0,            0,            0,    0.9962665,   0.08633145
robot_96
    -18.0478,     2.202806,            0,            0,            0,   -0.4268986,    0.9042995
robot_97
   -6.530073,     1.984533,            0,            0,            0,   -0.9590217,    0.2833326
robot_98
    2.922659,    -1.972956,            0,            0,            0,   -0.2132365,    0.9770006
robot_99
    9.910749,    -5.354718,            0,            0,            0,    0.3128717,    0.9497954
