tuw_multi_robot_msgs::RobotGoalsArray @1970-01-01T00:01:56.300000
frame_id: map
         116,    300000000
robot_0
   -14.06123,     9.098728,            0,            0,            0,    0.2670765,    0.9636753
robot_1
    2.124531,     1.925194,            0,            0,            0,    0.5339991,    0.8454851
robot_2
    17.82062,    -6.063362,            0,            0,            0,   0.03331415,    0.9994449
robot_3
   -18.09441,     -9.97835,            0,            0,            0,    0.4995818,    0.8662667
robot_4
   -10.03945,     14.17983,            0,            0,            0,   -0.3928852,    0.9195875
robot_5
   -2.351645,     17.93106,            0,            0,            0,    0.4397734,    0.8981088
robot_6
   -1.770454,     1.932202,            0,            0,            0,  -0.07152109,    0.9974391
robot_7
   -2.167592,    -1.849685,            0,            0,            0,    0.9697217,    0.2442127
robot_8
    19.11906,     5.992506,            0,            0,            0,    0.2918147,    0.9564749
robot_9
   -6.475723,    -14.01597,            0,            0,            0,   0.01613065,    0.9998699
robot_10
    9.755108,    -9.987658,            0,            0,            0,    0.8998324,    0.4362357
robot_11
   -1.929664,     6.069807,            0,            0,            0,    0.3603744,    0.9328078
robot_12
    14.28191,     14.06132,            0,            0,            0,     0.964412,     0.264404
robot_13
   -17.93573,     13.90708,            0,            0,            0,   -0.9520636,    0.3059003
robot_14
   -18.09553,    -8.206126,            0,            0,            0,   -0.8896056,    0.4567295
robot_15
    9.963752,    -10.90189,            0,            0,            0,   0.05605365,    0.9984278
robot_16
   -10.05439,     4.023401,            0,            0,            0,   -0.7448249,      0.66726
robot_17
    1.918254,    0.2181024,            0,            0,            0,    0.8308059,    0.5565623
robot_18
   -6.525642,     1.913424,            0,            0,            0,  -0.06229089,     0.998058
robot_19
    1.902939,    -14.97222,            0,            0,            0,   -0.6615542,    0.7498974
robot_20
    13.94169,     4.463198,            0,            0,            0,    0.6962328,     0.717816
robot_21
    -13.9149,    -9.780733,            0,            0,            0,     0.199017,     0.979996
robot_22
    14.26141,    -9.977009,            0,            0,            0,    0.6244508,    0.7810642
robot_23
    9.616253,      -18.095,            0,            0,            0,    0.9912332,    0.1321237
robot_24
  -0.1256084,      13.9933,            0,            0,            0,    0.7988923,    0.6014741
robot_25
    5.032481,     1.972425,            0,            0,            0,    0.9889665,    0.1481393
robot_26
   -13.98383,     13.73316,            0,            0,            0,   -0.9742597,    0.2254284
robot_27
    4.197205,    -17.98397,            0,            0,            0,    -0.887313,    0.4611677
robot_28
   -14.08242,    -18.69629,            0,            0,            0,   -0.4365636,    0.8996734
robot_29
     9.86195,     -2.03626,            0,            0,            0,    0.8771759,    0.4801692
robot_30
    -9.86041,    -13.87326,            0,            0,            0,   -0.8791361,    0.4765708
robot_31
    18.54844,     13.98333,            0,            0,            0,    0.9740935,    0.2261458
robot_32
   -9.287544,    -18.00619,            0,            0,            0,    0.6850796,    0.7284682
robot_33
    10.26646,    -13.96861,            0,            0,            0,    0.9888939,     0.148623
robot_34
   -3.678091,     17.99898,            0,            0,            0,     0.709605,    0.7045997
robot_35
    17.15844,    -14.00025,            0,            0,            0,  -0.06628174,    0.9978009
robot_36
   -15.77409,     -13.9667,            0,            0,            0,    0.9100772,    0.4144387
robot_37
   -16.28919,     2.032569,            0,            0,            0,   -0.9967862,   0.08010785
robot_38
     -9.5588,    -9.986841,            0,            0,            0,    0.9996395,   0.02684897
robot_39
   -8.275138,    -9.981992,            0,            0,            0,    -0.998453,   0.05560287
robot_40
    3.768382,    -10.02311,            0,            0,            0,   -0.7921243,    0.6103598
robot_41
    13.92888,     6.335043,            0,            0,            0,    -0.709702,     0.704502
robot_42
   -6.095501,    -18.28908,            0,            0,            0,   -0.7726452,    0.6348381
robot_43
    17.91589,    -0.815677,            0,            0,            0,     0.725281,    0.6884529
robot_44
    9.155776,    -14.02547,            0,            0,            0,    0.4443146,    0.8958708
robot_45
    9.007432,     14.01887,            0,            0,            0,  -0.07662214,    0.9970602
robot_46
   -6.338407,    -2.003181,            0,            0,            0,    0.8557753,    0.5173476
robot_47
   -1.895777,    -18.06256,            0,            0,            0,    0.9998367,   0.01807236
robot_48
     17.8542,     10.27823,            0,            0,            0,   -0.8640403,    0.5034227
robot_49
    10.83256,    -18.02233,            0,            0,            0,   -0.9116312,    0.4110092
robot_50
   -4.080708,     14.02065,            0,            0,            0,   -0.6502065,    0.7597575
robot_51
   -13.99886,    -14.24565,            0,            0,            0,      0.98706,    0.1603517
robot_52
    1.901094,    -17.95576,            0,            0,            0,   0.09766299,    0.9952195
robot_53
    5.954196,     15.17827,            0,            0,            0,   -0.8473344,    0.5310597
robot_54
    17.93364,    -7.904827,            0,            0,            0,   -0.6970525,    0.7170201
robot_55
    9.917478,    -7.338107,            0,            0,            0,    0.9183802,    0.3956991
robot_56
    5.150957,    -10.02667,            0,            0,            0,   -0.7492533,    0.6622835
robot_57
    11.99029,     13.96717,            0,            0,            0,    0.9130866,    0.4077657
robot_58
   -3.630474,    -14.02126,            0,            0,            0,    0.5517409,    0.8340156
robot_59
    17.85614,    -10.24036,            0,            0,            0,   -0.5416205,    0.8406232
robot_60
   -18.04373,     10.74675,            0,            0,            0,    0.6825535,    0.7308356
robot_61
   -2.079753,    -16.20813,            0,            0,            0,    0.7250889,    0.6886553
robot_62
    13.95033,    -3.051407,            0,            0,            0,   0.05711271,    0.9983677
robot_63
    9.953624,    -8.962332,            0,            0,            0,   0.04786788,    0.9988537
robot_64
   -19.47764,    -6.027812,            0,            0,            0,   -0.5721877,    0.8201227
robot_65
   0.2387678,      9.98225,            0,            0,            0,   -0.8515064,    0.5243442
robot_66
    5.932978,     19.17173,            0,            0,            0,    0.8226684,    0.5685215
robot_67
   -6.071471,    -15.96167,            0,            0,            0,   -0.5968404,      0.80236
robot_68
   -19.65047,     13.99368,            0,            0,            0,   -0.9992971,   0.03748792
robot_69
    1.914215,    -1.367113,            0,            0,            0,   -0.4178479,     0.908517
robot_70
   -1.843945,    -6.135315,            0,            0,            0,   -0.9729919,    0.2308393
robot_71
    7.319658,    -1.977437,            0,            0,            0,    0.6185521,    0.7857438
robot_72
   -14.06756,    -1.681847,            0,            0,            0,   -0.6700706,    0.7422974
robot_73
    5.909566,     16.89965,            0,            0,            0,    0.9754342,     0.220291
robot_74
    9.077693,     1.984647,            0,            0,            0,    0.4751509,    0.8799043
robot_75
    14.20116,    -1.918745,            0,            0,            0,   0.06256661,    0.9980408
robot_76
    6.814705,    -14.02209,            0,            0,            0,    -0.562783,    0.8266047
robot_77
   -2.083918,    0.1637454,            0,            0,            0,   -0.9941688,    0.1078354
robot_78
    2.721447,     18.02708,            0,            0,            0,   -0.7619952,    0.6475827
robot_79
    9.510689,     10.07064,            0,            0,            0,  -0.09850022,     0.995137
robot_80
   -8.970916,     17.99227,            0,            0,            0,    0.4318656,     0.901938
robot_81
    5.840301,    -14.25387,            0,            0,            0,   -0.9490851,    0.3150198
robot_82
   -2.097287,    -14.08809,            0,            0,            0,   -0.9486362,    0.3163689
robot_83
     12.5857,     9.979913,            0,            0,            0,   -0.9952309,   0.09754707
robot_84
   -11.18972,     13.98441,            0,            0,            0,    0.1897816,    0.9818263
robot_85
   -10.09902,     10.01741,            0,            0,            0, -0.009546455,    0.9999544
robot_86
   -5.239971,    -13.99698,            0,            0,            0,   -0.9845256,    0.1752406
robot_87
   -9.969252,     17.97877,            0,            0,            0,    0.8888248,    0.4582472
robot_88
    -10.0451,     6.237551,            0,            0,            0,   -0.3838014,    0.9234157
robot_89
   -6.058965,       16.425,            0,            0,            0,   -0.8564466,    0.5162356
robot_90
    9.930384,     3.885587,            0,            0,            0,   -0.7354584,    0.6775698
robot_91
    13.92528,    -12.88178,            0,            0,            0,   -0.2062122,    0.9785073
robot_92
    18.05898,     2.022466,            0,            0,            0,    0.2918006,    0.9564792
robot_93
    17.67014,     5.948796,            0,            0,            0,   -0.1599389,    0.9871269
robot_94
    6.004197,      14.1384,            0,            0,            0,   -0.9659096,    0.2588796
robot_95
   -2.156134,     9.865102,            0,            0,            0,    0.8194119,    0.5732051
robot_96
    17.90954,    -2.232309,            0,            0,            0,   -0.8626448,    0.5058103
robot_97
     3.70032,     2.018471,            0,            0,            0,   -0.9991048,   0.04230307
robot_98
   -6.082601,   -0.1740423,            0,            0,            0,    0.7910707,    0.6117248
robot_99
   -7.643759,      13.9707,            0,            0,            0,    0.8600818,    0.5101561
