tuw_multi_robot_msgs::RobotGoalsArray @1970-01-01T00:03:48.900000
frame_id: map
         228,    900000000
robot_0
   -10.06671,    -17.12489,            0,            0,            0,   -0.2574612,    0.9662886
robot_1
   -18.09028,     2.754613,            0,            0,            0,    0.5358749,    0.8442974
robot_2
   -2.533586,    -2.027837,            0,            0,            0,   -0.9743294,    0.2251272
robot_3
   -18.18063,    -6.181155,            0,            0,            0,   -0.7878338,    0.6158879
robot_4
   -9.942798,    -13.92379,            0,            0,            0,     0.492707,    0.8701953
robot_5
   -16.23417,     1.983885,            0,            0,            0,    -0.277633,    0.9606872
robot_6
   -14.09715,   -0.2994749,            0,            0,            0,   -0.7575245,    0.6528067
robot_7
    -14.0441,    -1.740416,            0,            0,            0,   0.09484475,    0.9954921
robot_8
    17.91835,     2.123159,            0,            0,            0,   -0.7835838,    0.6212861
robot_9
 -0.02061737,     13.98183,            0,            0,            0,   -0.0458808,    0.9989469
robot_10
    1.939174,     -18.1877,            0,            0,            0,   -0.1458319,    0.9893094
robot_11
   -10.08309,   -0.3054955,            0,            0,            0,   -0.9719431,    0.2352163
robot_12
    14.40433,     9.922242,            0,            0,            0,    0.9999941,  0.003447396
robot_13
    13.94217,     6.691699,            0,            0,            0,    0.1641062,    0.9864427
robot_14
    18.10162,    -10.16512,            0,            0,            0,    0.9808267,    0.1948819
robot_15
   -14.04388,    -13.48245,            0,            0,            0,   -0.4718071,    0.8817018
robot_16
    2.060544,      13.9692,            0,            0,            0,   -0.9716766,    0.2363144
robot_17
   -10.13106,     17.74866,            0,            0,            0,   -0.9372317,    0.3487073
robot_18
    5.958975,     -1.43609,            0,            0,            0,   -0.6719136,    0.7406296
robot_19
   -1.952757,     18.22691,            0,            0,            0,    0.1966378,    0.9804762
robot_20
    9.913896,    -13.59231,            0,            0,            0,    0.3833752,    0.9235927
robot_21
    12.70508,     14.02965,            0,            0,            0,    0.9998917,   0.01471605
robot_22
     10.0785,    -9.971636,            0,            0,            0,   -0.1859153,    0.9825658
robot_23
   -6.144956,    -14.08319,            0,            0,            0,   -0.9693129,    0.2458302
robot_24
    13.94331,    -4.604256,            0,            0,            0,   -0.9063209,    0.4225901
robot_25
    18.06132,     10.19173,            0,            0,            0,   -0.4227261,    0.9062575
robot_26
   -17.96401,     -1.78605,            0,            0,            0,    0.6044205,    0.7966655
robot_27
   -18.05476,     1.160131,            0,            0,            0,   -0.8866619,    0.4624183
robot_28
   -10.04353,     -1.98619,            0,            0,            0,   -0.9993971,   0.03471998
robot_29
   -18.19902,    -13.93501,            0,            0,            0,   -0.7280831,    0.6854888
robot_30
   -16.28337,    -14.00864,            0,            0,            0,    0.9640706,    0.2656462
robot_31
    17.90341,    -5.147648,            0,            0,            0,   -0.9382423,    0.3459788
robot_32
     18.8838,     5.980704,            0,            0,            0,    0.9575018,    0.2884274
robot_33
   -8.124439,    -17.99359,            0,            0,            0,    0.9279834,    0.3726214
robot_34
    -6.50506,    -2.018668,            0,            0,            0,    0.5219433,    0.8529802
robot_35
   -14.46148,     6.059073,            0,            0,            0,   -0.4295456,    0.9030452
robot_36
    5.850303,    -18.07202,            0,            0,            0,    0.9814565,    0.1916851
robot_37
    3.939749,     10.00739,            0,            0,            0,   -0.8845932,    0.4663634
robot_38
   -5.325937,     9.980275,            0,            0,            0,   -0.9780984,    0.2081428
robot_39
   -14.05014,    -15.13824,            0,            0,            0,   -0.5449677,     0.838457
robot_40
   -10.07857,      14.4868,            0,            0,            0,    0.2152045,     0.976569
robot_41
    13.95609,     1.586986,            0,            0,            0,   -0.8256178,    0.5642298
robot_42
    6.017033,      14.0943,            0,            0,            0,    0.9987398,   0.05018836
robot_43
   -3.754191,    -13.96771,            0,            0,            0,    0.9576639,    0.2878887
robot_44
    5.979385,      18.3467,            0,            0,            0,    0.3525121,    0.9358073
robot_45
     2.44701,    -14.03053,            0,            0,            0,    0.8726593,    0.4883296
robot_46
    17.86885,     -2.02313,            0,            0,            0,    0.8301258,    0.5575762
robot_47
     9.90667,    -19.23905,            0,            0,            0,   0.01914923,    0.9998166
robot_48
      16.706,     14.02166,            0,            0,            0,   -0.4780102,    0.8783543
robot_49
   -19.40193,     9.991088,            0,            0,            0,   -0.9993744,    0.0353663
robot_50
    18.66045,     -13.9704,            0,            0,            0,   -0.8772599,    0.4800157
robot_51
    14.93772,     14.00254,            0,            0,            0,   -0.2019264,    0.9794007
robot_52
   -10.16647,    -10.08625,            0,            0,            0,   -0.5727551,    0.8197266
robot_53
     16.0615,    -9.972945,            0,            0,            0,   -0.5740266,    0.8188367
robot_54
    5.901521,   -0.3510249,            0,            0,            0,   -0.7645357,    0.6445814
robot_55
   -2.242509,    -14.01612,            0,            0,            0,    0.7326601,    0.6805948
robot_56
   -10.03473,     10.02212,            0,            0,            0,    0.8838661,      0.46774
robot_57
    9.934514,     5.024611,            0,            0,            0,   -0.5288815,    0.8486957
robot_58
   -6.267138,     14.02224,            0,            0,            0,    -0.327171,    0.9449652
robot_59
    9.920012,     17.83462,            0,            0,            0,   -0.4231476,    0.9060608
robot_60
    17.67083,     5.963388,            0,            0,            0,    -0.498934,      0.86664
robot_61
   -18.03338,    -11.23341,            0,            0,            0,     -0.63311,    0.7740619
robot_62
    -2.08767,     1.086536,            0,            0,            0,    0.2460175,    0.9692654
robot_63
   -5.848295,     1.935547,            0,            0,            0,    0.9846563,    0.1745048
robot_64
   -2.583679,     2.026853,            0,            0,            0,    0.9979774,   0.06357028
robot_65
   -16.02534,     10.01128,            0,            0,            0,   -0.8568706,    0.5155315
robot_66
    0.838772,     1.973144,            0,            0,            0,   -0.9501758,    0.3117144
robot_67
    1.923188,     18.35675,            0,            0,            0,    0.9976665,   0.06827508
robot_68
    17.09984,    -9.976231,            0,            0,            0,    -0.318933,    0.9477773
robot_69
    13.52659,    -9.961935,            0,            0,            0,    0.3507981,    0.9364511
robot_70
   -6.012287,     18.16026,            0,            0,            0,   -0.9852941,    0.1708671
robot_71
    5.901337,    -15.93667,            0,            0,            0,   -0.3189128,    0.9477841
robot_72
    17.91264,     11.61365,            0,            0,            0,    0.5959088,    0.8030521
robot_73
    1.011673,     9.991812,            0,            0,            0,   -0.9095288,    0.4156409
robot_74
    10.91161,     18.00417,            0,            0,            0,    0.6647701,     0.747048
robot_75
   -2.067677,     -17.9496,            0,            0,            0,   -0.8303325,    0.5572683
robot_76
    9.921466,     10.97188,            0,            0,            0,    0.1986624,     0.980068
robot_77
    1.556376,    -2.000542,            0,            0,            0,   0.06955641,     0.997578
robot_78
   -19.13989,     14.02251,            0,            0,            0,   -0.9884139,    0.1517824
robot_79
   -12.91665,     17.97023,            0,            0,            0,   -0.2829561,    0.9591328
robot_80
    13.91855,   -0.2074818,            0,            0,            0,   -0.7025998,    0.7115852
robot_81
    3.985222,     2.002876,            0,            0,            0,    0.9722968,    0.2337498
robot_82
   -14.15223,    -6.137489,            0,            0,            0,     0.916148,    0.4008401
robot_83
    19.36969,    -6.004295,            0,            0,            0,   -0.9222725,    0.3865404
robot_84
   -5.098523,     18.00463,            0,            0,            0,   0.02492563,    0.9996893
robot_85
   -14.03811,     6.972774,            0,            0,            0,    0.9162817,    0.4005343
robot_86
    9.947924,    -1.749662,            0,            0,            0,    0.7587139,     0.651424
robot_87
   -17.90628,    -10.16713,            0,            0,            0,  -0.07428681,    0.9972369
robot_88
    17.92213,    0.6080951,            0,            0,            0,    0.3933921,    0.9193708
robot_89
   -7.346367,    -14.03208,            0,            0,            0,    0.5376992,    0.8431367
robot_90
   -14.12002,     10.17589,            0,            0,            0,    0.8890537,    0.4578029
robot_91
    5.926053,      15.0244,            0,            0,            0,    0.8855392,    0.4645646
robot_92
  -0.6337975,    -6.006191,            0,            0,            0,    0.9085131,    0.4178564
robot_93
   -8.539553,     2.001079,            0,            0,            0,    -0.805141,    0.5930834
robot_94
    16.47802,     5.996679,            0,            0,            0,    0.7334501,    0.6797433
robot_95
   -13.40053,    -18.00826,            0,            0,            0,   -0.5822321,    0.8130226
robot_96
   -16.14162,    -5.977333,            0,            0,            0,    0.1343054,      0.99094
robot_97
    6.830774,    -17.97195,            0,            0,            0,   -0.7803236,    0.6253759
robot_98
   -14.05706,    -11.31848,            0,            0,            0,    0.9223624,    0.3863258
robot_99
    9.924476,     -10.9475,            0,            0,            0,   -0.9862062,    0.1655216
