tuw_multi_robot_msgs::RobotGoalsArray @1970-01-01T00:04:16.800000
frame_id: map
         256,    800000000
robot_0
    -6.76567,     14.00977,            0,            0,            0,    0.9610736,    0.2762926
robot_1
   -14.04167,   -0.8832094,            0,            0,            0,    0.5997708,    0.8001719
robot_2
    8.830954,     17.99646,            0,            0,            0,   -0.8740144,    0.4859001
robot_3
    9.528362,     14.01861,            0,            0,            0,  0.006542183,    0.9999786
robot_4
   -10.08752,     10.32917,            0,            0,            0,   -0.1706095,    0.9853387
robot_5
   -1.943256,     1.799772,            0,            0,            0,    0.9215584,    0.3882398
robot_6
   -13.92123,    -17.90782,            0,            0,            0,   -0.8496624,    0.5273271
robot_7
   -2.188896,    -2.058864,            0,            0,            0,    -0.322568,    0.9465463
robot_8
    0.745563,     -2.00009,            0,            0,            0,    0.9878495,    0.1554134
robot_9
   -3.102684,     -10.0279,            0,            0,            0,    0.2919184,    0.9564432
robot_10
   -9.573349,     14.07064,            0,            0,            0,   -0.4062946,    0.9137421
robot_11
    2.005586,     1.636474,            0,            0,            0,  -0.03017026,    0.9995448
robot_12
    12.69498,     13.99742,            0,            0,            0,   -0.1964822,    0.9805074
robot_13
    5.966626,    -14.87749,            0,            0,            0,    0.8564631,    0.5162082
robot_14
    14.06843,    -2.086983,            0,            0,            0,    0.9206224,     0.390454
robot_15
   -18.42448,    -2.014153,            0,            0,            0,    -0.969999,    0.2431087
robot_16
   -10.30471,     17.94424,            0,            0,            0,   -0.7091579,    0.7050497
robot_17
    5.960904,     17.99048,            0,            0,            0,    0.9976121,   0.06906554
robot_18
    9.757357,    -10.08237,            0,            0,            0,    0.9996565,   0.02620732
robot_19
    10.79909,    -13.99514,            0,            0,            0,    0.2215638,    0.9751459
robot_20
   -2.004096,      18.2053,            0,            0,            0,    0.7815212,    0.6238787
robot_21
    1.941148,    -17.36526,            0,            0,            0,     0.956847,    0.2905923
robot_22
   -13.96136,     9.872797,            0,            0,            0,   -0.8916371,    0.4527509
robot_23
   -2.072066,     17.22641,            0,            0,            0,    0.9924411,    0.1227221
robot_24
    1.909295,     14.49957,            0,            0,            0,    -0.706127,    0.7080852
robot_25
     18.7908,     14.02465,            0,            0,            0,   -0.9579813,    0.2868306
robot_26
    10.22412,    -18.01625,            0,            0,            0,    0.5293818,    0.8483837
robot_27
    17.87664,     6.335312,            0,            0,            0,   -0.5609931,    0.8278205
robot_28
    1.960914,    -14.80218,            0,            0,            0,    -0.900929,    0.4339665
robot_29
   -17.37837,     13.99289,            0,            0,            0,   -0.8054145,    0.5927119
robot_30
  -0.5647567,     -6.01226,            0,            0,            0,    -0.729397,    0.6840907
robot_31
   -6.077888,     15.59882,            0,            0,            0,    0.9977416,   0.06716912
robot_32
    9.927229,       6.3138,            0,            0,            0,  -0.09779261,    0.9952068
robot_33
   -18.12608,    -5.801862,            0,            0,            0,     0.637575,    0.7703883
robot_34
   -3.341183,    -13.99504,            0,            0,            0,    0.5245313,    0.8513912
robot_35
   -10.10926,     -9.69452,            0,            0,            0,   -0.7159497,    0.6981519
robot_36
    17.96639,    -8.484623,            0,            0,            0,    -0.014828,    0.9998901
robot_37
    12.48982,    -17.98268,            0,            0,            0,    0.9851272,    0.1718265
robot_38
   -10.02164,    -14.19019,            0,            0,            0,   -0.6864732,    0.7271551
robot_39
   -17.90665,    -13.91629,            0,            0,            0,    0.4191983,    0.9078947
robot_40
    13.94824,    -12.33219,            0,            0,            0,    0.1534547,    0.9881557
robot_41
   -7.754782,     1.971852,            0,            0,            0,    0.2914239,     0.956594
robot_42
     16.2894,     13.97883,            0,            0,            0,    0.9959219,    0.0902192
robot_43
   -1.921593,    -18.01684,            0,            0,            0,   -0.9720165,    0.2349127
robot_44
   -14.72497,     2.017963,            0,            0,            0,   -0.8234069,    0.5674515
robot_45
    16.10098,    -1.986234,            0,            0,            0,   -0.9810378,    0.1938165
robot_46
   -18.08803,    -12.61823,            0,            0,            0,   -0.8978841,    0.4402319
robot_47
    17.85858,    -5.941502,            0,            0,            0,   -0.9999423,   0.01074259
robot_48
   -18.07804,     7.974866,            0,            0,            0,   -0.9530483,    0.3028183
robot_49
   -2.088063,    -9.943433,            0,            0,            0,     0.558317,    0.8296277
robot_50
    14.93498,    -10.02304,            0,            0,            0,  -0.07937169,    0.9968451
robot_51
   -1.991449,      9.79958,            0,            0,            0,    0.5485442,    0.8361216
robot_52
   -5.943326,     18.18617,            0,            0,            0,   -0.8517886,    0.5238857
robot_53
    13.54265,    -18.00837,            0,            0,            0,   -0.5332327,    0.8459686
robot_54
    3.959338,     9.968125,            0,            0,            0,    0.9940767,    0.1086808
robot_55
    18.16689,     10.08995,            0,            0,            0,   -0.4927415,    0.8701758
robot_56
   -14.03469,     8.687274,            0,            0,            0,   -0.8746631,    0.4847313
robot_57
   -17.59723,     5.989996,            0,            0,            0,   -0.2493862,    0.9684041
robot_58
    5.923192,     -17.4011,            0,            0,            0,     0.787305,    0.6165637
robot_59
   -10.05511,    -2.208945,            0,            0,            0,    0.4985812,     0.866843
robot_60
    17.93171,     11.75041,            0,            0,            0,     0.888359,    0.4591496
robot_61
    -14.0949,    -12.17615,            0,            0,            0,   -0.4759363,    0.8794797
robot_62
   -14.41517,    -6.097364,            0,            0,            0,    0.5974419,    0.8019122
robot_63
    19.23765,     9.974246,            0,            0,            0,   -0.7998487,    0.6002016
robot_64
   -15.22838,     9.985251,            0,            0,            0,    0.6775831,    0.7354462
robot_65
   -13.92248,    -9.814561,            0,            0,            0,   -0.7424218,    0.6699328
robot_66
    13.91757,     -14.2997,            0,            0,            0,    0.4421705,     0.896931
robot_67
   -6.101589,     1.717107,            0,            0,            0,   -0.9182703,    0.3959541
robot_68
    7.575911,     14.00848,            0,            0,            0,    0.8690426,    0.4947372
robot_69
    8.129803,     10.00479,            0,            0,            0,   -0.9420741,    0.3354049
robot_70
   -10.08417,       16.577,            0,            0,            0,   -0.9582599,    0.2858984
robot_71
   -12.59679,     9.994316,            0,            0,            0,  -0.02554892,    0.9996736
robot_72
   -2.076405,    -14.09975,            0,            0,            0,     -0.78909,    0.6142776
robot_73
   -18.08305,    -1.080572,            0,            0,            0,    -0.892622,    0.4508058
robot_74
    1.557308,    -5.916905,            0,            0,            0,    0.1683067,    0.9857347
robot_75
    4.217971,     13.99827,            0,            0,            0,    0.7094918,    0.7047137
robot_76
    6.632605,     10.01147,            0,            0,            0,    0.7961883,     0.605049
robot_77
    14.02004,     10.34511,            0,            0,            0,    0.8766695,    0.4810931
robot_78
   -11.16139,     14.03143,            0,            0,            0,    0.4424483,     0.896794
robot_79
    -3.13354,     18.01275,            0,            0,            0,    0.9744376,    0.2246583
robot_80
    -14.7099,     13.98822,            0,            0,            0,   -0.4407853,    0.8976126
robot_81
   -12.75588,    -9.993038,            0,            0,            0,   -0.5184248,    0.8551232
robot_82
    -6.05833,    -1.097624,            0,            0,            0,     0.475294,     0.879827
robot_83
   -15.93775,     -10.0331,            0,            0,            0,   -0.9708021,    0.2398819
robot_84
   -5.894457,    -18.08094,            0,            0,            0,   -0.8439501,    0.5364216
robot_85
    7.347362,    -10.03152,            0,            0,            0,   -0.5607058,    0.8280151
robot_86
   -10.03868,     -6.27287,            0,            0,            0,    0.1165483,     0.993185
robot_87
   -13.98125,      17.8281,            0,            0,            0,   -0.8666661,    0.4988886
robot_88
     5.91458,    -18.41797,            0,            0,            0,   -0.9896219,    0.1436955
robot_89
    17.73068,    -9.906857,            0,            0,            0,   -0.5393028,    0.8421119
robot_90
   -16.01517,    -14.02693,            0,            0,            0,   -0.3370622,    0.9414824
robot_91
   -8.240123,    -9.978501,            0,            0,            0,  -0.04363686,    0.9990475
robot_92
    13.92167,    -9.237715,            0,            0,            0,    0.1836442,    0.9829928
robot_93
   -3.682456,     2.011038,            0,            0,            0,    0.4991313,    0.8665264
robot_94
   -6.056427,    -14.45356,            0,            0,            0, -0.001975176,     0.999998
robot_95
    17.94256,    -4.954939,            0,            0,            0,    0.4277369,    0.9039033
robot_96
    1.839787,     18.18905,            0,            0,            0,   -0.3400819,    0.9403958
robot_97
    5.843739,     1.683263,            0,            0,            0,   -0.4706966,    0.8822951
robot_98
   -11.74848,    -18.01445,            0,            0,            0,   -0.1526697,    0.9882773
robot_99
    -18.9678,    -10.03025,            0,            0,            0,   -0.9049047,    0.4256143
