tuw_multi_robot_msgs::RobotGoalsArray @1970-01-01T00:03:21
frame_id: map
         201,            0
robot_0
    10.31469,    -10.03233,            0,            0,            0,    0.4237373,    0.9057851
robot_1
    9.910711,    -18.92753,            0,            0,            0,    0.9999914,  0.004143512
robot_2
   -2.295213,    -17.95722,            0,            0,            0,    0.6013748,     0.798967
robot_3
    1.880262,    -1.639161,            0,            0,            0,   -0.8188582,    0.5739959
robot_4
    3.222122,     18.02536,            0,            0,            0,    0.7225525,     0.691316
robot_5
    9.940597,    -2.120247,            0,            0,            0,   -0.8972742,    0.4414736
robot_6
   -13.96491,     10.18218,            0,            0,            0,    0.9934613,    0.1141694
robot_7
    -1.81886,     9.931525,            0,            0,            0,   -0.9783375,    0.2070162
robot_8
   -18.09358,     7.228514,            0,            0,            0,   -0.4043823,      0.91459
robot_9
     13.7803,       10.103,            0,            0,            0,   -0.9999216,   0.01252519
robot_10
  -0.3597181,     13.97036,            0,            0,            0,     0.931504,    0.3637312
robot_11
   -6.502502,    -14.04416,            0,            0,            0,    0.9686319,    0.2484999
robot_12
   -9.488236,     10.01712,            0,            0,            0,   -0.8555716,    0.5176845
robot_13
    9.930572,       -14.95,            0,            0,            0,   -0.6471188,    0.7623892
robot_14
    10.39312,     10.00412,            0,            0,            0,    0.4910628,    0.8711242
robot_15
    7.025757,    -9.975196,            0,            0,            0,    0.8460592,    0.5330889
robot_16
    5.873563,     1.859502,            0,            0,            0,   -0.7807543,    0.6248382
robot_17
   -14.12863,     2.247222,            0,            0,            0,    0.6711525,    0.7413193
robot_18
   -10.25156,     17.87756,            0,            0,            0,    0.5712302,    0.8207899
robot_19
    5.787996,    -17.79091,            0,            0,            0,    -0.258272,    0.9660722
robot_20
   -1.218614,    -17.96931,            0,            0,            0,   -0.5594238,    0.8288818
robot_21
   -12.97246,    -18.00793,            0,            0,            0,    0.7425434,    0.6697979
robot_22
    3.968191,    -10.03058,            0,            0,            0,    0.9563126,    0.2923459
robot_23
    2.256732,     9.970416,            0,            0,            0,    -0.723369,    0.6904616
robot_24
   -11.86408,    -14.01698,            0,            0,            0,   -0.9999999, 0.0004047557
robot_25
    -6.09879,     17.05217,            0,            0,            0,  -0.05970501,    0.9982161
robot_26
   -10.08693,     2.464317,            0,            0,            0,    0.8814544,    0.4722691
robot_27
   -3.449537,    -10.00879,            0,            0,            0,   -0.1486975,    0.9888827
robot_28
   -18.22374,    -1.818537,            0,            0,            0,   -0.9981006,   0.06160588
robot_29
  -0.4635432,     5.973298,            0,            0,            0,   -0.8104618,    0.5857915
robot_30
    2.024921,     17.99872,            0,            0,            0,    0.9894478,    0.1448895
robot_31
   -6.417377,    -2.014192,            0,            0,            0,    0.1944428,    0.9809139
robot_32
    18.08237,     1.933678,            0,            0,            0,   -0.9689638,    0.2472026
robot_33
    1.834379,    -9.863449,            0,            0,            0,    0.1274498,     0.991845
robot_34
    17.93973,    -8.555498,            0,            0,            0,    0.9485194,     0.316719
robot_35
    -18.0793,     4.540413,            0,            0,            0,   -0.9765048,    0.2154955
robot_36
    -3.45265,     13.98837,            0,            0,            0,   -0.9567745,    0.2908307
robot_37
   -17.87824,     1.971414,            0,            0,            0,    0.3602193,    0.9328676
robot_38
   -14.07943,    -16.30276,            0,            0,            0,   -0.9971768,   0.07508963
robot_39
    9.908864,     -7.19593,            0,            0,            0,   0.09967285,    0.9950203
robot_40
    9.911351,     3.679533,            0,            0,            0,    0.9970467,   0.07679764
robot_41
    15.13777,     9.989986,            0,            0,            0,   -0.6423198,    0.7664368
robot_42
   -18.05076,     -3.77325,            0,            0,            0,    0.4269516,    0.9042745
robot_43
    1.910891,     16.70977,            0,            0,            0,    0.3847962,    0.9230015
robot_44
    1.996132,     14.05582,            0,            0,            0,    0.9728992,    0.2312298
robot_45
   -2.064875,   -0.4481847,            0,            0,            0,   0.02631441,    0.9996537
robot_46
   -6.188211,    -9.995547,            0,            0,            0,   -0.4628757,    0.8864232
robot_47
    9.075502,    -18.01148,            0,            0,            0,    0.6943898,     0.719599
robot_48
   -4.132555,    -2.026879,            0,            0,            0,    0.8629198,    0.5053409
robot_49
   -6.019262,     18.17024,            0,            0,            0,    0.6048982,    0.7963028
robot_50
   -17.47367,    -9.972029,            0,            0,            0,  -0.03043215,    0.9995368
robot_51
   -15.80181,     1.969383,            0,            0,            0,   -0.5332863,    0.8459348
robot_52
    13.91239,     7.408136,            0,            0,            0,   -0.7998979,    0.6001361
robot_53
   -13.10315,    -13.99624,            0,            0,            0,    0.4143603,    0.9101129
robot_54
    17.94244,     5.085573,            0,            0,            0,   -0.9317971,    0.3629796
robot_55
   -18.08437,      10.7465,            0,            0,            0,    0.9899718,    0.1412653
robot_56
    9.961636,    -11.42295,            0,            0,            0,    0.2127019,    0.9771171
robot_57
    9.798116,     17.80713,            0,            0,            0,   -0.6355237,    0.7720814
robot_58
    9.955148,     1.977287,            0,            0,            0,   -0.9693326,    0.2457524
robot_59
    16.16809,    -13.99369,            0,            0,            0,   -0.6749356,    0.7378766
robot_60
    18.07336,    -2.024472,            0,            0,            0,    0.4803102,    0.8770987
robot_61
   -6.139558,     14.17471,            0,            0,            0,   -0.6376946,    0.7702893
robot_62
    17.94946,    -10.86385,            0,            0,            0,    0.3391317,    0.9407389
robot_63
   -17.83394,     5.939422,            0,            0,            0,   -0.5997219,    0.8002085
robot_64
   -14.07155,     1.305005,            0,            0,            0,   0.02515408,    0.9996836
robot_65
   -6.042939,   -0.1566627,            0,            0,            0,    0.9929165,    0.1188141
robot_66
     1.21491,    -17.97305,            0,            0,            0,   -0.2229651,    0.9748264
robot_67
     13.8587,    -10.04301,            0,            0,            0,   -0.8323771,    0.5542096
robot_68
   -11.84131,    -10.00825,            0,            0,            0,   -0.3601387,    0.9328988
robot_69
    1.761493,     6.112618,            0,            0,            0,    0.4916845,    0.8707734
robot_70
   -14.05115,    -8.645359,            0,            0,            0,    0.8158162,    0.5783113
robot_71
     11.3009,    -13.96804,            0,            0,            0,   -0.9919827,    0.1263739
robot_72
    9.902185,     19.03034,            0,            0,            0,   -0.4639385,    0.8858674
robot_73
   -7.012939,     10.00639,            0,            0,            0,   0.06376661,    0.9979648
robot_74
   -10.03117,    -10.29089,            0,            0,            0,    0.8775656,    0.4794565
robot_75
   -2.034298,    -14.08661,            0,            0,            0,   -0.2362146,    0.9717009
robot_76
    2.612104,    -13.97142,            0,            0,            0,   -0.8906523,     0.454685
robot_77
   -11.18625,     14.02848,            0,            0,            0,    0.4588632,    0.8885069
robot_78
   -18.03587,    -8.049748,            0,            0,            0,   -0.7303791,     0.683042
robot_79
     5.11327,    -10.03009,            0,            0,            0,    0.7149836,    0.6991412
robot_80
    13.91014,     3.547835,            0,            0,            0,    0.8082019,    0.5889056
robot_81
    5.189281,     14.03048,            0,            0,            0,    0.8683407,    0.4959682
robot_82
   -11.52349,     17.99151,            0,            0,            0,    0.9960783,   0.08847602
robot_83
   -10.03352,    -15.40808,            0,            0,            0,    0.3384114,    0.9409983
robot_84
    5.924651,     18.34053,            0,            0,            0,    0.8747975,    0.4844886
robot_85
      5.9399,     17.33759,            0,            0,            0,  -0.01400242,     0.999902
robot_86
   -10.44588,    -14.02291,            0,            0,            0,    0.8666971,    0.4988348
robot_87
   -14.06479,    -13.67257,            0,            0,            0,   -0.9792022,    0.2028868
robot_88
    13.95699,     13.78487,            0,            0,            0,   -0.5395651,    0.8419439
robot_89
    9.961009,     13.15951,            0,            0,            0,   -0.3382543,    0.9410547
robot_90
   -14.06416,    -11.11247,            0,            0,            0,    0.3958244,    0.9183262
robot_91
   -6.041495,    -15.25692,            0,            0,            0,   -0.5156291,    0.8568119
robot_92
   -16.74461,      6.02675,            0,            0,            0,   -0.7716485,    0.6360492
robot_93
    18.02372,     9.808523,            0,            0,            0,    0.8443302,    0.5358232
robot_94
   -4.976275,    -13.98262,            0,            0,            0,   -0.9896099,    0.1437782
robot_95
    19.28492,    -13.98967,            0,            0,            0,    0.3021881,    0.9532483
robot_96
    7.427474,     -2.02246,            0,            0,            0,    0.7752459,    0.6316596
robot_97
   -2.027776,    -1.697771,            0,            0,            0,    0.7133247,    0.7008337
robot_98
     17.8927,     13.81551,            0,            0,            0,    0.7799012,    0.6259026
robot_99
   -10.09659,     -4.67258,            0,            0,            0,    0.9985007,   0.05473955
