tuw_multi_robot_msgs::RobotGoalsArray @1970-01-01T00:02:02
frame_id: map
         121,    900000000
robot_0
    1.580285,     5.902125,            0,            0,            0,    0.4788507,    0.8778964
robot_1
   -14.03937,    -1.878827,            0,            0,            0,   -0.6226474,    0.7825026
robot_2
   -18.13159,    -10.20731,            0,            0,            0,   -0.8841099,     0.467279
robot_3
   -10.08658,     3.481795,            0,            0,            0,     0.999531,   0.03062474
robot_4
    17.87684,    -9.721699,            0,            0,            0,    -0.154745,    0.9879544
robot_5
    10.11444,    -14.12357,            0,            0,            0,    0.5754629,    0.8178279
robot_6
    13.78447,      9.86425,            0,            0,            0,  -0.01810315,    0.9998361
robot_7
   -2.090783,    0.5686517,            0,            0,            0,   -0.0721102,    0.9973967
robot_8
   -6.088684,     17.44405,            0,            0,            0,     0.795484,    0.6059747
robot_9
   -4.208439,      14.0284,            0,            0,            0,   -0.9968082,   0.07983374
robot_10
   -10.39351,    -17.96053,            0,            0,            0,    0.9890815,    0.1473695
robot_11
    -19.1369,    -9.990914,            0,            0,            0,   -0.6212378,    0.7836221
robot_12
   -12.93389,    -17.99849,            0,            0,            0,    0.2711762,    0.9625297
robot_13
   -1.983753,     2.291181,            0,            0,            0,    0.8007088,    0.5990537
robot_14
   -2.041244,     18.96859,            0,            0,            0,   -0.2815553,     0.959545
robot_15
    13.94683,     -12.9745,            0,            0,            0,    -0.704145,    0.7100562
robot_16
    9.871208,    -9.754041,            0,            0,            0,    0.5531417,    0.8330872
robot_17
     18.0454,     2.173534,            0,            0,            0,   -0.2849445,     0.958544
robot_18
   -10.39189,     17.94119,            0,            0,            0,    0.1789985,    0.9838493
robot_19
    17.55502,     13.99633,            0,            0,            0,  -0.01105104,    0.9999389
robot_20
    1.971346,    -14.30662,            0,            0,            0,    -0.627759,    0.7784078
robot_21
    9.920282,    -12.60402,            0,            0,            0,    0.5238279,    0.8518241
robot_22
   -18.00691,     10.29953,            0,            0,            0,    0.9684192,    0.2493274
robot_23
    9.952635,     -2.58658,            0,            0,            0,   -0.9354198,    0.3535389
robot_24
   -2.124101,     9.814016,            0,            0,            0,    0.7760132,    0.6307167
robot_25
   -18.06036,    -8.926808,            0,            0,            0,    0.6138711,    0.7894063
robot_26
    14.08174,    -1.833638,            0,            0,            0,    0.1621965,    0.9867585
robot_27
    13.91498,    -15.89618,            0,            0,            0,    0.8544737,    0.5194947
robot_28
    -10.0972,     19.29721,            0,            0,            0,    -0.959663,    0.2811527
robot_29
   0.9608079,     1.987469,            0,            0,            0,   -0.5673912,    0.8234484
robot_30
    6.677471,    -14.02688,            0,            0,            0,   -0.2764666,    0.9610235
robot_31
    -7.90523,      14.0215,            0,            0,            0,  -0.02385651,    0.9997154
robot_32
   -10.07197,   0.04712708,            0,            0,            0,    0.8589806,    0.5120081
robot_33
    14.33699,     6.069431,            0,            0,            0,    0.9686951,    0.2482536
robot_34
    1.530172,    -6.011871,            0,            0,            0,    0.7805884,    0.6250454
robot_35
    5.886562,     1.968049,            0,            0,            0,   -0.9531901,    0.3023716
robot_36
   -13.62394,     17.94463,            0,            0,            0,   -0.7379776,    0.6748252
robot_37
    17.90961,    -10.80154,            0,            0,            0,    -0.584139,    0.8116536
robot_38
    18.20222,    -5.976331,            0,            0,            0,     0.618955,    0.7854265
robot_39
   -7.619308,    -13.97006,            0,            0,            0,    0.9368488,    0.3497346
robot_40
   -11.26421,     13.98624,            0,            0,            0,   -0.5145423,     0.857465
robot_41
    10.42944,      10.0461,            0,            0,            0,    -0.139011,    0.9902908
robot_42
    4.752004,     -13.9693,            0,            0,            0,    0.6528056,    0.7575255
robot_43
   -1.701121,    -9.904712,            0,            0,            0,   -0.1494018,    0.9887766
robot_44
   -2.114599,    -18.26429,            0,            0,            0,   -0.8580783,    0.5135189
robot_45
    9.985202,     -18.3274,            0,            0,            0,   -0.8797246,    0.4754835
robot_46
    18.80918,     -2.01708,            0,            0,            0,    0.1244961,    0.9922201
robot_47
    17.93599,    -12.21627,            0,            0,            0,    0.9476392,     0.319343
robot_48
    13.91868,     16.51221,            0,            0,            0,    0.0951965,    0.9954585
robot_49
    12.40253,      17.9826,            0,            0,            0,    0.9841437,    0.1773728
robot_50
   -9.869821,    -10.02586,            0,            0,            0,    0.6480837,    0.7615691
robot_51
   -5.265009,     -1.97613,            0,            0,            0,   -0.7987176,     0.601706
robot_52
    13.92949,     19.29659,            0,            0,            0,   -0.1298933,     0.991528
robot_53
   -14.08706,    -15.83997,            0,            0,            0,    0.8467317,    0.5320202
robot_54
    17.74635,     -1.94676,            0,            0,            0,    0.1478021,     0.989017
robot_55
   -6.048243,    -18.92661,            0,            0,            0,    -0.307103,    0.9516763
robot_56
   -2.029614,    -1.782242,            0,            0,            0,    -0.773035,    0.6343634
robot_57
   0.3946237,    -13.99245,            0,            0,            0,    0.1899487,     0.981794
robot_58
    13.96548,     3.643947,            0,            0,            0,    0.5521124,    0.8337697
robot_59
   -10.04498,    -6.669133,            0,            0,            0,    0.7158372,    0.6982672
robot_60
    18.41335,    -13.97234,            0,            0,            0,    0.8561581,     0.516714
robot_61
   -14.08303,    -13.05677,            0,            0,            0,    0.1803646,    0.9835998
robot_62
   -3.274663,     2.031439,            0,            0,            0,   -0.1756443,    0.9844537
robot_63
   -1.339567,     13.98359,            0,            0,            0,   -0.1505108,    0.9886084
robot_64
   -10.05056,    -14.02517,            0,            0,            0,   -0.9982043,   0.05990124
robot_65
    1.216252,     -2.02804,            0,            0,            0,    0.1092444,    0.9940149
robot_66
   -2.001374,     5.983736,            0,            0,            0,    -0.689263,    0.7245113
robot_67
   -14.38452,    -14.04807,            0,            0,            0,    0.8131889,    0.5819998
robot_68
   -18.06186,    0.8097246,            0,            0,            0,   -0.9939675,    0.1096752
robot_69
    9.924209,    0.6825002,            0,            0,            0,   -0.2831272,    0.9590824
robot_70
   -10.00135,     1.830694,            0,            0,            0,   -0.5694243,    0.8220438
robot_71
    13.89213,     17.70255,            0,            0,            0,   -0.6469631,    0.7625213
robot_72
   -18.09395,     8.932163,            0,            0,            0,     0.730647,    0.6827554
robot_73
   -14.08505,     18.76935,            0,            0,            0,   -0.9998643,   0.01647164
robot_74
   -16.27925,    -13.97196,            0,            0,            0,    0.1568971,     0.987615
robot_75
    17.91715,     6.779842,            0,            0,            0,    0.4568019,    0.8895685
robot_76
   -17.72812,     13.95352,            0,            0,            0,    0.5346264,    0.8450885
robot_77
     9.94574,     13.35646,            0,            0,            0,    0.8421444,    0.5392521
robot_78
   -10.07439,    -11.55465,            0,            0,            0,   -0.2669251,    0.9637173
robot_79
     6.03322,    -1.654271,            0,            0,            0,    0.7986007,    0.6018612
robot_80
    1.951201,     14.71777,            0,            0,            0,   -0.6839043,    0.7295717
robot_81
    14.26239,    -14.00035,            0,            0,            0,   -0.9114882,    0.4113261
robot_82
   -18.38576,    -1.966992,            0,            0,            0,   -0.4877066,    0.8730076
robot_83
    -16.7601,     -1.99568,            0,            0,            0,   -0.8786453,     0.477475
robot_84
   -1.669692,    -14.00876,            0,            0,            0,   -0.8234608,    0.5673732
robot_85
     4.00623,    -18.00219,            0,            0,            0,    0.5498113,    0.8352889
robot_86
    8.659243,     1.980071,            0,            0,            0,  0.001489949,    0.9999989
robot_87
   -14.47725,     13.98203,            0,            0,            0,   -0.5351157,    0.8447788
robot_88
    8.137103,     17.97355,            0,            0,            0,  -0.03228869,    0.9994786
robot_89
   -14.11106,    -6.105716,            0,            0,            0,   -0.8385838,    0.5447726
robot_90
   -2.041286,    -15.17027,            0,            0,            0,  -0.01747117,    0.9998474
robot_91
   -10.05609,       8.8704,            0,            0,            0,   -0.3000558,    0.9539217
robot_92
    17.94429,    -7.301385,            0,            0,            0,   -0.8512206,     0.524808
robot_93
    2.328969,     9.997527,            0,            0,            0,    0.9064601,    0.4222914
robot_94
   -18.04448,     -12.0126,            0,            0,            0,   -0.7036587,    0.7105381
robot_95
    15.69736,     2.028812,            0,            0,            0,   -0.3077507,     0.951467
robot_96
    1.959095,     1.012437,            0,            0,            0,     0.389829,    0.9208873
robot_97
   -18.09868,     11.28102,            0,            0,            0,    0.9343883,    0.3562562
robot_98
   -5.899631,      1.96811,            0,            0,            0,   -0.9317398,    0.3631266
robot_99
    9.926435,     17.06539,            0,            0,            0,   -0.8651118,    0.5015791
