tuw_multi_robot_msgs::RobotGoalsArray @1970-01-01T00:03:19.100000
frame_id: map
         199,    100000000
robot_0
   -14.05093,     1.551813,            0,            0,            0,    0.9805267,    0.1963858
robot_1
    1.848487,    -6.342156,            0,            0,            0,     0.769905,    0.6381585
robot_2
    5.522984,    -14.00062,            0,            0,            0,    0.4953375,    0.8687006
robot_3
    9.900501,     -1.89875,            0,            0,            0,    0.7247092,    0.6890548
robot_4
   -18.08606,    -12.41938,            0,            0,            0,    0.8924213,    0.4512032
robot_5
    9.900672,     3.525354,            0,            0,            0,    0.1654789,    0.9862133
robot_6
    13.93764,    -18.43474,            0,            0,            0,    0.3856009,    0.9226657
robot_7
   -6.185847,     1.807172,            0,            0,            0,     0.646903,    0.7625723
robot_8
    2.882842,    -13.96798,            0,            0,            0,    0.9988489,   0.04796779
robot_9
    17.31718,     9.990138,            0,            0,            0,   -0.9091161,    0.4165429
robot_10
   -18.08213,    -3.526888,            0,            0,            0,   -0.4090785,    0.9124992
robot_11
    17.86513,     13.73013,            0,            0,            0,    0.7726321,     0.634854
robot_12
   -14.05255,     19.32483,            0,            0,            0,    0.5902559,    0.8072162
robot_13
    13.94756,     17.74876,            0,            0,            0,   -0.9922736,    0.1240686
robot_14
   -9.697185,      17.9074,            0,            0,            0,    -0.827477,    0.5614996
robot_15
    13.91924,     1.904416,            0,            0,            0,    0.2285911,    0.9735225
robot_16
   -1.779228,    -6.091265,            0,            0,            0,    0.9449893,    0.3271014
robot_17
   -6.099764,     17.48476,            0,            0,            0,    0.9584917,    0.2851204
robot_18
     13.0449,     9.975744,            0,            0,            0,   -0.9987773,   0.04943602
robot_19
    5.902058,      -16.267,            0,            0,            0,   -0.9760754,    0.2174325
robot_20
    1.933524,    -1.235148,            0,            0,            0,   -0.9998155,   0.01920696
robot_21
   -2.090836,     9.833968,            0,            0,            0,  -0.08449283,    0.9964241
robot_22
    17.92057,    -2.223723,            0,            0,            0,    0.3827247,    0.9238624
robot_23
    9.933762,    -4.849309,            0,            0,            0,     0.554093,    0.8324548
robot_24
   -6.287091,    -1.963469,            0,            0,            0,    0.3873985,    0.9219124
robot_25
   -2.265919,     18.10316,            0,            0,            0,    0.9589506,    0.2835731
robot_26
    13.84353,    -10.16208,            0,            0,            0,   -0.4914932,    0.8708814
robot_27
   -2.345295,     -18.0115,            0,            0,            0,    0.9972402,   0.07424217
robot_28
    -15.7778,     10.03188,            0,            0,            0,    0.9934633,    0.1141522
robot_29
   -6.078905,    -17.84917,            0,            0,            0,   -0.6631791,    0.7484608
robot_30
    17.86235,    -6.094696,            0,            0,            0,   -0.2621329,    0.9650318
robot_31
    13.95882,     8.821768,            0,            0,            0,    0.1651369,    0.9862706
robot_32
   -14.10581,     13.75075,            0,            0,            0,    0.9990834,   0.04280631
robot_33
   -4.003766,    -13.97656,            0,            0,            0,   -0.6683228,    0.7438714
robot_34
   -10.08831,     10.40188,            0,            0,            0,    0.9777093,    0.2099633
robot_35
    15.38397,     5.979496,            0,            0,            0,    0.6628295,    0.7487704
robot_36
    17.94519,   -0.2405521,            0,            0,            0,    0.9677588,    0.2518788
robot_37
   -14.05048,    -18.19902,            0,            0,            0,   -0.8709163,    0.4914313
robot_38
    1.885214,     9.839039,            0,            0,            0,     0.412871,    0.9107895
robot_39
   -10.05544,    -13.70372,            0,            0,            0,    0.2636547,    0.9646171
robot_40
   -9.905162,    -18.19299,            0,            0,            0,   -0.3267356,    0.9451158
robot_41
    10.39894,    -17.99359,            0,            0,            0,   -0.9559842,    0.2934183
robot_42
   -18.19509,    -1.966278,            0,            0,            0,    0.9949923,   0.09995179
robot_43
   -17.69124,    -9.948646,            0,            0,            0,    0.8321592,    0.5545368
robot_44
    5.594889,     17.95933,            0,            0,            0,   -0.9783629,    0.2068961
robot_45
    8.358467,     13.98403,            0,            0,            0,   -0.4750591,    0.8799539
robot_46
   -10.04838,      12.0318,            0,            0,            0,   -0.9204762,    0.3907987
robot_47
     9.86966,     18.28187,            0,            0,            0,   -0.7533366,    0.6576351
robot_48
    17.93373,     8.549518,            0,            0,            0,   -0.8150646,      0.57937
robot_49
   -18.13467,     -13.7424,            0,            0,            0,    0.7282087,    0.6853554
robot_50
      17.966,     5.387251,            0,            0,            0,    0.6084922,    0.7935598
robot_51
   -4.173291,     18.02831,            0,            0,            0,     0.249049,    0.9684909
robot_52
   -10.07928,    0.2001721,            0,            0,            0,   -0.7665811,    0.6421476
robot_53
    1.949961,     16.13957,            0,            0,            0,     0.991062,    0.1334022
robot_54
    13.92285,    -16.17681,            0,            0,            0,   -0.6731914,    0.7394683
robot_55
   -8.485237,    -9.966745,            0,            0,            0,   -0.5186041,    0.8550145
robot_56
   -14.05689,    -3.290867,            0,            0,            0,   -0.9783593,    0.2069132
robot_57
    1.535631,     18.09324,            0,            0,            0,    0.9336499,    0.3581869
robot_58
   -14.08784,    -16.54539,            0,            0,            0,   -0.3905743,    0.9205714
robot_59
   -2.050978,      -14.021,            0,            0,            0,   -0.5372501,     0.843423
robot_60
    9.928519,    -11.77995,            0,            0,            0,   -0.7621854,    0.6473588
robot_61
   -10.73181,     14.00759,            0,            0,            0,   0.05545285,    0.9984613
robot_62
   -19.42198,    -6.011243,            0,            0,            0,    0.9677433,    0.2519383
robot_63
   -6.697066,     10.02121,            0,            0,            0,   -0.1548868,    0.9879322
robot_64
   0.3942289,     10.02513,            0,            0,            0,   -0.1067706,    0.9942837
robot_65
    5.652687,     9.999033,            0,            0,            0,  -0.01173197,    0.9999312
robot_66
   -10.09214,      5.85585,            0,            0,            0,   -0.4234065,    0.9059398
robot_67
  -0.7995219,    -2.005846,            0,            0,            0,    0.9903572,    0.1385376
robot_68
    12.85428,    -9.983458,            0,            0,            0,   -0.9993616,   0.03572606
robot_69
    15.95386,     1.987398,            0,            0,            0,    -0.555809,      0.83131
robot_70
    9.961165,   -0.3289101,            0,            0,            0,  0.004839614,    0.9999883
robot_71
    19.28619,     10.01634,            0,            0,            0,    0.7849353,    0.6195777
robot_72
    14.40166,    -13.99533,            0,            0,            0,   -0.9624758,    0.2713674
robot_73
   -18.60245,    -10.01354,            0,            0,            0,    -0.887767,    0.4602931
robot_74
    12.12438,     17.99384,            0,            0,            0,    0.8794343,    0.4760203
robot_75
   -19.69193,     10.03333,            0,            0,            0,    -0.996484,    0.0837834
robot_76
   -1.987913,     6.266614,            0,            0,            0,   -0.1338616,        0.991
robot_77
    5.525229,     13.96734,            0,            0,            0,   -0.9755681,    0.2196972
robot_78
    12.52644,    -13.98969,            0,            0,            0,   -0.7983911,    0.6021392
robot_79
   0.1469677,    -13.97576,            0,            0,            0,    0.9990648,   0.04323737
robot_80
    6.844162,     9.983416,            0,            0,            0,    0.9025475,    0.4305902
robot_81
   -8.036338,    -13.97081,            0,            0,            0,    0.2620481,    0.9650548
robot_82
   -17.88047,     13.97858,            0,            0,            0,   -0.6615463,    0.7499043
robot_83
   -13.94651,    -14.19931,            0,            0,            0,    0.5269116,    0.8499201
robot_84
   -14.08173,     12.78634,            0,            0,            0,    0.9590679,    0.2831763
robot_85
   -9.567013,     2.015003,            0,            0,            0,  -0.02113213,    0.9997767
robot_86
    13.97227,     10.36545,            0,            0,            0,   -0.6301143,    0.7765024
robot_87
    2.673318,     -1.98682,            0,            0,            0,    0.6318674,    0.7750765
robot_88
    1.111349,    -13.99177,            0,            0,            0,   -0.9971415,   0.07555698
robot_89
   -12.70344,      17.9844,            0,            0,            0,    0.6176019,    0.7864909
robot_90
    14.12567,    -2.041471,            0,            0,            0,    0.9983504,   0.05741493
robot_91
    15.54136,     10.01177,            0,            0,            0,    0.9130164,     0.407923
robot_92
    1.933224,     14.44454,            0,            0,            0,    -0.257731,    0.9662167
robot_93
   -10.17703,    -9.895611,            0,            0,            0,   -0.4029433,     0.915225
robot_94
    14.22581,    -5.992602,            0,            0,            0,    0.6348243,    0.7726566
robot_95
    7.319182,     1.985773,            0,            0,            0,    0.6640466,    0.7476912
robot_96
    9.705041,    -9.875027,            0,            0,            0,    0.7369176,    0.6759826
robot_97
    13.96031,     3.332357,            0,            0,            0,   -0.2122322,    0.9772193
robot_98
   -13.91717,     10.16581,            0,            0,            0,   0.09376417,    0.9955944
robot_99
    6.226847,    -1.946629,            0,            0,            0,   -0.3809675,    0.9245884
