tuw_multi_robot_msgs::RobotGoalsArray @1970-01-01T00:03:35
frame_id: map
         215,            0
robot_0
    9.948136,      6.67847,            0,            0,            0,    0.5092355,    0.8606272
robot_1
   -2.213161,     17.94981,            0,            0,            0,    -0.906226,    0.4227936
robot_2
   -10.09412,    -17.46034,            0,            0,            0,   -0.9959263,   0.09017068
robot_3
   -9.569874,     9.956101,            0,            0,            0,     0.352203,    0.9359236
robot_4
   -10.04951,    -3.448535,            0,            0,            0,   -0.3026895,    0.9530892
robot_5
   -5.865031,    -17.99608,            0,            0,            0,    0.5652577,    0.8249144
robot_6
    1.875999,     6.040169,            0,            0,            0,    0.2333787,    0.9723859
robot_7
    9.268547,     13.97857,            0,            0,            0,   -0.1482723,    0.9889466
robot_8
   -16.47714,    -9.999333,            0,            0,            0,    0.3915057,    0.9201757
robot_9
   -10.13719,    -13.97933,            0,            0,            0,     0.900925,    0.4339749
robot_10
   -3.166721,    -10.00196,            0,            0,            0,   -0.9633813,    0.2681352
robot_11
   -14.25667,    -1.876879,            0,            0,            0,    0.1458955,       0.9893
robot_12
   -16.69457,     9.982551,            0,            0,            0,   0.07447765,    0.9972227
robot_13
   -14.12318,    -10.13974,            0,            0,            0,    0.6308351,    0.7759169
robot_14
    9.496057,    -17.97765,            0,            0,            0,   -0.5781503,    0.8159303
robot_15
    17.96514,    -4.803801,            0,            0,            0,    0.1045221,    0.9945226
robot_16
   -17.49124,    -13.97083,            0,            0,            0,   -0.8076063,    0.5897221
robot_17
   -2.071708,     -18.1795,            0,            0,            0,   -0.8235419,    0.5672554
robot_18
   -10.06501,     4.994327,            0,            0,            0,   -0.6792476,    0.7339092
robot_19
    19.13442,     2.006083,            0,            0,            0,   -0.5859636,    0.8103374
robot_20
    5.920557,     1.921477,            0,            0,            0,    0.9549308,    0.2968286
robot_21
    13.94995,     13.05732,            0,            0,            0,    0.9736745,    0.2279429
robot_22
   -8.627713,     -10.0214,            0,            0,            0,    0.4952299,     0.868762
robot_23
   -9.725582,    -10.04006,            0,            0,            0,    -0.285327,    0.9584302
robot_24
    5.934288,    0.4256137,            0,            0,            0,    0.5700204,    0.8216306
robot_25
   -2.222145,     2.013063,            0,            0,            0,   -0.8292421,    0.5588895
robot_26
    9.964278,    -14.65682,            0,            0,            0,   -0.5166192,    0.8562153
robot_27
    5.908141,     16.31664,            0,            0,            0,   -0.8018403,    0.5975384
robot_28
    -2.08592,      15.6356,            0,            0,            0,     0.599406,    0.8004452
robot_29
     1.75935,     9.972158,            0,            0,            0,    -0.369323,    0.9293011
robot_30
   -18.53654,      10.0783,            0,            0,            0,   -0.8444902,    0.5355709
robot_31
   0.6639387,     14.00713,            0,            0,            0,   -0.6778104,    0.7352367
robot_32
   -10.78517,    -9.990095,            0,            0,            0,   -0.7653612,     0.643601
robot_33
   -4.671963,     2.016773,            0,            0,            0,   -0.8926513,    0.4507478
robot_34
    13.91564,     -10.8724,            0,            0,            0,    0.7888021,    0.6146473
robot_35
   0.8629184,    -5.995328,            0,            0,            0,   -0.8864347,    0.4628537
robot_36
   -10.06393,     14.45514,            0,            0,            0,   -0.9176632,     0.397359
robot_37
   -19.42347,       2.0121,            0,            0,            0,   -0.9733893,    0.2291577
robot_38
    10.84077,     10.03301,            0,            0,            0,    0.9700444,    0.2429278
robot_39
   -10.06946,     17.88116,            0,            0,            0,    0.8553875,    0.5179886
robot_40
    15.72597,     1.975008,            0,            0,            0,    0.1654656,    0.9862156
robot_41
   -15.23559,      1.98726,            0,            0,            0,    0.5887442,    0.8083194
robot_42
    2.146088,    -9.902188,            0,            0,            0,    0.1291866,    0.9916203
robot_43
    9.950912,     11.09637,            0,            0,            0,   -0.9910822,     0.133252
robot_44
    12.73178,     10.00086,            0,            0,            0,   -0.3944617,    0.9189124
robot_45
   -10.09848,     6.326839,            0,            0,            0,   -0.6945302,    0.7194635
robot_46
   -17.93194,    -10.09078,            0,            0,            0,   -0.8432352,    0.5375448
robot_47
     1.75503,     1.945199,            0,            0,            0,    0.5953234,    0.8034862
robot_48
     -14.035,    -7.661524,            0,            0,            0,    0.3009304,    0.9536461
robot_49
    10.67219,    -17.96717,            0,            0,            0,   -0.8124438,    0.5830395
robot_50
    14.58534,     1.985856,            0,            0,            0,   -0.5624969,    0.8267994
robot_51
     12.5033,     14.02152,            0,            0,            0,   -0.7586117,     0.651543
robot_52
    14.89254,     9.998832,            0,            0,            0,    0.7838107,    0.6209999
robot_53
    9.950556,     4.792683,            0,            0,            0,   -0.8301439,    0.5575491
robot_54
   -4.342505,     18.01648,            0,            0,            0,    0.9650239,     0.262162
robot_55
    5.739373,    -13.99981,            0,            0,            0,   -0.2169088,    0.9761919
robot_56
    2.063246,    -2.129242,            0,            0,            0,   -0.7992446,    0.6010059
robot_57
   -4.954771,     14.00092,            0,            0,            0,    -0.938952,    0.3440481
robot_58
  0.07979937,     9.988337,            0,            0,            0,   -0.9821497,     0.188101
robot_59
    12.70387,    -9.969127,            0,            0,            0,    0.9377969,    0.3471842
robot_60
    18.05768,     5.993727,            0,            0,            0,   -0.2163617,    0.9763133
robot_61
    -15.8774,     6.007019,            0,            0,            0,   -0.1048524,    0.9944878
robot_62
   -4.005601,     10.01832,            0,            0,            0,    0.1526299,    0.9882834
robot_63
   -10.06019,    -4.441989,            0,            0,            0,   -0.9719959,    0.2349978
robot_64
   -18.13768,     -2.02836,            0,            0,            0,    0.7588379,    0.6512795
robot_65
   -2.139181,     14.04235,            0,            0,            0,    0.9327503,    0.3605231
robot_66
      6.7221,     10.00418,            0,            0,            0,   -0.8096154,    0.5869607
robot_67
   -14.03996,     1.412086,            0,            0,            0,    0.2426044,    0.9701253
robot_68
     -9.9537,     1.777135,            0,            0,            0,   -0.6765796,    0.7363695
robot_69
  -0.2290878,    -14.02945,            0,            0,            0,    0.2196773,    0.9755726
robot_70
    8.643322,     10.00671,            0,            0,            0,   -0.5851594,    0.8109183
robot_71
   -6.043327,   -0.5273049,            0,            0,            0,    0.9739411,    0.2268012
robot_72
    17.90776,    -7.077969,            0,            0,            0,   -0.9983197,   0.05794566
robot_73
    11.04828,    -9.984887,            0,            0,            0,    0.9999989,  0.001468617
robot_74
    14.16787,    -5.931904,            0,            0,            0,   0.01846073,    0.9998296
robot_75
    17.84878,     1.727539,            0,            0,            0,   -0.4839588,    0.8750908
robot_76
   -6.779309,    -2.032878,            0,            0,            0,    0.7633671,    0.6459649
robot_77
   -7.240345,    -14.03198,            0,            0,            0,    0.6859977,    0.7276037
robot_78
    13.96556,     14.09441,            0,            0,            0,   -0.7777139,    0.6286184
robot_79
    2.804273,     -17.9876,            0,            0,            0,    0.5242321,    0.8515754
robot_80
   -11.51433,    -13.99326,            0,            0,            0,    0.7114672,    0.7027193
robot_81
    8.282699,    -9.976719,            0,            0,            0,   -0.9889972,    0.1479346
robot_82
   -6.060421,      19.0178,            0,            0,            0,   -0.1845307,    0.9828268
robot_83
    5.949073,     18.66547,            0,            0,            0,    0.6312363,    0.7755906
robot_84
    13.92524,     -15.9122,            0,            0,            0,   -0.4502936,    0.8928805
robot_85
    13.93415,     10.14125,            0,            0,            0,    -0.740443,    0.6721191
robot_86
   -14.03766,    -15.89725,            0,            0,            0,   -0.9637384,     0.266849
robot_87
    1.927364,    -17.08032,            0,            0,            0,   -0.9700712,    0.2428206
robot_88
    3.692757,     18.00887,            0,            0,            0,    0.9353523,    0.3537175
robot_89
    1.943208,     15.97297,            0,            0,            0,    0.9773551,    0.2116059
robot_90
    13.92207,    -18.84477,            0,            0,            0,    0.6133423,    0.7898172
robot_91
   -14.05609,      6.55089,            0,            0,            0,    0.9761233,    0.2172172
robot_92
    9.938962,     7.647732,            0,            0,            0,    0.2247666,    0.9744126
robot_93
    9.824925,     2.219344,            0,            0,            0,    0.3874539,    0.9218891
robot_94
   -17.93055,     1.796339,            0,            0,            0,   -0.1688284,    0.9856455
robot_95
    6.115226,    -10.02304,            0,            0,            0,   -0.9662191,    0.2577221
robot_96
   -14.76839,     9.983339,            0,            0,            0,    0.4441976,    0.8959288
robot_97
   -17.82336,     6.083155,            0,            0,            0,    -0.998095,   0.06169645
robot_98
   -2.058519,    -0.369533,            0,            0,            0,    0.9647485,    0.2631737
robot_99
    6.097816,    -17.77272,            0,            0,            0,    0.1641463,     0.986436
