tuw_multi_robot_msgs::RobotGoalsArray @1970-01-01T00:04:04.800000
frame_id: map
         244,    800000000
robot_0
    9.748411,     -14.1496,            0,            0,            0,   -0.8764195,    0.4815484
robot_1
    1.080393,     9.989853,            0,            0,            0,   -0.7841188,    0.6206107
robot_2
   -2.363223,    -1.968297,            0,            0,            0,   -0.9981439,   0.06089926
robot_3
  -0.6654119,     18.03285,            0,            0,            0,   -0.9990868,   0.04272579
robot_4
    9.949092,     13.20545,            0,            0,            0,     0.914929,    0.4036148
robot_5
   -17.57181,    -9.959064,            0,            0,            0,  -0.09175218,    0.9957819
robot_6
    2.378427,     18.04139,            0,            0,            0,    0.2996113,    0.9540614
robot_7
    17.93629,    -5.164909,            0,            0,            0,   -0.7665665,    0.6421649
robot_8
    17.99175,    -1.882061,            0,            0,            0,    0.8129177,    0.5823785
robot_9
    9.916249,     2.862219,            0,            0,            0,    0.1477519,    0.9890245
robot_10
    5.906805,     17.79546,            0,            0,            0,    0.1251129,    0.9921425
robot_11
    1.911305,   -0.4030752,            0,            0,            0,   -0.9405027,    0.3397862
robot_12
    13.90381,     16.71485,            0,            0,            0,   -0.3212766,    0.9469854
robot_13
    17.82666,     10.18506,            0,            0,            0,    0.8341663,     0.551513
robot_14
    17.64467,    -14.02916,            0,            0,            0,    0.8527134,    0.5223791
robot_15
    6.437099,     9.979368,            0,            0,            0,    0.9993698,   0.03549761
robot_16
    13.91257,     14.79485,            0,            0,            0,    0.9931419,    0.1169155
robot_17
    13.92882,     -8.90937,            0,            0,            0,    0.9999868,  0.005137165
robot_18
    1.906326,     16.63346,            0,            0,            0,    0.6835983,    0.7298584
robot_19
    -8.39391,     -13.9963,            0,            0,            0,    0.3757536,    0.9267196
robot_20
    17.90546,    0.3624102,            0,            0,            0,   -0.8170984,    0.5764982
robot_21
    12.52877,    -10.00617,            0,            0,            0,   -0.9867786,    0.1620741
robot_22
   -2.305103,      9.94199,            0,            0,            0,    0.6325109,    0.7745515
robot_23
     1.85467,     2.331224,            0,            0,            0,    0.4939178,    0.8695086
robot_24
    11.57932,     9.978866,            0,            0,            0,    0.7078963,    0.7063164
robot_25
   -11.49725,    -18.00832,            0,            0,            0,    0.4828922,    0.8756798
robot_26
   -10.05311,      16.1515,            0,            0,            0,   -0.5388802,    0.8423824
robot_27
   -17.87563,    -5.912917,            0,            0,            0,    0.6967112,    0.7173517
robot_28
   -14.21649,    -9.894813,            0,            0,            0,   -0.1276711,    0.9918166
robot_29
   -6.450156,    -2.024085,            0,            0,            0,    0.1056828,    0.9943999
robot_30
   -9.944912,     2.173096,            0,            0,            0,   -0.1553506,    0.9878594
robot_31
   -16.68012,     13.96956,            0,            0,            0,   -0.9778169,    0.2094616
robot_32
   -8.905051,    -18.02362,            0,            0,            0,    0.7077474,    0.7064656
robot_33
   -7.814183,    -17.98084,            0,            0,            0,   -0.6808977,    0.7323785
robot_34
   -8.787006,     9.968838,            0,            0,            0,   -0.4081824,    0.9129004
robot_35
   -17.98387,    -2.041089,            0,            0,            0,    0.5512255,    0.8343563
robot_36
   -10.06022,     8.851436,            0,            0,            0,    0.8300904,    0.5576288
robot_37
    18.98957,    -6.018384,            0,            0,            0,    0.7687034,    0.6396055
robot_38
   -4.306706,    -1.966947,            0,            0,            0,   -0.1892851,    0.9819222
robot_39
    9.916411,    -8.635787,            0,            0,            0,    0.7907246,     0.612172
robot_40
   -18.08179,     2.820815,            0,            0,            0,    0.6787948,     0.734328
robot_41
   -6.338931,    -17.91799,            0,            0,            0,     0.974098,     0.226126
robot_42
   -10.09699,    -17.87133,            0,            0,            0,   -0.9123179,    0.4094827
robot_43
    17.99236,     1.922751,            0,            0,            0,   -0.3995094,    0.9167291
robot_44
   -14.08006,    -11.06882,            0,            0,            0,    0.8456233,    0.5337801
robot_45
   -10.63208,     17.99151,            0,            0,            0,   -0.8595206,    0.5111012
robot_46
    9.910628,     1.066735,            0,            0,            0,    0.8278268,    0.5609837
robot_47
    2.149254,     13.96823,            0,            0,            0,   -0.3304683,    0.9438171
robot_48
     14.5631,    -6.006578,            0,            0,            0,    0.1783136,    0.9839737
robot_49
   -13.80516,    -13.91193,            0,            0,            0,    0.5732753,    0.8193628
robot_50
   -19.11413,     6.031938,            0,            0,            0,   -0.6988139,    0.7153035
robot_51
   -14.04525,     6.392406,            0,            0,            0,   -0.3830737,    0.9237178
robot_52
    13.58737,     17.92886,            0,            0,            0,    0.9916222,    0.1291718
robot_53
    5.566269,     1.933123,            0,            0,            0,    0.6765348,    0.7364106
robot_54
   -10.14243,     13.80463,            0,            0,            0,   -0.9853906,    0.1703097
robot_55
     4.44579,    -17.97845,            0,            0,            0,   -0.1724926,    0.9850108
robot_56
   -16.75076,     1.991781,            0,            0,            0,    0.2556513,    0.9667691
robot_57
   -2.070938,   -0.2660316,            0,            0,            0,   -0.8673478,    0.4977025
robot_58
   -13.66992,     17.90706,            0,            0,            0,    0.9971709,    0.0751677
robot_59
    -14.0963,     10.27763,            0,            0,            0,   -0.8824608,     0.470386
robot_60
   -5.362647,    -2.019609,            0,            0,            0,    0.9596684,    0.2811344
robot_61
    7.284197,     2.031142,            0,            0,            0,   -0.7629319,    0.6464789
robot_62
   -6.919198,     14.02387,            0,            0,            0,    0.9631574,    0.2689385
robot_63
   -12.62626,    -14.00219,            0,            0,            0, -0.009807693,    0.9999519
robot_64
    9.958259,     5.438662,            0,            0,            0,   -0.4465622,    0.8947526
robot_65
   -6.505017,     -10.0147,            0,            0,            0,    0.9880097,    0.1543919
robot_66
   -14.04094,    -1.133165,            0,            0,            0,   0.09609317,    0.9953723
robot_67
    9.952056,    -6.348768,            0,            0,            0,    0.6515764,     0.758583
robot_68
    17.94849,    -11.78571,            0,            0,            0,    0.8729566,    0.4877979
robot_69
   -2.069941,     17.11907,            0,            0,            0,   -0.6468515,     0.762616
robot_70
   -2.044493,    -18.50593,            0,            0,            0,    0.9999661,   0.00822982
robot_71
   -11.30097,    -9.985785,            0,            0,            0,   -0.8795614,    0.4757853
robot_72
   -14.03853,    -18.27311,            0,            0,            0,   -0.8636205,    0.5041426
robot_73
    -2.15426,      -14.257,            0,            0,            0,   -0.8720094,    0.4894891
robot_74
   -12.35641,     18.01881,            0,            0,            0,    0.9999826,  0.005897616
robot_75
   -6.999436,     10.02442,            0,            0,            0,   -0.8329407,    0.5533622
robot_76
   -7.829102,     17.99957,            0,            0,            0,    -0.401152,    0.9160115
robot_77
    17.90035,     7.888087,            0,            0,            0,   -0.9261488,    0.3771584
robot_78
    5.927501,    -13.99497,            0,            0,            0,     0.981117,    0.1934151
robot_79
    10.12073,    -17.88763,            0,            0,            0,     0.847974,    0.5300379
robot_80
    5.944176,    -17.10306,            0,            0,            0,   -0.8823675,     0.470561
robot_81
   -3.800517,     17.96938,            0,            0,            0,   -0.3380118,    0.9411419
robot_82
    12.68922,     17.96848,            0,            0,            0,     -0.36345,    0.9316137
robot_83
   -14.09721,    -8.940437,            0,            0,            0,    0.6111917,    0.7914826
robot_84
    17.92873,      5.28537,            0,            0,            0,   -0.2351209,    0.9719661
robot_85
   -2.081072,      1.98513,            0,            0,            0,   -0.9405256,    0.3397229
robot_86
    5.939796,     16.69829,            0,            0,            0,     0.451257,     0.892394
robot_87
   0.4933677,      17.9686,            0,            0,            0,    0.9993389,   0.03635739
robot_88
   -16.43398,    -13.99361,            0,            0,            0,    0.7340558,    0.6790892
robot_89
    17.47147,     13.96393,            0,            0,            0,   -0.4134185,    0.9105411
robot_90
   -10.06844,     -4.78753,            0,            0,            0,   -0.9329356,    0.3600432
robot_91
    9.963497,    -1.083315,            0,            0,            0,  -0.01780747,    0.9998414
robot_92
    9.784399,     9.895855,            0,            0,            0,    0.5749811,    0.8181667
robot_93
   -14.03938,    0.7730099,            0,            0,            0,    0.2385756,    0.9711239
robot_94
    17.93361,    -7.260978,            0,            0,            0,   -0.5954537,    0.8033897
robot_95
    8.099582,    -18.00767,            0,            0,            0,   -0.7198026,    0.6941788
robot_96
   -17.92469,      5.94349,            0,            0,            0,    0.3703823,    0.9288794
robot_97
   -6.037342,   -0.6861294,            0,            0,            0,    0.4971879,    0.8676429
robot_98
    13.94737,    -4.018413,            0,            0,            0,   -0.9593245,    0.2823057
robot_99
   -10.07648,    -10.12527,            0,            0,            0,   -0.4079993,    0.9129822
