tuw_multi_robot_msgs::RobotGoalsArray @1970-01-01T00:02:23.600000
frame_id: map
         143,    600000000
robot_0
    8.167269,     13.99636,            0,            0,            0,    0.9843869,    0.1760184
robot_1
    11.14372,     17.99219,            0,            0,            0,  -0.01049714,    0.9999449
robot_2
    13.91514,    -15.50535,            0,            0,            0,   -0.7043057,    0.7098968
robot_3
    17.11433,     6.028351,            0,            0,            0,    0.9051377,    0.4251186
robot_4
   -10.08464,     14.23936,            0,            0,            0,    0.3286762,    0.9444427
robot_5
   -10.03413,    -10.27457,            0,            0,            0,   -0.9941771,    0.1077585
robot_6
    9.428476,     9.990221,            0,            0,            0,     0.601452,    0.7989089
robot_7
    12.52216,    -9.968582,            0,            0,            0,    -0.997771,   0.06673103
robot_8
    0.698684,     13.98423,            0,            0,            0,   -0.5944696,    0.8041181
robot_9
   -14.71469,     6.032917,            0,            0,            0,   -0.3375458,    0.9413091
robot_10
   -14.08579,    -5.850991,            0,            0,            0,    0.7460537,    0.6658858
robot_11
    14.61749,    -1.976402,            0,            0,            0,   -0.5698755,     0.821731
robot_12
      18.221,     10.05526,            0,            0,            0,    -0.532615,    0.8463576
robot_13
   -10.09729,    -18.38038,            0,            0,            0,   -0.9377449,    0.3473248
robot_14
   -6.048905,     18.27554,            0,            0,            0,    0.6950465,    0.7189648
robot_15
   -1.377346,    -2.009777,            0,            0,            0,    0.4172919,    0.9087725
robot_16
   -6.081815,     14.89272,            0,            0,            0,    0.1858925,    0.9825701
robot_17
   -16.50557,    -2.012141,            0,            0,            0,    0.7320772,    0.6812216
robot_18
   -10.07277,     18.59546,            0,            0,            0,    0.5440981,    0.8390216
robot_19
     17.9025,    -8.956351,            0,            0,            0,   -0.9562522,    0.2925435
robot_20
    7.682451,    -1.976301,            0,            0,            0,   -0.7345053,    0.6786029
robot_21
   -4.293211,    -17.97232,            0,            0,            0,   -0.6559256,    0.7548255
robot_22
    14.76289,     13.99916,            0,            0,            0,   -0.4774146,    0.8786782
robot_23
    1.946769,    -17.32007,            0,            0,            0,    0.7202422,    0.6937227
robot_24
   -2.042527,     1.841851,            0,            0,            0,    0.4809892,    0.8767265
robot_25
   -5.673457,    -18.07497,            0,            0,            0,    -0.119088,    0.9928837
robot_26
    18.02255,    -2.238178,            0,            0,            0,   -0.3256018,     0.945507
robot_27
    1.468543,     -2.02125,            0,            0,            0,   -0.4494969,    0.8932819
robot_28
   -14.14933,     13.76274,            0,            0,            0,    0.5796059,    0.8148969
robot_29
    13.63122,     18.06064,            0,            0,            0,   -0.9243053,    0.3816539
robot_30
   -14.04381,      -14.624,            0,            0,            0,    0.3470144,    0.9378598
robot_31
    2.357332,     -9.94136,            0,            0,            0,    0.9597445,    0.2808746
robot_32
    9.818774,    -10.15134,            0,            0,            0,    0.9278796,      0.37288
robot_33
   -2.439871,    -14.02277,            0,            0,            0,    0.9321296,    0.3621247
robot_34
    1.771151,     17.95079,            0,            0,            0,    0.5553076,     0.831645
robot_35
   -18.08312,      3.59609,            0,            0,            0,   -0.7958274,    0.6055235
robot_36
    3.707087,     17.97048,            0,            0,            0,   -0.4597027,    0.8880729
robot_37
   -6.056332,    -19.15023,            0,            0,            0,    0.3118082,    0.9501451
robot_38
   -18.08671,     7.001745,            0,            0,            0,     0.438636,    0.8986648
robot_39
    4.053078,     2.021206,            0,            0,            0,    -0.948622,    0.3164115
robot_40
   -18.03341,    -13.94142,            0,            0,            0,    0.9730885,    0.2304319
robot_41
   -18.59198,    -6.022654,            0,            0,            0,    0.8345766,     0.550892
robot_42
    9.914068,    0.4388038,            0,            0,            0,    0.9554382,    0.2951912
robot_43
   -16.75705,    -10.00283,            0,            0,            0,    0.9975409,   0.07008676
robot_44
   -13.97312,    -18.22246,            0,            0,            0,    0.7959874,    0.6053132
robot_45
   -13.69499,     17.93455,            0,            0,            0,   -0.2462638,    0.9692028
robot_46
   -12.53827,    -9.983213,            0,            0,            0,   -0.6568499,    0.7540213
robot_47
   -2.081069,     15.50553,            0,            0,            0,    0.9970704,    0.0764896
robot_48
   -14.13741,     9.962253,            0,            0,            0,    0.4852929,    0.8743516
robot_49
    3.495956,    -2.010781,            0,            0,            0,    0.6732389,    0.7394251
robot_50
    17.91858,    -4.581565,            0,            0,            0,    -0.758155,    0.6520744
robot_51
    17.74086,     1.859431,            0,            0,            0,    0.8482121,    0.5296566
robot_52
    17.93246,    -11.63432,            0,            0,            0,    0.5342208,     0.845345
robot_53
   -6.288738,     1.940674,            0,            0,            0,    0.9864324,    0.1641681
robot_54
    9.932419,    -4.595023,            0,            0,            0,    0.7801388,    0.6256065
robot_55
   -18.37388,    -2.011407,            0,            0,            0,    -0.642801,    0.7660332
robot_56
   -9.035164,    -17.96788,            0,            0,            0,    0.8747395,    0.4845935
robot_57
   -2.277278,    -18.06232,            0,            0,            0,    0.4620778,    0.8868394
robot_58
    13.92818,     11.83042,            0,            0,            0,    0.9674162,    0.2531913
robot_59
   -1.989606,    -9.810724,            0,            0,            0,   -0.8148364,     0.579691
robot_60
   -17.82481,     13.92087,            0,            0,            0,    0.3264617,    0.9452104
robot_61
   -14.08216,    -8.127433,            0,            0,            0,   -0.8514962,    0.5243607
robot_62
    9.272314,    -18.03105,            0,            0,            0,    0.9203117,    0.3911859
robot_63
    13.92312,     6.917742,            0,            0,            0,   -0.7492222,    0.6623187
robot_64
    9.721969,    -2.061893,            0,            0,            0,   -0.1139586,    0.9934855
robot_65
    5.952852,    -18.63473,            0,            0,            0,   -0.7013813,    0.7127863
robot_66
   -14.09205,    -2.715806,            0,            0,            0,    0.1132531,    0.9935662
robot_67
    5.966236,    -16.57326,            0,            0,            0,   -0.4760284,    0.8794299
robot_68
   -10.04394,  -0.03409067,            0,            0,            0,    0.4950907,    0.8688413
robot_69
   -5.165127,     14.00271,            0,            0,            0,    0.9130384,    0.4078735
robot_70
   -4.559127,     1.997304,            0,            0,            0,   -0.9219361,    0.3873419
robot_71
    13.92257,     2.835705,            0,            0,            0,    0.9939391,    0.1099319
robot_72
    6.248425,    -13.98305,            0,            0,            0,   -0.5572026,    0.8303766
robot_73
    3.763917,     14.00295,            0,            0,            0,    0.9766915,     0.214648
robot_74
    7.480474,     17.99547,            0,            0,            0,    0.9516803,    0.3070907
robot_75
    9.986364,     18.32246,            0,            0,            0,    0.3832518,    0.9236439
robot_76
    13.94478,    -10.24924,            0,            0,            0,  0.006481226,     0.999979
robot_77
   -7.580253,    -2.024956,            0,            0,            0,   -0.9140538,    0.4055931
robot_78
    5.712829,     14.04713,            0,            0,            0,   -0.7746696,    0.6323663
robot_79
    13.92508,     16.65298,            0,            0,            0,    0.8422704,    0.5390553
robot_80
    7.302397,    -14.03084,            0,            0,            0,     0.769046,    0.6391934
robot_81
   -2.045321,    -15.48266,            0,            0,            0,    0.5283449,    0.8490298
robot_82
    4.690449,    -2.033172,            0,            0,            0,    0.7816444,    0.6237244
robot_83
   -10.98191,     17.99254,            0,            0,            0,   -0.9999285,   0.01195608
robot_84
    2.991048,     9.966879,            0,            0,            0,   -0.9995956,    0.0284369
robot_85
   -10.04173,     12.59895,            0,            0,            0,  -0.06949148,    0.9975825
robot_86
   -16.85126,    -5.971328,            0,            0,            0,    0.8213312,    0.5704516
robot_87
   -12.41138,     14.02359,            0,            0,            0,     0.599509,     0.800368
robot_88
    18.01318,     13.65017,            0,            0,            0,    0.7548577,    0.6558886
robot_89
   -6.576699,     -17.9862,            0,            0,            0,   -0.5458522,    0.8378815
robot_90
   -2.894807,     13.97484,            0,            0,            0,    0.9999963,  0.002716065
robot_91
    -10.0459,     15.59146,            0,            0,            0,   -0.6251783,    0.7804819
robot_92
    9.941253,    -8.464284,            0,            0,            0,    0.6069114,    0.7947695
robot_93
   -18.08993,     1.695922,            0,            0,            0,   -0.7058569,    0.7083544
robot_94
   -2.024023,     10.02301,            0,            0,            0,    0.8810401,    0.4730416
robot_95
   -14.05893,     11.77644,            0,            0,            0,    0.1106253,    0.9938622
robot_96
   -17.27167,     10.01908,            0,            0,            0,    0.7748003,    0.6322061
robot_97
   -6.089908,      -16.554,            0,            0,            0,    0.1122121,    0.9936843
robot_98
    1.846826,    -6.356025,            0,            0,            0,    -0.438839,    0.8985657
robot_99
   0.7861438,    -13.98797,            0,            0,            0,   -0.9690471,     0.246876
