tuw_multi_robot_msgs::RobotGoalsArray @1970-01-01T00:03:32.900000
frame_id: map
         212,    900000000
robot_0
    9.959509,    -9.885363,            0,            0,            0,   -0.9232197,    0.3842726
robot_1
   -15.63748,     5.986773,            0,            0,            0,    0.2024702,    0.9792884
robot_2
    14.20057,    -5.995594,            0,            0,            0,   -0.9497781,    0.3129242
robot_3
    18.26047,     14.00244,            0,            0,            0,    0.9525057,    0.3045208
robot_4
    2.251222,     -1.90365,            0,            0,            0,   -0.3541742,    0.9351795
robot_5
   -10.08903,     2.491559,            0,            0,            0,   -0.9980478,   0.06245428
robot_6
    2.036948,     14.17593,            0,            0,            0,    0.7925992,     0.609743
robot_7
    -19.6358,      9.98369,            0,            0,            0,   -0.9679315,    0.2512142
robot_8
   -2.020317,    -14.12959,            0,            0,            0,   -0.1525956,    0.9882887
robot_9
   -6.162841,    -18.33496,            0,            0,            0,    0.7577637,    0.6525291
robot_10
   -14.05745,     12.79916,            0,            0,            0,    0.9940563,    0.1088672
robot_11
   -13.75727,    -9.986017,            0,            0,            0,  0.006801272,    0.9999769
robot_12
   -15.58021,     1.986242,            0,            0,            0,   -0.1881542,    0.9821395
robot_13
    18.29028,    -10.04109,            0,            0,            0,    0.1983632,    0.9801286
robot_14
   -2.853116,        17.97,            0,            0,            0,   -0.9620622,    0.2728303
robot_15
    9.358921,     13.97678,            0,            0,            0,   -0.9655585,     0.260186
robot_16
    5.862047,     18.03824,            0,            0,            0,    0.9970348,   0.07695148
robot_17
   -12.58228,     13.99396,            0,            0,            0,    0.9980299,   0.06274078
robot_18
   -10.23847,    -18.10512,            0,            0,            0,   -0.8327475,    0.5536529
robot_19
     -1.9702,     -18.2982,            0,            0,            0,    0.9004217,    0.4350181
robot_20
    1.898594,     18.14142,            0,            0,            0,   -0.5674994,    0.8233738
robot_21
    4.078524,     14.03301,            0,            0,            0,    0.6733036,    0.7393661
robot_22
    9.781698,     1.865028,            0,            0,            0,   -0.5473191,     0.836924
robot_23
   -5.312144,     2.007537,            0,            0,            0,   -0.5890365,    0.8081064
robot_24
    13.95265,    -8.857727,            0,            0,            0,    0.7210619,    0.6928706
robot_25
    15.91629,     14.01099,            0,            0,            0,   -0.3239384,    0.9460782
robot_26
   -13.97315,    -14.22684,            0,            0,            0,   -0.3699401,    0.9290556
robot_27
   -4.312362,     17.99901,            0,            0,            0,    -0.996377,   0.08504652
robot_28
   -18.36652,    -9.921855,            0,            0,            0,    0.7372494,    0.6756207
robot_29
   -8.166308,     13.98262,            0,            0,            0,     0.743359,    0.6688927
robot_30
     19.0833,     5.975471,            0,            0,            0,   0.04158306,    0.9991351
robot_31
   -1.801599,      2.04289,            0,            0,            0,   -0.2251736,    0.9743187
robot_32
    6.857039,    -17.97381,            0,            0,            0,   -0.5367223,     0.843759
robot_33
   -18.03166,    -6.314354,            0,            0,            0,   -0.6042236,    0.7968148
robot_34
    15.13244,     1.995233,            0,            0,            0,    0.5376296,    0.8431811
robot_35
   -4.860609,    -17.98828,            0,            0,            0,    0.9393344,    0.3430026
robot_36
   -14.22388,     1.990031,            0,            0,            0,   -0.9409795,    0.3384636
robot_37
   -14.09885,     18.83889,            0,            0,            0,   -0.3423739,    0.9395638
robot_38
   -14.06575,     6.396332,            0,            0,            0,    0.6727995,    0.7398249
robot_39
    8.882421,     -13.9859,            0,            0,            0,    -0.639979,    0.7683924
robot_40
    15.94342,     5.988325,            0,            0,            0,   -0.1607013,    0.9870031
robot_41
   -18.07846,     11.90288,            0,            0,            0,    0.1866996,     0.982417
robot_42
   -2.031656,    -2.219513,            0,            0,            0,    0.6337062,    0.7735738
robot_43
    5.383013,    -13.98467,            0,            0,            0,   -0.8660518,    0.4999542
robot_44
   -2.025867,    -6.267413,            0,            0,            0,    0.5398695,    0.8417487
robot_45
     13.9128,     16.43078,            0,            0,            0,    0.2872853,     0.957845
robot_46
   -9.371767,     14.00315,            0,            0,            0,   -0.6004464,     0.799665
robot_47
   -10.05491,     7.410722,            0,            0,            0,    0.8672854,    0.4978112
robot_48
    5.879764,     -17.9595,            0,            0,            0,   -0.8290495,    0.5591752
robot_49
    17.85885,     2.179627,            0,            0,            0,    0.8555955,     0.517645
robot_50
   -18.55678,      -2.0768,            0,            0,            0,   -0.3635549,    0.9315728
robot_51
    13.46004,      17.9959,            0,            0,            0,     -0.63698,    0.7708804
robot_52
    5.938496,     14.53795,            0,            0,            0,   -0.1200882,    0.9927632
robot_53
    3.749484,     10.00871,            0,            0,            0,   0.06272001,    0.9980312
robot_54
   -14.07162,    -4.516682,            0,            0,            0,    0.8220808,    0.5693708
robot_55
   -14.07738,      10.3267,            0,            0,            0,   -0.8081716,    0.5889471
robot_56
    9.945541,    -17.21442,            0,            0,            0,    0.6745286,    0.7382487
robot_57
     13.9242,    -3.286448,            0,            0,            0,   -0.9237465,    0.3830045
robot_58
   -18.09964,     1.174466,            0,            0,            0,   -0.7676031,    0.6409254
robot_59
   0.9647234,     5.977928,            0,            0,            0,   -0.8017588,    0.5976478
robot_60
   -5.502151,    -2.003021,            0,            0,            0,    -0.951542,     0.307519
robot_61
   -2.054122,     -15.3162,            0,            0,            0,    0.9452359,    0.3263878
robot_62
    13.94274,     11.30338,            0,            0,            0,   -0.5795423,    0.8149422
robot_63
    17.94556,    -7.226047,            0,            0,            0,   -0.9974474,   0.07140492
robot_64
    2.022333,    -17.92652,            0,            0,            0,   -0.9670152,    0.2547187
robot_65
    11.92474,    -9.976397,            0,            0,            0,   -0.7795583,    0.6263297
robot_66
    9.950138,    -13.21523,            0,            0,            0,   -0.1770412,    0.9842034
robot_67
    9.936243,     3.367788,            0,            0,            0,    0.9598013,    0.2806805
robot_68
    -2.04821,     15.69956,            0,            0,            0,    0.2157909,    0.9764396
robot_69
    18.44289,     10.00665,            0,            0,            0,     0.991999,    0.1262455
robot_70
   -0.990771,    -1.975417,            0,            0,            0,    0.5997528,    0.8001853
robot_71
  -0.1211165,     -6.03072,            0,            0,            0,    0.3598704,    0.9330023
robot_72
    17.95793,    -10.99269,            0,            0,            0,     0.356577,     0.934266
robot_73
   -11.46931,    -9.972486,            0,            0,            0,    0.9955941,   0.09376803
robot_74
   -10.04651,    -1.242876,            0,            0,            0,    0.9106925,    0.4130849
robot_75
    3.177071,    -13.98099,            0,            0,            0,    0.6736795,    0.7390236
robot_76
    10.86213,    -18.01086,            0,            0,            0,    0.3130603,    0.9497333
robot_77
    10.16608,     10.14628,            0,            0,            0,    0.7121534,    0.7020239
robot_78
   -11.55317,      9.96993,            0,            0,            0,   -0.9336473,    0.3581937
robot_79
    7.959999,      14.0159,            0,            0,            0,   -0.9665066,    0.2566418
robot_80
    17.78219,    -2.037465,            0,            0,            0,     -0.72306,    0.6907853
robot_81
   -10.04174,     18.68318,            0,            0,            0,   -0.8812304,    0.4726869
robot_82
   -14.03989,     8.572239,            0,            0,            0,   -0.1535933,    0.9881341
robot_83
    1.915297,    -14.01276,            0,            0,            0,    0.6998517,    0.7142881
robot_84
   -15.58758,    -10.02236,            0,            0,            0,   -0.9867203,    0.1624283
robot_85
    4.580937,     18.03164,            0,            0,            0,   -0.1336271,    0.9910317
robot_86
   -15.90028,     14.00001,            0,            0,            0,    0.4941587,    0.8693717
robot_87
    10.16414,     17.96811,            0,            0,            0,     0.972975,    0.2309105
robot_88
     17.9471,   -0.3258022,            0,            0,            0,   -0.8904375,    0.4551055
robot_89
   -10.04991,    -4.549797,            0,            0,            0,    0.7742986,    0.6328204
robot_90
     17.7556,    -13.99422,            0,            0,            0,     -0.95072,    0.3100509
robot_91
    17.92087,     4.754585,            0,            0,            0,   -0.7834396,    0.6214679
robot_92
   -2.889795,    -9.989423,            0,            0,            0,    0.7786642,    0.6274409
robot_93
    16.74635,     9.979678,            0,            0,            0,   -0.7878125,    0.6159151
robot_94
   -10.04187,     9.914344,            0,            0,            0,  -0.09805108,    0.9951814
robot_95
   -10.03921,    0.9515136,            0,            0,            0,   -0.9951245,   0.09862695
robot_96
    18.12914,    -6.158181,            0,            0,            0,    0.6383965,    0.7697077
robot_97
    11.68637,     17.98432,            0,            0,            0,   0.09961323,    0.9950262
robot_98
  -0.6861523,     13.99874,            0,            0,            0,    0.4377926,     0.899076
robot_99
   -14.06029,     3.343798,            0,            0,            0,    -0.863961,    0.5035588
