tuw_multi_robot_msgs::RobotGoalsArray @1970-01-01T00:02:13.800000
frame_id: map
         133,    800000000
robot_0
    15.72971,     10.00272,            0,            0,            0,   -0.6507932,    0.7592551
robot_1
    -10.0944,     14.94292,            0,            0,            0,   -0.9998688,   0.01619887
robot_2
   -4.918612,    -14.03278,            0,            0,            0,    0.9692818,    0.2459528
robot_3
   -9.869652,     2.132788,            0,            0,            0,  -0.06437177,     0.997926
robot_4
     17.4694,     5.993089,            0,            0,            0,   -0.5037236,    0.8638649
robot_5
 -0.01106129,     6.004003,            0,            0,            0,    0.8275306,    0.5614206
robot_6
   -9.880348,     9.933209,            0,            0,            0,   -0.8041119,    0.5944779
robot_7
    9.860369,    -2.278524,            0,            0,            0,    0.9969456,   0.07809852
robot_8
    14.18243,    -1.943435,            0,            0,            0,   -0.1416394,    0.9899183
robot_9
   -14.09585,     5.392304,            0,            0,            0,   -0.9140674,    0.4055624
robot_10
   -7.695752,    -1.988943,            0,            0,            0,    0.6439789,    0.7650432
robot_11
    13.95067,     13.41069,            0,            0,            0,   -0.9994912,    0.0318949
robot_12
   -14.16947,    -1.771542,            0,            0,            0,   -0.8814075,    0.4723566
robot_13
    13.92156,     2.289184,            0,            0,            0,    0.5895231,    0.8077515
robot_14
    6.142007,     18.00614,            0,            0,            0,    0.8261621,    0.5634325
robot_15
    18.02014,      2.09841,            0,            0,            0,    0.9443272,    0.3290078
robot_16
   0.4360486,    -18.01245,            0,            0,            0,    0.2338369,    0.9722758
robot_17
    17.92531,    -9.454705,            0,            0,            0,   -0.1785953,    0.9839226
robot_18
    9.595569,    -18.03825,            0,            0,            0,    0.9350677,    0.3544692
robot_19
    17.96221,    0.3167931,            0,            0,            0,  -0.03276221,    0.9994632
robot_20
   -18.09548,   -0.2307889,            0,            0,            0,   -0.6528802,    0.7574612
robot_21
    10.71227,     9.972837,            0,            0,            0,    0.7825108,     0.622637
robot_22
   -14.04012,     8.779615,            0,            0,            0,    0.8660676,    0.4999269
robot_23
   -9.478127,    -13.98834,            0,            0,            0,   -0.7905017,    0.6124598
robot_24
    1.422176,     18.01471,            0,            0,            0,    0.9992228,   0.03941851
robot_25
    13.90938,     -7.91503,            0,            0,            0,   -0.6083143,    0.7936962
robot_26
    17.46329,     -13.9917,            0,            0,            0,    0.2824839,     0.959272
robot_27
   -16.55734,    -5.972867,            0,            0,            0,   -0.9972752,   0.07377151
robot_28
    1.738085,    -2.139273,            0,            0,            0,   -0.9409862,    0.3384451
robot_29
   -6.635332,    -18.02625,            0,            0,            0,    0.9995973,   0.02837648
robot_30
   -10.03943,     19.04515,            0,            0,            0,   -0.9971794,    0.0750543
robot_31
   -17.98739,    -1.637615,            0,            0,            0,    0.9979375,    0.0641926
robot_32
   -1.233974,    -18.02471,            0,            0,            0,    0.4233012,     0.905989
robot_33
   -14.42765,    -10.05564,            0,            0,            0,    0.1026082,    0.9947218
robot_34
    11.90259,     18.01647,            0,            0,            0,    0.7226687,    0.6911946
robot_35
   -10.08355,     12.02759,            0,            0,            0,    0.2395209,    0.9708912
robot_36
   -18.08707,     13.37143,            0,            0,            0,    0.9217871,    0.3876964
robot_37
     4.36517,     17.99838,            0,            0,            0,    0.6909286,     0.722923
robot_38
    8.277728,     -9.99769,            0,            0,            0,   -0.9359644,    0.3520947
robot_39
    2.451467,     -10.0272,            0,            0,            0,    0.1760732,    0.9843771
robot_40
    -14.2572,     13.93365,            0,            0,            0,   -0.9493452,    0.3142351
robot_41
    3.912094,    -18.01777,            0,            0,            0,   -0.8071227,    0.5903838
robot_42
   -7.446297,    -14.01525,            0,            0,            0,   -0.4079537,    0.9130026
robot_43
   -14.42235,     1.955007,            0,            0,            0,    -0.302611,    0.9531142
robot_44
    19.41966,    -1.972014,            0,            0,            0,     0.259146,    0.9658382
robot_45
   -19.37519,     10.01926,            0,            0,            0,   -0.9715113,    0.2369931
robot_46
   -10.38274,     18.06825,            0,            0,            0,   -0.1905063,     0.981686
robot_47
    4.672033,     2.023246,            0,            0,            0,   -0.3671063,     0.930179
robot_48
    18.16055,    -2.023479,            0,            0,            0,    0.9267488,    0.3756816
robot_49
    10.10262,     13.84865,            0,            0,            0,    0.9602372,    0.2791854
robot_50
   -6.518096,     14.00733,            0,            0,            0,    0.6648778,    0.7469522
robot_51
   -12.38554,     17.96938,            0,            0,            0,   -0.9974907,   0.07079802
robot_52
    -2.23202,    -1.871315,            0,            0,            0,    0.5676105,    0.8232972
robot_53
    5.903388,     -1.56503,            0,            0,            0,    -0.468431,    0.8835001
robot_54
     9.94689,     11.88604,            0,            0,            0,    0.4004055,    0.9163381
robot_55
    16.90689,    -5.988497,            0,            0,            0,    0.1223581,     0.992486
robot_56
   -2.060711,    0.3680989,            0,            0,            0,     0.916316,     0.400456
robot_57
   -13.70618,     9.974399,            0,            0,            0,   -0.6517817,    0.7584066
robot_58
   -1.465592,     13.99628,            0,            0,            0,   -0.9947825,    0.1020188
robot_59
    9.905874,    -9.044512,            0,            0,            0,    0.9671032,    0.2543843
robot_60
   -17.79362,     5.978322,            0,            0,            0,   -0.5320673,     0.846702
robot_61
   -15.83338,     2.002862,            0,            0,            0,   -0.7656911,    0.6432085
robot_62
    9.738118,    -13.98979,            0,            0,            0,    0.1413176,    0.9899643
robot_63
   -14.06199,    -14.92755,            0,            0,            0,   -0.4224045,    0.9064074
robot_64
    10.01916,    -10.18818,            0,            0,            0,   -0.9999901,  0.004456296
robot_65
  -0.5825168,    -10.01337,            0,            0,            0,     0.849926,     0.526902
robot_66
    14.16634,    -6.163059,            0,            0,            0,    0.8706994,    0.4918156
robot_67
    4.603199,    -1.977438,            0,            0,            0,    0.5544879,    0.8321918
robot_68
   -10.03434,     1.071167,            0,            0,            0,    0.9322344,    0.3618551
robot_69
    -18.0836,     -9.87396,            0,            0,            0,    0.8290603,    0.5591592
robot_70
   -9.587783,    -1.942079,            0,            0,            0,    0.9934685,    0.1141067
robot_71
   -2.762246,      -18.021,            0,            0,            0,   -0.5198393,     0.854264
robot_72
   0.1518776,     2.005681,            0,            0,            0,    0.2400413,    0.9707627
robot_73
    5.915996,    -14.64405,            0,            0,            0,    0.3489754,    0.9371319
robot_74
    17.95093,     13.56982,            0,            0,            0,    0.8722953,    0.4889795
robot_75
   -1.999718,     6.070303,            0,            0,            0,   -0.8610846,    0.5084617
robot_76
    1.924123,    -14.22998,            0,            0,            0,   -0.9295754,    0.3686321
robot_77
    9.926082,     3.881963,            0,            0,            0,    0.4138021,    0.9103668
robot_78
   -18.39569,    -14.01246,            0,            0,            0,    0.4636681,     0.886009
robot_79
    -1.98829,    -6.172247,            0,            0,            0,    0.5019974,    0.8648691
robot_80
   -15.61791,    -1.967669,            0,            0,            0,   -0.9999995,  0.000990769
robot_81
   -1.892553,    -9.919192,            0,            0,            0,   -0.9954043,   0.09576172
robot_82
   -3.778495,    -9.968753,            0,            0,            0,    0.3613589,    0.9324268
robot_83
   -18.04156,    -4.506159,            0,            0,            0,    0.1043561,      0.99454
robot_84
    5.906236,     16.14548,            0,            0,            0,    0.9965088,   0.08348805
robot_85
    13.95776,    -13.67406,            0,            0,            0,   -0.9983811,   0.05687881
robot_86
   -10.09805,    -12.03591,            0,            0,            0,   -0.9969579,   0.07794132
robot_87
    13.95281,     18.70505,            0,            0,            0,    0.7882668,    0.6153336
robot_88
    1.940128,     2.072315,            0,            0,            0,  -0.02106304,    0.9997781
robot_89
    7.496257,     14.01282,            0,            0,            0,  -0.04159742,    0.9991345
robot_90
    9.467805,     10.05709,            0,            0,            0,    0.3299364,    0.9440032
robot_91
    5.936875,    -16.06969,            0,            0,            0,   -0.7824357,    0.6227314
robot_92
    5.932239,    -19.26031,            0,            0,            0,    0.9991094,   0.04219566
robot_93
   -18.47664,     9.919094,            0,            0,            0,    0.9859823,    0.1668502
robot_94
   -10.71761,    -18.02427,            0,            0,            0,   -0.2574297,     0.966297
robot_95
   0.9667682,     13.99179,            0,            0,            0,     0.853722,    0.5207291
robot_96
   -12.33386,     10.02329,            0,            0,            0,   -0.8204213,    0.5717594
robot_97
   -14.06839,    -8.349992,            0,            0,            0,     0.849818,    0.5270763
robot_98
    9.911889,    -3.527287,            0,            0,            0,   -0.8623858,    0.5062517
robot_99
    13.47558,     9.963355,            0,            0,            0,   -0.9957032,   0.09260249
