tuw_multi_robot_msgs::RobotGoalsArray @1970-01-01T00:03:52.900000
frame_id: map
         232,    900000000
robot_0
   -10.08297,    -16.74186,            0,            0,            0,    -0.980678,    0.1956288
robot_1
   -14.05896,      11.5039,            0,            0,            0,    0.9389295,    0.3441097
robot_2
   -14.01882,    -14.12137,            0,            0,            0,   -0.6199497,    0.7846415
robot_3
     13.7538,     18.12421,            0,            0,            0,   -0.9255234,    0.3786905
robot_4
    9.555454,    -17.95542,            0,            0,            0,   -0.4733938,    0.8808509
robot_5
    1.667659,    -5.983996,            0,            0,            0,    0.7954678,    0.6059959
robot_6
   -10.09756,     2.297237,            0,            0,            0,    0.2857767,    0.9582962
robot_7
    13.94875,    -16.56697,            0,            0,            0,    0.1473189,    0.9890891
robot_8
    5.919585,    -14.04272,            0,            0,            0,    0.6985103,       0.7156
robot_9
    8.915955,     14.00478,            0,            0,            0,     0.759984,    0.6499418
robot_10
    9.712877,     2.153947,            0,            0,            0,   0.08474373,    0.9964028
robot_11
    1.875883,     6.097809,            0,            0,            0,   -0.3583496,    0.9335875
robot_12
    13.91899,     8.074616,            0,            0,            0,    0.8497153,    0.5272419
robot_13
    5.934519,    -10.00055,            0,            0,            0,    0.9942666,    0.1069299
robot_14
    10.03267,     10.09811,            0,            0,            0,   -0.6136107,    0.7896087
robot_15
    1.926325,     -19.4831,            0,            0,            0,    0.3020488,    0.9532925
robot_16
    4.962733,     9.995785,            0,            0,            0,   -0.7329041,    0.6803319
robot_17
   -2.036972,    -18.82302,            0,            0,            0,     0.863383,    0.5045492
robot_18
   -18.20747,      1.98269,            0,            0,            0,   -0.9943188,    0.1064433
robot_19
   -10.04603,     9.314135,            0,            0,            0,   -0.5945176,    0.8040826
robot_20
    15.90524,    -5.973564,            0,            0,            0,    0.9501098,    0.3119158
robot_21
   -14.09065,    -9.609845,            0,            0,            0,    0.9697607,    0.2440577
robot_22
   -6.371512,    -17.98742,            0,            0,            0,   -0.9594813,    0.2817722
robot_23
   -10.07868,    -12.98228,            0,            0,            0,   -0.9855697,    0.1692703
robot_24
   -19.43488,      -9.9808,            0,            0,            0,   -0.2918023,    0.9564787
robot_25
    13.71676,    -14.15216,            0,            0,            0,    -0.582118,    0.8131043
robot_26
   -13.91224,    -18.21825,            0,            0,            0,    0.7991865,    0.6010832
robot_27
   -2.036049,    -15.88561,            0,            0,            0,    0.3291101,    0.9442916
robot_28
    9.901643,    -3.104571,            0,            0,            0,    0.1894131,    0.9818975
robot_29
   -10.03517,    -8.198358,            0,            0,            0,    0.2632134,    0.9647376
robot_30
     7.77862,    -9.992531,            0,            0,            0,   -0.2194292,    0.9756284
robot_31
   -1.918061,     18.17615,            0,            0,            0,     0.904501,    0.4264715
robot_32
   -9.632783,     14.08198,            0,            0,            0,    0.1224154,    0.9924789
robot_33
    -1.23305,    -9.975359,            0,            0,            0,   -0.6405212,    0.7679405
robot_34
     10.9929,       10.003,            0,            0,            0,    0.7311349,     0.682233
robot_35
   -10.04114,     8.360494,            0,            0,            0,    0.8482324,    0.5296242
robot_36
    3.459865,     13.97196,            0,            0,            0,    0.8430485,    0.5378375
robot_37
   -17.48473,     13.99613,            0,            0,            0,   -0.7821571,    0.6230813
robot_38
    9.722691,    -14.14837,            0,            0,            0,   -0.9657086,    0.2596283
robot_39
    18.03681,    -1.974926,            0,            0,            0,   -0.5641696,    0.8256589
robot_40
   -14.04548,      1.74389,            0,            0,            0,    0.2247062,    0.9744266
robot_41
  -0.1026912,    -14.02196,            0,            0,            0,    0.4243187,    0.9055129
robot_42
    4.978036,    -1.994501,            0,            0,            0,    0.6220808,    0.7829531
robot_43
    13.53635,     13.96485,            0,            0,            0,    0.8673985,    0.4976142
robot_44
   -7.925513,    -14.01917,            0,            0,            0,   -0.5130077,     0.858384
robot_45
    5.947588,     15.96366,            0,            0,            0,    0.7484234,    0.6632212
robot_46
    1.905394,   -0.5684422,            0,            0,            0,   -0.8966307,    0.4427791
robot_47
   -14.26349,    -1.935048,            0,            0,            0,    0.8785965,    0.4775648
robot_48
    17.92926,     3.202286,            0,            0,            0,    0.9939701,    0.1096515
robot_49
    2.286099,     1.980369,            0,            0,            0,    -0.950629,    0.3103295
robot_50
    13.91332,    -8.676673,            0,            0,            0,    0.3534145,    0.9354668
robot_51
    -10.0729,   -0.9749066,            0,            0,            0,    0.2202175,    0.9754508
robot_52
   -10.03912,     5.501164,            0,            0,            0,   -0.8053574,    0.5927895
robot_53
   -15.78163,    -2.018118,            0,            0,            0,   0.03925191,    0.9992293
robot_54
   -8.196413,     2.024991,            0,            0,            0,   -0.5870785,      0.80953
robot_55
    15.63293,    -14.00587,            0,            0,            0,    0.8639435,    0.5035887
robot_56
   -18.83541,     5.986786,            0,            0,            0,    0.9989549,   0.04570658
robot_57
    17.92924,     9.037836,            0,            0,            0,   -0.7207905,    0.6931529
robot_58
    5.966396,    0.6569444,            0,            0,            0,    0.9232478,    0.3842051
robot_59
     8.25726,     9.995837,            0,            0,            0,   -0.2158923,    0.9764172
robot_60
  0.08251089,     10.02172,            0,            0,            0,   -0.3839591,    0.9233501
robot_61
   -14.67485,     13.97156,            0,            0,            0,    0.5519968,    0.8338462
robot_62
   -14.08026,     8.346985,            0,            0,            0,    0.9865327,    0.1635639
robot_63
    18.50187,    -14.01033,            0,            0,            0,   -0.8103614,    0.5859304
robot_64
   -18.23526,     9.855673,            0,            0,            0,   0.03569916,    0.9993626
robot_65
   -1.680143,    -6.092146,            0,            0,            0,   -0.7392022,    0.6734836
robot_66
   -14.07943,    -4.334804,            0,            0,            0,    0.2942552,    0.9557269
robot_67
   -10.05456,    -18.90093,            0,            0,            0,    0.5411084,    0.8409529
robot_68
    15.81636,     5.969365,            0,            0,            0,    -0.996579,   0.08264561
robot_69
   -11.70936,    -18.02661,            0,            0,            0,   -0.2718364,    0.9623435
robot_70
    17.95103,    -3.387793,            0,            0,            0,    0.1002755,    0.9949597
robot_71
   -17.20338,     5.972227,            0,            0,            0,     0.772156,     0.635433
robot_72
   -14.09064,   0.03263486,            0,            0,            0,    0.9133631,    0.4071459
robot_73
     -14.071,     14.97874,            0,            0,            0,    0.8155321,    0.5787119
robot_74
    15.13415,     2.011417,            0,            0,            0,    0.6962862,    0.7177642
robot_75
    17.93409,     11.65852,            0,            0,            0,   -0.2938403,    0.9558545
robot_76
   -10.05554,     4.277808,            0,            0,            0,  -0.07136104,    0.9974506
robot_77
    1.904089,      18.2629,            0,            0,            0,   -0.9472299,    0.3205551
robot_78
    13.90559,     12.75601,            0,            0,            0,    0.6744248,    0.7383436
robot_79
   -2.049857,     15.39051,            0,            0,            0,     -0.99665,   0.08178515
robot_80
   -15.52948,     5.998135,            0,            0,            0,   -0.9854895,    0.1697365
robot_81
    16.42722,     14.02903,            0,            0,            0,   0.07701471,      0.99703
robot_82
    9.946242,    -13.04957,            0,            0,            0,    0.9512759,     0.308341
robot_83
   -12.30118,     10.00494,            0,            0,            0,    0.3092385,    0.9509845
robot_84
    1.851004,    -18.33734,            0,            0,            0,   -0.9114002,    0.4115212
robot_85
   -18.09144,    -13.23796,            0,            0,            0,    0.8136951,    0.5812919
robot_86
    5.149927,    -17.97451,            0,            0,            0,    0.3252677,     0.945622
robot_87
   0.9682061,     1.990568,            0,            0,            0,    0.8652572,    0.5013281
robot_88
    7.275632,    -18.02912,            0,            0,            0,     0.691889,    0.7220038
robot_89
    17.98367,      2.28571,            0,            0,            0,   -0.7156181,    0.6984918
robot_90
    18.22424,     10.07034,            0,            0,            0,   -0.6593309,    0.7518529
robot_91
    10.06667,     14.18368,            0,            0,            0,    -0.329663,    0.9440987
robot_92
    13.95254,    -5.362531,            0,            0,            0,   0.04671946,     0.998908
robot_93
    9.916893,    -5.842367,            0,            0,            0,    0.1190914,    0.9928833
robot_94
   -9.747761,    -9.909531,            0,            0,            0,   -0.8670126,    0.4982862
robot_95
   -18.08505,    -8.883207,            0,            0,            0,   -0.9818616,    0.1895993
robot_96
    1.959273,    -15.05013,            0,            0,            0,   -0.5319565,    0.8467717
robot_97
    7.498848,    -1.993072,            0,            0,            0,    0.9835467,    0.1806539
robot_98
   -2.049855,    -14.45867,            0,            0,            0,    0.9973618,   0.07259092
robot_99
    3.117559,      18.0197,            0,            0,            0,   -0.5977847,    0.8016567
