tuw_multi_robot_msgs::RobotGoalsArray @1970-01-01T00:04:48.400000
frame_id: map
         288,    400000000
robot_0
    5.915834,    0.5332563,            0,            0,            0,    0.9931594,    0.1167666
robot_1
   -11.93289,    -9.994761,            0,            0,            0,    0.6720046,     0.740547
robot_2
   -2.049081,     18.66099,            0,            0,            0,    -0.966313,    0.2573697
robot_3
    14.03179,     10.26193,            0,            0,            0,   -0.3206086,    0.9472118
robot_4
   -16.30683,    -5.991434,            0,            0,            0,   -0.9971643,   0.07525473
robot_5
    18.62728,    -1.977747,            0,            0,            0,   -0.4491511,    0.8934558
robot_6
    5.770669,    -14.06834,            0,            0,            0,   -0.4078067,    0.9130683
robot_7
    15.14211,     -1.99782,            0,            0,            0,    0.6663766,    0.7456154
robot_8
   -8.914268,     14.01763,            0,            0,            0,    0.3432286,    0.9392519
robot_9
     9.92021,     9.763856,            0,            0,            0,    0.9744874,    0.2244422
robot_10
   -14.12058,    -13.78182,            0,            0,            0,   -0.2142872,    0.9767707
robot_11
    9.168136,    -2.003135,            0,            0,            0,   -0.5093718,    0.8605466
robot_12
    1.966542,     15.65354,            0,            0,            0,    0.4244318,    0.9054599
robot_13
    1.198086,    -13.99778,            0,            0,            0,    0.5870129,    0.8095775
robot_14
    14.26431,     14.07689,            0,            0,            0,    0.9428235,    0.3332923
robot_15
   -18.13545,     13.93674,            0,            0,            0,   -0.8144171,    0.5802799
robot_16
   -17.39244,     10.03165,            0,            0,            0,    -0.977024,    0.2131295
robot_17
    3.905979,    -14.02325,            0,            0,            0,    0.9366673,    0.3502204
robot_18
    9.930136,    -13.35085,            0,            0,            0,    0.9988555,    0.0478289
robot_19
   -1.784193,     1.981356,            0,            0,            0,   -0.5336465,    0.8457077
robot_20
   -11.45593,     13.99179,            0,            0,            0,    -0.553172,    0.8330671
robot_21
    13.94679,     8.547807,            0,            0,            0,    0.8542309,    0.5198939
robot_22
   -2.054188,    -18.52756,            0,            0,            0,   -0.6840066,    0.7294758
robot_23
   -2.047215,     15.58199,            0,            0,            0,   0.06611731,    0.9978119
robot_24
    -14.1043,      14.3278,            0,            0,            0,     -0.99996,   0.00894827
robot_25
   -2.034181,    -15.80381,            0,            0,            0,   -0.9870725,    0.1602746
robot_26
    15.20587,     9.998098,            0,            0,            0,   -0.7570267,    0.6533839
robot_27
    2.658494,    -1.974994,            0,            0,            0,   -0.8178649,    0.5754103
robot_28
   -1.672787,      9.96569,            0,            0,            0,   0.02151708,    0.9997685
robot_29
    9.449761,    -17.94186,            0,            0,            0,   -0.9178988,    0.3968146
robot_30
    13.90166,    -8.886713,            0,            0,            0,    0.9550179,    0.2965483
robot_31
   -10.06902,     15.92487,            0,            0,            0,   -0.5576673,    0.8300645
robot_32
    14.10081,    -6.047146,            0,            0,            0,   -0.9941063,    0.1084093
robot_33
    9.924416,    -16.95541,            0,            0,            0,   -0.2296123,    0.9732822
robot_34
    1.661362,     2.094954,            0,            0,            0,   -0.9052892,    0.4247958
robot_35
   -6.077775,     15.84709,            0,            0,            0,    0.4919938,    0.8705987
robot_36
   -18.07165,    -12.60426,            0,            0,            0,   -0.9280924,    0.3723499
robot_37
  -0.3754006,    -5.989857,            0,            0,            0,   -0.8016656,    0.5977728
robot_38
   -18.05113,     -2.13145,            0,            0,            0,   0.05577249,    0.9984435
robot_39
    18.00032,     -6.22216,            0,            0,            0,   -0.8165137,     0.577326
robot_40
   -9.551193,    -17.96771,            0,            0,            0,   -0.5763666,    0.8171913
robot_41
   -10.06114,    -18.99368,            0,            0,            0,    0.8238555,    0.5667998
robot_42
   -10.05159,     19.15779,            0,            0,            0,    0.5232909,    0.8521541
robot_43
    3.212359,     18.02258,            0,            0,            0,   -0.4857092,    0.8741205
robot_44
    9.779411,     1.778441,            0,            0,            0,    0.2805455,    0.9598407
robot_45
    -2.00421,    -6.195209,            0,            0,            0,    0.5603818,    0.8282344
robot_46
    13.65478,     17.95369,            0,            0,            0,   -0.6832222,    0.7302105
robot_47
    1.909895,     0.873789,            0,            0,            0,    0.9888722,    0.1487675
robot_48
    5.908166,    -18.94754,            0,            0,            0,    0.1531732,    0.9881994
robot_49
    17.92302,    -13.45522,            0,            0,            0,    0.6517937,    0.7583963
robot_50
     18.0288,     9.966307,            0,            0,            0,   -0.9988079,   0.04881366
robot_51
   -2.313985,    -14.04743,            0,            0,            0,    0.9822159,     0.187755
robot_52
    14.08241,    -1.870207,            0,            0,            0,   -0.6799889,    0.7332224
robot_53
    -6.45458,    -14.03263,            0,            0,            0,   -0.7704409,    0.6375115
robot_54
   -7.112412,    -10.01968,            0,            0,            0,    0.9729424,    0.2310478
robot_55
   -14.65085,     6.031054,            0,            0,            0,    0.8376448,    0.5462154
robot_56
    -4.99771,     -13.9845,            0,            0,            0,    0.4827542,    0.8757559
robot_57
    -12.8817,     13.99751,            0,            0,            0,   -0.6233575,    0.7819369
robot_58
    9.830895,    -9.831716,            0,            0,            0,   0.04339078,    0.9990582
robot_59
   -18.37873,     -6.00666,            0,            0,            0,    0.2747057,    0.9615283
robot_60
   -6.045561,    -19.11873,            0,            0,            0,    0.1755081,     0.984478
robot_61
   -10.03887,     10.96683,            0,            0,            0,    0.3316286,      0.94341
robot_62
    2.480083,    -13.99388,            0,            0,            0,    0.6631742,     0.748465
robot_63
   -9.971946,    -9.982277,            0,            0,            0,  -0.06728182,     0.997734
robot_64
   -10.05099,    -13.52306,            0,            0,            0,    0.9785777,    0.2058777
robot_65
    13.96161,     -13.6658,            0,            0,            0,   -0.5128049,    0.8585052
robot_66
    16.65294,     9.989677,            0,            0,            0,   -0.4018682,    0.9156975
robot_67
   -4.651046,    -18.01512,            0,            0,            0,   -0.4851834,    0.8744124
robot_68
   -14.09803,   -0.1151368,            0,            0,            0,   -0.3463642,    0.9381001
robot_69
    13.76765,    -10.20726,            0,            0,            0,    -0.999155,   0.04110059
robot_70
    18.30418,     5.919271,            0,            0,            0,   -0.5225455,    0.8526114
robot_71
  -0.9833952,    -10.02368,            0,            0,            0,    0.8726136,    0.4884112
robot_72
    13.95858,     1.311648,            0,            0,            0,     0.402495,    0.9154222
robot_73
   -12.43285,    -14.02048,            0,            0,            0,     0.202413,    0.9793003
robot_74
    18.11204,     2.100858,            0,            0,            0,   -0.7626835,    0.6467718
robot_75
   -4.192625,     -10.0329,            0,            0,            0,    0.1867685,    0.9824039
robot_76
     9.95765,      19.0169,            0,            0,            0,   -0.9194007,    0.3933221
robot_77
    8.636853,     1.977497,            0,            0,            0,    0.4587851,    0.8885473
robot_78
    3.503556,    -18.02142,            0,            0,            0,    -0.537897,    0.8430105
robot_79
    18.86576,     14.01788,            0,            0,            0,   -0.4750934,    0.8799354
robot_80
    17.00118,    -10.02809,            0,            0,            0,   -0.6111153,    0.7915416
robot_81
     4.14437,    -2.007533,            0,            0,            0,    0.9783878,    0.2067785
robot_82
    9.961976,    -19.16841,            0,            0,            0,    0.8325497,    0.5539503
robot_83
   -6.136537,       17.952,            0,            0,            0,   -0.8705621,    0.4920585
robot_84
    10.99792,     9.993809,            0,            0,            0,    0.9998108,   0.01944954
robot_85
    -9.73414,     2.042945,            0,            0,            0,    0.8754716,    0.4832696
robot_86
    15.31815,    -9.999564,            0,            0,            0,   -0.6680615,     0.744106
robot_87
   -7.260718,     18.02879,            0,            0,            0,    -0.999994,   0.00347664
robot_88
   -19.59949,     13.97683,            0,            0,            0,    0.7933323,    0.6087889
robot_89
   -5.964595,     14.01042,            0,            0,            0,     0.737742,    0.6750827
robot_90
    -17.8182,    -13.91625,            0,            0,            0,   -0.6587889,    0.7523278
robot_91
   -4.426114,    -1.994192,            0,            0,            0,   -0.6992673,    0.7148603
robot_92
    1.517965,     9.953045,            0,            0,            0,    0.6457222,    0.7635724
robot_93
    3.881928,     -9.97084,            0,            0,            0,    0.9602778,    0.2790459
robot_94
    17.90097,     -4.55895,            0,            0,            0,   -0.9965451,   0.08305372
robot_95
    9.948638,      15.2552,            0,            0,            0,    0.2074794,    0.9782394
robot_96
   -14.09301,    -7.058767,            0,            0,            0,   -0.9408433,     0.338842
robot_97
   -5.869571,    -17.88284,            0,            0,            0,   0.07326858,    0.9973122
robot_98
    9.956231,    -3.224873,            0,            0,            0,   -0.3297108,     0.944082
robot_99
   -10.04518,   -0.3285923,            0,            0,            0,   0.07886615,    0.9968852
