tuw_multi_robot_msgs::RobotGoalsArray @1970-01-01T00:04:38.400000
frame_id: map
         278,    400000000
robot_0
    16.26074,    -9.994944,            0,            0,            0,    0.8277696,    0.5610682
robot_1
    10.05295,       17.787,            0,            0,            0,   -0.2786689,    0.9603872
robot_2
   -13.60204,    -18.05968,            0,            0,            0,   -0.9879944,      0.15449
robot_3
   -18.09576,     11.17613,            0,            0,            0,   0.07728597,     0.997009
robot_4
    2.064887,    -2.099322,            0,            0,            0,    0.9853916,    0.1703038
robot_5
   -18.07146,    -8.093779,            0,            0,            0,    0.6550152,    0.7556157
robot_6
    10.00606,    -18.31343,            0,            0,            0,   -0.9499445,    0.3124186
robot_7
   -6.067507,      17.8874,            0,            0,            0,   -0.8275363,    0.5614122
robot_8
    18.02692,    -10.00526,            0,            0,            0,    0.8663695,    0.4994036
robot_9
     5.92235,     14.72275,            0,            0,            0,   -0.9481584,    0.3177982
robot_10
   -18.07437,     3.662743,            0,            0,            0,    0.9824556,    0.1864967
robot_11
    5.936009,     17.06543,            0,            0,            0,    0.7023426,     0.711839
robot_12
   -12.76188,    -14.02714,            0,            0,            0,   -0.7986107,    0.6018479
robot_13
    13.94962,     13.70913,            0,            0,            0,   -0.8714513,    0.4904821
robot_14
   -9.955781,     9.879073,            0,            0,            0,    0.7594693,    0.6505431
robot_15
    9.956823,      7.13159,            0,            0,            0,    0.2340133,    0.9722334
robot_16
    17.46756,     5.963478,            0,            0,            0,   -0.4905831,    0.8713944
robot_17
   -5.122842,    -2.023423,            0,            0,            0,    0.6876039,     0.726086
robot_18
    1.920526,     -19.1102,            0,            0,            0,    0.9850056,    0.1725226
robot_19
    5.079443,     18.00387,            0,            0,            0,   -0.7641353,     0.645056
robot_20
    6.215791,    -18.08829,            0,            0,            0,    0.8255556,    0.5643208
robot_21
   -13.28952,     10.01263,            0,            0,            0,     -0.89391,    0.4482465
robot_22
    9.953752,     -16.6409,            0,            0,            0,   -0.6206694,    0.7840724
robot_23
    3.176238,    -17.97314,            0,            0,            0,   0.06917237,    0.9976047
robot_24
   -18.41573,     14.02429,            0,            0,            0,    -0.764911,     0.644136
robot_25
   -10.27338,    -13.86501,            0,            0,            0,    0.8912494,    0.4535135
robot_26
   -6.247832,    -1.900762,            0,            0,            0,     0.138082,    0.9904208
robot_27
    13.92079,    -12.76272,            0,            0,            0,   -0.9732918,    0.2295714
robot_28
   -14.03459,     2.180707,            0,            0,            0,    0.9921703,    0.1248926
robot_29
    4.920641,     9.989579,            0,            0,            0,    0.1635684,     0.986532
robot_30
    11.41665,    -13.97168,            0,            0,            0,    0.4038262,    0.9148357
robot_31
    17.48471,     -13.9791,            0,            0,            0,    0.4788561,    0.8778934
robot_32
    5.901159,   -0.7532327,            0,            0,            0,  0.001744726,    0.9999985
robot_33
    13.93046,     17.55036,            0,            0,            0,    0.9354848,    0.3533669
robot_34
    13.92295,    -4.240352,            0,            0,            0,    0.1104251,    0.9938845
robot_35
    1.909557,    -14.01251,            0,            0,            0,    0.9010938,    0.4336242
robot_36
    -18.0785,    -9.285714,            0,            0,            0,    0.1228331,    0.9924273
robot_37
    1.879389,     17.75329,            0,            0,            0,   -0.7388009,    0.6739238
robot_38
   -1.079234,    -5.993817,            0,            0,            0,   -0.6287937,    0.7775722
robot_39
    9.083761,     14.00349,            0,            0,            0,   -0.9863234,    0.1648217
robot_40
   -15.75595,    -1.984624,            0,            0,            0,  0.005770956,    0.9999833
robot_41
   -1.161664,    -2.007557,            0,            0,            0,    0.8154272,    0.5788597
robot_42
   -14.47356,     10.08306,            0,            0,            0,   -0.8631789,    0.5048982
robot_43
    13.97656,    -1.710084,            0,            0,            0,    0.9367798,    0.3499195
robot_44
   -10.06141,    -12.37687,            0,            0,            0,    0.8420695,    0.5393691
robot_45
    9.693984,    -14.06693,            0,            0,            0,    0.1325388,    0.9911778
robot_46
    19.38044,    -2.012983,            0,            0,            0,    0.9197393,    0.3925298
robot_47
     4.87356,    -1.967905,            0,            0,            0,   -0.5342468,    0.8453286
robot_48
   -16.22446,      10.0142,            0,            0,            0,   -0.6478649,    0.7617553
robot_49
   0.6525781,     6.003311,            0,            0,            0,   -0.9870425,     0.160459
robot_50
   -6.057293,     15.49336,            0,            0,            0,   -0.8935342,    0.4489951
robot_51
   -14.07843,     12.39426,            0,            0,            0,   -0.3265465,    0.9451811
robot_52
 -0.02766922,     17.98148,            0,            0,            0,    0.6445854,    0.7645324
robot_53
   -10.08076,    -4.634987,            0,            0,            0,   -0.8209598,    0.5709859
robot_54
   -4.077095,     1.972109,            0,            0,            0,    0.3397039,    0.9405324
robot_55
    1.654639,    -9.903623,            0,            0,            0,    0.7878412,    0.6158785
robot_56
    -14.0716,   -0.1718783,            0,            0,            0,   -0.1011927,    0.9948668
robot_57
    -0.90305,    -17.98761,            0,            0,            0,   -0.9946137,    0.1036513
robot_58
   -9.907654,     -1.86067,            0,            0,            0,    0.3097837,    0.9508071
robot_59
   -11.93214,     9.998963,            0,            0,            0,   -0.4535239,    0.8912441
robot_60
   -14.15836,    -9.702485,            0,            0,            0,     0.713138,    0.7010237
robot_61
   -16.75753,    -14.01214,            0,            0,            0,   -0.9567873,    0.2907887
robot_62
   -10.05036,     13.23117,            0,            0,            0,    0.9244145,    0.3813893
robot_63
   -18.05298,    -1.891165,            0,            0,            0,    0.5432498,    0.8395711
robot_64
    9.943834,     14.83932,            0,            0,            0,    -0.454001,    0.8910012
robot_65
   -18.06572,     9.847609,            0,            0,            0,    0.7748853,    0.6321019
robot_66
     9.95231,    -9.317318,            0,            0,            0,    0.9987085,   0.05080671
robot_67
    1.959644,    0.6400652,            0,            0,            0,   -0.8234607,    0.5673733
robot_68
   -2.236627,     9.957232,            0,            0,            0,    0.9987152,   0.05067573
robot_69
    9.943132,    -10.97416,            0,            0,            0,    0.9183416,    0.3957886
robot_70
    13.81677,    -14.05518,            0,            0,            0,    0.1835222,    0.9830156
robot_71
   -8.761517,       18.008,            0,            0,            0,   -0.5013999,    0.8652157
robot_72
    13.95344,     11.00531,            0,            0,            0,    -0.837522,    0.5464036
robot_73
  -0.7039892,     1.996378,            0,            0,            0,   -0.8953675,    0.4453281
robot_74
    14.09444,     9.773651,            0,            0,            0,    0.3337054,    0.9426774
robot_75
    12.64051,     10.00795,            0,            0,            0,    0.1210465,    0.9926468
robot_76
    6.061593,     18.16799,            0,            0,            0,   -0.9890775,    0.1473965
robot_77
   -3.705183,     18.02636,            0,            0,            0,    0.9983574,   0.05729351
robot_78
   -2.415864,    -18.08422,            0,            0,            0,   -0.9906911,    0.1361295
robot_79
   -9.765305,     2.038379,            0,            0,            0,    0.9090863,    0.4166079
robot_80
    15.02361,     13.97323,            0,            0,            0,   -0.6369676,    0.7708906
robot_81
   -9.981291,    -17.87669,            0,            0,            0,   -0.8530011,    0.5219091
robot_82
    9.949718,     1.160656,            0,            0,            0,   -0.3437233,     0.939071
robot_83
   -17.92822,    -6.016594,            0,            0,            0,    0.8829064,    0.4695491
robot_84
    11.93536,     13.98832,            0,            0,            0,     0.400603,    0.9162517
robot_85
    16.19246,     9.978768,            0,            0,            0,   -0.9959964,   0.08939285
robot_86
   -13.77596,     13.92729,            0,            0,            0,    0.5173815,    0.8557549
robot_87
    17.95261,     13.38341,            0,            0,            0,   -0.9901169,    0.1402442
robot_88
    16.86307,     2.019225,            0,            0,            0,   -0.9793455,     0.202194
robot_89
    13.95493,     5.595988,            0,            0,            0,    0.7749918,    0.6319713
robot_90
   -5.501766,    -14.00009,            0,            0,            0,    0.9403613,    0.3401775
robot_91
    2.268342,     14.04068,            0,            0,            0,    -0.815385,    0.5789191
robot_92
   -18.04168,    0.4049931,            0,            0,            0,   -0.9982141,   0.05973702
robot_93
   -10.18118,     18.13967,            0,            0,            0,    0.6452606,    0.7639625
robot_94
    14.08785,    -10.08457,            0,            0,            0,   -0.3909344,    0.9204186
robot_95
    17.95636,    -4.530228,            0,            0,            0,    0.7766668,    0.6299117
robot_96
    13.95062,     8.784748,            0,            0,            0,    0.6702477,    0.7421374
robot_97
    17.96315,      3.82343,            0,            0,            0,    0.9671059,    0.2543742
robot_98
     9.92355,     2.897541,            0,            0,            0,   -0.9999704,  0.007692585
robot_99
    -10.0412,     14.76934,            0,            0,            0,    0.9988446,   0.04805593
