tuw_multi_robot_msgs::RobotGoalsArray @1970-01-01T00:04:40.400000
frame_id: map
         280,    400000000
robot_0
   -18.08328,    -3.558635,            0,            0,            0,  -0.07312686,    0.9973226
robot_1
    9.946247,    -12.42213,            0,            0,            0,    0.4598073,    0.8880187
robot_2
   -18.14127,    -1.847673,            0,            0,            0,   -0.7321077,    0.6811889
robot_3
    1.709169,     18.13903,            0,            0,            0,    0.9632483,    0.2686127
robot_4
   -4.929832,     9.988709,            0,            0,            0,    0.6165072,    0.7873492
robot_5
     13.9266,    -13.78726,            0,            0,            0,     0.432757,    0.9015106
robot_6
   -1.209847,     14.01007,            0,            0,            0,    0.2826104,    0.9592348
robot_7
   -18.19941,    -14.00745,            0,            0,            0,   -0.4643255,    0.8856646
robot_8
   -10.21763,    -9.977214,            0,            0,            0,    0.8740488,    0.4858382
robot_9
    1.912377,    -14.15378,            0,            0,            0,   -0.8013184,    0.5982382
robot_10
    18.02653,    -6.254383,            0,            0,            0,    0.3841566,    0.9232679
robot_11
    6.131893,    -14.05654,            0,            0,            0,   -0.8591978,    0.5116435
robot_12
   -6.042667,    -2.027944,            0,            0,            0,    0.5239658,    0.8517393
robot_13
    5.912996,    -17.30202,            0,            0,            0,   -0.9999995, 0.0009850403
robot_14
    13.75409,     9.920755,            0,            0,            0,   -0.9999898,  0.004512459
robot_15
   -18.08154,     10.70667,            0,            0,            0,    0.3415298,    0.9398709
robot_16
    17.85703,    -1.851895,            0,            0,            0,    0.9788735,    0.2044667
robot_17
    9.952447,    0.7070213,            0,            0,            0,    0.4701565,    0.8825831
robot_18
    -2.07481,     15.44809,            0,            0,            0,    -0.151644,    0.9884352
robot_19
    10.09336,     14.16161,            0,            0,            0,   -0.5033711,    0.8640704
robot_20
     16.0051,     13.98175,            0,            0,            0,   -0.1861298,    0.9825252
robot_21
   -14.06037,     3.161471,            0,            0,            0,    0.9709332,    0.2393508
robot_22
   -18.08597,    -12.78124,            0,            0,            0,    0.7272293,    0.6863946
robot_23
   -3.775699,     14.02801,            0,            0,            0,    -0.643259,    0.7656487
robot_24
     18.2284,     6.054492,            0,            0,            0,   -0.9923304,     0.123614
robot_25
    14.02702,     5.669908,            0,            0,            0,    0.5961717,     0.802857
robot_26
   -14.05241,    -8.557185,            0,            0,            0,    0.3768462,    0.9262759
robot_27
   -18.03848,     3.884741,            0,            0,            0,   -0.9780311,    0.2084589
robot_28
    17.89778,    -9.724523,            0,            0,            0,   -0.7812331,    0.6242394
robot_29
   -14.22498,    -9.819286,            0,            0,            0,   -0.8051562,    0.5930627
robot_30
   -3.905404,    -14.03033,            0,            0,            0,   -0.9657459,    0.2594896
robot_31
    11.02092,     -18.0017,            0,            0,            0,   0.09002369,    0.9959396
robot_32
    13.93447,    -10.56461,            0,            0,            0,    0.1809626,      0.98349
robot_33
   -14.51953,    -2.090477,            0,            0,            0,   -0.8356323,    0.5492892
robot_34
  -0.8629717,      17.9709,            0,            0,            0,    0.9999924,  0.003895412
robot_35
    9.668455,    -18.01978,            0,            0,            0,   -0.8179023,    0.5753571
robot_36
   -6.090649,    0.8006987,            0,            0,            0,   -0.9477366,    0.3190537
robot_37
   -1.812214,    -6.060769,            0,            0,            0,    0.8849303,    0.4657236
robot_38
    1.918029,    -15.11198,            0,            0,            0,   -0.9409483,    0.3385503
robot_39
   -8.949855,     18.02944,            0,            0,            0,    0.9931157,    0.1171375
robot_40
   -10.04348,     -12.1569,            0,            0,            0,    0.9954112,   0.09568983
robot_41
   -14.03756,    -16.24216,            0,            0,            0,   0.01711908,    0.9998535
robot_42
   -14.13106,      9.88421,            0,            0,            0,    0.4770332,    0.8788853
robot_43
    17.94169,     13.52513,            0,            0,            0,    -0.692614,    0.7213084
robot_44
   0.4204783,     14.02887,            0,            0,            0,   -0.3043135,    0.9525719
robot_45
   -17.75487,     13.95491,            0,            0,            0,   -0.3716167,    0.9283863
robot_46
    6.821012,     14.02974,            0,            0,            0,    0.9120139,    0.4101594
robot_47
    18.06885,     10.22114,            0,            0,            0,   -0.6382055,     0.769866
robot_48
   -2.579101,    -9.997873,            0,            0,            0,    0.7748084,    0.6321961
robot_49
  -0.3525251,    -14.03082,            0,            0,            0,    0.9164446,    0.4001616
robot_50
   -2.108415,     1.887466,            0,            0,            0,   -0.9432601,    0.3320548
robot_51
   -8.766062,    -9.966652,            0,            0,            0,    0.6838741,    0.7296001
robot_52
    13.84729,     13.66279,            0,            0,            0,   -0.9192202,    0.3937437
robot_53
    13.30128,     17.98814,            0,            0,            0,    0.4289324,    0.9033366
robot_54
    1.889048,    -1.903752,            0,            0,            0,    0.6407017,    0.7677899
robot_55
   -8.319762,     2.001064,            0,            0,            0,   -0.4898955,    0.8717812
robot_56
   -6.083793,    -17.85906,            0,            0,            0,   -0.1366752,    0.9906159
robot_57
    13.90415,   -0.1544053,            0,            0,            0,   -0.9990707,   0.04310162
robot_58
   -5.120946,     13.98122,            0,            0,            0,   -0.5014412,    0.8651917
robot_59
    13.93579,    -4.128755,            0,            0,            0,  -0.06488539,    0.9978927
robot_60
   -5.655856,    -14.02064,            0,            0,            0,  0.009645623,    0.9999535
robot_61
    4.788127,    -10.02715,            0,            0,            0,   -0.2148666,    0.9766434
robot_62
    -6.08781,   -0.8952062,            0,            0,            0,    0.8801589,    0.4746792
robot_63
    9.932813,     16.26911,            0,            0,            0,    0.9088194,    0.4171899
robot_64
     11.4955,    -10.02926,            0,            0,            0,   -0.9866536,    0.1628335
robot_65
   -10.05894,     -4.46942,            0,            0,            0,   -0.4682553,    0.8835932
robot_66
   -10.06875,    -7.399829,            0,            0,            0,    0.2868054,    0.9579889
robot_67
    -18.9925,     2.014648,            0,            0,            0,    -0.380387,    0.9248274
robot_68
   -2.077794,    -1.841992,            0,            0,            0,   -0.3739113,    0.9274645
robot_69
    17.96007,     3.412871,            0,            0,            0,   -0.9092392,    0.4162741
robot_70
    15.07276,     2.015885,            0,            0,            0,    0.4361571,    0.8998705
robot_71
   -10.09276,     8.660907,            0,            0,            0,    0.9635017,    0.2677022
robot_72
    13.81046,    -17.95104,            0,            0,            0,    0.7105682,    0.7036284
robot_73
    -10.0748,    -15.47639,            0,            0,            0,    0.2807416,    0.9597834
robot_74
   -14.22127,     5.876835,            0,            0,            0,     0.536086,    0.8441634
robot_75
    1.964612,     1.748235,            0,            0,            0,   -0.8033128,    0.5955573
robot_76
   -2.063869,    -15.17863,            0,            0,            0,   -0.9334901,    0.3586031
robot_77
    -15.5154,    -1.972859,            0,            0,            0,    0.9929743,    0.1183301
robot_78
   -18.04553,    -9.783753,            0,            0,            0,    0.8475241,     0.530757
robot_79
   -10.10503,     14.04522,            0,            0,            0,    0.9940839,    0.1086146
robot_80
    6.052979,     17.76837,            0,            0,            0,    0.8065793,    0.5911259
robot_81
    9.888016,    -9.752436,            0,            0,            0,   -0.6071614,    0.7945785
robot_82
   -10.06742,     -5.98343,            0,            0,            0,    0.9996519,    0.0263833
robot_83
    13.93886,     12.07476,            0,            0,            0,    0.1242312,    0.9922533
robot_84
   -14.05564,   -0.1852016,            0,            0,            0,    0.7387088,    0.6740247
robot_85
   -4.792884,     1.991004,            0,            0,            0,   -0.1728097,    0.9849552
robot_86
    6.870635,    -2.029461,            0,            0,            0,   -0.1164214,    0.9931999
robot_87
   -17.41016,    -6.026331,            0,            0,            0,    0.3258094,    0.9454355
robot_88
    16.46754,     10.01759,            0,            0,            0,    0.8330546,    0.5531908
robot_89
    2.838519,    -18.00366,            0,            0,            0,    0.8291648,    0.5590042
robot_90
    9.367961,     18.01618,            0,            0,            0,    0.4373227,    0.8993047
robot_91
   -14.07576,     8.652822,            0,            0,            0,    0.9928703,    0.1191998
robot_92
   -6.099384,    -15.56471,            0,            0,            0,   -0.2156259,    0.9764761
robot_93
   -2.332748,    -18.04592,            0,            0,            0,    0.9996395,   0.02684729
robot_94
    11.98659,     18.02988,            0,            0,            0,    -0.368261,    0.9297224
robot_95
    17.93251,     11.97426,            0,            0,            0,   -0.4113867,    0.9114609
robot_96
   -13.71126,    -13.92269,            0,            0,            0,    0.4032174,    0.9151042
robot_97
   -15.88077,     10.00218,            0,            0,            0,   -0.5203318,    0.8539642
robot_98
    15.30429,     10.00428,            0,            0,            0,  -0.01760174,    0.9998451
robot_99
   -18.82122,     5.966955,            0,            0,            0,   -0.9899332,    0.1415352
