tuw_multi_robot_msgs::RobotGoalsArray @1970-01-01T00:04:10.800000
frame_id: map
         250,    800000000
robot_0
    13.95405,    -9.557093,            0,            0,            0,   -0.9864223,    0.1642288
robot_1
    18.06436,     13.79679,            0,            0,            0,    0.6950694,    0.7189427
robot_2
   -10.03921,    -3.811879,            0,            0,            0,   -0.8131202,    0.5820959
robot_3
   -18.18161,     6.140792,            0,            0,            0,    0.9483043,    0.3173624
robot_4
    2.064338,     18.02677,            0,            0,            0,   0.08272261,    0.9965726
robot_5
   -14.24748,     6.140945,            0,            0,            0,  -0.01988549,    0.9998023
robot_6
   -6.575965,     1.994913,            0,            0,            0,   -0.5747883,    0.8183021
robot_7
    5.838798,     18.05903,            0,            0,            0,   -0.2384453,    0.9711559
robot_8
   -2.097987,     17.94423,            0,            0,            0,    0.7017986,    0.7123754
robot_9
   -6.065796,    -14.06245,            0,            0,            0,    -0.706036,     0.708176
robot_10
    10.63666,    -14.01346,            0,            0,            0,    0.9850521,    0.1722568
robot_11
   0.6015991,     6.030593,            0,            0,            0,   -0.7503807,    0.6610059
robot_12
    13.94539,    -16.32406,            0,            0,            0,   -0.1749102,    0.9845844
robot_13
   -14.07311,    -18.53984,            0,            0,            0,    0.4725346,    0.8813121
robot_14
   -1.942311,    -9.939094,            0,            0,            0,    0.9088235,    0.4171808
robot_15
   -9.865994,    -18.16458,            0,            0,            0,   -0.2579323,     0.966163
robot_16
    16.58347,     6.022451,            0,            0,            0,    0.9914457,    0.1305201
robot_17
    1.949935,    -15.91124,            0,            0,            0,   -0.5873846,    0.8093079
robot_18
   -14.38621,    -2.048876,            0,            0,            0,    0.4544491,    0.8907727
robot_19
   -10.03348,     10.42751,            0,            0,            0,   -0.7691196,    0.6391049
robot_20
    -14.0648,    -11.25821,            0,            0,            0,   -0.8686706,    0.4953902
robot_21
   -18.19801,    -1.927668,            0,            0,            0,    0.4086235,     0.912703
robot_22
   -12.57886,    -13.98018,            0,            0,            0,   -0.7558328,    0.6547647
robot_23
    9.923474,    -6.614831,            0,            0,            0,    0.4735301,    0.8807776
robot_24
   -15.41266,     6.015849,            0,            0,            0,   -0.8749004,    0.4843028
robot_25
    9.107431,     1.972057,            0,            0,            0,   -0.6684387,    0.7437672
robot_26
   -1.889723,     2.000874,            0,            0,            0,    0.4459047,    0.8950805
robot_27
   -10.74688,     13.97274,            0,            0,            0,    0.2587311,    0.9659494
robot_28
   -4.544468,    -14.01178,            0,            0,            0,   -0.1463689,    0.9892301
robot_29
   -10.04728,    -12.69055,            0,            0,            0,    0.4983762,    0.8669609
robot_30
    10.01481,    -18.34568,            0,            0,            0,    0.4911639,    0.8710672
robot_31
   -1.910093,     -1.88702,            0,            0,            0,    0.5791529,    0.8152189
robot_32
    -14.2854,     9.994086,            0,            0,            0,    -0.578268,    0.8158469
robot_33
   -17.30928,     2.008677,            0,            0,            0,    0.4653931,    0.8851041
robot_34
   -1.987046,    -18.07853,            0,            0,            0,   -0.8356225,    0.5493042
robot_35
   -14.05424,     2.649122,            0,            0,            0,   -0.9998948,   0.01450377
robot_36
   -9.990427,    -10.15663,            0,            0,            0,   -0.9418704,    0.3359763
robot_37
    3.269499,      17.9972,            0,            0,            0,    0.4883834,    0.8726291
robot_38
   -18.08825,    -11.30216,            0,            0,            0,    0.4417466,    0.8971398
robot_39
    1.992473,    -1.721623,            0,            0,            0,   0.09391188,    0.9955805
robot_40
    3.292339,     14.02363,            0,            0,            0,   -0.9872206,    0.1593596
robot_41
   -18.06402,    -7.560013,            0,            0,            0,   -0.8936843,    0.4486964
robot_42
   -10.09098,    -14.87181,            0,            0,            0,    0.2544229,    0.9670931
robot_43
    13.98351,    -1.829162,            0,            0,            0,     0.908423,    0.4180521
robot_44
    5.517643,    -1.956711,            0,            0,            0,    0.7645481,    0.6445666
robot_45
   -6.078665,    -18.26334,            0,            0,            0,    0.9981537,   0.06073853
robot_46
   -8.482098,    -9.975977,            0,            0,            0,     0.721432,    0.6924853
robot_47
   -3.915802,     18.01829,            0,            0,            0,   -0.8346243,    0.5508196
robot_48
    13.93593,      10.0608,            0,            0,            0,    0.9994658,   0.03268099
robot_49
    17.94725,     2.659719,            0,            0,            0,    0.1146162,    0.9934098
robot_50
    -9.44549,    -14.01937,            0,            0,            0,   0.03903837,    0.9992377
robot_51
    13.96622,     18.21656,            0,            0,            0,    0.9643435,    0.2646538
robot_52
    18.12749,     10.05253,            0,            0,            0,    0.8951951,    0.4456745
robot_53
    11.36086,     10.00063,            0,            0,            0,  0.009414032,    0.9999557
robot_54
    4.869788,    -14.02945,            0,            0,            0,      0.89403,     0.448007
robot_55
    15.52353,     13.99071,            0,            0,            0,    0.9855847,     0.169183
robot_56
   -1.865502,      9.89583,            0,            0,            0,      0.99686,   0.07918476
robot_57
    9.909329,     8.469244,            0,            0,            0,    0.3200568,    0.9473984
robot_58
   -18.06214,   -0.9605012,            0,            0,            0,    0.9559631,     0.293487
robot_59
    7.736076,     18.02282,            0,            0,            0,      0.90642,    0.4223775
robot_60
    17.64167,    -6.090082,            0,            0,            0,    0.8395307,    0.5433122
robot_61
    14.06441,     6.187004,            0,            0,            0,    0.9642306,    0.2650649
robot_62
    13.84865,     13.68191,            0,            0,            0,   -0.6265523,    0.7793794
robot_63
   -4.463159,    -18.02358,            0,            0,            0,    0.6543449,    0.7561962
robot_64
    12.00919,     18.00665,            0,            0,            0,   -0.2123465,    0.9771944
robot_65
   -10.06708,     12.94378,            0,            0,            0,    0.9370252,    0.3492617
robot_66
    1.802023,     6.095285,            0,            0,            0,    0.9990709,    0.0430971
robot_67
    9.963013,    -11.01437,            0,            0,            0,    0.9857553,     0.168186
robot_68
    13.92529,     2.230596,            0,            0,            0,   -0.6443303,    0.7647473
robot_69
   -14.04834,    -14.91386,            0,            0,            0,    0.4400827,    0.8979572
robot_70
   -5.928272,      17.9283,            0,            0,            0,   -0.4350366,    0.9004128
robot_71
   -8.449861,    -13.97644,            0,            0,            0,   -0.7898095,    0.6133522
robot_72
   -3.431066,    -17.97377,            0,            0,            0,    0.7565073,    0.6539852
robot_73
    -17.9233,    -5.796147,            0,            0,            0,    0.3526947,    0.9357384
robot_74
    -2.05934,    0.8928253,            0,            0,            0,   -0.4584707,    0.8887095
robot_75
    13.50586,    -14.07082,            0,            0,            0,   -0.7266402,    0.6870182
robot_76
    1.466402,     2.001213,            0,            0,            0,    0.8956958,    0.4446673
robot_77
   -13.89193,     13.89396,            0,            0,            0,   -0.8482752,    0.5295557
robot_78
     17.8259,     6.199216,            0,            0,            0,   -0.3017923,    0.9533737
robot_79
    5.936424,     1.089382,            0,            0,            0,   -0.6984719,    0.7156375
robot_80
   -10.04426,     1.794847,            0,            0,            0,   -0.9275424,     0.373718
robot_81
   -17.33582,     14.01529,            0,            0,            0,   -0.2234948,    0.9747051
robot_82
  -0.8887966,    -5.967917,            0,            0,            0,   -0.9250112,    0.3799398
robot_83
    7.047072,     14.01532,            0,            0,            0,   -0.4334522,    0.9011766
robot_84
    3.993491,     -18.0096,            0,            0,            0,   -0.9774322,    0.2112495
robot_85
   -14.05823,    -5.921899,            0,            0,            0,    0.5314618,    0.8470823
robot_86
    -2.09487,    -19.02125,            0,            0,            0,   -0.9995457,   0.03013808
robot_87
   0.5505604,    -18.01456,            0,            0,            0,    0.7548467,    0.6559012
robot_88
   -2.238691,     14.13483,            0,            0,            0,     0.132168,    0.9912273
robot_89
   -11.22502,     17.99445,            0,            0,            0,   -0.2502166,    0.9681899
robot_90
    17.96662,     5.195937,            0,            0,            0,    0.4727105,    0.8812178
robot_91
   -10.09225,     5.291616,            0,            0,            0,    0.6917464,    0.7221405
robot_92
    18.99897,    -1.971643,            0,            0,            0,    0.5586561,    0.8293994
robot_93
   -18.07538,     12.80741,            0,            0,            0,   -0.5748147,    0.8182836
robot_94
     6.87273,    -9.987172,            0,            0,            0,    0.7810622,    0.6244533
robot_95
    5.921583,    -14.40269,            0,            0,            0,    0.7321988,     0.681091
robot_96
    6.126334,    -18.07073,            0,            0,            0,    0.7053336,    0.7088755
robot_97
    19.14781,    -14.01502,            0,            0,            0,   -0.9973536,   0.07270372
robot_98
   -10.03752,       18.397,            0,            0,            0,   -0.4311087,       0.9023
robot_99
   -4.683111,     9.997667,            0,            0,            0,   -0.9995681,   0.02938881
