tuw_multi_robot_msgs::RobotGoalsArray @1970-01-01T00:03:40.900000
frame_id: map
         220,    900000000
robot_0
    14.35409,     2.057418,            0,            0,            0,    0.8106156,    0.5855787
robot_1
    1.913553,    -17.46381,            0,            0,            0,   -0.2114945,    0.9773792
robot_2
    11.24182,     18.00828,            0,            0,            0,    0.9082905,    0.4183401
robot_3
   -4.203141,      17.9992,            0,            0,            0,   -0.5887088,    0.8083452
robot_4
    9.862321,     10.20844,            0,            0,            0,    0.9627605,    0.2703559
robot_5
   -14.04253,    -1.951861,            0,            0,            0,    0.9305624,    0.3661333
robot_6
    9.915836,     15.66425,            0,            0,            0,   -0.9862211,    0.1654324
robot_7
    1.359957,     14.02102,            0,            0,            0,    0.9931855,    0.1165446
robot_8
    13.70583,     17.86104,            0,            0,            0,   -0.9562521,    0.2925437
robot_9
    -10.0681,    -10.91278,            0,            0,            0,   -0.9996079,   0.02800255
robot_10
    2.000495,    -1.676586,            0,            0,            0,    0.9984598,   0.05548086
robot_11
   -14.09162,     3.243161,            0,            0,            0,   -0.9879067,    0.1550493
robot_12
     10.1588,    -13.93661,            0,            0,            0,  -0.05824932,    0.9983021
robot_13
    6.023304,     14.13167,            0,            0,            0, 0.0007742089,    0.9999997
robot_14
   -14.05248,    -16.60367,            0,            0,            0,    0.8149561,    0.5795227
robot_15
   -2.068454,    -16.17305,            0,            0,            0,    0.8479962,    0.5300023
robot_16
    5.918591,    -1.204466,            0,            0,            0,   -0.9224651,    0.3860805
robot_17
    1.610449,     18.03625,            0,            0,            0,   -0.7907376,    0.6121552
robot_18
   -13.68709,     -9.90131,            0,            0,            0,   -0.7423609,    0.6700002
robot_19
   -18.26654,    -5.877771,            0,            0,            0,   -0.8732857,    0.4872085
robot_20
   -18.09459,     10.78226,            0,            0,            0,   -0.1748537,    0.9845944
robot_21
   -10.09356,    -19.17739,            0,            0,            0,   -0.0749446,    0.9971877
robot_22
   -13.67074,     9.952479,            0,            0,            0,   -0.7848532,    0.6196818
robot_23
   -2.055139,      1.30397,            0,            0,            0,    0.9450366,    0.3269645
robot_24
   -18.02076,     5.801628,            0,            0,            0,    0.6564013,    0.7544119
robot_25
   -9.687761,    -17.94744,            0,            0,            0,   -0.4452267,    0.8954179
robot_26
     15.6951,    -6.028943,            0,            0,            0,    0.9862207,     0.165435
robot_27
    1.239886,    -6.003978,            0,            0,            0,   -0.9988776,   0.04736535
robot_28
   -8.440196,     2.008566,            0,            0,            0,    -0.999517,   0.03107718
robot_29
     5.73492,    -14.05858,            0,            0,            0,    0.6952115,    0.7188053
robot_30
   -8.550429,     14.02125,            0,            0,            0,    0.8384855,    0.5449239
robot_31
    9.940406,    -2.804641,            0,            0,            0,    0.9928356,    0.1194884
robot_32
   -6.079349,    -16.26082,            0,            0,            0,   -0.9800833,    0.1985868
robot_33
   -8.948149,    -10.02092,            0,            0,            0,   -0.7610642,    0.6486766
robot_34
    -18.1569,    -2.142262,            0,            0,            0,    0.6051483,    0.7961127
robot_35
   -1.251989,    -10.01034,            0,            0,            0,   -0.5788427,    0.8154392
robot_36
     4.39902,    -17.99675,            0,            0,            0,    0.4052407,      0.91421
robot_37
    15.17464,    -14.01682,            0,            0,            0,   -0.5637733,    0.8259296
robot_38
    1.919672,    -14.95506,            0,            0,            0,    0.9492394,    0.3145546
robot_39
    6.852012,     10.03209,            0,            0,            0,   -0.5674287,    0.8234226
robot_40
   -7.148828,    -17.99341,            0,            0,            0,    0.4415557,    0.8972338
robot_41
    18.50587,     1.987952,            0,            0,            0,    0.9982645,   0.05889019
robot_42
    18.05287,     5.893694,            0,            0,            0,    0.9372796,    0.3485783
robot_43
   -18.07954,    -11.95144,            0,            0,            0,    0.9211362,    0.3892404
robot_44
    3.614657,     18.02558,            0,            0,            0,    0.9874492,    0.1579371
robot_45
    -6.09468,     18.91499,            0,            0,            0,   -0.9840769,    0.1777431
robot_46
    13.48769,    -13.90177,            0,            0,            0,   -0.6527844,    0.7575438
robot_47
   -14.07693,     7.637052,            0,            0,            0,    0.9998472,   0.01748117
robot_48
    1.177743,       2.0173,            0,            0,            0,   -0.6232819,    0.7819972
robot_49
   -11.71163,     14.01286,            0,            0,            0,    0.9992679,   0.03825905
robot_50
   -14.03433,    -14.50852,            0,            0,            0,   -0.5082297,    0.8612216
robot_51
   -2.047084,     15.98508,            0,            0,            0,   -0.9499853,    0.3122946
robot_52
   -6.200801,     17.98104,            0,            0,            0,    0.9998744,   0.01585039
robot_53
    9.956843,     3.484334,            0,            0,            0,   0.08165129,     0.996661
robot_54
   -10.06496,     2.300802,            0,            0,            0,   -0.1474221,    0.9890737
robot_55
   -18.09365,    -13.58519,            0,            0,            0,   -0.6885338,    0.7252043
robot_56
   -18.06752,    -4.482113,            0,            0,            0,    0.9760259,    0.2176545
robot_57
   -5.466617,    -18.02475,            0,            0,            0,    -0.676657,    0.7362984
robot_58
   -18.19847,     13.86677,            0,            0,            0,   -0.9621832,     0.272403
robot_59
   -18.91383,     5.972001,            0,            0,            0,    0.6088466,     0.793288
robot_60
   -14.05047,     5.057969,            0,            0,            0,   -0.9778693,    0.2092168
robot_61
    9.314275,     1.977238,            0,            0,            0,   0.08360182,    0.9964992
robot_62
    7.146337,    -14.02801,            0,            0,            0,   -0.6958568,    0.7181806
robot_63
    13.95629,     10.90096,            0,            0,            0,    0.9570472,    0.2899322
robot_64
    1.891079,    -9.697219,            0,            0,            0,    0.7166282,    0.6974554
robot_65
    13.94286,    -6.405029,            0,            0,            0,      0.99078,    0.1354806
robot_66
    9.944266,    0.6313899,            0,            0,            0,   -0.7135966,    0.7005569
robot_67
   -17.55674,     9.985089,            0,            0,            0,    0.2179436,    0.9759614
robot_68
   -1.936467,    -2.031737,            0,            0,            0,   -0.9770024,    0.2132285
robot_69
    -14.0972,     -6.48156,            0,            0,            0,    0.9910485,    0.1335021
robot_70
   -14.01314,    -17.65481,            0,            0,            0,    0.9957638,   0.09194825
robot_71
   -14.06659,     12.93313,            0,            0,            0,    0.9382338,     0.346002
robot_72
    19.02454,     14.01594,            0,            0,            0,   -0.7146302,    0.6995024
robot_73
   -4.064377,     10.00086,            0,            0,            0,    0.9701243,    0.2426083
robot_74
   -9.157039,     18.02821,            0,            0,            0,    -0.298569,     0.954388
robot_75
     17.8827,     13.78402,            0,            0,            0,    0.9861283,    0.1659847
robot_76
   -15.23011,     14.02631,            0,            0,            0,   -0.0163139,    0.9998669
robot_77
   -9.834129,    -13.90259,            0,            0,            0,    0.4512885,    0.8923781
robot_78
    -13.9966,      14.2689,            0,            0,            0,    0.7762118,    0.6304723
robot_79
    10.44637,     13.98145,            0,            0,            0,    -0.110665,    0.9938578
robot_80
    15.15757,    -9.980911,            0,            0,            0,   -0.9874515,    0.1579227
robot_81
   -10.09869,     5.114596,            0,            0,            0,    0.7695179,    0.6386252
robot_82
   -10.21341,     17.90933,            0,            0,            0,    0.1102123,    0.9939081
robot_83
   -2.237321,    -18.00279,            0,            0,            0,    0.5913638,    0.8064049
robot_84
   -15.78633,    -6.004572,            0,            0,            0,    0.8506835,    0.5256782
robot_85
    9.905389,    -9.056517,            0,            0,            0,   -0.8289215,     0.559365
robot_86
   -5.976514,    -1.633355,            0,            0,            0,    0.2976622,    0.9546712
robot_87
    9.923745,     9.063508,            0,            0,            0,    0.7963711,    0.6048083
robot_88
   -10.05068,    -5.436117,            0,            0,            0,   -0.3044327,    0.9525338
robot_89
    17.92734,    -9.449078,            0,            0,            0,   -0.6023134,    0.7982597
robot_90
   -16.91948,    -2.032923,            0,            0,            0,    0.1402237,    0.9901199
robot_91
    18.43834,    -14.02679,            0,            0,            0,  -0.04380381,    0.9990402
robot_92
   -10.03505,     16.09986,            0,            0,            0,    0.1568343,    0.9876249
robot_93
     17.8182,    -6.212848,            0,            0,            0,    0.7059315,    0.7082801
robot_94
   -1.663847,     9.930743,            0,            0,            0,     0.834206,     0.551453
robot_95
    4.909867,     13.98977,            0,            0,            0,    0.8975158,    0.4409823
robot_96
   -14.06102,      1.99462,            0,            0,            0,    0.6571643,    0.7537473
robot_97
   -18.02951,     2.126651,            0,            0,            0,    0.1244564,    0.9922251
robot_98
   -3.108264,     2.021943,            0,            0,            0,    0.4953249,    0.8687078
robot_99
   -1.421692,      1.98431,            0,            0,            0,     0.942755,    0.3334862
